0,100647	0,0354640185832977
0,201121	0,0373453795909882
0,301481	0,0354540646076202
0,401729	0,0292038321495056
0,502297	0,0212080776691437
0,602826	0,011953592300415
0,704489	-0,00139451026916504
0,805642	-0,00963437557220459
0,906130	-0,0153447985649109
1,006852	-0,0181892514228821
1,107833	-0,0161571204662323
1,208309	-0,0108537673950195
1,309785	-0,00125917792320251
1,410504	0,0100254118442535
1,510612	0,0195866823196411
1,610735	0,0291236937046051
1,712832	0,0352770388126373
1,813265	0,0372755825519562
1,913868	0,0350990295410156
2,013919	0,02874955534935
2,114598	0,020876556634903
2,215319	0,0114196240901947
2,316195	-8,37147235870361E-5
2,418150	-0,00996500253677368
2,518742	-0,015754371881485
2,619628	-0,0184840261936188
2,719865	-0,0162269175052643
2,820518	-0,0110460817813873
2,922140	-0,00135305523872375
3,022775	0,0100196897983551
3,123914	0,0193294584751129
3,224457	0,0289937555789948
3,324894	0,0350838601589203
3,425649	0,0368572771549225
3,526104	0,0354796946048737
3,626991	0,0283782780170441
3,727802	0,0204175710678101
3,827994	0,011166512966156
3,928222	-0,000246912240982056
4,029146	-0,0101366639137268
4,129188	-0,015614241361618
4,230168	-0,018297553062439
4,330926	-0,0160142481327057
4,430985	-0,010554164648056
4,531011	-0,000996202230453491
4,631607	0,00844189524650574
4,731861	0,0198025405406952
4,832457	0,0278093218803406
4,933363	0,034436047077179
5,033782	0,0369085669517517
5,134472	0,0352670550346375
5,234911	0,029409646987915
5,336890	0,020164281129837
5,437294	0,0106547176837921
5,538232	-0,00065004825592041
5,638798	-0,00895354151725769
5,739597	-0,0159458816051483
5,839648	-0,0183192193508148
5,940098	-0,0166219174861908
6,041027	-0,0104908049106598
6,141924	-0,000697165727615356
6,243232	0,00873634219169617
6,344198	0,0199090242385864
6,444235	0,0279994606971741
6,545192	0,034531444311142
6,645764	0,0367310047149658
6,747279	0,0351597964763641
6,847974	0,0290715396404266
6,948001	0,0213728845119476
7,049334	0,0102802217006683
7,150935	-0,00117388367652893
7,252326	-0,0094759464263916
7,354171	-0,0162391662597656
7,455936	-0,0186507105827332
7,557881	-0,0161123275756836
7,657932	-0,0104617476463318
7,759339	-0,00254034996032715
7,859815	0,0107190310955048
7,960241	0,0201352834701538
8,060271	0,028012752532959
8,161256	0,0346187353134155
8,261448	0,0368326008319855
8,362029	0,0350686609745026
8,463570	0,0290686786174774
8,564512	0,0196489989757538
8,665025	0,0101811587810516
8,766386	-0,00107669830322266
8,867159	-0,0107275545597076
8,967507	-0,0161486268043518
9,069090	-0,0182452797889709
9,170138	-0,016427755355835
9,270731	-0,0100527405738831
9,371312	-0,00189369916915894
9,473139	0,00935354828834534
9,573864	0,0206185877323151
9,675325	0,0285646617412567
9,775944	0,0349372029304504
9,876683	0,036971241235733
9,978509	0,0351996719837189
10,079299	0,0289330780506134
10,180062	0,0193879306316376
10,281731	0,00999921560287476
10,381784	-0,00147983431816101
10,482233	-0,0110184550285339
10,582936	-0,0162731111049652
10,683019	-0,0184298753738403
10,783077	-0,0156680345535278
10,883232	-0,009919673204422
10,983679	-0,00185602903366089
11,085031	0,00944781303405762
11,185365	0,0207368731498718
11,286056	0,0284778773784637
11,386645	0,0348370373249054
11,487302	0,0367893874645233
11,587449	0,0347815454006195
11,687894	0,0286286473274231
11,788292	0,0207649171352386
11,889836	0,00950637459754944
11,991175	-0,00170961022377014
12,091175	-0,00981903076171875
12,191631	-0,0163909494876862
12,293455	-0,0182853043079376
12,394074	-0,0162358582019806
12,494688	-0,00968113541603088
12,595590	-0,00141692161560059
12,696313	0,0097377598285675
12,797028	0,0209069550037384
12,897733	0,0286846160888672
12,997867	0,0346818864345551
13,099028	0,0365206897258759
13,199692	0,0344683229923248
13,300165	0,0280203223228455
13,400224	0,0202094316482544
13,501246	0,00904989242553711
13,601323	-0,000499606132507324
13,702764	-0,0102072060108185
13,803705	-0,0165008008480072
13,904279	-0,0183724164962769
14,005165	-0,0159279406070709
14,105852	-0,00915560126304626
14,206523	-0,000921428203582764
14,307993	0,0105122327804565
14,408677	0,0198234617710114
14,508947	0,0292156934738159
14,609465	0,0352936387062073
14,710959	0,0369840562343597
14,811019	0,0346681177616119
14,911285	0,0295675694942474
15,011781	0,0201409757137299
15,112638	0,0088200569152832
15,214076	-0,000580042600631714
15,314570	-0,010467916727066
15,415617	-0,0159538686275482
15,516613	-0,0184232890605927
15,617529	-0,0161330699920654
15,719616	-0,0106808841228485
15,819660	-0,000924766063690186
15,920603	0,0103655159473419
16,020880	0,0197483599185944
16,121630	0,0291895866394043
16,222586	0,0350368618965149
16,323457	0,0367447733879089
16,423909	0,0344407856464386
16,525139	0,0291796326637268
16,625140	0,0199551582336426
16,725285	0,00867640972137451
16,825444	-0,000735729932785034
16,925865	-0,0103716850280762
17,027008	-0,0158312618732452
17,127556	-0,0182401239871979
17,228445	-0,015716165304184
17,329152	-0,010232001543045
17,429211	-0,000576704740524292
17,530202	0,0108662843704224
17,631129	0,0201015472412109
17,731746	0,029339462518692
17,832602	0,0344797074794769
17,933224	0,0366175472736359
18,035212	0,0349220037460327
18,136080	0,0289781093597412
18,236359	0,0195719599723816
18,336437	0,0101782977581024
18,436823	-0,00104385614395142
18,537114	-0,0107251703739166
18,637183	-0,0160260498523712
18,737612	-0,0181576907634735
18,838444	-0,0157128274440765
18,939012	-0,0100918412208557
19,039459	-0,00207355618476868
19,140296	0,00906082987785339
19,240353	0,0202854573726654
19,341190	0,0282028615474701
19,442777	0,0345243215560913
19,543402	0,0366783142089844
19,643511	0,034938633441925
19,744061	0,0287685096263885
19,844166	0,0194564163684845
19,945143	0,0100839734077454
20,046495	-0,00123915076255798
20,146925	-0,0106875598430634
20,247286	-0,0160180032253265
20,347994	-0,0181864202022552
20,448324	-0,0154887437820435
20,548841	-0,00989201664924622
20,649206	-0,00191852450370789
20,750004	0,00932738184928894
20,850545	0,0204042792320251
20,951189	0,0281772613525391
21,051870	0,0337954461574554
21,152136	0,0364708304405212
21,252462	0,0346439182758331
21,353277	0,0297975242137909
21,453368	0,0189570486545563
21,553966	0,00961777567863464
21,654140	0,000218302011489868
21,754649	-0,00970882177352905
21,854961	-0,0162537693977356
21,956176	-0,0182565748691559
22,056524	-0,0163626968860626
22,157756	-0,00984096527099609
22,258378	-0,00176066160202026
22,358882	0,00936639308929443
22,459559	0,0205720067024231
22,559584	0,0283280313014984
22,660266	0,0337607860565186
22,761224	0,0365021824836731
22,861733	0,0345793664455414
22,962660	0,0296396017074585
23,062763	0,0206513404846191
23,163547	0,00956633687019348
23,263913	0,000128418207168579
23,364464	-0,00959524512290955
23,464724	-0,0153226256370544
23,565716	-0,0181223750114441
23,666448	-0,0160147249698639
23,766589	-0,0109589695930481
23,867465	-0,00152274966239929
23,968379	0,00779628753662109
24,068805	0,0189969837665558
24,168959	0,0284266471862793
24,269248	0,0338253080844879
24,369563	0,036366879940033
24,470485	0,0350088775157928
24,570586	0,0294688940048218
24,671167	0,0203676819801331
24,772014	0,0113019049167633
24,872754	5,8978796005249E-5
24,973739	-0,00968495011329651
25,074034	-0,0152508914470673
25,174603	-0,0178011655807495
25,275271	-0,0164037048816681
25,375953	-0,0104774534702301
25,476493	-0,00272852182388306
25,577399	0,00825834274291992
25,678358	0,0194331109523773
25,779269	0,0274305045604706
25,879799	0,0340293645858765
25,980678	0,0365501344203949
26,080727	0,0350843369960785
26,181674	0,0293740630149841
26,282265	0,0202578902244568
26,382832	0,0110673904418945
26,483385	0,00162297487258911
26,584183	-0,00984048843383789
26,684707	-0,0153306424617767
26,785444	-0,0178426206111908
26,886172	-0,0163273215293884
26,986210	-0,0103802382946014
27,087211	-0,00265735387802124
27,188007	0,00844237208366394
27,288338	0,0195201337337494
27,388989	0,0274722576141357
27,488999	0,0332355201244354
27,589994	0,0364286005496979
27,690539	0,0349400639533997
27,790982	0,0304761826992035
27,891351	0,0200706422328949
27,992016	0,0109401345252991
28,092040	0,0016343891620636
28,192572	-0,00841507315635681
28,292622	-0,0151583552360535
28,393407	-0,0175275206565857
28,493871	-0,0160420536994934
28,594517	-0,00995448231697083
28,695368	-0,00225156545639038
28,795979	0,00679677724838257
28,896580	0,0197359919548035
28,997056	0,0275381505489349
29,097075	0,0331221520900726
29,197819	0,0361413657665253
29,297898	0,0345584750175476
29,398841	0,0299151539802551
29,499613	0,0212622284889221
29,600096	0,0103159546852112
29,700330	0,00101211667060852
29,801193	-0,00884607434272766
29,901818	-0,01474329829216
30,002520	-0,0178181231021881
30,102747	-0,016743540763855
30,202882	-0,01131871342659
30,303077	-0,0022219717502594
30,404020	0,00692734122276306
30,504523	0,0180347263813019
30,605191	0,0261703133583069
30,705757	0,0331786274909973
30,805963	0,0359871089458466
30,906142	0,0349893867969513
31,006771	0,0297406315803528
31,106777	0,0209582448005676
31,207031	0,0119831264019012
31,307208	0,00261709094047546
31,407878	-0,00760176777839661
31,508717	-0,0148221552371979
31,609664	-0,0176250338554382
31,710347	-0,0167185664176941
31,810466	-0,011107474565506
31,910548	-0,00370332598686218
32,010612	0,00516876578330994
32,110637	0,0182208716869354
32,211154	0,0262210369110107
32,311169	0,0322193205356598
32,411996	0,0359410643577576
32,512088	0,0347910225391388
32,613061	0,0306331813335419
32,713677	0,022372305393219
32,813898	0,0116603672504425
32,914644	0,00232848525047302
33,015585	-0,00771275162696838
33,115862	-0,0149728357791901
33,216020	-0,0176528096199036
33,316553	-0,0170917809009552
33,417404	-0,0111003220081329
33,518181	-0,00358191132545471
33,618245	0,00532060861587524
33,718490	0,0164365172386169
33,818681	0,0262561142444611
33,919187	0,0321510136127472
34,019685	0,0355490148067474
34,120382	0,0345670282840729
34,220477	0,0303263366222382
34,320942	0,0219645202159882
34,421548	0,0132640302181244
34,522233	0,00202515721321106
34,623078	-0,00646305084228516
34,724016	-0,0140778720378876
34,824607	-0,017691433429718
34,925145	-0,0170097649097443
35,025745	-0,0120634138584137
35,126287	-0,00338450074195862
35,226337	0,00558537244796753
35,326433	0,0167205631732941
35,427419	0,024952620267868
35,527886	0,0322738587856293
35,628119	0,0355874598026276
35,729052	0,0348992347717285
35,829069	0,0302082300186157
35,929796	0,0217575132846832
36,030472	0,0129835903644562
36,130570	0,00369328260421753
36,230671	-0,00666645169258118
36,330905	-0,0142272710800171
36,431412	-0,0174069404602051
36,532129	-0,0169979929924011
36,632146	-0,0119917094707489
36,732667	-0,00489053130149841
36,833350	0,00376349687576294
36,933888	0,0166738629341125
37,034590	0,0248710513114929
37,135508	0,0310533940792084
37,236290	0,0352974236011505
37,336550	0,0345765352249146
37,437313	0,0307982265949249
37,538017	0,0229707658290863
37,638115	0,0125705897808075
37,738603	0,00332272052764893
37,839134	-0,00681862235069275
37,939171	-0,0142755210399628
38,039705	-0,0173800885677338
38,140690	-0,0172161459922791
38,241379	-0,0117351710796356
38,342395	-0,00459387898445129
38,442567	0,00420993566513062
38,543163	0,0151922404766083
38,643419	0,0251944661140442
38,744370	0,0313394069671631
38,845299	0,0351251661777496
38,945644	0,0346016585826874
39,045948	0,0307289659976959
39,147633	0,0227700173854828
39,247992	0,0142761170864105
39,348870	0,00319698452949524
39,449460	-0,00541165471076965
39,549677	-0,0132516920566559
39,650679	-0,0172797441482544
39,750885	-0,0170290768146515
39,851420	-0,0124582648277283
39,952242	-0,00419208407402039
40,052989	0,00465115904808044
40,153989	0,015697181224823
40,255389	0,0254500806331635
40,355636	0,0315504968166351
40,455752	0,0352257490158081
40,556827	0,0344184935092926
40,656954	0,0305003821849823
40,757884	0,0239670872688293
40,859512	0,0137185454368591
40,961131	0,00270962715148926
41,061562	-0,00596919655799866
41,162803	-0,0138310194015503
41,264028	-0,0175449550151825
41,364947	-0,0172123908996582
41,465590	-0,0124611258506775
41,567456	-0,00390607118606567
41,669414	0,00494009256362915
41,771279	0,0161386132240295
41,872236	0,0259854197502136
41,972679	0,0319660007953644
42,073156	0,0355931520462036
42,173166	0,0347079634666443
42,273181	0,0305700898170471
42,373329	0,0240107178688049
42,474267	0,01180100440979
42,575439	0,0024922788143158
42,675869	-0,00605008006095886
42,776282	-0,0139185190200806
42,877191	-0,0176212787628174
42,978916	-0,0171464085578918
43,079848	-0,0124003887176514
43,180218	-0,00377938151359558
43,280247	0,00511088967323303
43,380935	0,0162229835987091
43,481431	0,0260365903377533
43,581875	0,0320347845554352
43,682997	0,0352751314640045
43,783337	0,0351521968841553
43,885304	0,0305435359477997
43,986572	0,0238797962665558
44,086636	0,0136198401451111
44,188501	0,00244763493537903
44,289162	-0,00604480504989624
44,390077	-0,0137581527233124
44,490696	-0,01741823554039
44,592669	-0,0168745517730713
44,693137	-0,0120581984519958
44,793721	-0,00345379114151001
44,894089	0,00544494390487671
44,996040	0,0165270864963531
45,097200	0,0262162983417511
45,198977	0,0321462750434875
45,300913	0,0352798700332642
45,401932	0,0345323979854584
45,503274	0,0304064452648163
45,605214	0,0236824452877045
45,705710	0,01155024766922
45,807036	0,00232705473899841
45,908675	-0,00618836283683777
46,009021	-0,014720618724823
46,109698	-0,017380565404892
46,210025	-0,0168349742889404
46,310425	-0,0119238197803497
46,411873	-0,00330421328544617
46,512334	0,00548765063285828
46,613026	0,0165814161300659
46,713120	0,0261352360248566
46,813905	0,0319337546825409
46,915141	0,0350862443447113
47,015488	0,0341802835464478
47,116485	0,0299957692623138
47,217491	0,0217489898204803
47,318298	0,0111727118492126
47,419140	0,00204792618751526
47,519956	-0,00627642869949341
47,620940	-0,0138310194015503
47,722779	-0,0171699821949005
47,823316	-0,0164418816566467
47,925263	-0,0115265250205994
48,025671	-0,00274762511253357
48,126052	0,00607943534851074
48,226388	0,0170421898365021
48,327175	0,0266619920730591
48,429054	0,03233602643013
48,530043	0,0355409383773804
48,630078	0,0343321263790131
48,731055	0,0299820005893707
48,832862	0,0215789973735809
48,932867	0,0110349953174591
49,033626	0,00176972150802612
49,135446	-0,00662288069725037
49,236802	-0,014041006565094
49,336874	-0,0174672305583954
49,437478	-0,0166766047477722
49,539335	-0,0116277635097504
49,640713	-0,00294870138168335
49,741449	0,00596696138381958
49,842835	0,016976922750473
49,943681	0,0264581143856049
50,044601	0,0321643054485321
50,144862	0,0353700518608093
50,246613	0,0340464413166046
50,347932	0,0297780930995941
50,448668	0,021373838186264
50,550463	0,0126016139984131
50,650733	0,00169086456298828
50,751598	-0,00815072655677795
50,851744	-0,0140395760536194
50,952464	-0,0172218084335327
51,053210	-0,0158618986606598
51,153391	-0,0113001763820648
51,255083	-0,00249549746513367
51,355317	0,0081651508808136
51,456010	0,0172365605831146
51,556822	0,0267089307308197
51,656951	0,0321989357471466
51,757482	0,0352452099323273
51,857673	0,0338319838047028
51,958410	0,0293247401714325
52,059924	0,0208903253078461
52,161889	0,0120970904827118
52,262632	0,00107911229133606
52,362645	-0,00861865282058716
52,463545	-0,0144220292568207
52,565249	-0,0176165699958801
52,666756	-0,0160533785820007
52,767322	-0,0114271342754364
52,868268	-0,0026487410068512
52,969113	0,00632533431053162
53,069358	0,0171956121921539
53,170018	0,0265946388244629
53,271210	0,0321609973907471
53,373602	0,0350657999515533
53,475531	0,0341612696647644
53,576274	0,0291820168495178
53,677226	0,0206546783447266
53,777263	0,0119025707244873
53,878218	0,00101920962333679
53,980199	-0,00871947407722473
54,081467	-0,0144343078136444
54,182972	-0,0174639523029327
54,283870	-0,0159335732460022
54,385466	-0,0111660063266754
54,486179	-0,00234892964363098
54,587062	0,00834536552429199
54,687768	0,0174480676651001
54,787924	0,0253689587116241
54,888412	0,0329736471176147
54,989021	0,0351137518882751
55,089339	0,0340996086597443
55,189562	0,0278031527996063
55,290442	0,0205501616001129
55,390942	0,0117347538471222
55,492667	-0,000862389802932739
55,593265	-0,00878444314002991
55,695039	-0,014551967382431
55,795886	-0,0174582898616791
55,897360	-0,0158039033412933
55,997856	-0,0110180079936981
56,098976	-0,00207164883613586
56,199393	0,00863692164421082
56,299825	0,0176066756248474
56,400366	0,0254970192909241
56,500533	0,0329840779304504
56,600834	0,0350919365882874
56,701158	0,0341048240661621
56,801791	0,0289463400840759
56,901902	0,0202992558479309
57,002908	0,0113605260848999
57,103309	0,000393271446228027
57,204963	-0,00924104452133179
57,305612	-0,0148094296455383
57,405621	-0,0175750851631165
57,506550	-0,0158402025699615
57,606580	-0,0110241770744324
57,707122	-0,00377506017684937
57,808219	0,0067882239818573
57,908726	0,0177924036979675
58,008737	0,0257397890090942
58,109481	0,0324584245681763
58,210336	0,0352622866630554
58,310629	0,0340934097766876
58,411813	0,0288173854351044
58,512033	0,020164281129837
58,613742	0,0112342238426208
58,713913	0,000255376100540161
58,815256	-0,00788393616676331
58,916790	-0,0149954855442047
59,018567	-0,017779529094696
59,118757	-0,0159628391265869
59,219708	-0,0111145973205566
59,320416	-0,00369903445243835
59,422047	0,00691595673561096
59,522110	0,0178152620792389
59,623697	0,0257464349269867
59,724150	0,0324124097824097
59,825993	0,0351166129112244
59,926060	0,0339823961257935
60,026706	0,0286381244659424
60,127205	0,0199133157730103
60,228460	0,0110040009021759
60,328895	-3,71038913726807E-5
60,429053	-0,00956374406814575
60,530067	-0,0151177644729614
60,630602	-0,0177446603775024
60,730760	-0,0159548223018646
60,831064	-0,0110684335231781
60,932257	-0,00367704033851624
61,033529	0,00701332092285156
61,133535	0,0179204642772675
61,235028	0,0258336663246155
61,335038	0,0324868857860565
61,435345	0,0350919365882874
61,537077	0,0338651835918427
61,637607	0,0285034775733948
61,738602	0,0213700532913208
61,840172	0,0108753442764282
61,942139	0,00167995691299438
62,044058	-0,00963056087493896
62,144305	-0,015137106180191
62,244356	-0,0177729427814484
62,346236	-0,0159255564212799
62,446354	-0,0109685063362122
62,546685	-0,0035804808139801
62,648146	0,00712019205093384
62,748546	0,0180066525936127
62,849881	0,0258526504039764
62,951044	0,0324735939502716
63,051674	0,0350567996501923
63,153269	0,0337982773780823
63,254472	0,0284432768821716
63,355774	0,0196504294872284
63,456147	0,0107137858867645
63,556776	0,00163343548774719
63,658250	-0,00967636704444885
63,759353	-0,0150823295116425
63,859391	-0,0175835788249969
63,960992	-0,0156817138195038
64,061900	-0,0106765925884247
64,162524	-0,00327122211456299
64,264312	0,00926309823989868
64,364944	0,0182642042636871
64,465239	0,0261219441890717
64,565969	0,0326135456562042
64,666417	0,035094290971756
64,766972	0,0337541401386261
64,867233	0,0293892323970795
64,968796	0,0194487869739532
65,070802	0,0105060636997223
65,171308	0,00135985016822815
65,272248	-0,00988104939460754
65,373066	-0,0152423679828644
65,473099	-0,0177314877510071
65,573619	-0,0157293379306793
65,674360	-0,0106351673603058
65,774792	-0,00321248173713684
65,874844	0,00751638412475586
65,974860	0,0183655619621277
66,076499	0,0261304974555969
66,177959	0,0326310992240906
66,278495	0,035002201795578
66,380081	0,0335634052753448
66,480551	0,0292389094829559
66,582078	0,0192115008831024
66,683408	0,0102883279323578
66,784170	0,00120452046394348
66,884600	-0,00996020436286926
66,985144	-0,0152858197689056
67,085560	-0,0176095068454742
67,185806	-0,0162330269813538
67,287418	-0,0103902518749237
67,387902	-0,00285175442695618
67,488847	0,00782954692840576
67,589530	0,0186430215835571
67,691180	0,0263509452342987
67,793086	0,0327055752277374
67,894009	0,0350098311901093
67,994745	0,0335719287395477
68,095976	0,0291436016559601
68,197562	0,0190954506397247
68,299245	0,0101911425590515
68,399491	-0,000659555196762085
68,500388	-0,00992348790168762
68,601799	-0,0151678025722504
68,701843	-0,0175477862358093
68,802816	-0,0159656703472137
68,904014	-0,0100589394569397
69,004617	-0,00255468487739563
69,105738	0,00813516974449158
69,206325	0,0188866257667542
69,306894	0,0264671146869659
69,407907	0,0327914655208588
69,508612	0,0349566638469696
69,608976	0,0333911776542664
69,709476	0,0277737677097321
69,809639	0,0188314318656921
69,910880	0,00992110371589661
70,011720	0,000886648893356323
70,112067	-0,00874003767967224
70,212939	-0,0152612626552582
70,313661	-0,0174060165882111
70,413996	-0,0158199369907379
70,514588	-0,0098271369934082
70,614675	-0,00219571590423584
70,716051	0,0084366500377655
70,817220	0,0192091166973114
70,918505	0,0267857015132904
71,020067	0,0329475402832031
71,121104	0,0350767374038696
71,222922	0,0334779918193817
71,324558	0,0277292132377625
71,424779	0,0187867283821106
71,526225	0,00984346866607666
71,626436	-0,00100812315940857
71,727251	-0,00879880785942078
71,827969	-0,0152598321437836
71,929273	-0,0174102485179901
72,029939	-0,015668511390686
72,131109	-0,00967875123023987
72,231837	-0,00209695100784302
72,332106	0,00860932469367981
72,432322	0,0192600190639496
72,532496	0,0267681777477264
72,633881	0,0329100787639618
72,734159	0,0348878502845764
72,834529	0,0331857204437256
72,935227	0,0274319350719452
73,035844	0,0200383365154266
73,137745	0,00948777794837952
73,238295	0,000501662492752075
73,340265	-0,00903713703155518
73,442102	-0,0153240263462067
73,543502	-0,0173909366130829
73,643732	-0,0156033933162689
73,745202	-0,00944063067436218
73,847008	-8,89599323272705E-5
73,947755	0,00886812806129456
74,048145	0,0195586383342743
74,148221	0,0269838869571686
74,249053	0,0329655706882477
74,349908	0,0349243879318237
74,450899	0,0331140756607056
74,551666	0,0272532105445862
74,651951	0,0199042856693268
74,752704	0,00927978754043579
74,853300	-0,0014040470123291
74,953477	-0,00909781455993652
75,053993	-0,0153518915176392
75,154305	-0,017296701669693
75,254768	-0,0153608620166779
75,355282	-0,00920048356056213
75,455695	-0,00151416659355164
75,556693	0,00919932126998901
75,656919	0,0197811424732208
75,757890	0,0272185802459717
75,859502	0,0331482589244843
75,960522	0,0349623560905457
76,062188	0,0331273674964905
76,163376	0,0272095799446106
76,263700	0,0197664201259613
76,364562	0,00918886065483093
76,465156	0,000248730182647705
76,565256	-0,00916990637779236
76,666249	-0,0152853429317474
76,767216	-0,0171784460544586
76,867982	-0,0152518153190613
76,968546	-0,00897172093391418
77,069187	-0,00129824876785278
77,169895	0,00935307145118713
77,271671	0,0182632505893707
77,371710	0,027238517999649
77,472304	0,0330362915992737
77,574142	0,0348275601863861
77,675012	0,0328455567359924
77,776390	0,0268445312976837
77,876429	0,0194397866725922
77,977459	0,00876680016517639
78,079065	-0,000155091285705566
78,179418	-0,00943487882614136
78,280055	-0,0155453681945801
78,381081	-0,0172910392284393
78,481835	-0,0152201950550079
78,582816	-0,00893491506576538
78,683151	-0,00117626786231995
78,784055	0,00948873162269592
78,885100	0,0183094143867493
78,985829	0,0272816717624664
79,086496	0,033002108335495
79,186645	0,0346719026565552
79,287312	0,0327041447162628
79,388711	0,0265922844409943
79,489634	0,0191420614719391
79,591233	0,00855320692062378
79,692403	-0,000343978404998779
79,793186	-0,00955134630203247
79,895127	-0,0154962837696075
79,995826	-0,0172015428543091
80,096637	-0,0150351524353027
80,196857	-0,00994303822517395
80,297464	-0,000873804092407227
80,398584	0,00981539487838745
80,500242	0,0186534821987152
80,601573	0,0275025963783264
80,702926	0,0331648290157318
80,803660	0,0347326397895813
80,904801	0,0326367914676666
81,005312	0,0264974534511566
81,105937	0,0190179049968719
81,206008	0,00840148329734802
81,307929	-0,00213417410850525
81,408049	-0,00959286093711853
81,508345	-0,0154806971549988
81,609537	-0,017001748085022
81,709826	-0,0148098766803741
81,809827	-0,00967732071876526
81,911774	-0,000534355640411377
82,012433	0,0101321041584015
82,112457	0,0189103782176971
82,213701	0,0277017056941986
82,314120	0,033274918794632
82,415079	0,0347734689712524
82,516886	0,0326078832149506
82,617627	0,0263651907444
82,718011	0,0188266634941101
82,819531	0,00825360417366028
82,919616	-0,00229403376579285
83,019720	-0,00969356298446655
83,120561	-0,014760285615921
83,221662	-0,0169668793678284
83,322011	-0,0146072208881378
83,422748	-0,00940194725990295
83,523673	-0,000249296426773071
83,625353	0,0104269683361053
83,726097	0,0192172229290009
83,827909	0,0278965830802917
83,928176	0,0333907008171082
84,028908	0,0347805917263031
84,129843	0,0324347019195557
84,231499	0,026165097951889
84,333146	0,0185611546039581
84,434681	0,00974205136299133
84,535847	-0,00256186723709106
84,637155	-0,00994446873664856
84,737688	-0,0150162577629089
84,837801	-0,0170055329799652
84,938089	-0,0147116482257843
85,039653	-0,00948452949523926
85,139802	0,00145530700683594
85,241328	0,0103569328784943
85,342217	0,0191020965576172
85,442560	0,0277642905712128
85,543538	0,0330946147441864
85,643649	0,0344602465629578
85,745400	0,0320637226104736
85,847295	0,0256876051425934
85,947308	0,0181418657302856
86,048155	0,00936117768287659
86,148745	-0,00291812419891357
86,248916	-0,0101757645606995
86,350069	-0,0151182115077972
86,451810	-0,0170394480228424
86,552513	-0,0145491361618042
86,652585	-0,0092601478099823
86,754255	0,00171700119972229
86,855959	0,0106709003448486
86,955982	0,019291877746582
87,056819	0,0278875529766083
87,156923	0,0331975817680359
87,257426	0,0344621539115906
87,357829	0,0320129692554474
87,458719	0,0256207883358002
87,560681	0,0179395079612732
87,661987	0,00916078686714172
87,762688	-0,00303518772125244
87,863049	-0,0102815926074982
87,963738	-0,0150823295116425
88,064038	-0,0168948173522949
88,164330	-0,0144054591655731
88,265855	-0,00900658965110779
88,366543	0,000225424766540527
88,466603	0,0108705759048462
88,567433	0,0195700526237488
88,667665	0,0268307626247406
88,768477	0,0332421958446503
88,869302	0,0344431698322296
88,971179	0,0325514078140259
89,071854	0,0253936648368835
89,172029	0,017742395401001
89,273455	0,00887289643287659
89,374772	-0,00324305891990662
89,475313	-0,0103778541088104
89,576943	-0,015154093503952
89,677027	-0,0169273316860199
89,777456	-0,014216423034668
89,878004	-0,00882649421691895
89,978808	0,000516891479492188
90,079427	0,0111503303050995
90,181219	0,0197255313396454
90,281241	0,0270455479621887
90,381278	0,033346563577652
90,481649	0,0344531238079071
90,582048	0,0325205624103546
90,682854	0,0252200961112976
90,783605	0,0175214111804962
90,885428	0,00873872637748718
90,985610	-0,0034174919128418
91,087524	-0,010547012090683
91,187557	-0,0152447521686554
91,288226	-0,0170149505138397
91,388477	-0,0141960680484772
91,488987	-0,00866979360580444
91,590789	-0,00105860829353333
91,692347	0,011291891336441
91,792496	0,0198705494403839
91,893436	0,02700474858284
91,993807	0,0332611501216888
92,094312	0,034282773733139
92,195427	0,0323013961315155
92,295971	0,0249820351600647
92,396511	0,0172508656978607
92,498514	0,00839099287986755
92,599380	-0,0020291805267334
92,699672	-0,0107385218143463
92,799833	-0,0153386890888214
92,900866	-0,0169009268283844
93,001431	-0,0140471458435059
93,103064	-0,00855174660682678
93,203676	-0,000925719738006592
93,304959	0,0114043653011322
93,405621	0,0199950635433197
93,506153	0,0272185802459717
93,606826	0,0333029329776764
93,707262	0,0343207120895386
93,807747	0,0322715044021606
93,907992	0,0248729586601257
94,008905	0,0170936584472656
94,108906	0,00829875469207764
94,210645	-0,00212603807449341
94,311033	-0,0106965899467468
94,411934	-0,0152721107006073
94,511980	-0,0169329941272736
94,612696	-0,0139057338237762
94,713332	-0,00835007429122925
94,813343	-0,000687628984451294
94,913394	0,00984203815460205
95,013915	0,0201186537742615
95,114264	0,0271517336368561
95,214718	0,0326823592185974
95,314866	0,0341138243675232
95,415496	0,0320409834384918
95,516790	0,0259498357772827
95,617666	0,0168368518352509
95,719705	0,00803393125534058
95,820642	-0,000675737857818604
95,921541	-0,010862797498703
96,022036	-0,0153551995754242
96,122238	-0,0168439149856567
96,222300	-0,0145566761493683
96,322695	-0,00810864567756653
96,422754	-0,000364452600479126
96,522799	0,0100939869880676
96,623558	0,0187462568283081
96,724826	0,0273755192756653
96,824965	0,0327331125736237
96,926613	0,0341479778289795
97,027183	0,0318792164325714
97,127302	0,0256615579128265
97,228648	0,0182194411754608
97,329230	0,00773924589157104
97,429438	-0,000995248556137085
97,530297	-0,00982236862182617
97,630764	-0,0154273808002472
97,731272	-0,0168302655220032
97,831755	-0,0143326818943024
97,932028	-0,00914269685745239
98,032399	-3,4719705581665E-5
98,132918	0,0105136632919312
98,234161	0,019083559513092
98,334563	0,0275817513465881
98,436027	0,032823234796524
98,537741	0,0340730249881744
98,638735	0,0316643118858337
98,739494	0,0266254544258118
98,840365	0,0177505016326904
98,940639	0,00725698471069336
99,042066	-0,00142073631286621
99,142529	-0,0102434456348419
99,243184	-0,015096515417099
99,343227	-0,0170074105262756
99,445222	-0,014413982629776
99,545533	-0,00907346606254578
99,646263	7,42077827453613E-5
99,747678	0,0105903744697571
99,849668	0,0191687047481537
99,950745	0,0276182591915131
100,051408	0,0327368974685669
100,153079	0,0338281691074371
100,253765	0,03139728307724
100,355137	0,0262357294559479
100,455259	0,0173185169696808
100,555776	0,0067407488822937
100,655836	-0,00197669863700867
100,756435	-0,0107394754886627
100,857086	-0,0161344707012177
100,958962	-0,0174078941345215
101,059660	-0,0147140026092529
101,160904	-0,00805512070655823
101,262787	-0,000224083662033081
101,363752	0,0103936195373535
101,464512	0,0204670131206512
101,565691	0,0273086726665497
101,666602	0,0318474173545837
101,767471	0,0333978235721588
101,869188	0,0309684872627258
101,969476	0,0258919894695282
102,071110	0,0153028666973114
102,172218	0,00658312439918518
102,272560	-0,00192663073539734
102,373179	-0,0105861127376556
102,473942	-0,0157317221164703
102,574238	-0,0167911350727081
102,676110	-0,0140514075756073
102,777766	-0,00718176364898682
102,879508	0,000634282827377319
102,979693	0,0110407173633575
103,080366	0,021078884601593
103,181468	0,027700275182724
103,282039	0,0320229232311249
103,382580	0,0334495306015015
103,484285	0,0308442115783691
103,584845	0,0255999267101288
103,685742	0,0150925517082214
103,787256	0,00629350543022156
103,889062	-0,00217711925506592
103,989281	-0,0117033421993256
104,089911	-0,0157251060009003
104,189927	-0,0166516304016113
104,290220	-0,0137392282485962
104,391246	-0,00695785880088806
104,491958	0,000939399003982544
104,593549	0,0096396803855896
104,694991	0,0212218463420868
104,795871	0,027834951877594
104,896116	0,0320869982242584
104,997296	0,0332298576831818
105,099025	0,0306155979633331
105,199226	0,0252741277217865
105,300429	0,0144811868667603
105,401066	0,00570023059844971
105,501398	-0,00293150544166565
105,601486	-0,0115241408348083
105,702314	-0,0165894329547882
105,803957	-0,0176490545272827
105,903994	-0,0147999823093414
106,004520	-0,00791835784912109
106,106198	-0,000149399042129517
106,206215	0,00855225324630737
106,306828	0,0204109251499176
106,407294	0,0271342098712921
106,508092	0,0317288339138031
106,609889	0,0335150063037872
106,710537	0,0312450230121613
106,811139	0,0264277458190918
106,911271	0,0179328620433807
107,011912	0,00780865550041199
107,112624	-0,000398695468902588
107,212682	-0,00877061486244202
107,313373	-0,0139828324317932
107,414650	-0,0151526927947998
107,515313	-0,0134462714195251
107,615968	-0,00655445456504822
107,716331	0,000819176435470581
107,816441	0,0090084969997406
107,917238	0,0202365219593048
108,017320	0,026758223772049
108,117824	0,0310638248920441
108,219559	0,0328066349029541
108,320885	0,030556321144104
108,421562	0,0257838666439056
108,521571	0,0175280869007111
108,622470	0,00775825977325439
108,722938	-0,00038108229637146
108,824911	-0,00736546516418457
108,925530	-0,0135986804962158
109,027402	-0,0148358643054962
109,128153	-0,0130465924739838
109,229735	-0,00612279772758484
109,330607	0,00111803412437439
109,431559	0,00933688879013062
109,532125	0,0204304158687592
109,633482	0,0267876088619232
109,733585	0,0311017632484436
109,835072	0,0326861441135406
109,936358	0,0302992761135101
110,036841	0,0255610048770905
110,137185	0,0171784460544586
110,238481	0,00738051533699036
110,339768	-0,0006885826587677
110,441656	-0,00895306468009949
110,542243	-0,0140395760536194
110,643281	-0,015263170003891
110,743774	-0,0136038959026337
110,844676	-0,00658750534057617
110,945831	0,000780671834945679
111,046458	0,0090613067150116
111,147194	0,0205111801624298
111,247368	0,0270735323429108
111,348095	0,0315661132335663
111,449100	0,0335743129253387
111,550437	0,0314954519271851
111,650800	0,0269620716571808
111,751402	0,018860936164856
111,851694	0,00904324650764465
111,953695	0,000912338495254517
112,054248	-0,00739702582359314
112,154496	-0,012678325176239
112,255434	-0,0140055418014526
112,357147	-0,0123946964740753
112,457236	-0,0056585967540741
112,557576	0,00154033303260803
112,658033	0,00966730713844299
112,759823	0,019264280796051
112,860667	0,0271536409854889
112,960879	0,0314143300056458
113,061675	0,0330576002597809
113,161955	0,0306796431541443
113,262602	0,0258772969245911
113,363170	0,0190321803092957
113,463984	0,00761711597442627
113,565707	-0,000494837760925293
113,666707	-0,00753575563430786
113,767468	-0,0137297809123993
113,868925	-0,014888733625412
113,969927	-0,0130949020385742
114,070558	-0,0073511004447937
114,171441	0,00122401118278503
114,273093	0,00939497351646423
114,373619	0,0190426409244537
114,474853	0,0268269777297974
114,576426	0,0309950411319733
114,677345	0,0325490236282349
114,778328	0,0300503075122833
114,879410	0,0252134501934052
114,979528	0,0168644785881042
115,080256	0,00702708959579468
115,180454	-0,000990957021713257
115,281068	-0,00789442658424377
115,381442	-0,013966292142868
115,482949	-0,0149728357791901
115,584400	-0,0123643279075623
115,686192	-0,0072745680809021
115,786738	0,00135225057601929
115,888072	0,00953540205955505
115,988292	0,0190964043140411
116,088514	0,0268544852733612
116,188720	0,0309694409370422
116,289633	0,0323839485645294
116,390295	0,0298459231853485
116,491112	0,0248966813087463
116,592641	0,0164403319358826
116,693167	0,00653848052024841
116,793683	-0,00159186124801636
116,893704	-0,00862964987754822
116,994520	-0,0142669975757599
117,096101	-0,0160265266895294
117,197439	-0,0142877995967865
117,297751	-0,00853839516639709
117,398365	7,99000263214111E-5
117,498581	0,00841480493545532
117,599773	0,0183337032794952
117,700421	0,0264765918254852
117,801369	0,0310519635677338
117,902092	0,0330870449542999
118,003143	0,0311069786548615
118,104607	0,0266344547271729
118,204893	0,0186235010623932
118,305786	0,00891095399856567
118,405984	0,000883787870407104
118,506808	-0,00746017694473267
118,606816	-0,0122115314006805
118,707706	-0,0143052935600281
118,808457	-0,0129186511039734
118,910300	-0,00766202807426453
119,010471	0,000598639249801636
119,111111	0,00859600305557251
119,211250	0,0182327628135681
119,312644	0,0262219905853271
119,413204	0,0306606590747833
119,513977	0,032585084438324
119,615857	0,0304685831069946
119,716009	0,0258312821388245
119,818033	0,0175862014293671
119,919843	0,0093630850315094
120,020195	-0,000657171010971069
120,120939	-0,00923341512680054
120,221465	-0,0141450166702271
120,321751	-0,0164211392402649
120,421799	-0,0150497853755951
120,523353	-0,00970405340194702
120,623850	-0,00115293264389038
120,724368	0,00722849369049072
120,826223	0,0173980593681335
120,926419	0,0259531438350677
121,028035	0,0309039652347565
121,129651	0,0332455039024353
121,230792	0,0311430394649506
121,331525	0,0261812210083008
121,433201	0,0171436667442322
121,534024	0,00806483626365662
121,634059	-0,00311163067817688
121,734513	-0,0128172338008881
121,836044	-0,0184147953987122
121,937210	-0,0212006866931915
122,037483	-0,0192025601863861
122,139088	-0,0139554142951965
122,239876	-0,00407299399375916
122,341473	0,00584116578102112
122,443194	0,0180118978023529
122,544161	0,0284285545349121
122,645193	0,0354379117488861
122,746206	0,0378506183624268
122,846882	0,036801278591156
122,947909	0,0298900306224823
123,048455	0,021734744310379
123,150152	0,0119102001190186
123,250215	-0,000398218631744385
123,351603	-0,0112587511539459
123,451811	-0,0176923871040344
123,551911	-0,0210574269294739
123,652553	-0,0192101001739502
123,752593	-0,0139473676681519
123,853150	-0,00395771861076355
123,954367	0,00595033168792725
124,056110	0,0180680751800537
124,156645	0,0283844470977783
124,256927	0,0343321263790131
124,357006	0,0373178422451019
124,457612	0,036035031080246
124,557876	0,0301067531108856
124,658593	0,0203662514686584
124,760107	0,0104946196079254
124,860163	-0,00182360410690308
124,960425	-0,0124805867671967
125,061061	-0,0186450481414795
125,161884	-0,0217852294445038
125,263194	-0,0203365981578827
125,363952	-0,0141275525093079
125,463952	-0,00403997302055359
125,564596	0,00600159168243408
125,666131	0,018130898475647
125,767549	0,0268331468105316
125,868039	0,0342229604721069
125,968993	0,0370832979679108
126,069799	0,0356667041778564
126,170555	0,0297695696353912
126,271450	0,0200088620185852
126,372152	0,0101363956928253
126,473382	-0,00196239352226257
126,573955	-0,0125398635864258
126,675087	-0,0185598433017731
126,776694	-0,0214660167694092
126,877255	-0,0192195475101471
126,977585	-0,0136261284351349
127,078455	-0,00345379114151001
127,178957	0,00652375817298889
127,279163	0,0185706913471222
127,380629	0,027213841676712
127,480849	0,0343672335147858
127,581516	0,0371103584766388
127,681591	0,0356016755104065
127,781811	0,0295096933841705
127,883768	0,0215524137020111
127,984350	0,00984013080596924
128,085264	-0,00227734446525574
128,187069	-0,0127243101596832
128,287762	-0,0186238884925842
128,387911	-0,0213944017887115
128,489009	-0,0196715891361237
128,589345	-0,0132980942726135
128,689967	-0,00509437918663025
128,790100	0,00681814551353455
128,890688	0,0188090801239014
128,991104	0,0275030434131622
129,091802	0,0346486568450928
129,192723	0,0371070206165314
129,292900	0,0356035828590393
129,393625	0,0294300019741058
129,493776	0,0213904678821564
129,593779	0,00966635346412659
129,693811	-0,00241526961326599
129,794402	-0,0112678110599518
129,894967	-0,017728179693222
129,995702	-0,0213090777397156
130,096613	-0,0197667181491852
130,197697	-0,0146941840648651
130,297886	-0,00500103831291199
130,399619	0,00684094429016113
130,501349	0,0168330371379852
130,601811	0,0271432101726532
130,703731	0,0341242551803589
130,804750	0,036567211151123
130,905325	0,0350103080272675
131,006399	0,0288282930850983
131,108325	0,0208366513252258
131,209023	0,00914222002029419
131,309339	-0,00286033749580383
131,409584	-0,0116082727909088
131,509615	-0,0179231762886047
131,611597	-0,0212680697441101
131,713263	-0,019496887922287
131,813663	-0,0128987431526184
131,915698	-0,00450968742370605
132,016363	0,00737813115119934
132,117515	0,0192937850952148
132,218395	0,0277102589607239
132,318979	0,0346135199069977
132,419016	0,0369076132774353
132,519186	0,0352039337158203
132,619316	0,0289093554019928
132,719775	0,0208613574504852
132,820098	0,00916460156440735
132,921324	-0,000844299793243408
133,022105	-0,0114932358264923
133,122203	-0,0177324116230011
133,222279	-0,020982950925827
133,323977	-0,0191347599029541
133,424852	-0,0138726234436035
133,524889	-0,00407633185386658
133,624895	0,00773969292640686
133,726157	0,0176695287227631
133,826858	0,0278178453445435
133,927203	0,0345257222652435
134,028936	0,0367138981819153
134,130784	0,0348489284515381
134,231651	0,0284404158592224
134,331801	0,0203372836112976
134,432158	0,00861075520515442
134,533279	-0,00136592984199524
134,633551	-0,0118610858917236
134,733739	-0,0179970860481262
134,833826	-0,0210772156715393
134,935301	-0,0190547108650208
135,036013	-0,0137288272380829
135,136963	-0,00381380319595337
135,237929	0,00801968574523926
135,338511	0,017939031124115
135,438596	0,0265434384346008
135,539109	0,0346149504184723
135,639760	0,0366692841053009
135,739769	0,0353614985942841
135,840227	0,0295229554176331
135,941165	0,0199708342552185
136,041338	0,0102868974208832
136,142061	-0,00173395872116089
136,242305	-0,0121611952781677
136,342813	-0,0181967914104462
136,443072	-0,0210348069667816
136,543607	-0,0190368294715881
136,644340	-0,0136076807975769
136,745004	-0,00554516911506653
136,845680	0,00816038250923157
136,946333	0,0180161595344543
137,047923	0,0265330374240875
137,148575	0,0345357060432434
137,249039	0,036513090133667
137,349436	0,0351194441318512
137,451061	0,0292929708957672
137,551996	0,0197207927703857
137,653468	0,0100463628768921
137,754929	0,000129371881484985
137,855591	-0,0121588408946991
137,955780	-0,018047958612442
138,056638	-0,0207600891590118
138,156647	-0,018724650144577
138,258074	-0,0132573544979095
138,358898	-0,00518384575843811
138,459292	0,00834441184997559
138,559775	0,0180990099906921
138,660599	0,0264723598957062
138,761220	0,0333878397941589
138,861384	0,0360094308853149
138,962767	0,0344526469707489
139,063506	0,0297050476074219
139,163864	0,0188542604446411
139,264629	0,00913748145103455
139,364682	-0,000786185264587402
139,465126	-0,0128470957279205
139,567126	-0,0186521112918854
139,667587	-0,0212152898311615
139,767834	-0,0196103751659393
139,869177	-0,0133298337459564
139,970088	-0,0051441490650177
140,070677	0,0065365731716156
140,171350	0,0182537138462067
140,271984	0,0266415774822235
140,373658	0,033558189868927
140,474480	0,0360450148582458
140,574559	0,0344972610473633
140,675466	0,0297240316867828
140,775735	0,0187848210334778
140,875735	0,00912269949913025
140,976375	-0,000773340463638306
141,077583	-0,0113343894481659
141,177948	-0,0184604823589325
141,278946	-0,0209716558456421
141,380089	-0,019384354352951
141,481021	-0,0130200684070587
141,581862	-0,004925936460495
141,682796	0,00664719939231873
141,784045	0,0183132290840149
141,884135	0,0265453457832336
141,984710	0,0324598550796509
142,084837	0,0356852412223816
142,186416	0,0339539349079132
142,287482	0,0291350781917572
142,389038	0,018182784318924
142,489464	0,00851988792419434
142,589544	-0,001241534948349
142,691003	-0,0116411149501801
142,791697	-0,0186949670314789
142,893198	-0,0210536420345306
142,993758	-0,0192915797233582
143,094197	-0,0128684341907501
143,194467	-0,00458815693855286
143,294509	0,00702804327011108
143,394867	0,0186282694339752
143,494908	0,0268345773220062
143,596664	0,0326515138149261
143,697333	0,0356714427471161
143,798093	0,0340241491794586
143,898527	0,0291412472724915
143,999719	0,0199299454689026
144,099991	0,0085279643535614
144,201819	-0,00127682089805603
144,301820	-0,0115688443183899
144,402320	-0,0183888971805573
144,503074	-0,0206097960472107
144,603096	-0,0186544954776764
144,703634	-0,0134349167346954
144,804341	-0,00378081202507019
144,904748	0,00586965680122375
145,005248	0,0176571607589722
145,106092	0,02756467461586
145,206458	0,0333413183689117
145,306721	0,0362458229064941
145,406853	0,03493532538414
145,508780	0,0292673707008362
145,609201	0,0198919177055359
145,709385	0,0103150010108948
145,809392	-0,00145074725151062
145,909469	-0,0117879211902618
146,009596	-0,0178435742855072
146,111160	-0,020841121673584
146,212143	-0,0188866257667542
146,314061	-0,0136464834213257
146,414498	-0,00385728478431702
146,516190	0,00576382875442505
146,616851	0,0174485445022583
146,717371	0,0273878276348114
146,817742	0,0330391228199005
146,918089	0,0358741283416748
147,019557	0,0346244275569916
147,119557	0,0289031863212585
147,220442	0,0195795595645905
147,320834	0,0100944638252258
147,422404	-0,00168386101722717
147,523670	-0,011877715587616
147,623965	-0,0177474915981293
147,724408	-0,0206875503063202
147,825348	-0,0192553102970123
147,925804	-0,0132478773593903
148,026708	-0,00355657935142517
148,127739	0,00605049729347229
148,228597	0,0176309645175934
148,329002	0,0259242355823517
148,429023	0,0329029560089111
148,530713	0,0355674922466278
148,630713	0,0341014862060547
148,730758	0,0282929241657257
148,831446	0,0188514292240143
148,932920	0,00928360223770142
149,034261	-0,00236040353775024
149,134870	-0,0110008418560028
149,234883	-0,01826411485672
149,335450	-0,0208651721477509
149,436497	-0,019448846578598
149,537064	-0,0133312344551086
149,637788	-0,00528004765510559
149,739645	0,00617200136184692
149,839838	0,0177700221538544
149,940665	0,0261276364326477
150,042646	0,0330040156841278
150,142912	0,0356125831604004
150,243110	0,0341679155826569
150,343271	0,0282469689846039
150,444029	0,0188352167606354
150,544166	0,0093073844909668
150,646190	-0,000509142875671387
150,746314	-0,0109589695930481
150,847205	-0,0181256830692291
150,948232	-0,0207280516624451
151,048588	-0,019208699464798
151,148809	-0,0130394697189331
151,249015	-0,00507667660713196
151,349875	0,00641170144081116
151,451404	0,0179347693920135
151,552645	0,0261769592761993
151,652946	0,0330367386341095
151,753409	0,0355157554149628
151,853600	0,0339591205120087
151,954057	0,0293048322200775
152,054723	0,0202992558479309
152,155335	0,00899374485015869
152,256258	-0,000699549913406372
152,356511	-0,0111365020275116
152,456624	-0,0182099640369415
152,557583	-0,0206828415393829
152,658442	-0,0191555023193359
152,759566	-0,0129067897796631
152,859615	-0,00484892725944519
152,960670	0,00656506419181824
153,061315	0,0181180536746979
153,161973	0,0262860059738159
153,262181	0,0321301519870758
153,362676	0,0353918969631195
153,463193	0,0337494015693665
153,563826	0,0289724171161652
153,664707	0,0199931561946869
153,765537	0,00867354869842529
153,865615	-0,00108766555786133
153,965765	-0,00985145568847656
154,066159	-0,0184223353862762
154,167796	-0,0208312273025513
154,267981	-0,0197233855724335
154,368404	-0,0128214955329895
154,468451	-0,0047125518321991
154,568584	0,00482764840126038
154,669354	0,0163988769054413
154,769727	0,0263831913471222
154,870910	0,0322933495044708
154,971012	0,0353415906429291
155,071169	0,0338025391101837
155,171753	0,0290592014789581
155,272850	0,0217000544071198
155,374613	0,00880005955696106
155,474938	-0,000862389802932739
155,575679	-0,00959905982017517
155,676752	-0,0170814096927643
155,777468	-0,0202296674251556
155,878084	-0,019163966178894
155,979667	-0,0134396553039551
156,081491	-0,0040619969367981
156,182178	0,00536900758743286
156,283106	0,016916424036026
156,383923	0,0266823768615723
156,484851	0,0323706567287445
156,585515	0,0353007614612579
156,685715	0,0334561765193939
156,785772	0,0285205543041229
156,887295	0,0211159288883209
156,988311	0,00801253318786621
157,090302	-0,0016290545463562
157,190604	-0,0102739632129669
157,292505	-0,0186031758785248
157,394503	-0,0207841396331787
157,495864	-0,0194964110851288
157,596285	-0,0123638808727264
157,698084	-0,00411602854728699
157,798408	0,00543209910392761
157,899787	0,0169206857681274
158,001481	0,0267790853977203
158,103001	0,0324366092681885
158,203950	0,0352466404438019
158,304688	0,0334476232528687
158,404983	0,0285124778747559
158,505694	0,0192680954933167
158,606088	0,00799542665481567
158,706396	-0,00169339776039124
158,807932	-0,0103873908519745
158,908593	-0,0185070931911469
159,010554	-0,0206762254238129
159,110709	-0,0186851024627686
159,211218	-0,0134358406066895
159,312932	-0,00392234325408936
159,413467	0,00553935766220093
159,513563	0,0171045958995819
159,614395	0,0267705619335175
159,715362	0,0324057638645172
159,815424	0,0352362096309662
159,915612	0,0332450270652771
160,016597	0,0282991230487823
160,116626	0,0208447277545929
160,216630	0,00775539875030518
160,317867	-0,00179404020309448
160,418154	-0,0103216171264648
160,518628	-0,0184289216995239
160,620628	-0,0203973352909088
160,721023	-0,0190132856369019
160,821097	-0,0131934583187103
160,922842	-0,00354176759719849
161,024367	0,00588628649711609
161,124701	0,0172699093818665
161,225492	0,0269275009632111
161,327004	0,0323663949966431
161,427005	0,0348489284515381
161,527118	0,0329717397689819
161,627276	0,0278558135032654
161,728285	0,0203011333942413
161,828806	0,00731825828552246
161,929800	-0,00231647491455078
162,029937	-0,0108232796192169
162,130901	-0,0179165601730347
162,232591	-0,0207030773162842
162,333487	-0,0192020833492279
162,433831	-0,014433354139328
162,533923	-0,00353795289993286
162,635315	0,00598594546318054
162,736836	0,0156304240226746
162,837365	0,0269691944122314
162,938059	0,0324702858924866
163,039527	0,0349523723125458
163,140874	0,0328854024410248
163,242373	0,027834951877594
163,344323	0,0202417373657227
163,445521	0,00711545348167419
163,546655	-0,00238856673240662
163,647436	-0,010884702205658
163,747639	-0,018032431602478
163,848025	-0,0206239521503448
163,948491	-0,0191531479358673
164,049733	-0,0131379961967468
164,150182	-0,00342416763305664
164,250723	0,00596410036087036
164,351463	0,0173089802265167
164,452291	0,026851624250412
164,552647	0,0321353673934937
164,653595	0,0346481800079346
164,753657	0,032477855682373
164,855562	0,027252733707428
164,955822	0,0197098553180695
165,056167	0,00862550735473633
165,156980	-0,00287085771560669
165,257266	-0,0111893117427826
165,358146	-0,0181284844875336
165,458688	-0,0207242667675018
165,558799	-0,0190114080905914
165,659645	-0,014141708612442
165,760232	-0,00315415859222412
165,861837	0,0064188539981842
165,962631	0,0159188508987427
166,062993	0,0271455645561218
166,163320	0,0324679017066956
166,263365	0,0347331166267395
166,363725	0,0331814587116241
166,465222	0,0273186266422272
166,565789	0,0196023881435394
166,665995	0,00843474268913269
166,766699	-0,00293245911598206
166,866762	-0,0113453567028046
166,968133	-0,0173664093017578
167,069131	-0,0206277072429657
167,170275	-0,0189902186393738
167,271663	-0,0141161978244781
167,372221	-0,00300508737564087
167,472591	0,00637516379356384
167,574928	0,0159102976322174
167,675701	0,0270995795726776
167,776753	0,0322150588035583
167,877404	0,0345015227794647
167,978132	0,0329072177410126
168,078736	0,0268535315990448
168,179064	0,0192690491676331
168,279732	0,0081138014793396
168,380513	-0,00328078866004944
168,480836	-0,0114499926567078
168,581234	-0,0174502730369568
168,682706	-0,0206376016139984
168,783012	-0,0187331140041351
168,884552	-0,0138201415538788
168,985591	-0,0026678740978241
169,087546	0,00688272714614868
169,188522	0,0162849724292755
169,288984	0,0260555744171143
169,390540	0,0325784385204315
169,491185	0,0345950126647949
169,592691	0,0329613089561462
169,693605	0,0269421935081482
169,794250	0,0191520750522614
169,894326	0,00806149840354919
169,995029	-0,00331521034240723
170,095207	-0,0116059184074402
170,195504	-0,0174172818660736
170,296811	-0,0205155909061432
170,397331	-0,0186940431594849
170,498476	-0,0136005878448486
170,598816	-0,00244823098182678
170,700237	0,00697389245033264
170,801005	0,0165123045444489
170,902034	0,0261508822441101
171,002975	0,0325276851654053
171,104929	0,0346728563308716
171,205042	0,0328355729579926
171,305550	0,0267046391963959
171,406838	0,0190193355083466
171,507588	0,00781005620956421
171,609501	-0,00350210070610046
171,710484	-0,0116097033023834
171,811988	-0,0183328688144684
171,913987	-0,0204364359378815
172,015015	-0,0184684693813324
172,116646	-0,0121498107910156
172,217426	-0,00403997302055359
172,317851	0,00725319981575012
172,417946	0,018356055021286
172,519763	0,0262319445610046
172,621730	0,032518208026886
172,722118	0,0344184935092926
172,822428	0,0325865149497986
172,923387	0,0263400375843048
173,025117	0,0167258083820343
173,125718	0,00742658972740173
173,225848	-0,00393000245094299
173,326284	-0,012080043554306
173,428200	-0,0185358226299286
173,528733	-0,0206719934940338
173,629186	-0,0186667442321777
173,729320	-0,0120871365070343
173,829642	-0,00405958294868469
173,930410	0,00723987817764282
174,030486	0,01667720079422
174,131061	0,0261480510234833
174,232314	0,0323882102966309
174,332672	0,0343235731124878
174,433736	0,0322900116443634
174,534481	0,0260754823684692
174,635012	0,0182970464229584
174,735195	0,00708219408988953
174,835700	-0,00408926606178284
174,937151	-0,012150764465332
175,038157	-0,018623411655426
175,138622	-0,0205391347408295
175,240341	-0,0184209048748016
175,342278	-0,0118686854839325
175,443043	-0,00368183851242065
175,543478	0,00759527087211609
175,643573	0,0186558663845062
175,744721	0,0264486074447632
175,845638	0,0325447618961334
175,945922	0,0343292653560638
176,047423	0,0323502719402313
176,148619	0,0259740054607391
176,249706	0,0181232690811157
176,350753	0,00701713562011719
176,452196	-0,00244247913360596
176,552880	-0,0122513771057129
176,652943	-0,0185245275497437
176,753869	-0,0204746127128601
176,855615	-0,0182815492153168
176,956406	-0,0115940272808075
177,056930	-0,00354081392288208
177,157730	0,00774493813514709
177,258633	0,0188133418560028
177,360436	0,0264030992984772
177,462222	0,0324631631374359
177,563266	0,0341446697711945
177,664039	0,031967431306839
177,764688	0,0256222188472748
177,865063	0,0159426927566528
177,965506	0,006489098072052
178,066524	-0,0028374195098877
178,167043	-0,0139047801494598
178,268013	-0,0188376605510712
178,369868	-0,0205452740192413
178,471372	-0,0174615681171417
178,571807	-0,0115897357463837
178,672953	-0,00334915518760681
178,774080	0,00785377621650696
178,874988	0,0188418924808502
178,975555	0,0264832377433777
179,075798	0,0323720872402191
179,176658	0,033975750207901
179,276858	0,0318407714366913
179,377090	0,0266282856464386
179,477124	0,015640914440155
179,577803	0,00628307461738586
179,677895	-0,00313839316368103
179,778819	-0,0127086639404297
179,879642	-0,0188013911247253
179,981149	-0,0205268859863281
180,081180	-0,0180719792842865
180,181220	-0,0112530589103699
180,282240	-0,00307676196098328
180,382478	0,00823411345481873
180,484428	0,019177258014679
180,585318	0,0266577303409576
180,686006	0,0318379402160645
180,787965	0,0339515507221222
180,889917	0,0316429734230042
180,989961	0,0264642834663391
181,091147	0,0153410136699677
181,192262	0,0059228241443634
181,293063	-0,00334963202476501
181,393251	-0,0142376720905304
181,495245	-0,0189746916294098
181,595320	-0,0204953253269196
181,695960	-0,017976850271225
181,797076	-0,0110603272914886
181,897453	-0,00276529788970947
181,997541	0,0084514319896698
182,098815	0,0194273889064789
182,199408	0,026982456445694
182,299697	0,0319517850875854
182,400565	0,0340459644794464
182,502292	0,0316543579101563
182,602943	0,0263192057609558
182,704905	0,0152318179607391
182,806851	0,00582456588745117
182,907441	-0,00351306796073914
183,008249	-0,014176219701767
183,108359	-0,0188753306865692
183,208597	-0,0204934477806091
183,309231	-0,0178219079971313
183,409808	-0,0109480321407318
183,510131	-0,00261533260345459
183,611828	0,00682762265205383
183,712169	0,0195809900760651
183,814206	0,0269725322723389
183,914951	0,0319716930389404
184,016335	0,0338305532932281
184,117334	0,0314238369464874
184,217501	0,026178389787674
184,318400	0,014910876750946
184,418980	0,00560152530670166
184,519105	-0,00366270542144775
184,620108	-0,0131095945835114
184,720663	-0,0189242959022522
184,820996	-0,020293265581131
184,922339	-0,0176424384117126
185,023359	-0,010520339012146
185,125122	-0,00216567516326904
185,225400	0,00712162256240845
185,325629	0,0199446976184845
185,425825	0,027236133813858
185,526667	0,032128244638443
185,627446	0,0339951813220978
185,728064	0,0315006673336029
185,828663	0,0260484516620636
185,929018	0,0166953206062317
186,029306	0,00542357563972473
186,130909	-0,00387641787528992
186,231626	-0,013152688741684
186,333600	-0,0189855098724365
186,434186	-0,0203059613704681
186,534911	-0,0182560980319977
186,636010	-0,0104674398899078
186,736145	-0,00212222337722778
186,837628	0,00725415349006653
186,938277	0,019855797290802
187,038286	0,0271977186203003
187,138683	0,0320675075054169
187,239305	0,0338666141033173
187,340521	0,0312317311763763
187,440525	0,0257952511310577
187,540936	0,0162725746631622
187,640998	0,00517258048057556
187,741158	-0,00404667854309082
187,841497	-0,01203253865242
187,942510	-0,0183055400848389
188,043512	-0,0202659368515015
188,144140	-0,0182071626186371
188,245815	-0,0116277635097504
188,346219	-0,00183504819869995
188,447856	0,0074845552444458
188,548078	0,0184926390647888
188,648589	0,0273157954216003
188,750357	0,0320708453655243
188,852079	0,0338983833789825
188,952930	0,0310486555099487
189,054400	0,0255894660949707
189,155689	0,0161229074001312
189,257508	0,00490260124206543
189,357708	-0,00425472855567932
189,458390	-0,0121170580387115
189,559411	-0,0190453231334686
189,660289	-0,020171731710434
189,760822	-0,0180060565471649
189,861600	-0,0100298523902893
189,963562	-0,00159186124801636
190,065210	0,00771927833557129
190,165413	0,0202778875827789
190,266922	0,0274717807769775
190,367691	0,0321524441242218
190,469199	0,033792108297348
190,569871	0,0309841334819794
190,671792	0,0254273116588593
190,772514	0,0158917009830475
190,872531	0,00478824973106384
190,973063	-0,00439199805259705
191,074897	-0,0135276913642883
191,176807	-0,0189365446567535
191,278133	-0,0200426876544952
191,378708	-0,0169706642627716
191,478769	-0,00961577892303467
191,580508	-0,00127443671226501
191,681578	0,00996300578117371
191,782970	0,0189864933490753
191,883292	0,0276694893836975
191,983500	0,0323251187801361
192,083798	0,0339449048042297
192,184323	0,0309149026870728
192,285369	0,0253462195396423
192,385415	0,0157772600650787
192,486233	0,00454726815223694
192,586620	-0,0044805109500885
192,687416	-0,013556569814682
192,787880	-0,0189591348171234
192,888801	-0,0199268460273743
192,990396	-0,0168274343013763
193,092183	-0,00950935482978821
193,193068	-0,00100478529930115
193,293449	0,010142594575882
193,394559	0,0190859436988831
193,494944	0,0277875065803528
193,595083	0,0322762429714203
193,696786	0,0337328016757965
193,796905	0,0307303965091705
193,897321	0,0250071585178375
193,997931	0,015391081571579
194,098266	0,00429058074951172
194,199918	-0,00485894083976746
194,300120	-0,0137785077095032
194,401867	-0,0190453231334686
194,502504	-0,0200327932834625
194,602749	-0,0176160931587219
194,703557	-0,010806143283844
194,805358	-0,000933825969696045
194,905435	0,00846758484840393
195,006429	0,0192690491676331
195,106558	0,027767151594162
195,206766	0,0323042571544647
195,307503	0,0336227118968964
195,407974	0,0304586291313171
195,508408	0,0248098969459534
195,609250	0,0150873064994812
195,711182	0,00396037101745605
195,811591	-0,00501924753189087
195,912387	-0,0127356946468353
196,013356	-0,019144207239151
196,114388	-0,0199339091777802
196,215899	-0,017568975687027
196,316190	-0,0106875598430634
196,417787	-0,00067669153213501
196,517952	0,00855511426925659
196,618110	0,0193584561347961
196,718781	0,0278823673725128
196,820007	0,0321595668792725
196,920325	0,033530205488205
197,020886	0,030303567647934
197,122070	0,0245234370231628
197,223070	0,0149595141410828
197,323558	0,00380429625511169
197,423948	-0,005240797996521
197,524097	-0,012694925069809
197,624531	-0,0184971988201141
197,725376	-0,0198086202144623
197,826747	-0,0171534717082977
197,927580	-0,0103102028369904
198,027950	-0,000343978404998779
198,128526	0,00897231698036194
198,229269	0,0195519924163818
198,329871	0,0280340611934662
198,429888	0,032448947429657
198,530947	0,0336170196533203
198,631778	0,0302456915378571
198,732867	0,0243835151195526
198,834967	0,0162916481494904
198,936418	0,00537091493606567
199,037145	-0,00543269515037537
199,137246	-0,0129641592502594
199,237713	-0,0185297131538391
199,337914	-0,0197615325450897
199,438799	-0,0172491371631622
199,540752	-0,0101428627967834
199,641807	-0,000169366598129272
199,742116	0,00909748673439026
199,843833	0,0198591351509094
199,945274	0,0280995070934296
200,045928	0,0322885811328888
200,146441	0,0334481000900269
200,248395	0,0299526154994965
200,349964	0,0241254866123199
200,450739	0,014447808265686
200,552214	0,00512704253196716
200,652496	-0,00563129782676697
200,753181	-0,0142315328121185
200,854091	-0,0186648666858673
200,954114	-0,019646167755127
201,054628	-0,0168688893318176
201,155098	-0,00989344716072083
201,255920	0,000242084264755249
201,356390	0,00951114296913147
201,456415	0,0200397670269012
201,556485	0,0284062623977661
201,656765	0,0325675308704376
201,757882	0,0336483418941498
201,858485	0,0309993326663971
201,959328	0,0241577625274658
202,060911	0,0160766541957855
202,162546	0,00520294904708862
202,262966	-0,00557675957679749
202,364965	-0,0129395127296448
202,466593	-0,0183121562004089
202,566638	-0,0193744599819183
202,667286	-0,0166059136390686
202,767871	-0,00940766930580139
202,869735	0,000576317310333252
202,970638	0,00986537337303162
203,070793	0,0204736590385437
203,172432	0,0285694003105164
203,273670	0,0326685905456543
203,374530	0,0335795283317566
203,476409	0,0308214724063873
203,577838	0,0240258872509003
203,679474	0,0142355561256409
203,780561	0,00495907664299011
203,881325	-0,00564518570899963
203,982180	-0,0141426622867584
204,084009	-0,0183992683887482
204,184093	-0,0191776156425476
204,284436	-0,0154420137405396
204,384763	-0,00919234752655029
204,485332	0,00100213289260864
204,585438	0,0120112597942352
204,686139	0,0206318795681
204,787220	0,0277140438556671
204,887313	0,0327587425708771
204,988033	0,0335591435432434
205,088246	0,0309016108512878
205,189524	0,0238645970821381
205,291241	0,0140877068042755
205,392572	0,0048997700214386
205,493588	-0,00582322478294373
205,594117	-0,0141228139400482
205,695366	-0,0181868970394135
205,796055	-0,019077330827713
205,896893	-0,0151427686214447
205,997332	-0,00887426733970642
206,097838	-0,000612884759902954
206,199546	0,010515570640564
206,301370	0,0209064781665802
206,402395	0,0277154743671417
206,502628	0,0332165658473969
206,602928	0,033366471529007
206,704008	0,030486136674881
206,805334	0,0235998928546906
206,905397	0,0136598944664001
207,005527	0,00446707010269165
207,105691	-0,00604957342147827
207,206218	-0,0144759118556976
207,307825	-0,0185127556324005
207,408540	-0,0191168785095215
207,509913	-0,015224426984787
207,611271	-0,00880500674247742
207,712078	-0,000418215990066528
207,813063	0,0123178660869598
207,915068	0,0209097862243652
208,016655	0,0277780294418335
208,116905	0,0330016314983368
208,218195	0,0332621037960052
208,319094	0,0303637981414795
208,419624	0,0232331454753876
208,520391	0,0134156942367554
208,620558	0,00422319769859314
208,720638	-0,00637787580490112
208,820840	-0,0145018994808197
208,921749	-0,0184896886348724
209,022562	-0,0193490087985992
209,123619	-0,0149978399276733
209,223906	-0,00861817598342896
209,325092	-0,00030401349067688
209,425232	0,0107662081718445
209,525840	0,0210081040859222
209,626545	0,0277311205863953
209,727463	0,0326149761676788
209,828176	0,0329978168010712
209,928633	0,0300759077072144
210,029451	0,0230324566364288
210,130883	0,0130570530891418
210,231517	0,00392526388168335
210,332968	-0,00650614500045776
210,434937	-0,0146965384483337
210,536908	-0,0184684693813324
210,637238	-0,0191201865673065
210,737572	-0,0148226320743561
210,837776	-0,00824728608131409
210,938531	0,000108927488327026
211,039393	0,0128128528594971
211,140919	0,0213263630867004
211,242675	0,0279932916164398
211,342862	0,0330206155776978
211,443261	0,0331359207630157
211,544197	0,0300427377223969
211,644436	0,0228611528873444
211,744846	0,0129792988300323
211,845477	0,00375398993492126
211,945485	-0,00504270195960999
212,045770	-0,01349076628685
212,145953	-0,0184035003185272
212,246549	-0,0190401375293732
212,347612	-0,0154788196086884
212,448156	-0,00807997584342957
212,549015	0,000324815511703491
212,649832	0,0112995207309723
212,750214	0,0214037597179413
212,850294	0,0280649065971375
212,951477	0,0326894521713257
213,053472	0,0329143404960632
213,154912	0,029831200838089
213,256480	0,0226100981235504
213,357153	0,0125748813152313
213,457751	0,00351062417030334
213,558175	-0,00526520609855652
213,658188	-0,0138064324855804
213,759107	-0,0184868574142456
213,860936	-0,0190151631832123
213,961707	-0,0145094394683838
214,063176	-0,0078451931476593
214,164379	0,000471264123916626
214,265822	0,0113786458969116
214,366035	0,0216074883937836
214,467233	0,02808478474617
214,568060	0,0326140224933624
214,668385	0,0328569114208221
214,768544	0,0296111702919006
214,868560	0,0237455368041992
214,968960	0,012397974729538
215,070557	0,00317752361297607
215,171651	-0,00549015402793884
215,272989	-0,0149303376674652
215,374302	-0,018623411655426
215,476302	-0,0190193951129913
215,577001	-0,0143757164478302
215,678280	-0,0078088641166687
215,779059	0,000671833753585815
215,881171	0,0115869641304016
215,981548	0,0215922892093658
216,082505	0,0281440615653992
216,182563	0,0325196087360382
216,283067	0,0326102375984192
216,383121	0,0294679403305054
216,485079	0,0235249400138855
216,585814	0,0120598971843719
216,687683	0,00299152731895447
216,787958	-0,00576242804527283
216,889902	-0,015132874250412
216,990096	-0,0186003446578979
217,091190	-0,0190518796443939
217,192046	-0,0142698287963867
217,293455	-0,00757929682731628
217,394888	0,000762611627578735
217,494906	0,0116937458515167
217,596295	0,0217451751232147
217,697706	0,0281066000461578
217,798495	0,0324773788452148
217,899354	0,0324878394603729
217,999913	0,0291047096252441
218,100647	0,0217916965484619
218,201791	0,0117371380329132
218,301985	0,00260806083679199
218,402955	-0,0075434148311615
218,503569	-0,015301376581192
218,604215	-0,0187387764453888
218,704312	-0,0189662277698517
218,805960	-0,0151923596858978
218,906029	-0,00747501850128174
219,007329	0,00102254748344421
219,109142	0,0118434429168701
219,209456	0,0218443870544434
219,310210	0,0282379388809204
219,410769	0,0324166715145111
219,511510	0,0323616564273834
219,612690	0,0290089249610901
219,713496	0,0214944779872894
219,814420	0,0115025639533997
219,915608	0,00242391228675842
220,015765	-0,00622856616973877
220,117670	-0,0153688788414001
220,217700	-0,0187387764453888
220,319213	-0,0189991593360901
220,419837	-0,0150696337223053
220,519967	-0,00730949640274048
220,620694	0,00109478831291199
220,721057	0,0119821727275848
220,821253	0,0218733847141266
220,921446	0,028126984834671
221,021849	0,032308965921402
221,123377	0,0321291983127594
221,223745	0,0286589860916138
221,324897	0,0226992964744568
221,425608	0,0111770033836365
221,525781	0,00213861465454102
221,625935	-0,00631710886955261
221,725994	-0,0143917798995972
221,827350	-0,0186111629009247
221,929228	-0,0186860263347626
222,030074	-0,0147314965724945
222,130962	-0,00687986612319946
222,231793	0,00165337324142456
222,332909	0,010642796754837
222,433645	0,0223276913166046
222,533667	0,0285665392875671
222,633878	0,0321548283100128
222,734653	0,0323275029659271
222,835835	0,0287955403327942
222,936542	0,0226670205593109
223,036823	0,0111913084983826
223,138445	0,00211724638938904
223,240021	-0,00643625855445862
223,340237	-0,0143591463565826
223,441989	-0,018572062253952
223,543757	-0,0185942351818085
223,644361	-0,0144848823547363
223,746019	-0,00665783882141113
223,847252	0,00179153680801392
223,948757	0,0125820338726044
224,050433	0,0223134458065033
224,151070	0,0284494459629059
224,251854	0,0324114561080933
224,353058	0,0320106148719788
224,453636	0,0284688770771027
224,553843	0,0208432972431183
224,654522	0,0124790370464325
224,755008	0,00170940160751343
224,855304	-0,00674590468406677
224,955928	-0,0146398544311523
225,057484	-0,0186860263347626
225,159206	-0,0186455249786377
225,260511	-0,0145288109779358
225,361605	-0,00653436779975891
225,461910	0,00193732976913452
225,562387	0,0127284526824951
225,663248	0,0224942862987518
225,763734	0,0285542011260986
225,864747	0,0323825180530548
225,965438	0,0319223701953888
226,065477	0,0282611846923828
226,165969	0,0205734074115753
226,266912	0,0123059451580048
226,367813	0,00149425864219666
226,469145	-0,00692003965377808
226,570279	-0,0147187411785126
226,671593	-0,0187194645404816
226,772110	-0,0185725390911102
226,872679	-0,0143029093742371
226,973008	-0,00626686215400696
227,073721	0,00225827097892761
227,175535	0,0130494236946106
227,277165	0,02269646525383
227,377335	0,0286912620067596
227,478007	0,0324423015117645
227,579173	0,032261073589325
227,681022	0,0281725227832794
227,782630	0,0204232633113861
227,883641	0,0120503604412079
227,983866	0,00129002332687378
228,084535	-0,00861337780952454
228,185278	-0,0148580372333527
228,285989	-0,0187090933322906
228,387051	-0,0180898606777191
228,488462	-0,0141823589801788
228,589339	-0,00606203079223633
228,691260	0,00424742698669434
228,791885	0,0132273137569427
228,892828	0,0229019522666931
228,993580	0,0288173854351044
229,093799	0,0324925780296326
229,195646	0,0322568118572235
229,297570	0,0269763171672821
229,398170	0,0202536284923553
229,499928	0,0119054317474365
229,600096	-0,000656217336654663
229,701004	-0,00873571634292603
229,801363	-0,0148982107639313
229,902027	-0,0187463164329529
230,002726	-0,0180300772190094
230,102857	-0,0141091048717499
230,203547	-0,0060160756111145
230,303565	0,00428488850593567
230,404510	0,0132258832454681
230,505318	0,0213163793087006
230,606067	0,0295068323612213
230,707187	0,0321756899356842
230,809102	0,0318308174610138
230,909899	0,0276011824607849
231,010700	0,0197469294071198
231,111240	0,011374831199646
231,213160	-0,00109240412712097
231,313372	-0,00915846228599548
231,414063	-0,0152626931667328
231,515976	-0,01890829205513
231,616736	-0,0181355476379395
231,717568	-0,0140863955020905
231,818917	-0,00745874643325806
231,919705	0,00436744093894958
232,021081	0,0133131444454193
232,122136	0,021391898393631
232,222752	0,02944615483284
232,323316	0,0320912301540375
232,423316	0,0317122340202332
232,523858	0,0262717604637146
232,624903	0,0195429623126984
232,725482	0,0111331641674042
232,826394	0,000439882278442383
232,927005	-0,00923293828964233
233,028374	-0,0152626931667328
233,128876	-0,0188240110874176
233,229880	-0,0179057419300079
233,330493	-0,0138343274593353
233,430890	-0,0071980357170105
233,531322	0,00468245148658752
233,631898	0,0135182440280914
233,732134	0,0215495526790619
233,832979	0,0294983088970184
233,933458	0,0320087075233459
234,035141	0,0315680205821991
234,136081	0,0260441899299622
234,237034	0,0192400515079498
234,338528	0,0108801126480103
234,439491	0,000239700078964233
234,539761	-0,00939285755157471
234,640227	-0,0152763724327087
234,740554	-0,018473207950592
234,840849	-0,017728179693222
234,941787	-0,0135380923748016
235,042891	-0,00684157013893127
235,143376	0,00503164529800415
235,244850	0,0139069557189941
235,345205	0,0218216180801392
235,445792	0,0288609862327576
235,547673	0,0321609973907471
235,648579	0,0315803587436676
235,749446	0,0271133482456207
235,850090	0,0191644132137299
235,950644	0,0107438266277313
236,050727	0,000138372182846069
236,150924	-0,00941723585128784
236,251285	-0,0152895748615265
236,352665	-0,0183578431606293
236,453809	-0,0175119936466217
236,554795	-0,013299971818924
236,655817	-0,00652095675468445
236,756948	0,00534006953239441
236,858284	0,0141659379005432
236,960284	0,0220865309238434
237,060770	0,0298174619674683
237,162332	0,0321804285049438
237,263854	0,0315874814987183
237,363875	0,0270037949085236
237,464660	0,0190150737762451
237,565907	0,0106303989887238
237,667295	1,23679637908936E-5
237,768484	-0,00948739051818848
237,869347	-0,0152390599250793
237,971180	-0,0185207724571228
238,072803	-0,0173047184944153
238,174540	-0,0129892528057098
238,274966	-0,00468480587005615
238,375013	0,00563806295394897
238,475603	0,0144143998622894
238,576772	0,0222256183624268
238,678204	0,029087632894516
238,778794	0,0321590900421143
238,879850	0,0314337909221649
238,979963	0,02680703997612
239,080783	0,0187472105026245
239,180826	0,0103093087673187
239,280827	-0,000218838453292847
239,381363	-0,00967875123023987
239,482087	-0,0153650939464569
239,582167	-0,018268346786499
239,682961	-0,0172090828418732
239,784001	-0,012857049703598
239,885158	-0,00601655244827271
239,985543	0,00582882761955261
240,087248	0,0145760774612427
240,187803	0,0223438441753387
240,288232	0,0290397703647614
240,388946	0,0320006310939789
240,488979	0,031191885471344
240,588985	0,0274926424026489
240,689319	0,0183094143867493
240,789904	0,00988158583641052
240,889965	0,00101116299629211
240,990335	-0,0100722908973694
241,091996	-0,0156802833080292
241,192412	-0,0185292363166809
241,292670	-0,017296701669693
241,393562	-0,012871265411377
241,495456	-0,0059954822063446
241,596458	0,00418761372566223
241,697199	0,0147310793399811
241,797457	0,0224553644657135
241,897710	0,0282839238643646
241,997750	0,032033383846283
242,099020	0,031167209148407
242,199025	0,0274338126182556
242,299230	0,0181808769702911
242,400027	0,00974443554878235
242,501776	0,000950336456298828
242,603454	-0,0101428627967834
242,704223	-0,0156958699226379
242,805073	-0,0184416472911835
242,906217	-0,0177013278007507
243,007196	-0,012608140707016
243,108175	-0,00567007064819336
243,208292	0,00448605418205261
243,308410	0,0150071978569031
243,408738	0,0226912498474121
243,509929	0,0284143388271332
243,610653	0,032086044549942
243,711258	0,0311349928379059
243,812210	0,0272906720638275
243,914085	0,018002837896347
244,014492	0,00949969887733459
244,114799	0,000667095184326172
244,216573	-0,0102992355823517
244,317465	-0,0157769918441772
244,418467	-0,0184661448001862
244,520428	-0,0175562798976898
244,621798	-0,012456864118576
244,723788	-0,00546810030937195
244,825296	0,0047498345375061
244,926296	0,0151955783367157
245,026749	0,0228706300258636
245,127026	0,0294034779071808
245,227195	0,0320774912834167
245,327345	0,0310486555099487
245,428396	0,0260603129863739
245,528564	0,0177604854106903
245,630366	0,00931167602539063
245,730392	0,000518292188644409
245,830713	-0,00906389951705933
245,930997	-0,0158185064792633
246,032619	-0,0184458792209625
246,133129	-0,0175129175186157
246,233810	-0,0122869908809662
246,334225	-0,00527670979499817
246,434328	0,00313863158226013
246,534505	0,0153429210186005
246,635351	0,0229090750217438
246,736973	0,0285082161426544
246,837327	0,0319304168224335
246,937349	0,030823826789856
247,037844	0,0268559157848358
