0,101885	0,0147949755191803
0,204799	0,0187995731830597
0,305834	0,0231828689575195
0,406098	0,0261764824390411
0,506634	0,0273048877716064
0,607084	0,026939332485199
0,707833	0,0245499908924103
0,808649	0,021418958902359
0,908770	0,0176290571689606
1,010216	0,012706995010376
1,110499	0,00833824276924133
1,211004	0,00569406151771545
1,311724	0,00406002998352051
1,413292	0,0045183002948761
1,514565	0,0064302384853363
1,614998	0,0100801885128021
1,715900	0,0147534906864166
1,816806	0,0188133418560028
1,916952	0,0230286419391632
2,017809	0,0260365903377533
2,118653	0,0271891951560974
2,220429	0,0266387462615967
2,321415	0,0247880518436432
2,422053	0,021124005317688
2,523554	0,0172246694564819
2,625119	0,0123932063579559
2,727107	0,00805249810218811
2,828052	0,00498089194297791
2,928554	0,00389063358306885
3,028837	0,00436410307884216
3,130249	0,00622043013572693
3,230920	0,0100263655185699
3,331503	0,0146819651126862
3,432969	0,0186981856822968
3,532969	0,023028165102005
3,633621	0,0258981585502625
3,735122	0,0269734561443329
3,835286	0,0265159606933594
3,936168	0,0245580673217773
4,036296	0,0208665728569031
4,136370	0,0170364677906036
4,237793	0,0120808780193329
4,337924	0,00779342651367188
4,438068	0,00521668791770935
4,539039	0,00366008281707764
4,640450	0,00427064299583435
4,741199	0,00624698400497437
4,842666	0,00994348526000977
4,943186	0,0147105753421783
5,044866	0,0187362730503082
5,145085	0,0229413211345673
5,245384	0,025595635175705
5,346684	0,0270279943943024
5,446955	0,0264462530612946
5,548346	0,0245779752731323
5,649220	0,0207981467247009
5,751311	0,016084760427475
5,852210	0,0120260417461395
5,952256	0,0076461136341095
6,053337	0,00504636764526367
6,154027	0,00361877679824829
6,254689	0,00410792231559753
6,355172	0,00606757402420044
6,455986	0,00988063216209412
6,557431	0,0145055055618286
6,657913	0,0185250043869019
6,758960	0,0227994620800018
6,859700	0,0253348350524902
6,959908	0,0268103778362274
7,060536	0,0262822210788727
7,161140	0,024337500333786
7,261716	0,020655632019043
7,361791	0,0167663097381592
7,463630	0,0118544101715088
7,563631	0,00761142373085022
7,664821	0,00503164529800415
7,766796	0,00355997681617737
7,867747	0,00419855117797852
7,968303	0,00616678595542908
8,069270	0,00994968414306641
8,169488	0,0139017105102539
8,270264	0,0187281966209412
8,370603	0,022956520318985
8,471401	0,0255211889743805
8,571987	0,0269066393375397
8,672853	0,0263315141201019
8,773864	0,0244124531745911
8,874267	0,0206575393676758
8,975802	0,0168068110942841
9,076517	0,0119850337505341
9,178219	0,00769504904747009
9,279445	0,00516876578330994
9,379521	0,00380855798721313
9,479725	0,00441154837608337
9,580571	0,0064292848110199
9,681986	0,0102607011795044
9,781986	0,0141549706459045
9,883358	0,0190279185771942
9,984292	0,0232540369033813
10,084885	0,0257430970668793
10,185463	0,0271251797676086
10,286030	0,0264832377433777
10,386047	0,0244831442832947
10,486217	0,0207420885562897
10,586586	0,016861617565155
10,688267	0,0119912326335907
10,789977	0,00773876905441284
10,890870	0,00519105792045593
10,992562	0,00378626585006714
11,092970	0,00420805811882019
11,193498	0,00647389888763428
11,294449	0,0102702379226685
11,396023	0,0142174363136292
11,496624	0,0190369188785553
11,597567	0,0231999456882477
11,698556	0,0256899893283844
11,798729	0,026984840631485
11,898937	0,0265709459781647
11,999741	0,0243854224681854
12,099949	0,0205691456794739
12,200616	0,0167033970355988
12,301118	0,0119144916534424
12,402258	0,00765702128410339
12,502870	0,0051877498626709
12,603411	0,00386455655097961
12,703971	0,00422987341880798
12,804272	0,00658690929412842
12,905173	0,00974395871162415
13,005522	0,0143319070339203
13,106584	0,01920485496521
13,206988	0,022718757390976
13,307611	0,02573361992836
13,407979	0,0270384252071381
13,509928	0,0265363454818726
13,610740	0,0242350697517395
13,710835	0,0204622447490692
13,811521	0,0165309011936188
13,911910	0,01164510846138
14,012685	0,00805580615997314
14,113459	0,00490593910217285
14,213662	0,00367191433906555
14,314374	0,00408229231834412
14,415321	0,0063704252243042
14,516053	0,00947827100753784
14,617456	0,0141492486000061
14,717997	0,0189313292503357
14,818479	0,0224657952785492
14,918754	0,0255292654037476
15,020098	0,0267601311206818
15,120439	0,0263016521930695
15,220542	0,0245348215103149
15,320974	0,0201894640922546
15,421967	0,0162973403930664
15,522757	0,0122930705547333
15,623596	0,00790038704872131
15,724701	0,00484803318977356
15,824886	0,00367715954780579
15,924958	0,0040244460105896
16,026642	0,00640460848808289
16,127433	0,00955158472061157
16,229169	0,0141225159168243
16,329857	0,0189575254917145
16,430489	0,0224344730377197
16,532332	0,0249957740306854
16,632405	0,0265993773937225
16,733072	0,0260911285877228
16,833294	0,024241715669632
16,933764	0,0206803381443024
17,034117	0,0160880982875824
17,134328	0,012104719877243
17,234893	0,00795501470565796
17,335022	0,00497898459434509
17,435288	0,00392526388168335
17,536683	0,00433090329170227
17,637812	0,00702473521232605
17,737936	0,0103097856044769
17,838225	0,0142603516578674
17,938542	0,0198196768760681
18,039488	0,0233062207698822
18,141143	0,0258573889732361
18,241283	0,0272484719753265
18,341951	0,0266653001308441
18,442089	0,024766743183136
18,543588	0,0209891200065613
18,645536	0,0163421630859375
18,745909	0,0122692286968231
18,846099	0,00855177640914917
18,947984	0,00497898459434509
19,048440	0,00387072563171387
19,150145	0,00416341423988342
19,252097	0,00694254040718079
19,353393	0,0101439952850342
19,455142	0,0147949755191803
19,555740	0,019623339176178
19,657219	0,0230239033699036
19,757270	0,0255373120307922
19,857776	0,0269938409328461
19,958748	0,026385098695755
20,059539	0,0244888365268707
20,161526	0,0208518505096436
20,263555	0,0161681771278381
20,363793	0,012193888425827
20,465112	0,00801301002502441
20,565815	0,00504589080810547
20,667557	0,00403723120689392
20,767944	0,00464829802513123
20,869105	0,00711971521377563
20,969547	0,0103726387023926
21,070385	0,0150043368339539
21,171199	0,0196941494941711
21,272919	0,023115485906601
21,373529	0,0258995890617371
21,474075	0,0268601775169373
21,575646	0,0263054668903351
21,675909	0,0238133668899536
21,777435	0,0205895602703094
21,878875	0,0160146951675415
21,979914	0,0112451612949371
22,080309	0,00779721140861511
22,180791	0,00498706102371216
22,281235	0,00393429398536682
22,381769	0,00456765294075012
22,482718	0,00713396072387695
22,583447	0,0103069245815277
22,684989	0,0149804949760437
22,785303	0,0197255313396454
22,885920	0,0230286419391632
22,985977	0,0258450508117676
23,087934	0,0268378853797913
23,188824	0,026141881942749
23,289407	0,0237085521221161
23,391116	0,020536869764328
23,491458	0,0158769190311432
23,592246	0,0112351775169373
23,692771	0,00782290101051331
23,793760	0,00496572256088257
23,894482	0,00406381487846375
23,994522	0,00472328066825867
24,094790	0,00724512338638306
24,195479	0,0105375051498413
24,295931	0,0151598155498505
24,397924	0,0190735757350922
24,499285	0,0232075452804565
24,601296	0,0259204208850861
24,701711	0,0268383622169495
24,802073	0,0262409448623657
24,903262	0,0236876606941223
25,003372	0,0205050110816956
25,103929	0,0159693956375122
25,205481	0,0112304091453552
25,306114	0,00788941979408264
25,407395	0,00515976548194885
25,509047	0,00417721271514893
25,609400	0,00494956970214844
25,709540	0,00755107402801514
25,810276	0,0115016102790833
25,911530	0,0154654681682587
26,012076	0,0193893611431122
26,112843	0,0233712196350098
26,213623	0,0261257290840149
26,315296	0,0269976556301117
26,416267	0,0262267291545868
26,516638	0,0237180292606354
26,616887	0,0204760134220123
26,717410	0,0158316195011139
26,818322	0,0111808180809021
26,919804	0,00778865814208984
27,020551	0,00504684448242188
27,122264	0,00416913628578186
27,222435	0,00487604737281799
27,323068	0,00694873929023743
27,425047	0,0107928812503815
27,526502	0,0153891742229462
27,628234	0,0193042457103729
27,729352	0,023883581161499
27,830111	0,0259555280208588
27,931182	0,0268132090568542
28,031823	0,0260389745235443
28,133617	0,0234257876873016
28,234292	0,0202027857303619
28,335258	0,0155484080314636
28,436035	0,0108534097671509
28,537720	0,00755012035369873
28,639536	0,0048058032989502
28,739791	0,00393664836883545
28,840724	0,00477069616317749
28,940905	0,00685232877731323
29,040981	0,0114496648311615
29,142630	0,0153863131999969
29,242656	0,0192937850952148
29,342980	0,0238650739192963
29,443365	0,0259531438350677
29,543947	0,0267847776412964
29,645862	0,0256961584091187
29,746154	0,0233930647373199
29,846874	0,0201438367366791
29,946994	0,0155131220817566
30,048557	0,0108476877212524
30,149242	0,00755724310874939
30,249309	0,00488409399986267
30,350080	0,00406333804130554
30,450182	0,00491729378700256
30,550481	0,00702139735221863
30,651586	0,0116689503192902
30,751683	0,0155846476554871
30,852710	0,019447386264801
30,954483	0,023440957069397
31,055069	0,0260361433029175
31,155829	0,0267947316169739
31,257266	0,0259730517864227
31,358151	0,023305743932724
31,458335	0,0199969708919525
31,559304	0,0153662860393524
31,660757	0,0106890201568604
31,761321	0,00739333033561707
31,861854	0,00509712100028992
31,963159	0,00393572449684143
32,063902	0,0047721266746521
32,164911	0,00693589448928833
32,265640	0,0115016102790833
32,366637	0,0153834521770477
32,466654	0,0192771255970001
32,568010	0,0231449007987976
32,669505	0,0256700813770294
32,769653	0,0264263451099396
32,870230	0,0254680812358856
32,971103	0,0228127241134644
33,072047	0,0195510387420654
33,172098	0,014873206615448
33,273987	0,0103097856044769
33,375729	0,00707080960273743
33,477517	0,00478586554527283
33,578359	0,00383606553077698
33,678545	0,00475600361824036
33,779686	0,00692212581634521
33,880151	0,011642724275589
33,980312	0,0155112147331238
34,080777	0,0193380117416382
34,181628	0,0232701599597931
34,282126	0,0256956815719604
34,382521	0,0263817608356476
34,483970	0,0254377424716949
34,584628	0,0226285755634308
34,684905	0,0193089842796326
34,785632	0,0154659450054169
34,886453	0,0100039839744568
34,986657	0,00679677724838257
35,088109	0,00457286834716797
35,188702	0,00358036160469055
35,289524	0,00457194447517395
35,391177	0,00681433081626892
35,492148	0,0115068554878235
35,592835	0,0154845118522644
35,693861	0,0193589329719543
35,794619	0,0237720906734467
35,895389	0,025758296251297
35,995524	0,0264429152011871
36,096257	0,0255017578601837
36,197436	0,0228245854377747
36,297863	0,0195130109786987
36,399528	0,015699565410614
36,499555	0,0103945732116699
36,600203	0,00723087787628174
36,701213	0,00508147478103638
36,802980	0,00422939658164978
36,903763	0,00522571802139282
37,005690	0,00748598575592041
37,107269	0,0121705234050751
37,208996	0,0160242319107056
37,309690	0,0198196768760681
37,410453	0,0235937237739563
37,510630	0,0258991122245789
37,611376	0,0264804065227509
37,711534	0,0257004201412201
37,811818	0,0225683152675629
37,913649	0,0192509591579437
38,015624	0,0146194994449615
38,116290	0,0101201832294464
38,216415	0,00703993439674377
38,317133	0,00493249297142029
38,417495	0,00417765974998474
38,517676	0,00526225566864014
38,618339	0,00754725933074951
38,719548	0,0115278363227844
38,820804	0,0161853432655334
38,920995	0,0199256837368011
39,021416	0,0236610770225525
39,121563	0,0259702205657959
39,223345	0,0264936685562134
39,325022	0,0254069268703461
39,425048	0,0225839912891388
39,526290	0,0192700028419495
39,626351	0,0154930949211121
39,727296	0,010254979133606
39,827844	0,00721898674964905
39,928035	0,00521478056907654
40,028926	0,00453919172286987
40,130280	0,00565847754478455
40,231252	0,00798735022544861
40,332976	0,0119931399822235
40,433094	0,016594260931015
40,533767	0,0203258693218231
40,634493	0,0234898328781128
40,735267	0,0262480676174164
40,835854	0,0267345011234283
40,936128	0,0258792042732239
41,037812	0,0226627886295319
41,138107	0,0193080604076385
41,238946	0,0154740214347839
41,339219	0,0102044939994812
41,439388	0,00716057419776917
41,539912	0,00510710477828979
41,640838	0,00436079502105713
41,740969	0,00549569725990295
41,841553	0,00779628753662109
41,942358	0,0117580890655518
42,043089	0,0163731276988983
42,144552	0,0200711190700531
42,246508	0,023215115070343
42,347707	0,0259607136249542
42,447937	0,0264030992984772
42,548829	0,02555912733078
42,649350	0,0223580598831177
42,750101	0,0189808011054993
42,850879	0,0151707828044891
42,952071	0,00993061065673828
43,053748	0,0069088339805603
43,154420	0,00492015480995178
43,254670	0,0041956901550293
43,355204	0,00540792942047119
43,455586	0,00776824355125427
43,556278	0,0117571353912354
43,657133	0,0163750350475311
43,757856	0,0201086699962616
43,858008	0,0232303142547607
43,958254	0,0259545743465424
44,058273	0,0264130532741547
44,158828	0,0255425274372101
44,259686	0,0223295986652374
44,360538	0,0189636945724487
44,461048	0,015146940946579
44,562658	0,0106051564216614
44,664371	0,00689414143562317
44,765341	0,00489643216133118
44,866156	0,00418573617935181
44,967848	0,00541648268699646
45,068557	0,00774684548377991
45,169390	0,0110116302967072
45,269618	0,0163407325744629
45,370349	0,0200373828411102
45,471142	0,0231686234474182
45,571795	0,0258900821208954
45,672631	0,0263272523880005
45,773159	0,0254623889923096
45,874961	0,0222536027431488
45,975419	0,018894225358963
46,077157	0,0151106715202332
46,177725	0,0106270611286163
46,277911	0,00697675347328186
46,378700	0,00505441427230835
46,478825	0,00440728664398193
46,579603	0,00567463040351868
46,680304	0,00808432698249817
46,781415	0,0113633871078491
46,882124	0,0167138874530792
46,983669	0,0204275548458099
47,085390	0,023515909910202
47,186522	0,026181697845459
47,287256	0,0265974998474121
47,387276	0,0256805121898651
47,487379	0,0224188268184662
47,588061	0,019051194190979
47,688628	0,0152289569377899
47,789697	0,010729044675827
47,890474	0,00707745552062988
47,991987	0,0051308274269104
48,092970	0,00446850061416626
48,194975	0,00578710436820984
48,295193	0,00815612077713013
48,396030	0,0114382207393646
48,496390	0,0167686939239502
48,596417	0,0204375088214874
48,697173	0,0235272943973541
48,797448	0,0261821746826172
48,898754	0,02658611536026
48,999669	0,0256809890270233
49,100630	0,0230295956134796
49,201155	0,0190859436988831
49,302077	0,0153166949748993
49,404052	0,0108853578567505
49,505875	0,00728976726531982
49,607541	0,00541648268699646
49,709000	0,00481149554252625
49,810998	0,00611788034439087
49,911713	0,00854131579399109
50,012353	0,0125524699687958
50,113981	0,0171331763267517
50,214809	0,0208081305027008
50,314930	0,024339884519577
50,415523	0,0264230072498322
50,515803	0,0267923474311829
50,617046	0,0258298814296722
50,718554	0,0231486856937408
50,818706	0,0192053020000458
50,919567	0,0154058635234833
51,020566	0,0109849274158478
51,120593	0,0074099600315094
51,221892	0,00550568103790283
51,323372	0,00494861602783203
51,423966	0,00626218318939209
51,525480	0,00863787531852722
51,627465	0,0126430988311768
51,729461	0,0171656012535095
51,830368	0,020753026008606
51,931161	0,0242412388324738
52,031567	0,02623051404953
52,132312	0,0265358686447144
52,234178	0,025221049785614
52,334282	0,0228245854377747
52,436270	0,0188604593276978
52,538175	0,0143557488918304
52,639042	0,0106837749481201
52,740704	0,0071391761302948
52,841594	0,00509616732597351
52,942438	0,00477495789527893
53,043017	0,00616535544395447
53,143352	0,00919884443283081
53,244625	0,012617826461792
53,345485	0,0171865522861481
53,445790	0,0214526653289795
53,546524	0,0242654383182526
53,647615	0,026075005531311
53,748124	0,0264879763126373
53,848313	0,025244265794754
53,948960	0,0228649377822876
54,049435	0,0189184844493866
54,150411	0,0143791139125824
54,250881	0,010752409696579
54,351045	0,00723370909690857
54,451266	0,00518110394477844
54,551527	0,00490733981132507
54,651543	0,00628259778022766
54,752207	0,00869593024253845
54,852965	0,0126931667327881
54,953619	0,0171665549278259
55,053672	0,0207150280475616
55,154278	0,0241373479366302
55,254449	0,0258455276489258
55,354922	0,0262546837329865
55,455166	0,025215357542038
55,555906	0,0224249660968781
55,655993	0,0184179246425629
55,756413	0,0146719515323639
55,857425	0,0103040635585785
55,957989	0,00687703490257263
56,059125	0,00515976548194885
56,160758	0,00473558902740479
56,261608	0,00624081492424011
56,361699	0,00876441597938538
56,462426	0,0121042430400848
56,563828	0,016652911901474
56,664520	0,0210033655166626
56,764707	0,0239020884037018
56,865431	0,0260863900184631
56,966124	0,0264979302883148
57,067096	0,02540123462677
57,168024	0,0226513743400574
57,268963	0,0186715424060822
57,369454	0,0149204134941101
57,469487	0,0106651782989502
57,570001	0,00723561644554138
57,670879	0,00551185011863708
57,771246	0,00508478283882141
57,871781	0,00655651092529297
57,971848	0,00900182127952576
58,072073	0,0122883021831512
58,172816	0,0166262090206146
58,273784	0,0208000540733337
58,375238	0,0236629843711853
58,476789	0,0257174968719482
58,577733	0,0261152982711792
58,678518	0,0250579118728638
58,779357	0,0222921073436737
58,880271	0,018463134765625
58,981451	0,0148670077323914
59,081934	0,011320948600769
59,183909	0,0074218213558197
59,284098	0,00583025813102722
59,385903	0,00536617636680603
59,487061	0,00657361745834351
59,587401	0,00937449932098389
59,689077	0,0125977993011475
59,789703	0,0170016884803772
59,891590	0,0211610496044159
59,991708	0,0239087045192719
60,091768	0,0259820818901062
60,193267	0,0262708067893982
60,294236	0,0251347422599792
60,394958	0,0224235653877258
60,495761	0,0184840857982635
60,597506	0,0148045420646667
60,699288	0,0106303989887238
60,801288	0,00726935267448425
60,901322	0,00563570857048035
61,003002	0,00535762310028076
61,104209	0,00645065307617188
61,204401	0,00930976867675781
61,306355	0,0133160054683685
61,407905	0,0169435739517212
61,508020	0,0211615264415741
61,610045	0,0244304835796356
61,710942	0,0260143280029297
61,811390	0,026402622461319
61,912668	0,0249440968036652
62,014244	0,0225090086460114
62,115467	0,0186510980129242
62,215886	0,0142341256141663
62,316433	0,0107519328594208
62,416666	0,00796642899513245
62,517830	0,00566038489341736
62,618845	0,00551515817642212
62,719706	0,00665575265884399
62,820100	0,0100630223751068
62,920693	0,0134333372116089
63,022362	0,0171217620372772
63,122809	0,0212531983852386
63,223657	0,0244850218296051
63,324572	0,0260806977748871
63,425868	0,0263315141201019
63,526502	0,024856835603714
63,626894	0,0224544107913971
63,726956	0,0185007154941559
63,827190	0,0141511559486389
63,927804	0,0106890201568604
64,027919	0,00784334540367126
64,128029	0,00581318140029907
64,229585	0,00551894307136536
64,330160	0,00664862990379333
64,431185	0,009529709815979
64,532694	0,0134805738925934
64,632965	0,0171436667442322
64,733016	0,0213358402252197
64,833080	0,0245153605937958
64,933806	0,026075005531311
65,034176	0,0263756215572357
65,134778	0,0252220034599304
65,235227	0,0224283039569855
65,335234	0,0192286372184753
65,436574	0,0148383975028992
65,536801	0,0106761455535889
65,638730	0,00787660479545593
65,739450	0,00580844283103943
65,839848	0,00556403398513794
65,940210	0,00677919387817383
66,041570	0,0095977783203125
66,141746	0,0128324031829834
66,241958	0,0171560645103455
66,342335	0,0212038159370422
66,444343	0,0243915915489197
66,546061	0,0259630978107452
66,647848	0,0261930823326111
66,748540	0,0247065126895905
66,849765	0,0222412943840027
66,951750	0,0189670324325562
67,053218	0,013979434967041
67,153525	0,0104603171348572
67,253610	0,0076574981212616
67,354325	0,00566747784614563
67,455351	0,00537708401679993
67,556637	0,00658026337623596
67,657600	0,00946065783500671
67,758738	0,0133422613143921
67,858932	0,016976922750473
67,959003	0,0210655927658081
68,059623	0,0241662859916687
68,160007	0,0256904661655426
68,260839	0,0260432362556458
68,361116	0,0247349441051483
68,462035	0,0219669044017792
68,562619	0,0187267363071442
68,664303	0,0143614709377289
68,764439	0,0102940499782562
68,864696	0,00755152106285095
68,965710	0,00557872653007507
69,066199	0,00545015931129456
69,166273	0,006632000207901
69,266884	0,00950685143470764
69,368360	0,012803316116333
69,469868	0,0170969665050507
69,570777	0,0211876630783081
69,671798	0,0239310264587402
69,771839	0,025778204202652
69,872196	0,0260418355464935
69,973518	0,0247776210308075
70,074145	0,0218453407287598
70,175150	0,0186558663845062
70,276147	0,0143562257289886
70,377127	0,0101854503154755
70,477931	0,00746697187423706
70,578381	0,00549998879432678
70,678891	0,00526461005210876
70,779111	0,00659117102622986
70,879509	0,00952017307281494
70,980258	0,012805700302124
71,081673	0,0172265768051147
71,182227	0,0205791294574738
71,283187	0,0238560736179352
71,383527	0,0258407890796661
71,485494	0,0261963903903961
71,586687	0,0249621272087097
71,687260	0,0221591591835022
71,788167	0,018846184015274
71,888211	0,0145026445388794
71,988925	0,0104078948497772
72,089259	0,00762757658958435
72,190222	0,00574579834938049
72,291500	0,00559014081954956
72,392399	0,00692594051361084
72,494339	0,00986111164093018
72,596149	0,0138525664806366
72,696197	0,0173975825309753
72,796985	0,020858496427536
72,897150	0,0242118239402771
72,997160	0,026069313287735
73,097673	0,0263362526893616
73,199070	0,0250213742256165
73,300132	0,0220851302146912
73,401176	0,0189261138439178
73,503111	0,0146156847476959
73,603782	0,0104903280735016
73,703883	0,00781860947608948
73,804874	0,00589767098426819
73,905823	0,0056883692741394
74,007221	0,00698056817054749
74,108320	0,00942733883857727
74,210100	0,0139741897583008
74,311668	0,0177071392536163
74,412694	0,0210750997066498
74,513340	0,024764358997345
74,613560	0,0261627435684204
74,715528	0,0263096988201141
74,816044	0,0245737135410309
74,917814	0,0221088528633118
75,018681	0,0188604593276978
75,119540	0,0144931077957153
75,220980	0,0104398429393768
75,322230	0,00767841935157776
75,422959	0,00581365823745728
75,523002	0,00572016835212708
75,623331	0,00699290633201599
75,723611	0,00936639308929443
75,824397	0,0139994919300079
75,925431	0,0175142586231232
76,026114	0,0209192931652069
76,127117	0,024545282125473
76,227976	0,0259332358837128
76,329701	0,0262205600738525
76,430178	0,0244276225566864
76,530797	0,0218700468540192
76,631305	0,0185854434967041
76,733026	0,0142093300819397
76,834637	0,0101301968097687
76,935492	0,00758242607116699
77,037188	0,00576096773147583
77,138110	0,00573393702507019
77,239581	0,00705370306968689
77,341174	0,00997444987297058
77,441706	0,0140171349048615
77,542962	0,0176871418952942
77,644099	0,021684855222702
77,745606	0,0247819125652313
77,847320	0,0261921286582947
77,948214	0,0261916518211365
78,048973	0,024899035692215
78,150096	0,0219873189926147
78,250624	0,0180123746395111
78,352424	0,0145179033279419
78,452731	0,0105232000350952
78,553390	0,00748124718666077
78,654148	0,00611028075218201
78,754479	0,0060637891292572
78,855245	0,00741946697235107
78,955504	0,0104860365390778
79,055854	0,0144554376602173
79,156455	0,0179790556430817
79,257242	0,0219612121582031
79,358882	0,0248663127422333
79,459558	0,0262200832366943
79,560063	0,0262338221073151
79,661013	0,0248644053936005
79,761168	0,0218928456306458
79,861601	0,017919510602951
79,961624	0,0141955018043518
80,061974	0,0101754367351532
80,162125	0,0075962245464325
80,264065	0,00577664375305176
80,364994	0,00581130385398865
80,465729	0,00715866684913635
80,566241	0,0100939869880676
80,666967	0,0141210854053497
80,767298	0,017689049243927
80,868394	0,0216112732887268
80,968521	0,0241961777210236
81,068623	0,0258924663066864
81,169253	0,0260157585144043
81,269859	0,0246320366859436
81,371789	0,0216435790061951
81,472403	0,0184117257595062
81,573802	0,0141788125038147
81,675518	0,0101521015167236
81,776510	0,00759240984916687
81,876944	0,00588485598564148
81,978198	0,00586304068565369
82,078741	0,00728121399879456
82,178837	0,0102945268154144
82,280358	0,0142541527748108
82,382293	0,0178614556789398
82,483757	0,0218144953250885
82,583974	0,0243323147296906
82,684798	0,0260664820671082
82,785347	0,0260323584079742
82,887013	0,0246548056602478
82,987348	0,0217461287975311
83,087391	0,0184141099452972
83,187826	0,0141015350818634
83,288582	0,0101259052753448
83,389924	0,00751021504402161
83,491960	0,0057818591594696
83,593762	0,005827397108078
83,694811	0,00753870606422424
83,794934	0,0101735293865204
83,894969	0,0134886801242828
83,995035	0,0177223980426788
84,096853	0,0216929316520691
84,197282	0,0242151618003845
84,298838	0,0258654654026031
84,400305	0,0258763432502747
84,500798	0,0245367288589478
84,602244	0,021565705537796
84,703031	0,017684280872345
84,803381	0,0140924751758575
84,904131	0,0101406872272491
85,005766	0,00727075338363647
85,105852	0,00595319271087646
85,206432	0,00603768229484558
85,306840	0,00746458768844604
85,407695	0,0104755461215973
85,508292	0,0137557685375214
85,609590	0,0180294811725616
85,710415	0,0218833386898041
85,810773	0,0243550539016724
85,911090	0,0259901583194733
86,012963	0,0258303284645081
86,114859	0,0244295299053192
86,216803	0,0214284658432007
86,316850	0,0173975825309753
86,417176	0,0138349235057831
86,517948	0,00989872217178345
86,618123	0,00735485553741455
86,718131	0,00571635365486145
86,818360	0,00570166110992432
86,918837	0,00724083185195923
87,020395	0,0103416740894318
87,120870	0,013640820980072
87,221602	0,0178695321083069
87,321978	0,0217950344085693
87,422692	0,024286299943924
87,523381	0,0258701741695404
87,623836	0,025939404964447
87,725031	0,0243688225746155
87,825388	0,0213272869586945
87,925747	0,018083781003952
88,027436	0,0137796103954315
88,128200	0,00984442234039307
88,229136	0,00736722350120544
88,329412	0,00569024682044983
88,430194	0,00564280152320862
88,530717	0,00722610950469971
88,631512	0,0102163851261139
88,732180	0,0134800970554352
88,832602	0,0177428722381592
88,932957	0,0209843814373016
89,034541	0,0240330100059509
89,134809	0,0256302654743195
89,236277	0,0254656970500946
89,338191	0,0240918099880219
89,439865	0,0210722386837006
89,540015	0,0170750617980957
89,641060	0,013573557138443
89,741812	0,0103216767311096
89,841843	0,00726744532585144
89,943430	0,00574815273284912
90,044723	0,00576809048652649
90,144871	0,00736245512962341
90,245114	0,0104927122592926
90,346031	0,0138096511363983
90,446947	0,0180761516094208
90,547196	0,0219787657260895
90,648042	0,0243892073631287
90,749089	0,0259199738502502
90,849907	0,0259431898593903
90,951776	0,0243313610553741
91,053487	0,0212931036949158
91,153877	0,0180580914020538
91,253939	0,0137791335582733
91,354660	0,0104860365390778
91,455399	0,00747695565223694
91,556230	0,00587299466133118
91,657846	0,00590193271636963
91,758061	0,00756865739822388
91,858713	0,0106003880500793
91,959040	0,0138983726501465
92,060676	0,0181342363357544
92,161329	0,0218795537948608
92,261389	0,0243100225925446
92,361788	0,0258118510246277
92,461864	0,0257222354412079
92,563332	0,0241354405879974
92,663355	0,0210888683795929
92,764372	0,0177890658378601
92,866267	0,0136355757713318
92,966515	0,0103840827941895
93,066844	0,00736579298973083
93,167195	0,00588816404342651
93,267690	0,00590905547142029
93,367849	0,00752207636833191
93,469055	0,0100015997886658
93,570333	0,0138144195079803
93,672255	0,0179447531700134
93,773151	0,021179586648941
93,873907	0,0240126252174377
93,974016	0,0254363119602203
94,074754	0,0253248810768127
94,175833	0,023587554693222
94,277642	0,0211349427700043
94,378521	0,0172827839851379
94,479440	0,0130284130573273
94,579660	0,00978872179985046
94,680056	0,00684711337089539
94,780548	0,00546202063560486
94,881092	0,00547102093696594
94,982702	0,00718668103218079
95,082808	0,00967586040496826
95,183311	0,0136198401451111
95,283446	0,0178071558475494
95,383968	0,0208998322486877
95,484750	0,0238342583179474
95,585129	0,0252509117126465
95,685924	0,0251702964305878
95,786174	0,0235998928546906
95,887046	0,021126389503479
95,987784	0,0172513425350189
96,088785	0,0138153731822968
96,189821	0,00990062952041626
96,290796	0,00697436928749084
96,391417	0,00571399927139282
96,492907	0,00563806295394897
96,593751	0,0073215663433075
96,694326	0,00984537601470947
96,794792	0,0136412978172302
96,896770	0,0178185701370239
96,997111	0,0210190415382385
97,097472	0,0238266587257385
97,198076	0,0251788198947906
97,299506	0,025288850069046
97,399855	0,0240083336830139
97,501199	0,0212389528751373
97,601965	0,0174933075904846
97,702737	0,0140185654163361
97,803399	0,0102297365665436
97,904300	0,00733393430709839
98,005923	0,00599780678749084
98,106262	0,00602626800537109
98,207102	0,00766465067863464
98,308206	0,0100435018539429
98,409733	0,0138735771179199
98,510545	0,0179147720336914
98,611988	0,0210128724575043
98,712793	0,0239234268665314
98,814090	0,0251854658126831
98,914450	0,0251551270484924
99,015205	0,0235178172588348
99,117052	0,0209834277629852
99,218385	0,0171222388744354
99,318516	0,0129535496234894
99,418796	0,00967252254486084
99,519905	0,00672364234924316
99,621518	0,00526317954063416
99,721828	0,00531730055809021
99,822139	0,00703850388526917
99,922823	0,010206401348114
100,023837	0,0134901106357574
100,123967	0,0170817375183105
100,224833	0,0210427939891815
100,324847	0,0239651799201965
100,426812	0,0253637731075287
100,527114	0,025446742773056
100,628491	0,0238048434257507
100,729266	0,0213795602321625
100,829435	0,0175333321094513
100,930838	0,0132869184017181
101,031087	0,0100896954536438
101,131286	0,00708836317062378
101,232286	0,00570783019065857
101,334279	0,00571447610855103
101,435047	0,00734820961952209
101,535363	0,00986015796661377
101,635855	0,013792484998703
101,736194	0,017265647649765
101,836557	0,02112877368927
101,937305	0,0240538716316223
102,037698	0,0253296196460724
102,139024	0,0253466963768005
102,239530	0,0236952602863312
102,340886	0,0211667716503143
102,441253	0,017326146364212
102,542245	0,0138401687145233
102,642323	0,00987347960472107
102,742373	0,00697106122970581
102,842658	0,00566747784614563
102,944428	0,00561338663101196
103,045298	0,00695490837097168
103,146085	0,00988441705703735
103,246474	0,0137500464916229
103,347980	0,0172994434833527
103,448389	0,0211373269557953
103,549387	0,0239813029766083
103,649389	0,0253016650676727
103,749572	0,0252518653869629
103,850810	0,0239315032958984
103,952809	0,0210955142974854
104,054728	0,0171965658664703
104,155532	0,0137004256248474
104,255930	0,00986585021018982
104,357000	0,00691929459571838
104,457810	0,00563237071037292
104,559361	0,00569644570350647
104,660882	0,00700810551643372
104,762337	0,00996920466423035
104,863308	0,0139002799987793
104,964804	0,0173661410808563
105,065242	0,021246075630188
105,165963	0,0240889489650726
105,266664	0,025331050157547
105,367876	0,0253353118896484
105,468833	0,0236184000968933
105,569121	0,0210855305194855
105,669673	0,0172470510005951
105,771070	0,0130522847175598
105,871097	0,009836345911026
105,972654	0,00736150145530701
106,074280	0,00554743409156799
106,174898	0,00568932294845581
106,275275	0,00706413388252258
106,376298	0,00998681783676147
106,476862	0,0138874053955078
106,578381	0,0174013674259186
106,679332	0,0211966931819916
106,780901	0,0240292251110077
106,882554	0,0252898037433624
106,983462	0,0252001583576202
107,084365	0,0234708487987518
107,184579	0,0209800899028778
107,285021	0,0170698165893555
107,385131	0,0129096806049347
107,485739	0,00975632667541504
107,586185	0,00723657011985779
107,687210	0,00552228093147278
107,788050	0,00570592284202576
107,889728	0,0070556104183197
107,989783	0,0106585323810577
108,090759	0,0139551162719727
108,191410	0,0174104273319244
108,292593	0,0212589204311371
108,392615	0,0240410566329956
108,493060	0,0252390503883362
108,593614	0,0251949429512024
108,694938	0,0234058797359467
108,797235	0,0208556354045868
108,897926	0,0176752507686615
108,999389	0,0127856731414795
109,099628	0,00961872935295105
109,200876	0,00718668103218079
109,301793	0,00542262196540833
109,402371	0,00563758611679077
109,502772	0,00704610347747803
109,604011	0,0105989575386047
109,704296	0,0139355659484863
109,804933	0,0174323618412018
109,905169	0,0217589437961578
110,006324	0,0240026414394379
110,107753	0,0251982808113098
110,208743	0,0250432193279266
110,309138	0,0232497751712799
110,410500	0,0206746160984039
110,511155	0,0174042284488678
110,611274	0,0125348269939423
110,711682	0,00933358073234558
110,812890	0,00684425234794617
110,914562	0,00519675016403198
111,015593	0,00543591380119324
111,116520	0,00688937306404114
111,216790	0,0106265842914581
111,317788	0,0140013992786407
111,418439	0,0175599753856659
111,519484	0,0214564502239227
111,620032	0,0242293775081635
111,721416	0,02541783452034
111,822075	0,0252471268177032
111,922645	0,0232782363891602
112,023633	0,0205629765987396
112,124444	0,0171656012535095
112,225338	0,011915922164917
112,325670	0,00854939222335815
112,425741	0,00588628649711609
112,525815	0,00391200184822083
112,626255	0,00407186150550842
112,727024	0,00542691349983215
112,827289	0,00841385126113892
112,928202	0,0124127566814423
113,028762	0,0159417390823364
113,129079	0,0197911560535431
113,229446	0,0227125883102417
113,329628	0,0240135788917542
113,430416	0,0241520702838898
113,531023	0,0228886604309082
113,632375	0,0201428830623627
113,733535	0,0171470046043396
113,834108	0,0132921636104584
113,934918	0,00971823930740356
114,036483	0,00751972198486328
114,136995	0,00619903206825256
114,238205	0,00643926858901978
114,339089	0,00788182020187378
114,440754	0,0108329057693481
114,541594	0,0145174264907837
114,641741	0,0177847743034363
114,743206	0,0212475061416626
114,844671	0,023672491312027
114,946048	0,0246747434139252
115,046802	0,0245632827281952
115,148775	0,0226138830184937
115,249461	0,0202194154262543
115,350401	0,0172542035579681
115,451176	0,0128185749053955
115,552581	0,0100763738155365
115,654522	0,00796595215797424
115,755280	0,00669372081756592
115,855727	0,00716248154640198
115,957382	0,00865879654884338
116,059013	0,0116293728351593
116,159040	0,0153648555278778
116,259699	0,0185502171516418
116,360809	0,0219151377677917
116,461711	0,0242265164852142
116,562062	0,02499720454216
116,662240	0,0244702994823456
116,763256	0,0224112272262573
116,863560	0,0196841955184937
116,963624	0,0164660811424255
117,064255	0,0117714405059814
117,165910	0,00872966647148132
117,266422	0,00623512268066406
117,366988	0,00412976741790771
117,467191	0,00303897261619568
117,567354	0,00288048386573792
117,668614	0,00335165858268738
117,769312	0,00419521331787109
117,870102	0,00492537021636963
117,971521	0,00538039207458496
118,073107	0,00510236620903015
118,173367	0,00427541136741638
118,275096	0,00297442078590393
118,375167	0,000579625368118286
118,476120	-0,00120201706886292
118,578166	-0,00286081433296204
118,679779	-0,0045972466468811
118,781083	-0,00516614317893982
118,882800	-0,00517141819000244
118,984386	-0,00436475872993469
119,084555	-0,00275766849517822
119,186290	-0,00110003352165222
119,287124	0,00106292963027954
119,387224	0,00313243269920349
119,487416	0,00443053245544434
119,587883	0,00520339608192444
119,689645	0,00512322783470154
119,791317	0,00444808602333069
119,891487	0,00325152277946472
119,992768	0,00180339813232422
120,093658	0,000579625368118286
120,193882	-0,000524371862411499
120,295409	-0,00106528401374817
120,396772	-0,00117197632789612
120,496878	-0,000496268272399902
120,597408	0,0006447434425354
120,697466	0,002349853515625
120,799166	0,00414732098579407
120,899649	0,0053846538066864
121,000361	0,00634098052978516
121,100506	0,00669753551483154
121,201138	0,00646251440048218
121,302143	0,00562003254890442
121,402450	0,00468531250953674
121,502746	0,00329521298408508
121,603714	0,00193494558334351
121,705309	0,00108432769775391
121,806271	0,000431299209594727
121,907322	0,000338107347488403
122,008753	0,000829607248306274
122,109303	0,0017179548740387
122,209939	0,00272765755653381
122,310221	0,00406524538993835
122,410273	0,00502213835716248
122,511727	0,00600066781044006
122,612893	0,00658312439918518
122,713331	0,00662299990653992
122,814311	0,0062389075756073
122,915111	0,00537043809890747
123,016121	0,004323810338974
123,116668	0,00301572680473328
123,216808	0,00194302201271057
123,317352	0,000788748264312744
123,418220	0,000198811292648315
123,518937	-0,000138431787490845
123,619585	-2,09510326385498E-5
123,719992	0,000494986772537231
123,820863	0,00139167904853821
123,921684	0,00247660279273987
124,021794	0,00343328714370728
124,122310	0,00435701012611389
124,224283	0,00494673848152161
124,326099	0,0051654577255249
124,426268	0,00489309430122375
124,526719	0,00422179698944092
124,627346	0,00348260998725891
124,729328	0,00232943892478943
124,830498	0,00143298506736755
124,930505	0,00055396556854248
125,030667	9,03010368347168E-6
125,131712	-0,000159859657287598
125,232362	0,000145047903060913
125,333101	0,000679433345794678
125,433348	0,0017046332359314
125,534103	0,00290089845657349
125,635437	0,00380903482437134
125,736164	0,00483569502830505
125,836203	0,00547674298286438
125,937291	0,00562286376953125
126,039100	0,00549095869064331
126,139101	0,00483855605125427
126,240406	0,00404956936836243
126,340461	0,00321593880653381
126,442042	0,00211107730865479
126,542233	0,00118172168731689
126,642533	0,00071224570274353
126,742552	0,000420361757278442
126,843088	0,000595778226852417
126,944019	0,00110283493995667
127,044090	0,00187370181083679
127,145958	0,0028785765171051
127,246864	0,00370419025421143
127,347869	0,0043124258518219
127,447905	0,00491681694984436
127,548180	0,00499939918518066
127,649162	0,0047374963760376
127,749752	0,00414636731147766
127,851549	0,00325247645378113
127,953054	0,00236502289772034
128,053352	0,00143632292747498
128,153401	0,000651419162750244
128,254794	0,000229686498641968
128,356346	0,000215440988540649
128,457930	0,000543028116226196
128,558468	0,00114038586616516
128,658576	0,00213101506233215
128,758876	0,00314906239509583
128,859005	0,00398269295692444
128,960648	0,00470665097236633
129,060921	0,00518536567687988
129,161055	0,00520768761634827
129,261163	0,00496616959571838
129,362853	0,00420898199081421
129,463153	0,00325390696525574
129,563610	0,00235602259635925
129,664529	0,0012681782245636
129,765188	0,000507354736328125
129,865553	0,000124603509902954
129,966909	8,07642936706543E-6
130,067693	0,000448912382125854
130,169005	0,00105485320091248
130,269194	0,00180009007453918
130,369367	0,0030997097492218
130,471277	0,00394520163536072
130,572093	0,00462314486503601
130,672174	0,0051872730255127
130,774044	0,00526273250579834
130,874502	0,00496050715446472
130,974762	0,00430291891098022
131,075611	0,00330042839050293
131,176404	0,00244432687759399
131,277139	0,00164338946342468
131,377576	0,000630468130111694
131,478439	0,000231117010116577
131,579196	6,37471675872803E-5
131,681178	0,000386625528335571
131,781815	0,000903278589248657
131,883699	0,00168231129646301
131,984882	0,00286242365837097
132,086563	0,00375115871429443
132,187456	0,00441724061965942
132,288463	0,00491255521774292
132,388993	0,00506296753883362
132,489395	0,00485706329345703
132,589624	0,00426399707794189
132,690671	0,00341004133224487
132,791071	0,00256344676017761
132,891416	0,00156265497207642
132,991886	0,000781148672103882
133,092050	0,000332891941070557
133,193457	0,000191181898117065
133,293580	0,000481218099594116
133,395041	0,000995486974716187
133,495270	0,0016690194606781
133,596436	0,0026792585849762
133,696509	0,00364771485328674
133,796803	0,00434845685958862
133,897451	0,00495100021362305
133,999019	0,00512275099754333
134,100227	0,00496760010719299
134,200949	0,00445377826690674
134,301935	0,003562331199646
134,403329	0,00276517868041992
134,503843	0,00180861353874207
134,605424	0,000951260328292847
134,706416	0,000484079122543335
134,806987	0,000239700078964233
134,907051	0,000418931245803833
135,007437	0,000884741544723511
135,108102	0,00155267119407654
135,209846	0,00247088074684143
135,311687	0,00347170233726501
135,413494	0,00416675209999084
135,514747	0,00473892688751221
135,615507	0,005014568567276
135,717293	0,00485041737556458
135,818145	0,00435557961463928
135,920631	0,00357085466384888
136,020950	0,00275233387947083
136,121344	0,0017896294593811
136,221712	0,000947952270507813
136,323500	0,000408977270126343
136,424450	0,000141233205795288
136,525145	0,000218778848648071
136,626163	0,000608146190643311
136,728148	0,00137266516685486
136,828875	0,00210064649581909
136,930797	0,00298771262168884
137,032010	0,00381329655647278
137,133308	0,00426399707794189
137,234242	0,0045187771320343
137,336192	0,00441771745681763
137,436440	0,00404056906700134
137,537719	0,00334501266479492
137,638771	0,00251740217208862
137,738777	0,00177115201950073
137,839318	0,00103774666786194
137,939970	0,000560134649276733
138,040355	0,000396132469177246
138,140661	0,000502616167068481
138,241425	0,00104251503944397
138,343075	0,00161680579185486
138,444822	0,00231900811195374
138,545977	0,00327432155609131
138,646376	0,00382944941520691
138,746522	0,00422558188438416
138,846739	0,00438264012336731
138,947637	0,00417008996009827
139,047756	0,00377678871154785
139,148390	0,00305509567260742
139,249969	0,00218704342842102
139,351867	0,00150945782661438
139,453587	0,000894725322723389
139,554724	0,000352382659912109
139,655654	0,000267267227172852
139,756440	0,000406116247177124
139,857481	0,000994056463241577
139,957910	0,00162583589553833
140,059444	0,00232422351837158
140,159941	0,00329282879829407
140,260876	0,00386121869087219
140,361696	0,00421610474586487
140,462181	0,00434845685958862
140,564040	0,004139244556427
140,665733	0,00366243720054626
140,766706	0,00293031334877014
140,867360	0,00204271078109741
140,968001	0,00130805373191833
141,068537	0,000605285167694092
141,169041	0,000137895345687866
141,269634	2,61664390563965E-5
141,370515	0,000175029039382935
141,470884	0,000780671834945679
141,571743	0,00139167904853821
141,673540	0,00214621424674988
141,774134	0,00313815474510193
141,874625	0,00373217463493347
141,975396	0,004161536693573
142,075637	0,00431051850318909
142,176222	0,00414541363716125
142,276903	0,00375115871429443
142,377573	0,00315472483634949
142,477783	0,00216472148895264
142,579557	0,00142395496368408
142,681234	0,00064048171043396
142,782200	0,000140756368637085
142,882409	4,37498092651367E-5
142,983073	0,000216871500015259
143,083318	0,000759750604629517
143,184972	0,00135508179664612
143,285609	0,00199666619300842
143,385719	0,00283917784690857
143,487215	0,00354999303817749
143,587716	0,00397557020187378
143,688669	0,00422891974449158
143,788943	0,00413402915000916
143,890444	0,00377345085144043
143,992192	0,00305747985839844
144,093745	0,00218990445137024
144,195285	0,00147667527198792
144,296871	0,000827252864837646
144,398070	0,000411808490753174
144,499594	0,000372350215911865
144,600492	0,00057867169380188
144,701100	0,00107100605964661
144,801304	0,00157025456428528
144,901931	0,00224211812019348
145,003551	0,003029465675354
145,104786	0,00370275974273682
145,205300	0,00416246056556702
145,305803	0,00425782799720764
145,406435	0,00402158498764038
145,507210	0,0035737156867981
145,607364	0,0027846097946167
145,708076	0,00193542242050171
145,808259	0,00124490261077881
145,908925	0,000518769025802612
146,009386	9,55760478973389E-5
146,109786	2,94744968414307E-5
146,210701	0,000234931707382202
146,310711	0,000678002834320068
146,411304	0,00141826272010803
146,512164	0,00212058424949646
146,612451	0,00303184986114502
146,713935	0,00376445055007935
146,815362	0,00417861342430115
146,916128	0,00439497828483582
147,017052	0,0041738748550415
147,118900	0,00375446677207947
147,219866	0,00301191210746765
147,319992	0,00211581587791443
147,420693	0,00139972567558289
147,521045	0,000647604465484619
147,622149	0,000126510858535767
147,722777	-5,13792037963867E-5
147,822878	9,36985015869141E-5
147,923550	0,000544935464859009
148,024207	0,00131803750991821
148,125356	0,00209969282150269
148,227313	0,00294452905654907
148,328525	0,00372126698493958
148,429011	0,00414541363716125
148,529222	0,00436174869537354
148,630280	0,00421610474586487
148,730924	0,00384414196014404
148,831989	0,00308263301849365
148,932768	0,00222453474998474
149,033527	0,00146907567977905
149,135521	0,000687062740325928
149,236280	0,000234454870223999
149,336478	0,000117957592010498
149,437141	0,000250637531280518
149,537783	0,000747412443161011
149,637797	0,00145626068115234
149,739531	0,00214383006095886
149,841340	0,00307741761207581
149,942975	0,00382706522941589
150,043517	0,00426638126373291
150,144179	0,00444051623344421
150,244971	0,00418382883071899
150,345093	0,0037473738193512
150,445972	0,00301000475883484
150,546391	0,00205078721046448
150,647075	0,00131520628929138
150,747765	0,000516384840011597
150,847977	3,61502170562744E-5
150,948145	-0,000163644552230835
151,049776	-6,32703304290771E-5
151,150939	0,000373303890228271
151,251682	0,00113752484321594
151,352859	0,0018865168094635
151,454555	0,0027727484703064
151,555212	0,00358366966247559
151,655490	0,00402349233627319
151,756173	0,00424268841743469
151,858097	0,00412264466285706
151,959055	0,00368380546569824
152,059267	0,00295355916023254
152,159335	0,00208830833435059
152,259985	0,00133419036865234
152,360743	0,000555366277694702
152,462019	0,000111281871795654
152,562461	-0,000132709741592407
152,664246	-2,90274620056152E-5
152,764417	0,000458896160125732
152,865687	0,00117981433868408
152,966403	0,0019586980342865
153,067298	0,00287714600563049
153,168045	0,0036083459854126
153,269752	0,00406143069267273
153,370748	0,00425925850868225
153,472191	0,00408801436424255
153,572642	0,00369518995285034
153,673451	0,00294122099876404
153,774716	0,00220224261283875
153,875578	0,00131899118423462
153,976398	0,000545412302017212
154,077185	0,000109881162643433
154,178136	-5,37633895874023E-5
154,279230	0,000130772590637207
154,380451	0,000592947006225586
154,481084	0,00138360261917114
154,581440	0,00229907035827637
154,681938	0,00308215618133545
154,782232	0,00387263298034668
154,882350	0,00430577993392944
154,983984	0,00451073050498962
155,085730	0,00433516502380371
155,186022	0,00390297174453735
155,286736	0,00315332412719727
155,387659	0,00239589810371399
155,488332	0,00147002935409546
155,588575	0,000716984272003174
155,689096	0,000281065702438354
155,790164	5,56409358978271E-5
155,890973	0,000228285789489746
155,992316	0,000648558139801025
156,092431	0,00136980414390564
156,193883	0,00213909149169922
156,294596	0,00303089618682861
156,395062	0,0037359893321991
156,495126	0,00416246056556702
156,595985	0,00430765748023987
156,696529	0,00414732098579407
156,797166	0,00369471311569214
156,897461	0,00291702151298523
156,998201	0,0021837055683136
157,098554	0,00132611393928528
157,200179	0,000562041997909546
157,300542	0,000133633613586426
157,401263	3,30805778503418E-6
157,501988	0,000173121690750122
157,602149	0,000651895999908447
157,703755	0,00142255425453186
157,805147	0,00208356976509094
157,906405	0,00297346711158752
158,007245	0,00364914536476135
158,107583	0,00399550795555115
158,208302	0,00416296720504761
158,309116	0,00395327806472778
158,409413	0,0033891499042511
158,509928	0,00277131795883179
158,610040	0,00185516476631165
158,710542	0,000965982675552368
158,811399	0,000403255224227905
158,912452	-0,000127494335174561
159,013189	-0,000253587961196899
159,113844	-5,13792037963867E-5
159,215186	0,000433206558227539
159,316376	0,00123825669288635
159,416905	0,00201520323753357
159,517463	0,00287523865699768
159,619461	0,00352391600608826
159,720178	0,00401020050048828
159,820988	0,00411504507064819
159,921893	0,00394284725189209
160,022617	0,00341859459877014
160,122756	0,00262323021888733
160,223526	0,00191831588745117
160,324586	0,00102445483207703
160,425946	0,000354290008544922
160,526013	-0,000150829553604126
160,626199	-0,000324457883834839
160,726333	-0,00019267201423645
160,826379	0,000339537858963013
160,928220	0,0010705292224884
161,029632	0,00180956721305847
161,130186	0,00269445776939392
161,230966	0,00323352217674255
161,331025	0,00371366739273071
161,431605	0,00392812490463257
161,532025	0,00375494360923767
161,632137	0,00327667593955994
161,732752	0,00268924236297607
161,833050	0,00181812047958374
161,935007	0,000999271869659424
162,035662	0,000390410423278809
162,135821	-0,000125110149383545
162,237369	-0,000239282846450806
162,338279	-7,51912593841553E-5
162,438498	0,000370442867279053
162,538869	0,000988811254501343
162,639861	0,00181719660758972
162,740783	0,00250032544136047
162,841503	0,00325107574462891
162,942446	0,00369328260421753
163,044328	0,00382468104362488
163,145826	0,00369188189506531
163,245845	0,00319129228591919
163,346486	0,0026094913482666
163,447821	0,00178727507591248
163,548289	0,000936061143875122
163,648529	0,00032767653465271
163,749379	-0,000132709741592407
163,850195	-0,000301629304885864
163,950721	-0,000141292810440063
164,050841	0,000271081924438477
164,151349	0,000936537981033325
164,252314	0,00178441405296326
164,352676	0,00247135758399963
164,453452	0,00316470861434937
164,553809	0,00362685322761536
164,655700	0,00378343462944031
164,757248	0,00360691547393799
164,857594	0,00314193964004517
164,958186	0,00254446268081665
165,058333	0,0016685426235199
165,158942	0,000860989093780518
165,259378	0,000265836715698242
165,360580	-0,000158905982971191
165,460736	-0,000314474105834961
165,561782	-0,000125110149383545
165,662654	0,000267744064331055
165,763149	0,000993579626083374
165,864734	0,00182288885116577
165,965128	0,00250223278999329
166,066127	0,00322830677032471
166,167291	0,00366812944412231
166,268363	0,00380715727806091
166,369240	0,00367429852485657
166,469804	0,00315141677856445
166,571517	0,00254306197166443
166,672213	0,00172030925750732
166,773908	0,000870019197463989
166,874610	0,000296741724014282
166,974994	-0,000137478113174438
167,076268	-0,000274032354354858
167,177182	-9,27448272705078E-5
167,277459	0,000316739082336426
167,379172	0,00100496411323547
167,479907	0,00187751650810242
167,580290	0,00258335471153259
167,680736	0,00327715277671814
167,780817	0,00377583503723145
167,882737	0,0038963258266449
167,983349	0,00371271371841431
168,084694	0,00325438380241394
168,185527	0,00265929102897644
168,287374	0,00181147456169128
168,388240	0,000999271869659424
168,488976	0,000412285327911377
168,589427	-4,75645065307617E-5
168,690358	-0,000140339136123657
168,792232	-2,38418579101563E-6
168,892294	0,000522583723068237
168,992674	0,00114274024963379
169,093150	0,00194540619850159
169,193264	0,0026678740978241
169,293451	0,00339627265930176
169,394673	0,00384274125099182
169,495680	0,00397461652755737
169,595863	0,00380715727806091
169,697094	0,00329568982124329
169,798104	0,00269255042076111
169,899888	0,00184521079063416
170,001741	0,00114607810974121
170,102241	0,000465065240859985
170,203184	-4,76837158203125E-6
170,304774	-0,000143676996231079
170,405280	5,37335872650146E-5
170,506138	0,000526845455169678
170,607180	0,00112470984458923
170,707725	0,00195726752281189
170,808624	0,00276705622673035
170,908831	0,00335118174552917
171,008883	0,00382468104362488
171,109428	0,00389963388442993
171,209551	0,00369375944137573
171,310563	0,00318560004234314
171,411356	0,00256583094596863
171,511851	0,00174358487129211
171,612494	0,00102350115776062
171,712734	0,000295788049697876
171,812990	-8,46683979034424E-5
171,913887	-0,000255972146987915
172,013942	-5,6147575378418E-5
172,115675	0,000398963689804077
172,217682	0,00110000371932983
172,318989	0,00195583701133728
172,419524	0,00265598297119141
172,520399	0,00334453582763672
172,621380	0,00379103422164917
172,721517	0,0038963258266449
172,822264	0,0036914050579071
172,923546	0,0032971203327179
173,024033	0,00255537033081055
173,124876	0,00182145833969116
173,225774	0,000977903604507446
173,326377	0,000245392322540283
173,427294	-0,000147014856338501
173,527509	-0,000310689210891724
173,628311	-0,000106543302536011
173,730178	0,000315308570861816
173,831070	0,00102967023849487
173,931502	0,00186419486999512
174,031667	0,00257009267807007
174,132658	0,00327479839324951
174,233568	0,00373265147209167
174,334424	0,00385600328445435
174,434975	0,00363919138908386
174,536530	0,00322306156158447
174,637837	0,00250032544136047
174,738318	0,00166615843772888
174,840019	0,00100448727607727
174,941103	0,000306278467178345
175,041392	-6,37471675872803E-5
175,141883	-0,000205039978027344
175,242326	-8,10623168945313E-6
175,342532	0,000419408082962036
175,443044	0,00116318464279175
175,543223	0,00203609466552734
175,643391	0,00276610255241394
175,744115	0,00336921215057373
175,844585	0,00385457277297974
175,944843	0,00403770804405212
176,045616	0,00389537215232849
176,145860	0,00341477990150452
176,246783	0,00269916653633118
176,347904	0,00199809670448303
176,447966	0,00115746259689331
176,548110	0,000458389520645142
176,648774	5,23030757904053E-5
176,750233	-0,000132709741592407
176,851239	5,03957271575928E-5
176,951722	0,000436067581176758
177,052603	0,00103440880775452
177,154172	0,00200709700584412
177,254273	0,00272008776664734
177,355925	0,00329330563545227
177,456249	0,00376018881797791
177,557700	0,00389301776885986
177,659206	0,00378531217575073
177,759682	0,00331038236618042
177,859974	0,00258004665374756
177,960006	0,00189220905303955
178,061846	0,00105103850364685
178,162311	0,000330507755279541
178,263061	-0,000120371580123901
178,364726	-0,00030401349067688
178,466398	-0,000126063823699951
178,567059	0,000352859497070313
178,668263	0,00104439258575439
178,769318	0,00185090303421021
178,870571	0,00250080227851868
178,970803	0,00316140055656433
179,072411	0,00352579355239868
179,173295	0,00369754433631897
179,275247	0,00350016355514526
179,375307	0,00315237045288086
179,475329	0,00248464941978455
179,576097	0,00177779793739319
179,677272	0,000978827476501465
179,778165	0,000296741724014282
179,878432	-7,6591968536377E-5
179,978615	-0,000193625688552856
180,079500	-3,23355197906494E-5
180,179749	0,000368088483810425
180,280197	0,000937968492507935
180,380440	0,00171700119972229
180,482200	0,00252977013587952
180,583242	0,00321501493453979
180,683256	0,00359031558036804
180,784380	0,00376254320144653
180,884924	0,00364771485328674
180,985635	0,00319221615791321
181,086831	0,00256821513175964
181,187253	0,00192543864250183
181,287311	0,00116553902626038
181,388115	0,000564903020858765
181,489168	0,000181674957275391
181,590599	5,46872615814209E-5
181,690701	0,000252991914749146
181,791222	0,000643789768218994
181,891304	0,00124680995941162
181,992312	0,00204697251319885
182,092910	0,00282353162765503
182,194075	0,0033668577671051
182,294506	0,00378483533859253
182,394859	0,00390723347663879
182,496320	0,00376018881797791
182,596545	0,00331276655197144
182,698230	0,00263416767120361
182,799882	0,00198668241500854
182,900721	0,00117412209510803
183,000740	0,000494509935379028
183,101363	0,000124126672744751
183,201952	-4,76837158203125E-6
183,302448	0,000142186880111694
183,402573	0,00059199333190918
183,503201	0,00113657116889954
183,603285	0,00192353129386902
183,703447	0,00271153450012207
183,804334	0,00326436758041382
183,904417	0,00365626811981201
184,005315	0,00385221838951111
184,105874	0,00369423627853394
184,206066	0,00331941246986389
184,307983	0,00254777073860168
184,408692	0,00186753273010254
184,509023	0,00121021270751953
184,609412	0,000436067581176758
184,710094	8,84532928466797E-5
184,810801	-2,8073787689209E-5
184,911194	0,000110834836959839
185,013157	0,000564426183700562
185,114393	0,00112706422805786
185,214935	0,00177684426307678
185,316858	0,00269350409507751
185,417665	0,00323542952537537
185,518557	0,00366717576980591
185,619506	0,00379529595375061
185,720114	0,00364866852760315
185,820417	0,0032728910446167
185,920871	0,0024685263633728
186,021997	0,00178632140159607
186,122328	0,00112184882164001
186,222422	0,000437021255493164
186,323318	4,26173210144043E-6
186,423964	-0,00013318657875061
186,524650	1,90436840057373E-5
186,625286	0,000482648611068726
186,725819	0,00104156136512756
186,826342	0,00169464945793152
186,927106	0,00261566042900085
187,027608	0,00315427780151367
187,127799	0,00353386998176575
187,228555	0,00371935963630676
187,329042	0,00353670120239258
187,429915	0,00315758585929871
187,530423	0,00247374176979065
187,632388	0,00165385007858276
187,733245	0,00100544095039368
187,833340	0,000310540199279785
187,933643	-0,000127494335174561
188,034760	-0,000243097543716431
188,136548	-0,00013318657875061
188,237085	0,000401824712753296
188,337582	0,000984549522399902
188,437755	0,00164958834648132
188,537767	0,00260332226753235
188,638339	0,00318512320518494
188,738526	0,00357463955879211
188,839493	0,00376966595649719
188,940418	0,00362494587898254
189,041829	0,00325867533683777
189,142358	0,00262323021888733
189,242814	0,00185516476631165
189,343620	0,00121068954467773
189,444417	0,000550627708435059
189,544701	0,000120788812637329
189,645701	4,26173210144043E-6
189,747428	0,000141233205795288
189,847809	0,00056108832359314
189,948383	0,00123444199562073
190,049371	0,00189933180809021
190,150579	0,00269016623497009
190,250585	0,00334930419921875
190,351314	0,00371935963630676
190,452809	0,00388637185096741
190,553364	0,00370275974273682
190,654953	0,0033317506313324
190,756418	0,00264698266983032
190,856829	0,00184759497642517
190,957194	0,00118789076805115
191,059032	0,000598639249801636
191,159757	6,18398189544678E-5
191,259899	-4,51803207397461E-5
191,360431	7,03930854797363E-5
191,461852	0,000598162412643433
191,562511	0,00116649270057678
191,663020	0,00179579854011536
191,763092	0,00260236859321594
191,864403	0,0032615065574646
191,965002	0,003631591796875
192,065740	0,00380334258079529
192,166737	0,00362828373908997
192,268072	0,00324016809463501
192,368134	0,00258812308311462
192,469345	0,00179058313369751
192,569774	0,00112375617027283
192,670423	0,000566333532333374
192,771295	4,37498092651367E-5
192,871739	-4,37796115875244E-5
192,972459	9,41455364227295E-5
193,073033	0,000531613826751709
193,173272	0,00121685862541199
193,273609	0,00188416242599487
193,374134	0,00268211960792542
193,475613	0,00333079695701599
193,576210	0,00370562076568604
193,676292	0,00384321808815002
193,777776	0,00366672873497009
193,878290	0,00328809022903442
193,979679	0,00258335471153259
194,080775	0,00177207589149475
194,181212	0,00108668208122253
194,282077	0,000510692596435547
194,382906	5,1349401473999E-5
194,483604	-9,36985015869141E-5
194,583847	3,37660312652588E-5
194,685690	0,000479787588119507
194,785902	0,00116744637489319
194,886806	0,00182002782821655
194,987102	0,00263464450836182
195,087325	0,00329330563545227
195,187671	0,00366908311843872
195,287977	0,00384792685508728
195,389909	0,00371888279914856
195,490505	0,00326862931251526
195,590914	0,00272479653358459
195,692012	0,00193589925765991
195,792507	0,00114703178405762
195,893702	0,000569164752960205
195,994916	0,000100821256637573
196,096218	-3,71038913726807E-5
196,196822	0,000100821256637573
196,297043	0,000540167093276978
196,398166	0,00123396515846252
196,498697	0,00190550088882446
196,599218	0,00270393490791321
196,699372	0,00325867533683777
196,800619	0,00371178984642029
196,900954	0,00387927889823914
197,001164	0,00376445055007935
197,101430	0,00333458185195923
197,202152	0,00279173254966736
197,303023	0,00200757384300232
197,404028	0,00121355056762695
197,504347	0,000630974769592285
197,605655	0,000166952610015869
197,706037	4,27961349487305E-5
197,806039	0,000179290771484375
197,907523	0,000616699457168579
198,008933	0,00117647647857666
198,110015	0,00194635987281799
198,211779	0,0027262270450592
198,312724	0,00329756736755371
198,413882	0,00374403595924377
198,514631	0,00390011072158813
198,614972	0,00376635789871216
198,715421	0,00329378247261047
198,817235	0,00273096561431885
198,918214	0,00196060538291931
199,018993	0,00116792321205139
199,119091	0,000628113746643066
199,219659	0,000175029039382935
199,319797	-1,52289867401123E-5
199,421516	0,000128418207168579
199,522600	0,000573456287384033
199,624189	0,00125345587730408
199,725843	0,00195536017417908
199,826465	0,00272431969642639
199,926637	0,00336399674415588
200,026726	0,00372365117073059
200,127664	0,00384935736656189
200,228489	0,00371319055557251
200,329139	0,00328809022903442
200,429404	0,00274237990379333
200,531088	0,00195440649986267
200,631211	0,00119408965110779
200,731949	0,000612407922744751
200,833318	0,000177383422851563
200,933546	6,18398189544678E-5
201,035321	0,000213533639907837
201,136222	0,000697046518325806
201,237143	0,00138738751411438
201,337865	0,00200188159942627
201,438666	0,00266310572624207
201,539200	0,00333315134048462
201,639712	0,00376206636428833
201,740376	0,00390437245368958
201,842086	0,0037364661693573
201,942114	0,00327384471893311
202,043666	0,0027138888835907
202,143699	0,00192496180534363
202,244060	0,00113609433174133
202,345921	0,000582009553909302
202,447910	0,000149339437484741
202,548124	1,42753124237061E-5
202,649960	0,000175952911376953
202,750654	0,000648081302642822
202,850715	0,00133135914802551
202,950964	0,00200331211090088
203,052609	0,00265315175056458
203,152995	0,00329756736755371
203,254496	0,00375685095787048
203,356290	0,00390532612800598
203,456486	0,00366908311843872
203,557869	0,00330373644828796
203,659633	0,0027371346950531
203,760231	0,0019335150718689
203,860819	0,0011821985244751
203,961755	0,000617653131484985
204,063286	0,000176906585693359
204,163992	8,3237886428833E-5
204,265417	0,000192135572433472
204,366915	0,000667572021484375
204,467694	0,00135698914527893
204,568420	0,00197765231132507
204,669183	0,00264698266983032
204,769278	0,00339910387992859
204,870285	0,00370606780052185
204,971343	0,00383701920509338
205,071995	0,00359648466110229
205,172247	0,00317895412445068
205,273950	0,00265219807624817
205,375619	0,0017293393611908
205,477022	0,00109097361564636
205,578818	0,000574409961700439
205,680010	0,000136494636535645
205,781564	3,090500831604E-5
205,882180	0,000223040580749512
205,982753	0,000670880079269409
206,083373	0,00137600302696228
206,185372	0,00203371047973633
206,285541	0,00276657938957214
206,385719	0,00339862704277039
206,486089	0,00374072790145874
206,587855	0,00381758809089661
206,688877	0,00360456109046936
206,789087	0,00320124626159668
206,889934	0,0025971531867981
206,991131	0,00183665752410889
207,091362	0,00106814503669739
207,192251	0,000532567501068115
207,292444	0,000139802694320679
207,393809	3,13818454742432E-5
207,495576	0,000173598527908325
207,596267	0,000670880079269409
207,698154	0,00134512782096863
207,798612	0,0019938051700592
207,899926	0,00277891755104065
208,000587	0,00338014960289001
208,101379	0,00372886657714844
208,202161	0,00384509563446045
208,303504	0,00361689925193787
208,403700	0,00320693850517273
208,505004	0,00253120064735413
208,606438	0,00187939405441284
208,707117	0,0011199414730072
208,808136	0,000527799129486084
208,908448	0,000206410884857178
209,009979	0,000123649835586548
209,110744	0,000363320112228394
209,211702	0,000755488872528076
209,313424	0,00144580006599426
209,413559	0,00209638476371765
209,514992	0,00284963846206665
209,616608	0,00346174836158752
209,718318	0,00381994247436523
209,818623	0,00386360287666321
209,919312	0,0036909282207489
210,019517	0,00321879982948303
210,120325	0,00252074003219604
210,220350	0,00188985466957092
210,321427	0,0011441707611084
210,421556	0,000521153211593628
210,521882	0,000236362218856812
210,622246	0,000146001577377319
210,723879	0,000304847955703735
210,825608	0,000798255205154419
210,926531	0,00148048996925354
211,028522	0,00224828720092773
211,129781	0,00288474559783936
211,230582	0,00347787141799927
211,331081	0,00376588106155396
211,432176	0,00387072563171387
211,532422	0,00366765260696411
211,632630	0,00316566228866577
211,733259	0,00251266360282898
211,833913	0,00184473395347595
211,933967	0,00109618902206421
212,035591	0,000529706478118896
212,136335	0,000193566083908081
212,238008	0,000134587287902832
212,338880	0,00039374828338623
212,440145	0,000780194997787476
212,540918	0,00151515007019043
212,641127	0,00230523943901062
212,742861	0,00292319059371948
212,843579	0,00347027182579041
212,943701	0,00386598706245422
213,045256	0,00387498736381531
213,145655	0,00370606780052185
213,246581	0,0031907856464386
213,348243	0,00247135758399963
213,449415	0,00184473395347595
213,551111	0,001069575548172
213,651137	0,00048026442527771
213,752889	0,000199764966964722
213,853631	9,70065593719482E-5
213,954690	0,000383287668228149
214,055329	0,000836282968521118
214,155449	0,00153699517250061
214,256992	0,00236409902572632
214,357689	0,00297537446022034
214,457961	0,00346174836158752
214,559370	0,00388827919960022
214,659397	0,00391152501106262
214,760257	0,00370466709136963
214,860887	0,00322875380516052
214,961252	0,00251409411430359
215,061305	0,00185376405715942
215,161422	0,00113371014595032
215,262467	0,000537306070327759
215,363528	0,000265359878540039
215,464525	0,000242561101913452
215,565126	0,000495940446853638
215,666597	0,000947475433349609
215,767063	0,00153937935829163
215,867479	0,00230619311332703
215,967565	0,00307455658912659
216,068848	0,00358888506889343
216,169676	0,00394520163536072
216,270675	0,00402063131332397
216,370907	0,0038275420665741
216,472241	0,00331038236618042
216,572784	0,00263559818267822
216,672845	0,00198906660079956
216,773634	0,00122115015983582
216,874979	0,000661879777908325
216,975097	0,000354766845703125
217,075483	0,00027582049369812
217,175580	0,00049784779548645
217,276233	0,000983595848083496
217,377643	0,00154745578765869
217,478235	0,00233703851699829
217,579266	0,0030536949634552
217,679738	0,00354287028312683
217,780349	0,00394046306610107
217,882176	0,00397700071334839
217,983670	0,00380146503448486
218,084594	0,00333979725837708
218,185027	0,00262370705604553
218,286323	0,00199189782142639
218,387474	0,00127387046813965
218,487572	0,000672310590744019
218,589345	0,000418007373809814
218,689796	0,000358551740646362
218,790119	0,00062146782875061
218,891835	0,00107958912849426
218,993372	0,00163152813911438
219,093477	0,00250649452209473
219,193552	0,00313481688499451
219,294344	0,00359648466110229
219,394614	0,00393524765968323
219,496015	0,00398460030555725
219,597288	0,00374498963356018
219,698774	0,00323256850242615
219,800135	0,00254729390144348
219,900902	0,00188747048377991
220,001309	0,00116223096847534
220,102826	0,000592440366744995
220,204478	0,000290066003799438
220,304966	0,000251561403274536
220,405514	0,000536352396011353
220,506472	0,000969797372817993
220,607157	0,00157073140144348
220,707734	0,00245711207389832
220,808415	0,00304132699966431
220,908417	0,00352248549461365
221,009011	0,0038626492023468
221,110517	0,00388351082801819
221,211040	0,00367620587348938
221,311617	0,00316280126571655
221,411718	0,00245428085327148
221,513336	0,00182762742042542
221,614842	0,00107958912849426
221,715707	0,000510692596435547
221,816829	0,000250637531280518
221,918638	0,000179290771484375
222,020093	0,000489294528961182
222,120513	0,000942736864089966
222,221249	0,00151658058166504
222,321878	0,00241914391517639
222,423281	0,00301763415336609
222,523289	0,00348690152168274
222,624760	0,00387880206108093
222,724976	0,00387072563171387
222,825852	0,00364866852760315
222,926276	0,00315997004508972
223,027274	0,00246092677116394
223,128226	0,00181812047958374
223,229274	0,00123018026351929
223,330423	0,000571072101593018
223,431674	0,00031578540802002
223,532451	0,000284373760223389
223,633003	0,000592947006225586
223,733129	0,00105056166648865
223,833917	0,00164911150932312
223,934122	0,00254306197166443
224,035100	0,00314953923225403
224,135617	0,00364014506340027
224,236282	0,0039651095867157
224,336889	0,00397935509681702
224,438038	0,0037592351436615
224,539449	0,00321453809738159
224,640792	0,00251123309135437
224,742008	0,00186941027641296
224,843703	0,00111520290374756
224,945698	0,000564426183700562
225,046271	0,000306755304336548
225,146410	0,000234454870223999
225,248304	0,000565379858016968
225,349953	0,000996917486190796
225,450060	0,00156503915786743
225,550709	0,00248464941978455
225,651775	0,00306031107902527
225,752146	0,0035286545753479
225,854012	0,00387689471244812
225,954967	0,00387927889823914
226,056577	0,00364723801612854
226,156875	0,0031561553478241
226,257651	0,00244194269180298
226,359329	0,00183144211769104
226,461386	0,00113514065742493
226,562831	0,000575363636016846
226,663524	0,00032004714012146
226,763723	0,000318616628646851
226,864026	0,000607669353485107
226,964733	0,00110188126564026
227,066129	0,0018252432346344
227,167194	0,00249132513999939
227,268357	0,00322118401527405
227,369459	0,00377205014228821
227,470190	0,00400117039680481
227,570938	0,00402158498764038
227,671247	0,00371649861335754
227,772231	0,00324347615242004
227,873184	0,00255110859870911
227,973225	0,00191500782966614
228,073666	0,00118550658226013
228,174440	0,000658541917800903
228,275105	0,000391364097595215
228,375777	0,0003642737865448
228,476183	0,000677555799484253
228,576718	0,00111663341522217
228,677288	0,00183951854705811
228,777957	0,00249746441841125
228,878154	0,00320315361022949
228,979884	0,00365912914276123
229,079986	0,00398978590965271
229,180232	0,00398507714271545
229,280327	0,0037597119808197
229,381514	0,00324916839599609
229,481677	0,0025387704372406
229,583264	0,00190454721450806
229,683435	0,00131803750991821
229,785435	0,000647604465484619
229,886084	0,000424176454544067
229,987447	0,000421315431594849
230,089152	0,000653296709060669
230,189762	0,00118789076805115
230,291364	0,0018746554851532
230,391983	0,00247755646705627
230,492320	0,00319698452949524
230,593307	0,00371792912483215
230,694303	0,00394093990325928
230,794808	0,00394901633262634
230,894855	0,00368285179138184
230,995234	0,00312009453773499
231,095373	0,00245997309684753
231,195578	0,00179436802864075
231,297799	0,00110000371932983
231,398044	0,000606715679168701
231,498514	0,000345736742019653
231,599280	0,000332891941070557
231,701079	0,000626683235168457
231,801826	0,00113752484321594
231,902102	0,0017421543598175
232,002457	0,00251978635787964
232,102892	0,00318986177444458
232,203707	0,00366103649139404
232,304635	0,00396323204040527
232,405391	0,00393855571746826
232,507313	0,00371462106704712
232,609006	0,00318273901939392
232,709567	0,00245615839958191
232,810269	0,00184616446495056
232,911092	0,00114607810974121
233,012332	0,000673264265060425
233,113029	0,000414192676544189
233,213898	0,000404208898544312
233,313930	0,000661879777908325
233,414261	0,00123396515846252
233,515080	0,00180861353874207
233,617044	0,00255489349365234
233,717770	0,00327432155609131
233,819768	0,00369188189506531
233,921286	0,00397083163261414
234,021344	0,00396749377250671
234,121867	0,00367239117622375
234,223462	0,00314003229141235
234,323644	0,0024096667766571
234,424734	0,00173124670982361
234,524773	0,00103205442428589
234,624877	0,000582963228225708
234,725579	0,000255376100540161
234,827304	0,000301510095596313
234,927660	0,000554412603378296
235,028234	0,00107577443122864
235,128296	0,00169086456298828
235,228979	0,00242960453033447
235,330959	0,0031229555606842
235,432622	0,00359126925468445
235,533334	0,00386694073677063
235,633686	0,00382325053215027
235,733888	0,00358888506889343
235,834050	0,00301524996757507
235,934808	0,00227484107017517
236,034830	0,00167661905288696
236,135331	0,00105389952659607
236,236968	0,000521153211593628
236,337230	0,000246822834014893
236,437597	0,000224947929382324
236,538225	0,000533044338226318
236,639247	0,00109761953353882
236,739255	0,00167044997215271
236,840471	0,00246518850326538
236,941033	0,00319033861160278
237,041231	0,00359031558036804
237,141507	0,00384840369224548
237,241747	0,00383180379867554
237,341845	0,00356611609458923
237,441902	0,0031561553478241
237,541905	0,00244715809822083
237,642551	0,00165289640426636
237,744037	0,00107148289680481
237,844488	0,00049927830696106
237,946030	0,000216394662857056
238,046363	0,000255852937698364
238,146660	0,00045698881149292
238,246787	0,00106722116470337
238,347772	0,00165954232215881
238,448576	0,00227010250091553
238,549669	0,00309115648269653
238,650712	0,00354811549186707
238,751508	0,00376397371292114
238,852241	0,00377300381660461
238,952470	0,00348451733589172
239,053224	0,0030062198638916
239,153567	0,00232943892478943
239,253653	0,00156265497207642
239,353990	0,000975519418716431
239,454415	0,000509262084960938
239,554715	0,000148385763168335
239,655705	0,000129848718643188
239,756036	0,000374734401702881
239,857579	0,000882834196090698
239,959548	0,00158736109733582
240,060179	0,00223639607429504
240,161438	0,00293692946434021
240,261663	0,00346836447715759
240,362150	0,00372979044914246
240,463681	0,00374308228492737
240,564332	0,00346696376800537
240,664647	0,00304749608039856
240,766505	0,00233325362205505
240,867199	0,00159066915512085
240,967279	0,00100639462471008
241,067392	0,000581532716751099
241,167755	0,000262528657913208
241,269009	0,000322431325912476
241,369407	0,00055965781211853
241,469830	0,00112137198448181
241,570126	0,00182098150253296
241,671066	0,0024324357509613
241,771631	0,00317278504371643
241,872055	0,00371462106704712
241,972353	0,00395375490188599
242,072841	0,00395041704177856
242,173276	0,00367856025695801
242,273680	0,00312530994415283
242,374957	0,00260093808174133
242,475556	0,00180104374885559
242,576184	0,00110331177711487
242,676736	0,000638574361801147
242,776879	0,000306278467178345
242,878125	0,000325292348861694
242,979971	0,00059056282043457
243,080403	0,00112566351890564
243,181541	0,00188365578651428
243,282130	0,0025392472743988
243,384097	0,00322449207305908
243,484792	0,00377678871154785
243,585576	0,00396940112113953
243,686674	0,00395232439041138
243,787291	0,00366339087486267
243,887624	0,00320503115653992
243,987709	0,0025971531867981
244,088156	0,00183191895484924
244,188318	0,00106436014175415
244,288597	0,000577747821807861
244,390119	0,000256806612014771
244,490916	0,000221610069274902
244,591829	0,000501185655593872
244,693361	0,00102254748344421
244,794306	0,00170370936393738
244,895269	0,00232088565826416
244,995963	0,00303041934967041
245,096579	0,00353482365608215
245,196641	0,00378343462944031
245,296644	0,00380811095237732
245,398319	0,00353386998176575
245,499073	0,00305274128913879
245,599474	0,00250932574272156
245,699925	0,0017549991607666
245,800878	0,00108528137207031
245,901908	0,00061383843421936
246,002258	0,000303894281387329
246,103007	0,000368565320968628
246,203776	0,000599592924118042
246,305891	0,00115746259689331
246,406006	0,00177872180938721
246,507305	0,00250837206840515
246,607752	0,00319793820381165
246,708662	0,00361877679824829
246,810002	0,00387215614318848
246,911983	0,0038858950138092
247,012620	0,00361308455467224
247,113712	0,00301238894462585
247,214028	0,00245615839958191
247,315922	0,00167661905288696
247,417061	0,000942260026931763
247,518633	0,000509738922119141
247,619338	0,000214487314224243
247,719360	0,000201672315597534
247,820914	0,000463157892227173
247,920916	0,000959336757659912
248,021148	0,00167283415794373
248,121995	0,00233373045921326
248,223534	0,00291037559509277
248,324201	0,00353717803955078
248,425296	0,00374925136566162
248,525733	0,00374120473861694
248,627690	0,00341147184371948
248,728176	0,00298440456390381
248,828442	0,00239637494087219
248,929355	0,00169846415519714
249,029601	0,00105533003807068
249,130703	0,000641912221908569
249,232515	0,000406116247177124
249,332559	0,000453650951385498
249,434068	0,000690847635269165
249,534341	0,00125536322593689
249,634689	0,00199809670448303
249,735023	0,00261044502258301
249,836875	0,00321358442306519
249,938827	0,00380381941795349
250,039313	0,00398364663124084
250,140255	0,00398269295692444
250,240782	0,00362637639045715
250,340849	0,00316327810287476
250,441647	0,00265410542488098
250,542313	0,00190502405166626
250,642486	0,00121590495109558
250,744037	0,000831037759780884
250,844515	0,000558704137802124
250,944737	0,000631898641586304
251,045422	0,000948429107666016
251,146222	0,00141730904579163
