0,100487	0,0195030272006989
0,201397	0,0175009369850159
0,301665	0,0150339007377625
0,402992	0,0130704045295715
0,503229	0,0112008452415466
0,605200	0,0103321671485901
0,705587	0,010322630405426
0,807294	0,0112427771091461
0,908215	0,0131357312202454
1,009200	0,0150749087333679
1,109858	0,0175342857837677
1,210574	0,0198667347431183
1,310674	0,0212066471576691
1,411252	0,0220447480678558
1,511435	0,0219849348068237
1,612150	0,0208732187747955
1,712364	0,0193617939949036
1,812481	0,0170302987098694
1,913715	0,0143948495388031
2,014559	0,0124361217021942
2,115246	0,0106585323810577
2,215479	0,00969347357749939
2,316063	0,0097796618938446
2,416714	0,0108295679092407
2,517608	0,0123283565044403
2,617684	0,0147630274295807
2,717939	0,0173509120941162
2,817991	0,0192975699901581
2,919159	0,0211705565452576
3,020133	0,0220656394958496
3,120225	0,0219806730747223
3,221802	0,0212261378765106
3,322763	0,0194487869739532
3,423695	0,0170736312866211
3,524633	0,0145360231399536
3,626364	0,0125524699687958
3,726698	0,0107390582561493
3,827775	0,00998872518539429
3,928368	0,00994348526000977
4,029347	0,0109920799732208
4,129919	0,012555330991745
4,230262	0,0149113535881042
4,330427	0,0175156891345978
4,430999	0,0194920897483826
4,531440	0,0212589204311371
4,632958	0,0220931768417358
4,734815	0,0221326053142548
4,835216	0,021078884601593
4,935425	0,0195657908916473
5,035890	0,0172103643417358
5,136924	0,0150472521781921
5,237613	0,0126664638519287
5,338216	0,0108962953090668
5,438440	0,010058730840683
5,538492	0,0100768506526947
5,639036	0,0111336410045624
5,739981	0,0126497745513916
5,840359	0,0150873064994812
5,941074	0,0176266729831696
6,041112	0,0195505619049072
6,141181	0,0210997760295868
6,242139	0,0221302211284637
6,342188	0,0221007764339447
6,442730	0,0213619768619537
6,542741	0,0199223458766937
6,642742	0,0171994268894196
6,744044	0,0151035189628601
6,844850	0,0130622982978821
6,945446	0,0109491944313049
7,045750	0,0101663768291473
7,146338	0,0100701749324799
7,247311	0,0112060904502869
7,349271	0,0127761363983154
7,449686	0,0146748125553131
7,550747	0,0172394216060638
7,651131	0,0195529460906982
7,751407	0,0210375785827637
7,851887	0,0220461785793304
7,952276	0,022020548582077
8,053126	0,0212095081806183
8,153935	0,0198220312595367
8,255610	0,0171470046043396
8,357387	0,0150343775749207
8,458379	0,0130699276924133
8,559320	0,0110125839710236
8,659408	0,0102335512638092
8,761630	0,0102287828922272
8,861630	0,0113843679428101
8,962033	0,0129115879535675
9,063036	0,0148994326591492
9,164105	0,017409473657608
9,264499	0,0196746587753296
9,364753	0,0211529731750488
9,465192	0,0220210254192352
9,567133	0,0220286250114441
9,669029	0,0212555825710297
9,769542	0,0197973251342773
9,870368	0,0171003043651581
9,972121	0,0150505900382996
10,074076	0,0126888751983643
10,174078	0,0110292732715607
10,274455	0,0102921426296234
10,375757	0,0102292597293854
10,476442	0,0111808180809021
10,577522	0,0129840672016144
10,677570	0,0148960947990417
10,778706	0,0174542665481567
10,880397	0,0197264850139618
10,980792	0,0211230516433716
11,081450	0,0221088528633118
11,182440	0,0219868123531342
11,283824	0,0211373269557953
11,383824	0,0194145739078522
11,484866	0,0170603096485138
11,588867	0,0149843096733093
11,690714	0,0127608776092529
11,792342	0,0110540390014648
11,893346	0,0103593170642853
11,993526	0,0105055868625641
12,093725	0,0113014280796051
12,194492	0,0131385922431946
12,296467	0,0154840350151062
12,396704	0,0175066590309143
12,498403	0,0197778046131134
12,598954	0,0214080512523651
12,699952	0,0220504403114319
12,800267	0,0219645202159882
12,900891	0,0208257138729095
13,001977	0,019233375787735
13,102020	0,0169278383255005
13,202316	0,0148579478263855
13,302611	0,0125758349895477
13,404074	0,0109778046607971
13,504999	0,0102635622024536
13,606210	0,0103507339954376
13,708002	0,0112585127353668
13,809024	0,0130408406257629
13,910905	0,0153901278972626
14,012376	0,0174761712551117
14,113288	0,0196974873542786
14,214180	0,0213011801242828
14,314589	0,0219972729682922
14,415577	0,0218377411365509
14,516641	0,0207402110099792
14,618444	0,0192076861858368
14,718809	0,0168039500713348
14,818939	0,0143409669399261
14,919512	0,0124766528606415
15,020160	0,011041671037674
15,120730	0,0101263821125031
15,221572	0,0102397501468658
15,321825	0,0110430717468262
15,421878	0,0128600895404816
15,522079	0,0151879489421844
15,622172	0,0172437131404877
15,722534	0,0195267796516418
15,823498	0,0211634337902069
15,923828	0,021848201751709
16,023916	0,0217632055282593
16,124661	0,0209311842918396
16,226330	0,0191420614719391
16,326615	0,0172889828681946
16,427697	0,0148507952690125
16,527715	0,0126087665557861
16,628678	0,0112218260765076
16,728876	0,0103235840797424
16,828927	0,0103960037231445
16,929234	0,0112651884555817
17,029819	0,013023167848587
17,130320	0,0149094462394714
17,230481	0,0173675715923309
17,330598	0,0195144414901733
17,431046	0,0208779871463776
17,531309	0,0216231644153595
17,633024	0,0215376913547516
17,733524	0,0206285417079926
17,833603	0,0192352831363678
17,934290	0,0169712007045746
18,034532	0,0145779848098755
18,135111	0,0127408504486084
18,236898	0,0110588073730469
18,336946	0,0102992951869965
18,437094	0,0104136168956757
18,537132	0,0112099051475525
18,638858	0,0133078992366791
18,740273	0,0152508914470673
18,840319	0,0172570645809174
18,940930	0,0198201537132263
19,041824	0,0211278200149536
19,143575	0,0218425095081329
19,244230	0,0216901004314423
19,344307	0,0207734405994415
19,444344	0,0192647576332092
19,544945	0,0170264840126038
19,645193	0,0146175920963287
19,745986	0,0127937793731689
19,847176	0,0114139020442963
19,947283	0,0104441344738007
20,047453	0,0105684697628021
20,148269	0,0113905370235443
20,248352	0,0134724676609039
20,348541	0,0153648555278778
20,448654	0,0174032747745514
20,549328	0,0195595920085907
20,649851	0,0211425423622131
20,750140	0,0218472480773926
20,851727	0,0217185914516449
20,953200	0,0206561088562012
21,053666	0,0191691815853119
21,153830	0,0168635249137878
21,254891	0,0144625902175903
21,355565	0,0126731395721436
21,456295	0,0112594664096832
21,557071	0,0103974342346191
21,657659	0,0104822218418121
21,757805	0,0112756788730621
21,858958	0,0130394101142883
21,959151	0,0153085887432098
22,060146	0,0172918438911438
22,160182	0,0195039808750153
22,261984	0,0210641622543335
22,362558	0,0217062532901764
22,463004	0,0216240882873535
22,563415	0,0205111801624298
22,665143	0,0190260112285614
22,766697	0,0171970427036285
22,868013	0,0143791139125824
22,969211	0,0125429332256317
23,069746	0,0111693739891052
23,169962	0,0102440416812897
23,270282	0,0103759765625
23,370917	0,011232316493988
23,471518	0,0129325687885284
23,572245	0,015184611082077
23,672864	0,0171341300010681
23,773660	0,0192390978336334
23,873989	0,0208019614219666
23,975713	0,0214849710464478
24,075930	0,0213401317596436
24,175975	0,0205416083335876
24,276338	0,0187605321407318
24,377164	0,0168573260307312
24,477362	0,0144926309585571
24,579170	0,0123264491558075
24,680121	0,0109763741493225
24,780697	0,0101406872272491
24,881336	0,0102697610855103
24,982820	0,0111026465892792
25,084636	0,012893944978714
25,185781	0,01514932513237
25,285982	0,0171627402305603
25,386904	0,0193460881710052
25,488036	0,0208941400051117
25,588219	0,0215115547180176
25,689839	0,0215120315551758
25,791039	0,02031210064888
25,891235	0,0188361704349518
25,991707	0,0169935822486877
26,092290	0,0145861208438873
26,194106	0,0124451816082001
26,296044	0,0110964775085449
26,398045	0,0101873576641083
26,499486	0,0103945732116699
26,600075	0,0112899839878082
26,700214	0,0130193531513214
26,800867	0,0153205096721649
26,901085	0,0172813534736633
27,003058	0,0194079279899597
27,103455	0,0209743976593018
27,204250	0,0215965509414673
27,306047	0,0215357840061188
27,406513	0,0203876495361328
27,507688	0,0188656747341156
27,608876	0,0169874131679535
27,709439	0,0142637193202972
27,809441	0,0124618709087372
27,911135	0,0111560523509979
28,012368	0,0102897584438324
28,112800	0,010493665933609
28,213118	0,0113404989242554
28,314937	0,013104259967804
28,416298	0,015330046415329
28,517164	0,0173223316669464
28,618512	0,019447386264801
28,718926	0,0209202468395233
28,820826	0,0215429067611694
28,921516	0,0213325321674347
29,021738	0,0201899409294128
29,123374	0,0186658501625061
29,225118	0,0163759887218475
29,325367	0,0140133202075958
29,427117	0,0122973620891571
29,527376	0,0109220445156097
29,628035	0,0100982785224915
29,728045	0,0102816522121429
29,829369	0,0111307799816132
29,930234	0,0129282772541046
30,030493	0,0152032077312469
30,131056	0,0171656012535095
30,231606	0,0192895233631134
30,332662	0,0207839012145996
30,433186	0,0213301479816437
30,533499	0,0212878882884979
30,634009	0,0200497210025787
30,735497	0,0185235738754272
30,836490	0,0166905522346497
30,937903	0,0139255523681641
31,038881	0,0121953189373016
31,140563	0,0109024941921234
31,241282	0,0101177990436554
31,342033	0,0103297829627991
31,442839	0,0112599432468414
31,543764	0,0130255520343781
31,644414	0,0153071582317352
31,745676	0,0172684788703918
31,846244	0,0193693935871124
31,947534	0,0208499431610107
32,048705	0,0214351117610931
32,150332	0,021197646856308
32,250653	0,0200464129447937
32,350797	0,0185202360153198
32,452576	0,0162205994129181
32,552633	0,0138668715953827
32,653042	0,0121171176433563
32,753806	0,0107995569705963
32,854070	0,0100144445896149
32,954792	0,0102387964725494
33,056645	0,0111136138439178
33,157217	0,012924462556839
33,258104	0,0152122676372528
33,359603	0,0171832144260406
33,459650	0,0193028151988983
33,561389	0,0207867622375488
33,662378	0,0213168561458588
33,764023	0,0211373269557953
33,864913	0,0199922025203705
33,965879	0,0184421837329865
34,066095	0,0162229835987091
34,166687	0,0142474770545959
34,266907	0,0121366679668427
34,368689	0,0106785297393799
34,470340	0,0100906491279602
34,570855	0,0103050172328949
34,671796	0,0115082859992981
34,772177	0,0130336880683899
34,872300	0,0153104960918427
34,972463	0,0173271000385284
35,073764	0,0193703472614288
35,173953	0,0208480656147003
35,274535	0,0213985443115234
35,375213	0,0211406350135803
35,476764	0,0200093388557434
35,578122	0,0184859931468964
35,679706	0,0161886811256409
35,780860	0,0142622888088226
35,882425	0,0121638476848602
35,983783	0,0106627941131592
36,084299	0,0101416409015656
36,184616	0,0103531181812286
36,284641	0,0115302205085754
36,385852	0,0131047368049622
36,486527	0,0153495967388153
36,587452	0,0176609456539154
36,688073	0,0193717777729034
36,788159	0,0207805633544922
36,888651	0,021314948797226
36,990061	0,0210817456245422
37,090824	0,020109623670578
37,191554	0,0183089375495911
37,293360	0,0160504281520844
37,393882	0,0140705406665802
37,495051	0,0119797885417938
37,596209	0,0105341672897339
37,697578	0,00997823476791382
37,797853	0,0102454721927643
37,898587	0,0114568173885345
37,999482	0,0129993259906769
38,100427	0,0152933299541473
38,200739	0,0172589719295502
38,302014	0,0192928314208984
38,402745	0,0207411646842957
38,504546	0,0212560594081879
38,605794	0,0209430456161499
38,706456	0,0200293064117432
38,807222	0,0181956589221954
38,907833	0,0158778727054596
39,008656	0,013939380645752
39,109254	0,0118367671966553
39,211076	0,0103821754455566
39,311840	0,00987157225608826
39,412615	0,0101263821125031
39,514289	0,0113452672958374
39,614497	0,0129392445087433
39,715059	0,0151993930339813
39,816941	0,017545223236084
39,917370	0,0192638039588928
40,017698	0,0206522941589355
40,119038	0,0212208926677704
40,219942	0,0209311842918396
40,321618	0,0199670195579529
40,422519	0,0178323686122894
40,522772	0,0159112215042114
40,624271	0,0139431953430176
40,724714	0,0116045773029327
40,825628	0,0104550719261169
40,926478	0,00992920994758606
41,028319	0,0103750228881836
41,128882	0,0114406049251556
41,230577	0,0129916965961456
41,331993	0,0152990520000458
41,433852	0,0175871551036835
41,535462	0,0192576348781586
41,636196	0,0206817388534546
41,737083	0,021171510219574
41,837935	0,0208713114261627
41,939511	0,0197012722492218
42,041276	0,0177666842937469
42,142215	0,0158826410770416
42,243479	0,0135692656040192
42,344976	0,011580765247345
42,446546	0,0105060636997223
42,546570	0,0100239813327789
42,647292	0,0103359818458557
42,747887	0,0115993618965149
42,849786	0,0135473310947418
42,951079	0,0154583156108856
43,051635	0,0178109705448151
43,151986	0,0194821059703827
43,252743	0,0208523273468018
43,353067	0,0214009284973145
43,453475	0,0210632085800171
43,554503	0,019827276468277
43,656248	0,0179361999034882
43,756981	0,0159889459609985
43,857578	0,013668954372406
43,959123	0,0117438137531281
44,060928	0,0106146633625031
44,162590	0,0101373493671417
44,263426	0,0104960501194
44,364862	0,0116846859455109
44,465602	0,0136451125144958
44,566022	0,0155641436576843
44,666849	0,0178223848342896
44,767397	0,0197787582874298
44,868357	0,0208732187747955
44,970079	0,021314948797226
45,070141	0,0208817720413208
45,170838	0,0197678506374359
45,272307	0,0178209543228149
45,373428	0,0155612826347351
45,474009	0,0136150717735291
45,574143	0,0119459629058838
45,675725	0,0106175243854523
45,777003	0,0101135075092316
45,878317	0,0104712843894958
45,979089	0,011765718460083
46,080154	0,0136832594871521
46,180868	0,0155932307243347
46,282533	0,0179104804992676
46,383207	0,0197897255420685
46,483611	0,0208874642848969
46,583765	0,0213933289051056
46,683897	0,020863264799118
46,785229	0,019799679517746
46,886621	0,0178614556789398
46,987500	0,0155159831047058
47,087907	0,0136436820030212
47,187989	0,0120064914226532
47,288622	0,0106061100959778
47,388917	0,0101811587810516
47,489105	0,0105098485946655
47,589252	0,0117242634296417
47,689848	0,0137166380882263
47,790076	0,0156185030937195
47,890538	0,0178838074207306
47,991086	0,0195643603801727
48,092115	0,0208708345890045
48,192529	0,0213377475738525
48,292807	0,0209971964359283
48,393484	0,0196855962276459
48,494078	0,0181432962417603
48,595726	0,0159298181533813
48,696478	0,0135997831821442
48,798302	0,0119812190532684
48,899997	0,0106394588947296
49,000964	0,0101335346698761
49,101391	0,0105503499507904
49,202336	0,0118186473846436
49,304124	0,0137486159801483
49,406141	0,015727698802948
49,506599	0,0179999768733978
49,607528	0,0198743343353271
49,708883	0,020929753780365
49,810698	0,0213192403316498
49,910873	0,0207900702953339
50,012179	0,0197417140007019
50,113065	0,0181123316287994
50,213421	0,0154659450054169
50,314044	0,0135540068149567
50,414782	0,0118649005889893
50,515491	0,0105551183223724
50,615612	0,0101511478424072
50,715678	0,0105146169662476
50,816925	0,0118153095245361
50,918274	0,0137662589550018
51,018948	0,0156132578849792
51,119614	0,0178995132446289
51,219919	0,0197611749172211
51,320519	0,0207967162132263
51,422482	0,0212541520595551
51,523325	0,020685076713562
51,624171	0,0195049345493317
51,725829	0,0179095268249512
51,826863	0,0152442157268524
51,928830	0,013388991355896
52,030465	0,0118134021759033
52,131211	0,0103802680969238
52,232926	0,0101197063922882
52,333761	0,0105718076229095
52,434323	0,0121247470378876
52,534572	0,0138344466686249
52,635585	0,0157949030399323
52,736410	0,01805379986763
52,838390	0,0199346840381622
52,939161	0,0209159851074219
53,040405	0,0212798118591309
53,140862	0,0207003057003021
53,241214	0,0196271240711212
53,341534	0,0180190205574036
53,443487	0,0153791606426239
53,544036	0,0134953558444977
53,644897	0,011824369430542
53,746488	0,0104660391807556
53,847795	0,0102059245109558
53,948514	0,0106189548969269
54,049848	0,0119578540325165
54,151372	0,0139350891113281
54,252163	0,015813022851944
54,352324	0,0181151926517487
54,454044	0,0199632346630096
54,555022	0,0209625065326691
54,655207	0,0213766992092133
54,755883	0,0207435190677643
54,856350	0,0195653140544891
54,957041	0,0176523923873901
55,057336	0,0153400599956512
55,158041	0,0135029852390289
55,259807	0,0119287967681885
55,360194	0,0104908049106598
55,460988	0,0102530717849731
55,561797	0,0107014179229736
55,662380	0,0120093524456024
55,762852	0,0140147507190704
55,863119	0,0159188508987427
55,963867	0,0180885493755341
56,064030	0,0199247300624847
56,164658	0,0209192931652069
56,265170	0,0212441682815552
56,366470	0,0206475555896759
56,466968	0,0194397866725922
56,567554	0,0177633464336395
56,667880	0,0151555240154266
56,768307	0,0132621228694916
56,870194	0,0117042362689972
56,972077	0,0104874670505524
57,073514	0,0101406872272491
57,174397	0,0105741918087006
57,276074	0,011953592300415
57,377574	0,0139527320861816
57,478727	0,0158807337284088
57,580661	0,0181818306446075
57,680732	0,0199869871139526
57,780845	0,0209587216377258
57,881829	0,021323025226593
57,982014	0,0206679701805115
58,082958	0,0195824205875397
58,184460	0,0176143050193787
58,284900	0,0152828395366669
58,385380	0,0133856534957886
58,486092	0,0115149617195129
58,586406	0,010488897562027
58,687408	0,0101940035820007
58,788054	0,01070237159729
58,889087	0,0120269954204559
58,990179	0,0140486061573029
59,091284	0,0158912241458893
59,191877	0,0181237459182739
59,292528	0,0200003087520599
59,392840	0,0210190415382385
59,492948	0,0213676691055298
59,594416	0,0207487642765045
59,696167	0,019496351480484
59,797813	0,0175166428089142
59,898705	0,0152265727519989
59,999034	0,0133789777755737
60,099224	0,0118482112884521
60,199227	0,0106246769428253
60,299228	0,0102688074111938
60,399866	0,0106971263885498
60,500575	0,0120722949504852
60,600620	0,0140734016895294
60,700762	0,0160447061061859
60,801377	0,017972856760025
60,902124	0,0201305449008942
61,002156	0,0211069285869598
61,102221	0,0214417278766632
61,202735	0,0207758247852325
61,303104	0,0196371078491211
61,403985	0,0179909467697144
61,504506	0,0156871676445007
61,605082	0,0134409666061401
61,705650	0,0118653774261475
61,806452	0,0106303989887238
61,908096	0,010346919298172
62,008314	0,0108090937137604
62,108844	0,0118882656097412
62,209395	0,0142207741737366
62,310513	0,0161186158657074
62,410663	0,0180342495441437
62,511990	0,0199727118015289
62,612833	0,0211577415466309
62,714561	0,0214859247207642
62,814886	0,0210128724575043
62,916886	0,0195909738540649
63,017774	0,0179537832736969
63,118399	0,0156709551811218
63,219101	0,0133956670761108
63,319737	0,0118448734283447
63,420882	0,0107890665531158
63,522242	0,0103331208229065
63,622882	0,0108438730239868
63,724364	0,0119354724884033
63,826151	0,0142202973365784
63,926447	0,0161677002906799
64,027306	0,0180390179157257
64,129026	0,0201566815376282
64,229700	0,0211235284805298
64,330777	0,0214227735996246
64,432494	0,0208964943885803
64,532846	0,0195039808750153
64,633957	0,0178081095218658
64,734199	0,0155064463615417
64,834412	0,0132597386837006
64,935353	0,0116908848285675
65,035406	0,010515570640564
65,135505	0,0102492868900299
65,236188	0,0107509791851044
65,337960	0,0118725299835205
65,438243	0,0142369866371155
65,540080	0,0161462426185608
65,640348	0,0180533230304718
65,741246	0,0202046930789948
65,842428	0,0211211740970612
65,942430	0,0214275121688843
66,044176	0,0208884179592133
66,144684	0,0194835364818573
66,245352	0,0178399980068207
66,346594	0,0155302882194519
66,448028	0,01326784491539
66,548346	0,0117214024066925
66,649827	0,0105279684066772
66,750325	0,010240226984024
66,850643	0,010781466960907
66,951195	0,0119016170501709
67,051210	0,014226496219635
67,151364	0,016179621219635
67,251808	0,0180385410785675
67,352406	0,0199285447597504
67,452903	0,0211083292961121
67,554432	0,0213899910449982
67,655254	0,0208703875541687
67,755452	0,0194911360740662
67,856600	0,0178247690200806
67,956602	0,0159426927566528
68,057319	0,0133169591426849
68,157441	0,0117738246917725
68,257445	0,0107609629631042
68,359124	0,0103674232959747
68,460232	0,0108958184719086
68,561214	0,0120422542095184
68,662696	0,014373391866684
68,763821	0,0162944793701172
68,864649	0,0181808769702911
68,964991	0,0200383365154266
69,066653	0,0211890637874603
69,167180	0,0214730799198151
69,267191	0,0210570394992828
69,368073	0,0195044577121735
69,468671	0,0178461968898773
69,570037	0,0159326791763306
69,670325	0,0133298337459564
69,771812	0,0118067264556885
69,872778	0,0107890665531158
69,973561	0,0104507803916931
70,073640	0,0109858810901642
70,174535	0,0121175944805145
70,276231	0,0141101181507111
70,377134	0,0163874328136444
70,477173	0,018240362405777
70,577886	0,0200873017311096
70,678957	0,0211957395076752
70,779048	0,0214493274688721
70,880431	0,0210066735744476
70,980636	0,0194022059440613
71,081463	0,0177104771137238
71,183111	0,0158196985721588
71,283417	0,0132096707820892
71,384586	0,0117480754852295
71,485122	0,0107428729534149
71,585153	0,0104483962059021
71,685734	0,0109906494617462
71,786067	0,0121357142925262
71,886430	0,0141320824623108
71,987724	0,0164136588573456
72,087765	0,0183084607124329
72,187856	0,0198847949504852
72,288622	0,0212208926677704
72,388835	0,0214142203330994
72,489734	0,0209634602069855
72,591010	0,0193223059177399
72,691127	0,0176528692245483
72,791173	0,0157772600650787
72,892024	0,0135230123996735
72,992249	0,0116842091083527
73,093228	0,0106504261493683
73,194550	0,0103102624416351
73,294738	0,0109558701515198
73,394743	0,0120980441570282
73,495979	0,0140753090381622
73,597175	0,0163507461547852
73,698265	0,01824751496315
73,799009	0,019832968711853
73,899377	0,0210290253162384
74,000207	0,0213752686977386
74,100985	0,0209383070468903
74,201067	0,0195800364017487
74,302082	0,0175738036632538
74,402500	0,0156704783439636
74,502918	0,0134299993515015
74,603030	0,0116236507892609
74,703045	0,0106413662433624
74,805145	0,0102726221084595
74,907114	0,0109125077724457
75,007636	0,0120904147624969
75,107999	0,0137161612510681
75,208072	0,0164160430431366
75,309091	0,0182384848594666
75,411037	0,019778311252594
75,511336	0,0210252106189728
75,611568	0,0213482081890106
75,711648	0,0208998322486877
75,813237	0,0195714831352234
75,914413	0,0175747573375702
76,015082	0,0157148241996765
76,115970	0,0135177671909332
76,216174	0,0119664371013641
76,317850	0,0107352435588837
76,418288	0,0104112327098846
76,518652	0,0108577013015747
76,618684	0,0122191607952118
76,720025	0,0138759613037109
76,820452	0,0161319375038147
76,920482	0,0183603465557098
77,021230	0,0198795795440674
77,122246	0,0210522711277008
77,222593	0,0213477313518524
77,322811	0,0208760797977448
77,424258	0,019544392824173
77,524604	0,0179423689842224
77,625775	0,0157033801078796
77,727737	0,0134619474411011
77,827980	0,0118935108184814
77,928302	0,010671854019165
78,029594	0,0103778839111328
78,130878	0,0108886659145355
78,231679	0,0122863948345184
78,332256	0,0139074325561523
78,432616	0,0161433815956116
78,532987	0,018321305513382
78,634579	0,0197231471538544
78,734965	0,0209283232688904
78,836606	0,0211781561374664
78,936817	0,0207416117191315
79,036997	0,0194131433963776
79,138861	0,0177428722381592
79,239022	0,0154478251934052
79,340054	0,0132411420345306
79,441563	0,0116651356220245
79,542078	0,0104455649852753
79,642087	0,0101592242717743
79,742530	0,0106456577777863
79,843847	0,0120465457439423
79,945615	0,013727605342865
80,046428	0,0159536600112915
80,147851	0,0181642472743988
80,248986	0,0196965336799622
80,349121	0,0208442509174347
80,450830	0,0211434662342072
80,551308	0,0206470787525177
80,652007	0,0192476511001587
80,753030	0,0172789692878723
80,853177	0,015419214963913
80,954017	0,0135363638401031
81,054947	0,0114444196224213
81,155754	0,0105236768722534
81,257244	0,0102449953556061
81,357350	0,0108338594436646
81,457433	0,012214869260788
81,557973	0,0138139426708221
81,658451	0,0161309838294983
81,760401	0,018293708562851
81,862128	0,0198015868663788
81,962731	0,0210014581680298
82,063649	0,0212237536907196
82,164353	0,020711213350296
82,264613	0,0193479955196381
82,365285	0,0173247158527374
82,466106	0,0154749751091003
82,567035	0,0136508345603943
82,667158	0,0117357075214386
82,767850	0,0106061100959778
82,868598	0,0103526413440704
82,969109	0,0108900964260101
83,070910	0,0123359858989716
83,171308	0,0139741897583008
83,272033	0,0161882042884827
83,372785	0,0183879435062408
83,473359	0,0198258459568024
83,573472	0,0209197700023651
83,674324	0,0212251842021942
83,774632	0,0206703543663025
83,875642	0,0192709565162659
83,976229	0,0176152288913727
84,076797	0,0153329074382782
84,178228	0,0134815275669098
84,278338	0,0116846859455109
84,379951	0,0105412900447845
84,480660	0,0103169083595276
84,581465	0,0109125077724457
84,682280	0,012275904417038
84,782971	0,0139017105102539
84,883887	0,016172468662262
84,984102	0,0179990231990814
85,084586	0,0198229849338531
85,185181	0,0209335386753082
85,286521	0,0211491882801056
85,386566	0,0205990970134735
85,488078	0,019465446472168
85,588513	0,0175061821937561
85,688679	0,0153100192546844
85,790032	0,0135058462619781
85,890460	0,0116608440876007
85,991114	0,0105994343757629
86,091650	0,0103664696216583
86,192595	0,0109330117702484
86,294039	0,0120942294597626
86,394875	0,0140304863452911
86,494999	0,0162864029407501
86,595463	0,0181437730789185
86,696435	0,0199194848537445
86,798406	0,0209938585758209
86,899562	0,0212303996086121
87,000327	0,0206185877323151
87,101160	0,0194692611694336
87,201639	0,0175571143627167
87,301845	0,0152818858623505
87,402370	0,0134562253952026
87,502631	0,0116622745990753
87,602879	0,0106794834136963
87,703905	0,0103216767311096
87,803974	0,010929673910141
87,904000	0,0120222270488739
88,004677	0,0139617919921875
88,105524	0,0161948800086975
88,206356	0,017975240945816
88,306968	0,01975217461586
88,408526	0,0206993520259857
88,508779	0,0209971964359283
88,609195	0,0205696225166321
88,709884	0,0192833244800568
88,809930	0,01732137799263
88,910929	0,0155121684074402
89,011247	0,013319343328476
89,111591	0,0115306973457336
89,212191	0,0105813443660736
89,313643	0,0102602243423462
89,414801	0,0108762979507446
89,516091	0,0120775401592255
89,616873	0,0140285789966583
89,716958	0,0162568390369415
89,817034	0,0180461704730988
89,918046	0,0195334255695343
90,018497	0,0207036435604095
90,118672	0,0210465788841248
90,219649	0,0206223726272583
90,320086	0,0193061530590057
90,420294	0,01739901304245
90,520840	0,0155207514762878
90,620902	0,0136870741844177
90,721673	0,0116117298603058
90,822308	0,0106656551361084
90,922918	0,0103626549243927
91,023470	0,0110345184803009
91,124411	0,0121791064739227
91,226050	0,0137715041637421
91,327421	0,0159975290298462
91,428244	0,0181361436843872
91,528812	0,0196784734725952
91,629026	0,0208361744880676
91,729765	0,0210945606231689
91,830156	0,0206409096717834
91,930703	0,0195757746696472
92,030756	0,0173437595367432
92,131692	0,0155221819877625
92,232988	0,0136875510215759
92,333235	0,0115736126899719
92,434763	0,0106947422027588
92,535574	0,010373592376709
92,636079	0,0110502243041992
92,736805	0,012226790189743
92,836818	0,0138220489025116
92,937575	0,0160413682460785
93,038053	0,0182284712791443
93,138589	0,0197031795978546
93,240476	0,0207211971282959
93,341467	0,0211767256259918
93,442151	0,0206855535507202
93,542543	0,0196504294872284
93,643754	0,0174533128738403
93,745572	0,0155898928642273
93,845872	0,0137896239757538
93,946728	0,0117104351520538
94,047821	0,0108024179935455
94,149625	0,0105236768722534
94,249901	0,0110392868518829
94,350588	0,0123622119426727
94,451079	0,0139827728271484
94,551972	0,016202986240387
94,653010	0,0183341801166534
94,753601	0,0198443830013275
94,855277	0,0208361744880676
94,956093	0,021227091550827
95,057726	0,0207539796829224
95,158358	0,0196936726570129
95,259011	0,017465204000473
95,360889	0,0156399607658386
95,461357	0,0138215720653534
95,562769	0,011734277009964
95,663247	0,0108586549758911
95,763615	0,0105522572994232
95,864055	0,0110402405261993
95,965538	0,012435644865036
96,065967	0,014041930437088
96,167288	0,0162229835987091
96,268213	0,0183917582035065
96,368483	0,0198315382003784
96,468789	0,0207891166210175
96,570125	0,0211890637874603
96,670448	0,0206413865089417
96,771789	0,0195638835430145
96,872868	0,0173332691192627
96,973016	0,0154502093791962
97,074210	0,0136513113975525
97,176015	0,0118448734283447
97,276991	0,0106609165668488
97,377967	0,0104031264781952
97,478222	0,0109396576881409
97,578802	0,0122902095317841
97,679274	0,0139279365539551
97,779729	0,0160818994045258
97,881532	0,0181908905506134
97,982335	0,0196993947029114
98,083290	0,020763486623764
98,185039	0,0209862589836121
98,285867	0,0204565525054932
98,386829	0,0190550088882446
98,487533	0,0171227157115936
98,588439	0,0153548419475555
98,688441	0,0132268369197845
98,789189	0,0118181705474854
98,889649	0,0107538104057312
98,989736	0,0104460418224335
99,090309	0,0110073387622833
99,192186	0,0124218165874481
99,292490	0,0140686333179474
99,393396	0,0163230895996094
99,495344	0,0184826552867889
99,595855	0,0199175775051117
99,696747	0,021025687456131
99,796959	0,0212294459342957
99,898456	0,0206665396690369
99,998845	0,0193460881710052
100,100248	0,0177090466022491
100,200673	0,0154702067375183
100,300819	0,0137142539024353
100,401267	0,0119354724884033
100,502057	0,0108462572097778
100,603957	0,010642796754837
100,704895	0,0111460387706757
100,805854	0,0125357806682587
100,906856	0,0141568779945374
101,007848	0,0162854492664337
101,108300	0,0184017419815063
101,209121	0,0198515355587006
101,309603	0,0208960175514221
101,409776	0,0211358964443207
101,510276	0,0206537246704102
101,610367	0,0195258259773254
101,710957	0,0176704823970795
101,811481	0,0155012011528015
101,911878	0,0137004256248474
102,011957	0,0119426250457764
102,112176	0,0108696222305298
102,212760	0,0106585323810577
102,313254	0,0111183822154999
102,414520	0,0126984119415283
102,514824	0,0143161714076996
102,615373	0,0161338448524475
102,716067	0,0185997188091278
102,816866	0,0200112462043762
102,916945	0,0209349691867828
103,017155	0,0212422907352448
103,117832	0,0206266343593597
103,218543	0,0195591151714325
103,319236	0,0176457166671753
103,420848	0,0154492557048798
103,521491	0,013664186000824
103,622235	0,0120942294597626
103,722882	0,0107719302177429
103,823285	0,0105808675289154
103,924281	0,0110016167163849
104,025782	0,0126044750213623
104,126426	0,0142012238502502
104,227498	0,0159684419631958
104,328951	0,0184588432312012
104,429871	0,0198847949504852
104,530775	0,0208228528499603
104,631553	0,021179586648941
104,731903	0,0205363929271698
104,833499	0,0193779468536377
104,935268	0,01749187707901
105,035894	0,0152637660503387
105,136280	0,0135320723056793
105,236446	0,0121104419231415
105,338118	0,0107685923576355
105,438715	0,0105532109737396
105,539734	0,0109377503395081
105,640818	0,0125410258769989
105,741219	0,0141907334327698
105,841929	0,0160985887050629
105,942342	0,0184912085533142
106,042975	0,0199651420116425
106,142997	0,0208627879619598
106,243278	0,0211358964443207
106,343792	0,0205126106739044
106,443887	0,0193484723567963
106,544596	0,0178252458572388
106,645549	0,0153033435344696
106,747420	0,0135664045810699
106,849024	0,0120274722576141
106,950663	0,0107866823673248
107,052410	0,0105217695236206
107,152931	0,0109601616859436
107,254182	0,012583464384079
107,355691	0,0142303109169006
107,456214	0,0160795152187347
107,558142	0,0181951820850372
107,659396	0,0198800563812256
107,760140	0,0207729637622833
107,861446	0,0210290253162384
107,963255	0,0203866958618164
108,064247	0,0189732015132904
108,166032	0,0173451900482178
108,266799	0,0151745975017548
108,367818	0,013414740562439
108,467967	0,0116603672504425
108,568747	0,0106651782989502
108,671113	0,0105141401290894
108,771768	0,0111589133739471
108,872598	0,0126183032989502
108,973130	0,0142150521278381
109,073820	0,0163998305797577
109,175658	0,0181894600391388
109,275829	0,0198871791362762
109,376942	0,0208879411220551
109,477953	0,0210560858249664
109,578819	0,0203795731067657
109,679229	0,0189237296581268
109,779232	0,0172761082649231
109,879786	0,0150739550590515
109,980235	0,0133432149887085
110,080813	0,0116112530231476
110,181342	0,0105960965156555
110,283150	0,0104117095470428
110,383921	0,0110878944396973
110,485003	0,0123383700847626
110,585396	0,0142999589443207
110,686391	0,0164979994297028
110,787581	0,0182056427001953
110,888265	0,0200197994709015
110,989733	0,0211144983768463
111,091142	0,0213415622711182
111,191470	0,0206133425235748
111,291903	0,019109696149826
111,392375	0,0173808932304382
111,493213	0,0151860415935516
111,593263	0,0134061574935913
111,694292	0,0116026997566223
111,794335	0,0105627477169037
111,895613	0,0103816986083984
111,996432	0,0109754204750061
112,097187	0,0120098292827606
112,197990	0,0139336585998535
112,298178	0,0161210000514984
112,399147	0,0180276036262512
112,499565	0,0197863876819611
112,601109	0,0205909907817841
112,701825	0,020856112241745
112,802694	0,0201756954193115
112,903679	0,0190317034721375
113,003795	0,0171146094799042
113,104192	0,014866054058075
113,204689	0,0130093395709991
113,305613	0,0112451612949371
113,405714	0,010315477848053
113,506593	0,00999969244003296
113,607364	0,0107047259807587
113,707809	0,0118634700775146
113,808430	0,0138244330883026
113,908674	0,0157162547111511
114,009023	0,0179047584533691
114,109555	0,0196875035762787
114,210144	0,0206309258937836
114,310554	0,0208756029605865
114,411264	0,0202151536941528
114,511874	0,0190179049968719
114,613848	0,0173766016960144
114,715452	0,0147353708744049
114,817441	0,0129363834857941
114,917995	0,0111541450023651
115,018280	0,0102387964725494
115,118949	0,00997823476791382
115,220062	0,0104274451732635
115,321519	0,0117719173431396
115,422895	0,0137066245079041
115,523858	0,0155221819877625
115,625597	0,0176981091499329
115,727236	0,0194554626941681
115,827253	0,0205216705799103
115,927780	0,0208090841770172
116,028971	0,0203139781951904
116,130261	0,0190692842006683
116,231173	0,0176509618759155
116,331190	0,0160027742385864
116,432137	0,0140824615955353
116,532361	0,0125539004802704
116,632404	0,0117066204547882
116,733461	0,0114358365535736
116,835147	0,0119898021221161
116,935529	0,0129697620868683
117,035532	0,0147115290164948
117,135971	0,0163507461547852
117,236193	0,0182437002658844
117,336893	0,0198363065719604
117,437171	0,0206579864025116
117,537692	0,0209449529647827
117,637994	0,020433247089386
117,739957	0,0194269120693207
117,840661	0,0177371501922607
117,940999	0,0161229074001312
118,041419	0,0141974091529846
118,142341	0,0128510296344757
118,242737	0,0118086338043213
118,343421	0,0115359425544739
118,444200	0,0119378566741943
118,545886	0,013111412525177
118,645917	0,0148274302482605
118,747831	0,0164560675621033
118,848407	0,0183684229850769
118,949710	0,0199042856693268
119,050357	0,0206926763057709
119,150359	0,0209786593914032
119,252123	0,0204992890357971
119,353930	0,0183831751346588
119,454516	0,0148078799247742
119,555279	0,0108024179935455
119,656256	0,0053272545337677
119,757838	-0,000114172697067261
119,858497	-0,00430735945701599
119,959998	-0,00827452540397644
120,060052	-0,0102520287036896
120,161115	-0,0110322535037994
120,262751	-0,00978705286979675
120,364017	-0,00682675838470459
120,464807	-0,00174683332443237
120,565679	0,00448745489120483
120,666910	0,0107299983501434
120,767948	0,0150753855705261
120,868275	0,0182661116123199
120,970109	0,0199461281299591
121,070503	0,018839031457901
121,171900	0,0160723626613617
121,272075	0,0109434723854065
121,372444	0,00446945428848267
121,472760	-0,000885248184204102
121,573715	-0,00656881928443909
121,674064	-0,0100303292274475
121,775053	-0,011662483215332
121,875617	-0,0105780065059662
121,975847	-0,00772038102149963
122,076409	-0,00226110219955444
122,176549	0,00308880209922791
122,277195	0,00948920845985413
122,378482	0,0151545703411102
122,479227	0,0183027684688568
122,580070	0,0197108089923859
122,681730	0,0185973346233368
122,782004	0,0154721140861511
122,882698	0,00995492935180664
122,984016	0,00344511866569519
123,085757	-0,00224488973617554
123,186696	-0,00800010561943054
123,287661	-0,0117109715938568
123,388050	-0,0129418671131134
123,488450	-0,0116681754589081
123,589481	-0,00771227478981018
123,690512	-0,00305095314979553
123,792266	0,00249463319778442
123,892632	0,00920599699020386
123,994270	0,014695793390274
124,094674	0,017998069524765
124,195213	0,0195277333259583
124,296010	0,0181885063648224
124,396784	0,0152728259563446
124,497469	0,00979205965995789
124,599160	0,00314050912857056
124,700118	-0,00230789184570313
124,801841	-0,00808045268058777
124,903702	-0,0119000673294067
125,004280	-0,0128968358039856
125,105054	-0,0120747983455658
125,205380	-0,00784662365913391
125,305947	-0,00298836827278137
125,406962	0,00237643718719482
125,507212	0,00892949104309082
125,607332	0,0145751237869263
125,708820	0,0176195204257965
125,808960	0,0190888047218323
125,910092	0,0178690552711487
126,010852	0,0147296488285065
126,111475	0,00931024551391602
126,211888	0,00281167030334473
126,312745	-0,00281018018722534
126,414734	-0,00837922096252441
126,515061	-0,0120392143726349
126,615323	-0,013152688741684
126,715727	-0,0121066272258759
126,817505	-0,00774380564689636
126,918605	-0,00296732783317566
127,020275	0,0026317834854126
127,120543	0,0102278292179108
127,222545	0,0147310793399811
127,323116	0,0179585516452789
127,423320	0,0193261206150055
127,523818	0,0179457068443298
127,625455	0,0149838328361511
127,725870	0,00940018892288208
127,825951	0,00283539295196533
127,926335	-0,00260770320892334
128,028209	-0,00841459631919861
128,128282	-0,0120515525341034
128,229089	-0,0130665004253387
128,330820	-0,0121773481369019
128,431675	-0,00781267881393433
128,532143	-0,00289806723594666
128,633026	0,00252977013587952
128,733911	0,0101663768291473
128,834456	0,0147005617618561
128,935169	0,017659068107605
129,035221	0,0191387236118317
129,136440	0,0177900195121765
129,237003	0,0146662294864655
129,337730	0,00926738977432251
129,437821	0,00271579623222351
129,538464	-0,00283980369567871
129,638848	-0,00757548213005066
129,740201	-0,0115208327770233
129,840965	-0,0130044221878052
129,941214	-0,0119138360023499
130,041953	-0,00833475589752197
130,141963	-0,00276482105255127
130,243634	0,00283727049827576
130,343834	0,00930264592170715
130,445238	0,0147868692874908
130,545911	0,017938107252121
130,646062	0,0191924870014191
130,746774	0,0177938342094421
130,848285	0,0147515833377838
130,949910	0,00915601849555969
131,050049	0,00266215205192566
131,150831	-0,00271227955818176
131,252405	-0,00757977366447449
131,354137	-0,0118468403816223
131,454543	-0,0127541720867157
131,555886	-0,0118197500705719
131,657030	-0,00723439455032349
131,758518	-0,00241956114768982
131,858692	0,00296351313591003
131,959886	0,0105594098567963
132,061182	0,0149585604667664
132,163298	0,0178681015968323
132,263845	0,019215315580368
132,364106	0,0176809430122375
132,464344	0,0144673585891724
132,565103	0,0100468397140503
132,666370	0,00235649943351746
132,766902	-0,00312021374702454
132,868566	-0,00776246190071106
132,968720	-0,0121455490589142
133,068774	-0,0130134224891663
133,169096	-0,0118325650691986
133,270607	-0,00740134716033936
133,371264	-0,00252604484558105
133,471599	0,00303944945335388
133,571991	0,00941401720046997
133,672879	0,0148946642875671
133,773463	0,0179242789745331
133,874224	0,0190159976482391
133,975344	0,0176138281822205
134,076953	0,0144301652908325
134,177155	0,00979536771774292
134,278941	0,00231379270553589
134,379933	-0,00312978029251099
134,480159	-0,00791403651237488
134,580565	-0,0120230615139008
134,680585	-0,0128916203975677
134,781545	-0,0118658244609833
134,882543	-0,00801494717597961
134,983127	-0,00240668654441833
135,084284	0,00301381945610046
135,184508	0,00962111353874207
135,286241	0,014870822429657
135,386614	0,0178100168704987
135,487238	0,0190726220607758
135,587901	0,0174194872379303
135,688067	0,0142551064491272
135,788441	0,00980156660079956
135,889689	0,00213626027107239
135,990550	-0,0031876266002655
136,090973	-0,00776293873786926
136,192954	-0,0116572678089142
136,293745	-0,0127162635326385
136,394144	-0,0115284323692322
136,495297	-0,00785714387893677
136,596561	-0,00205495953559875
136,698532	0,00339436531066895
136,798594	0,00976347923278809
136,899939	0,0151526629924774
137,000579	0,0179781019687653
137,101884	0,0189936459064484
137,203575	0,0174604654312134
137,304217	0,0141449570655823
137,404542	0,00951781868934631
137,505294	0,00203987956047058
137,606120	-0,00343087315559387
137,706449	-0,00809863209724426
137,807963	-0,0120994746685028
137,908466	-0,0129139125347137
138,008504	-0,0116848051548004
138,110047	-0,0077710747718811
138,211821	-0,00213465094566345
138,313601	0,00335118174552917
138,414134	0,00985729694366455
138,515141	0,01500004529953
138,616031	0,0178947448730469
138,717829	0,0189636945724487
138,819627	0,0171832144260406
138,920196	0,013979434967041
139,021087	0,00832873582839966
139,122756	0,00171700119972229
139,222947	-0,00356853008270264
139,324567	-0,00896358489990234
139,424646	-0,0122907757759094
139,526412	-0,0128698647022247
139,628052	-0,0111835896968842
139,729382	-0,00783804059028625
139,829769	-0,00194904208183289
139,930891	0,00451260805130005
140,032313	0,00979679822921753
140,132896	0,0151006579399109
140,234509	0,0181413888931274
140,334810	0,0188090801239014
140,436009	0,0171603560447693
140,536690	0,0129287540912628
140,637995	0,00815039873123169
140,738757	0,00165241956710815
140,840507	-0,00480535626411438
140,941573	-0,00908586382865906
141,042201	-0,0118815302848816
141,143153	-0,0129669904708862
141,243668	-0,0110893845558167
141,344790	-0,0076744556427002
141,445708	-0,00200390815734863
141,546434	0,0046464204788208
141,647677	0,00989919900894165
141,748026	0,0150167346000671
141,848780	0,0181961357593536
141,950277	0,0187410414218903
142,050357	0,0169149935245514
142,151529	0,0128419399261475
142,252406	0,00794219970703125
142,353079	0,00140497088432312
142,454375	-0,00384154915809631
142,556080	-0,00921908020973206
142,657482	-0,0120016634464264
142,757884	-0,0127513408660889
142,858560	-0,0110803246498108
142,960044	-0,00760224461555481
143,060673	-0,000695258378982544
143,161037	0,00469669699668884
143,261736	0,0100058615207672
143,362530	0,0152032077312469
143,462732	0,0181661546230316
143,563038	0,0188304781913757
143,664680	0,0170221924781799
143,765831	0,0127871036529541
143,867650	0,00802871584892273
143,968389	0,00259286165237427
144,070354	-0,00481683015823364
144,171037	-0,00899559259414673
144,272837	-0,0117527544498444
144,373567	-0,0125744640827179
144,474523	-0,0107399523258209
144,576068	-0,00731906294822693
144,677912	-0,000491976737976074
144,778129	0,005036860704422
144,879133	0,0101597011089325
144,980083	0,0152647197246552
145,080807	0,0182922780513763
145,181074	0,0187262892723083
145,281665	0,0169159471988678
145,383067	0,0127198696136475
145,483221	0,00782480835914612
145,584157	0,00136932730674744
145,686096	-0,00484603643417358
145,786375	-0,00910353660583496
145,887571	-0,011728048324585
145,987672	-0,0124079883098602
146,088830	-0,0106580257415771
146,189107	-0,00708606839179993
146,291075	-0,000249296426773071
146,391278	0,00518915057182312
146,492010	0,0104569792747498
146,592848	0,0154749751091003
146,693198	0,0183712840080261
146,793828	0,0188733041286469
146,894915	0,0174423456192017
146,995547	0,0126497745513916
147,096025	0,00787803530693054
147,198025	0,00242960453033447
147,298120	-0,00487807393074036
147,398344	-0,00899416208267212
147,498977	-0,0117370784282684
147,599448	-0,0123519897460938
147,700768	-0,0105003416538239
147,802403	-0,00706407427787781
147,902814	-0,00126442313194275
148,004203	0,00523945689201355
148,104252	0,0102921426296234
148,205033	0,015301913022995
148,305357	0,0181551873683929
148,406429	0,0184769332408905
148,506886	0,017087459564209
148,608671	0,0122863948345184
148,709524	0,00740236043930054
148,809979	0,00211533904075623
148,910596	-0,00514987111091614
149,011467	-0,00926730036735535
149,112172	-0,0117713212966919
149,212489	-0,0123406052589417
149,314158	-0,0104607939720154
149,414249	-0,00680568814277649
149,514851	-0,00105145573616028
149,615615	0,00543734431266785
149,715714	0,0106447041034698
149,816061	0,0154463946819305
149,916551	0,0182723104953766
150,017995	0,0186382830142975
150,119816	0,0165041983127594
150,220097	0,0122091472148895
150,320379	0,00733202695846558
150,420421	0,00185850262641907
150,522067	-0,00531783699989319
150,622779	-0,0093914270401001
150,722930	-0,0120254158973694
150,824873	-0,0123743116855621
150,925023	-0,0104674398899078
151,026864	-0,00693774223327637
151,127658	-0,000978589057922363
151,227977	0,00544634461402893
151,328655	0,0105513036251068
151,429591	0,0148240923881531
151,530239	0,018187552690506
151,630919	0,0184745490550995
151,731103	0,0169926583766937
151,831741	0,0120370090007782
151,931803	0,0071776807308197
152,032612	0,00188365578651428
152,132647	-0,00442740321159363
152,233880	-0,00935181975364685
152,335556	-0,0117941200733185
152,436449	-0,0124127268791199
152,537435	-0,0101862549781799
152,639147	-0,00652527809143066
152,739426	-0,0007304847240448
152,840401	0,00578281283378601
152,940984	0,010870099067688
153,042589	0,0149700045585632
153,144512	0,0183508098125458
153,244622	0,0185630619525909
153,345410	0,0168901979923248
153,445545	0,012003630399704
153,545553	0,00705322623252869
153,646420	0,0016205906867981
153,746604	-0,00547194480895996
153,847583	-0,00949501991271973
153,948124	-0,0119508802890778
154,049937	-0,0123766660690308
154,149954	-0,0101786255836487
154,250620	-0,00649991631507874
154,351523	-0,00156706571578979
154,452257	0,00590667128562927
154,552671	0,0109930336475372
154,653333	0,0151526629924774
154,755219	0,0183522403240204
154,855864	0,0185573697090149
154,957786	0,0169221162796021
155,058225	0,0118296146392822
155,158705	0,0069335401058197
155,259157	0,00154319405555725
155,360097	-0,00475654006004333
155,460210	-0,00963008403778076
155,560964	-0,0120221078395844
155,661114	-0,0125123262405396
155,762244	-0,0101514458656311
155,862734	-0,00644201040267944
155,962893	-0,0016142725944519
156,064295	0,00598782300949097
156,164490	0,0109868347644806
156,265111	0,0150572657585144
156,366881	0,0183193981647491
156,467053	0,0184521973133087
156,567770	0,0167234241962433
156,667867	0,0126016139984131
156,768500	0,00670844316482544
156,869377	0,00128859281539917
156,970237	-0,00483599305152893
157,070939	-0,00975081324577332
157,171326	-0,0120258927345276
157,272109	-0,0124805867671967
157,373941	-0,0100775361061096
157,475038	-0,00630179047584534
157,575720	-0,00143358111381531
157,676045	0,00496998429298401
157,776797	0,0111198127269745
157,877555	0,0151703059673309
157,977589	0,0180204510688782
158,078300	0,0183784067630768
158,180276	0,0166042745113373
158,281843	0,012346476316452
158,382420	0,00655224919319153
158,483916	0,00111851096153259
158,584795	-0,00506517291069031
158,685809	-0,00982809066772461
158,786324	-0,0121322572231293
158,887640	-0,0125768482685089
158,988453	-0,0099988579750061
159,088776	-0,00623956322669983
159,190595	-0,00139737129211426
159,291882	0,00615966320037842
159,392778	0,0110921859741211
159,493899	0,0151121020317078
159,594505	0,0182256400585175
159,696476	0,0182208716869354
159,797915	0,016416996717453
159,898582	0,012165755033493
160,000574	0,00627025961875916
160,101267	0,000937968492507935
160,201420	-0,00516805052757263
160,301856	-0,00996452569961548
160,402360	-0,0121702253818512
160,502376	-0,012560248374939
160,602961	-0,00999456644058228
160,704162	-0,00611180067062378
160,805473	-0,00120818614959717
160,907100	0,00632199645042419
161,007952	0,0113581418991089
161,108104	0,0153143107891083
161,208214	0,0181318521499634
161,308516	0,0183922350406647
161,408685	0,0165737867355347
161,508885	0,0122987926006317
161,609546	0,00648006796836853
161,711469	0,00107625126838684
161,811833	-0,00407156348228455
161,912625	-0,00969070196151733
162,013489	-0,0119371116161346
162,113591	-0,0122670829296112
162,214205	-0,00961959362030029
162,315119	-0,00581890344619751
162,415746	-0,000898092985153198
162,516368	0,00660637021064758
162,617013	0,0115283131599426
162,718211	0,0154783129692078
162,819000	0,0182370543479919
162,919576	0,0183498561382294
163,019909	0,0165270864963531
163,121685	0,0130632519721985
163,222401	0,00627025961875916
163,324371	0,000952214002609253
163,424800	-0,00422269105911255
163,525654	-0,00986194610595703
163,626390	-0,0119893252849579
163,727361	-0,0123462975025177
163,827638	-0,00965633988380432
163,927861	-0,00578013062477112
164,028606	-0,000908583402633667
164,129317	0,00550612807273865
164,230496	0,0115159153938293
164,332047	0,0153610408306122
164,433541	0,0180799663066864
164,534112	0,0181904137134552
164,634799	0,0162482559680939
164,736033	0,0127995014190674
164,837518	0,0060276985168457
164,938342	0,000636667013168335
165,040061	-0,00539824366569519
165,141835	-0,0100284218788147
165,242572	-0,012167364358902
165,343487	-0,0122523307800293
165,444397	-0,00970548391342163
165,545033	-0,00583711266517639
165,645670	-0,000887155532836914
165,746351	0,00547531247138977
165,846367	0,0114205777645111
165,947373	0,0152928531169891
166,049105	0,0179238021373749
166,150409	0,0180023610591888
166,250873	0,0160842835903168
166,351556	0,0117256939411163
166,452300	0,00582930445671082
166,553655	0,000522583723068237
166,654415	-0,00550785660743713
166,755390	-0,0100436806678772
166,856584	-0,0120895206928253
166,957204	-0,0121588408946991
167,057948	-0,0101214051246643
167,158039	-0,00564327836036682
167,259510	0,000309109687805176
167,361235	0,00565704703330994
167,461432	0,0115335583686829
167,562175	0,0159231424331665
167,663807	0,0179071426391602
167,764949	0,0178952217102051
167,866718	0,0158983767032623
167,967466	0,0115278363227844
168,067871	0,00561431050300598
168,168175	0,00030246376991272
168,268890	-0,00564181804656982
168,369811	-0,0101462006568909
168,470139	-0,0121089816093445
168,571075	-0,0120558142662048
168,671233	-0,00999075174331665
168,772132	-0,00544273853302002
168,872844	-0,000497698783874512
168,973946	0,00588008761405945
169,074946	0,0117442905902863
169,175097	0,0155226588249207
169,275857	0,0180147290229797
169,376559	0,0179499685764313
169,476693	0,0159121751785278
169,577014	0,0114477574825287
169,677088	0,00556117296218872
169,778483	0,000238269567489624
169,879897	-0,00571936368942261
169,981075	-0,0101481080055237
170,081775	-0,0121360719203949
170,183092	-0,0120491683483124
170,284801	-0,00992158055305481
170,386626	-0,00534990429878235
170,488543	0,000674217939376831
170,589260	0,00599637627601624
170,690516	0,0118105411529541
170,791284	0,0161462426185608
170,892388	0,0180190205574036
170,992586	0,0178937911987305
171,092880	0,0158750116825104
171,193173	0,0113972127437592
171,294236	0,00548383593559265
171,395056	0,000170260667800903
171,495213	-0,00575956702232361
171,596696	-0,00957280397415161
171,698546	-0,0120591521263123
171,799355	-0,0119361579418182
171,899979	-0,00980663299560547
172,000246	-0,00518625974655151
172,100618	0,000780671834945679
172,200717	0,00609320402145386
172,302435	0,0118763446807861
172,403131	0,0161143243312836
172,503412	0,0179590284824371
172,603487	0,017749547958374
172,704551	0,0156380534172058
172,805238	0,011102169752121
172,906978	0,00620806217193604
173,007165	-0,000167936086654663
173,108629	-0,00606107711791992
173,210604	-0,00985622406005859
173,310660	-0,0123387277126312
173,411020	-0,0121322572231293
173,511466	-0,00999552011489868
173,613373	-0,00536331534385681
173,714182	0,000627636909484863
173,815101	0,005921870470047
173,915684	0,0117094814777374
174,016546	0,0159288644790649
174,117236	0,0177761912345886
174,217552	0,0175542533397675
174,319228	0,0154463946819305
174,420008	0,010899156332016
174,521154	0,00596505403518677
174,621752	-0,000360161066055298
174,721960	-0,00622043013572693
174,822737	-0,00992682576179504
174,923385	-0,0123126208782196
175,023650	-0,0120377838611603
175,124374	-0,00987294316291809
175,225592	-0,00522881746292114
175,327337	0,000759750604629517
175,427400	0,00603577494621277
175,528290	0,0117948055267334
175,628957	0,0154511630535126
175,729763	0,0177561938762665
175,830437	0,0174790322780609
175,931706	0,0152647197246552
176,032355	0,0106837749481201
176,133888	0,0058036744594574
176,234141	-0,000515788793563843
176,335894	-0,00631853938102722
176,437149	-0,00998789072036743
176,537730	-0,0123225748538971
176,638181	-0,0119883716106415
176,738383	-0,00971835851669312
176,838739	-0,00501111149787903
176,939930	0,00106576085090637
177,040532	0,00634428858757019
177,141263	0,0120656192302704
177,242435	0,0156914591789246
177,343207	0,0179533064365387
177,444507	0,0178666710853577
177,545157	0,0154387652873993
177,645879	0,010844349861145
177,746844	0,00591331720352173
177,847223	-0,000385850667953491
177,947886	-0,00620514154434204
178,048520	-0,00984668731689453
178,149407	-0,0121161043643951
178,249781	-0,0117822289466858
178,350622	-0,00948023796081543
178,450973	-0,00475272536277771
178,551453	0,000222086906433105
178,651750	0,00652945041656494
178,752326	0,0122091472148895
178,854008	0,0157572329044342
178,955326	0,0179709494113922
179,056088	0,0178466737270355
179,156858	0,0153295695781708
179,256877	0,0107052326202393
179,357592	0,00574436783790588
179,457595	-0,000552445650100708
179,558304	-0,00629416108131409
179,658927	-0,00986671447753906
179,759050	-0,0120686590671539
179,859790	-0,0119147896766663
179,960019	-0,00931218266487122
180,060687	-0,00455227494239807
180,161489	0,000430375337600708
180,262431	0,00673267245292664
180,363389	0,011555016040802
180,463759	0,0159036219120026
180,564540	0,0180495083332062
180,665244	0,0178423821926117
180,767219	0,0152609050273895
180,868883	0,0105837285518646
180,969021	0,00561907887458801
181,069633	-0,00068238377571106
181,171022	-0,00640517473220825
181,271573	-0,00996115803718567
181,372263	-0,0121009051799774
181,473644	-0,0116296708583832
181,574289	-0,00925585627555847
181,674430	-0,00447908043861389
181,775587	0,000538259744644165
181,877347	0,00682622194290161
181,977521	0,0116207897663116
182,078295	0,0159040987491608
182,180069	0,017972856760025
182,281253	0,017747163772583
182,381933	0,0151297748088837
182,483209	0,0104312598705292
182,583931	0,00548431277275085
182,684379	-0,000808566808700562
182,784433	-0,00565332174301147
182,885087	-0,0100527405738831
182,986426	-0,0121773481369019
183,086641	-0,011908620595932
183,186975	-0,00921335816383362
183,287487	-0,0053020715713501
183,388186	0,00064048171043396
183,489618	0,00691118836402893
183,591397	0,0116336643695831
183,692532	0,0159098207950592
183,794228	0,0179290473461151
183,895174	0,0176633298397064
183,995349	0,0150496363639832
184,096080	0,0103007256984711
184,197242	0,00537613034248352
184,298951	-0,00091475248336792
184,399778	-0,00661095976829529
184,499902	-0,0100522637367249
184,600313	-0,0120923817157745
184,700576	-0,0115113258361816
184,801300	-0,00909304618835449
184,902423	-0,00523790717124939
185,002643	0,000637143850326538
185,104170	0,00690123438835144
185,204392	0,0115721821784973
185,306026	0,0157372355461121
185,407773	0,0177299976348877
185,507882	0,0173704326152802
185,609552	0,0146915018558502
185,711379	0,00991585850715637
185,812036	0,0049106776714325
185,913904	-0,00131112337112427
186,014798	-0,00691047310829163
186,116092	-0,010322093963623
186,217526	-0,0121445953845978
186,318246	-0,0116325318813324
186,419731	-0,00917324423789978
186,520728	-0,00521305203437805
186,621307	0,00175687670707703
186,722113	0,00693732500076294
186,822869	0,011640340089798
186,923900	0,0162754356861115
187,024489	0,0177538096904755
187,126445	0,0173937678337097
187,227491	0,0146819651126862
187,328167	0,00990492105484009
187,430144	0,00499275326728821
187,530938	-0,00124821066856384
187,631403	-0,00682532787322998
187,731582	-0,010232001543045
187,832310	-0,0121792554855347
187,932992	-0,0114727914333344
188,033540	-0,0089741051197052
188,134390	-0,00503936409950256
188,234804	0,00195536017417908
188,335766	0,00715011358261108
188,436667	0,0117723941802979
188,537698	0,0164036452770233
188,638546	0,0177666842937469
188,738891	0,0173690021038055
188,839497	0,0146543085575104
188,940560	0,00986397266387939
189,040821	0,00492915511131287
189,140904	-0,000262618064880371
189,241427	-0,00683727860450745
189,342362	-0,0102010369300842
189,442524	-0,0119304656982422
189,544105	-0,0113453567028046
189,645662	-0,00875675678253174
189,747057	-0,00478145480155945
189,848078	0,00218990445137024
189,949286	0,00732016563415527
190,049716	0,0119273662567139
190,150605	0,0159794092178345
190,252041	0,0177862048149109
190,352425	0,0173537731170654
190,452642	0,0145250558853149
190,553217	0,00972491502761841
190,653820	0,00474032759666443
190,753882	-0,000454366207122803
190,855746	-0,00698655843734741
190,955941	-0,0102949440479279
191,056779	-0,0120059549808502
191,158408	-0,0113386809825897
191,258590	-0,00877919793128967
191,359333	-0,00481876730918884
191,459511	0,00218084454536438
191,560242	0,00730970501899719
191,660408	0,01188063621521
191,760545	0,0158993303775787
191,862157	0,0176004767417908
191,964015	0,0170950889587402
192,064358	0,0148894190788269
192,165160	0,00939875841140747
192,265381	0,00444617867469788
192,365991	-0,000710487365722656
192,466210	-0,00722435116767883
192,566468	-0,0104817450046539
192,667210	-0,0121061503887177
192,768374	-0,0113695859909058
192,869079	-0,00871899724006653
192,969225	-0,00466614961624146
193,069355	0,0012805163860321
193,169993	0,00746223330497742
193,270057	0,0120336711406708
193,370384	0,0159651041030884
193,470705	0,0176757276058197
193,571730	0,0171298682689667
193,672633	0,0148431658744812
193,773964	0,00936451554298401
193,875439	0,00438311696052551
193,975905	-0,00080379843711853
194,076313	-0,00642958283424377
194,176954	-0,0104826986789703
194,277610	-0,0120909512042999
194,379039	-0,0115812122821808
194,479715	-0,00858855247497559
194,581023	-0,00452932715415955
194,682638	0,00146859884262085
194,784509	0,00758907198905945
194,884524	0,0121261775493622
194,986309	0,0155698657035828
195,087821	0,017664760351181
195,189159	0,0170988738536835
195,289959	0,0148069262504578
195,390490	0,00921788811683655
195,490796	0,00424078106880188
195,591096	-0,000960469245910645
195,692564	-0,00743865966796875
195,793189	-0,010613739490509
195,893435	-0,0121535956859589
195,994026	-0,011656790971756
196,095889	-0,00860574841499329
196,196816	-0,0045589804649353
196,296998	0,00139120221138
196,397585	0,00757530331611633
196,497787	0,0120880305767059
196,598051	0,0154983401298523
196,698680	0,0176661908626556
196,799852	0,0170426666736603
196,901398	0,0147177278995514
197,001848	0,00919505953788757
197,102183	0,00420710444450378
197,202391	-0,000925242900848389
197,302752	-0,00649562478065491
197,403495	-0,0104755461215973
197,503892	-0,0120145082473755
197,605544	-0,0114690065383911
197,705829	-0,00844231247901917
197,806202	-0,00433507561683655
197,906934	0,00163057446479797
198,007482	0,00773829221725464
198,107542	0,0122344195842743
198,207636	0,0155693888664246
198,308256	0,0175376236438751
198,408873	0,0170040726661682
198,508900	0,0146843492984772
198,610075	0,0100382566452026
198,712031	0,00417482852935791
198,812673	-0,000965237617492676
198,912933	-0,00648078322410583
199,014145	-0,010350227355957
199,115725	-0,0118055045604706
199,217177	-0,0112031102180481
199,317917	-0,00809577107429504
199,418466	-0,00401654839515686
199,519569	0,000896632671356201
199,619873	0,00703421235084534
199,721698	0,012430876493454
199,822495	0,0157148241996765
199,922564	0,01760333776474
200,022806	0,0169297456741333
200,124601	0,0145264863967896
200,225725	0,00981682538986206
200,327343	0,00390723347663879
200,428086	-0,00120627880096436
200,529386	-0,00670328736305237
200,630976	-0,0105632245540619
200,732247	-0,0120073854923248
200,832844	-0,0113506019115448
200,933252	-0,00823009014129639
201,033595	-0,00405910611152649
201,134583	0,000830560922622681
201,235256	0,00794598460197449
201,335466	0,0123293101787567
201,437260	0,0155636668205261
201,537551	0,0174709260463715
201,638371	0,0167601108551025
201,739259	0,0143280923366547
201,839646	0,00871160626411438
201,941523	0,00373551249504089
202,042133	-0,00137972831726074
202,143002	-0,00683537125587463
202,243895	-0,0106170773506165
202,344638	-0,0119788646697998
202,444646	-0,011536031961441
202,546098	-0,00804603099822998
202,646585	-0,00393572449684143
202,746737	0,00101733207702637
202,848398	0,00808718800544739
202,949153	0,0124771296977997
203,050262	0,0156938433647156
203,151351	0,017516165971756
203,253241	0,0167401134967804
203,353862	0,0142928063869476
203,455680	0,00958064198493958
203,555853	0,00369423627853394
203,656467	-0,00136497616767883
203,756698	-0,00680473446846008
203,857403	-0,0105498731136322
203,959321	-0,0118401944637299
204,060678	-0,0110784471035004
204,161459	-0,00782129168510437
204,261913	-0,00365647673606873
204,362805	0,0022900402545929
204,464451	0,00832682847976685
204,564713	0,012676477432251
204,665409	0,0158173143863678
204,766533	0,0176228582859039
204,867187	0,0167977511882782
204,968164	0,0142785012722015
205,068975	0,00956347584724426
205,170622	0,0036429762840271
205,270788	-0,00143119692802429
205,371839	-0,00677841901779175
205,471915	-0,0104927122592926
205,572746	-0,0117798745632172
205,673651	-0,0109366178512573
205,773888	-0,00767922401428223
205,874178	-0,0034911036491394
205,974493	0,00147715210914612
206,075231	0,00845000147819519
206,175940	0,012765645980835
206,276138	0,0159026682376862
206,376789	0,0175190269947052
206,476835	0,016715794801712
206,578284	0,0141864418983459
206,678778	0,00937736034393311
206,780701	0,00347074866294861
206,881560	-0,001598060131073
206,981839	-0,00619843602180481
207,082606	-0,0106194317340851
207,183026	-0,0118653476238251
207,284729	-0,0113410651683807
207,385270	-0,00766679644584656
207,486654	-0,00349682569503784
207,587169	0,00141540169715881
207,687572	0,00844666361808777
207,789027	0,0127007961273193
207,889938	0,0157743990421295
207,991136	0,0174194872379303
208,091589	0,0165022909641266
208,192782	0,0139617919921875
208,294263	0,00918266177177429
208,394853	0,00324156880378723
208,495766	-0,00181549787521362
208,596369	-0,00710234045982361
208,697497	-0,0107137560844421
208,798349	-0,0118667781352997
208,898716	-0,0109066069126129
209,000144	-0,00761514902114868
209,100605	-0,00336107611656189
209,202251	0,00157833099365234
209,303269	0,0075843334197998
209,404309	0,0128223896026611
209,504515	0,015848308801651
209,606452	0,0174037516117096
209,706884	0,0165208876132965
209,807866	0,0139179229736328
209,908397	0,00908368825912476
210,009355	0,00323066115379333
210,109910	-0,0018126368522644
210,210591	-0,00707077980041504
210,311192	-0,0105513036251068
210,412607	-0,0117318630218506
210,513116	-0,0107166171073914
210,613517	-0,00730997323989868
210,714984	-0,00310543179512024
210,815202	0,00183427333831787
210,915378	0,00786092877388
211,015759	0,0129669010639191
211,115897	0,0159827470779419
211,216184	0,0174933075904846
211,316939	0,0164455771446228
211,417423	0,0138745307922363
211,517954	0,00992920994758606
211,618398	0,00308546423912048
211,718962	-0,00187653303146362
211,819373	-0,00633242726325989
211,920638	-0,0105965733528137
212,021313	-0,0116392076015472
212,122579	-0,010978490114212
212,222696	-0,00794658064842224
212,324653	-0,00292673707008362
212,424655	0,00195440649986267
212,524958	0,00795218348503113
212,625850	0,0130918622016907
212,725854	0,0159474611282349
212,826815	0,0173266232013702
212,927104	0,0163564682006836
213,027522	0,0136608481407166
213,127727	0,0097501277923584
213,228065	0,0029606819152832
213,328107	-0,00208070874214172
213,428801	-0,00648650527000427
213,529731	-0,0102501213550568
213,630550	-0,0117332935333252
213,731054	-0,0108970701694489
213,831170	-0,00777968764305115
213,932547	-0,00277626514434814
214,033405	0,00220555067062378
214,134620	0,00715392827987671
214,236086	0,0132063329219818
214,337450	0,016153872013092
214,438242	0,0174809396266937
214,539871	0,0164417624473572
214,640878	0,0137915313243866
214,740921	0,00974491238594055
214,840969	0,00393572449684143
214,941710	-0,00203156471252441
215,042463	-0,00646355748176575
215,143797	-0,0101557374000549
215,244611	-0,0115521848201752
215,345559	-0,0108175575733185
215,447069	-0,00763142108917236
215,547724	-0,00262391567230225
215,648043	0,00228482484817505
215,748896	0,00731778144836426
215,850081	0,0132835805416107
215,951176	0,0161043107509613
216,051278	0,0174061357975006
216,153004	0,016260176897049
216,253625	0,0135444700717926
216,355131	0,00957110524177551
216,456627	0,00265598297119141
216,556796	-0,00231456756591797
216,658699	-0,0066889226436615
216,759304	-0,0104117095470428
216,860329	-0,0117456316947937
216,961094	-0,0108804404735565
217,061784	-0,00772371888160706
217,162909	-0,00265210866928101
217,264374	0,00229385495185852
217,365149	0,00817179679870605
217,465404	0,0131944119930267
217,566557	0,0159860849380493
217,667224	0,0171913206577301
217,767464	0,0160556733608246
217,867603	0,0132854878902435
217,969199	0,00921884179115295
218,069201	0,00242152810096741
218,170065	-0,00255805253982544
218,270288	-0,00694876909255981
218,370642	-0,0105170011520386
218,471344	-0,0118187963962555
218,573263	-0,0109051764011383
218,673395	-0,00828361511230469
218,773654	-0,00255805253982544
218,874620	0,00240775942802429
218,975948	0,00742611289024353
219,076780	0,0133021771907806
219,177651	0,0161024034023285
219,277755	0,0173204243183136
219,378112	0,0160485208034515
219,479233	0,0132955014705658
219,581118	0,00922694802284241
219,682786	0,00334218144416809
219,784015	-0,00258669257164001
219,884614	-0,00690999627113342
219,984651	-0,0101123452186584
220,084835	-0,0117351710796356
220,186422	-0,0108532905578613
220,287155	-0,0075816810131073
220,388168	-0,00244295597076416
220,488576	0,00250601768493652
220,589552	0,00745174288749695
220,690068	0,0133627653121948
220,790507	0,016084760427475
220,891959	0,0172280073165894
220,993322	0,0163764655590057
221,094808	0,0131366848945618
221,195628	0,00907561182975769
221,296386	0,00326484441757202
221,396618	-0,00269937515258789
221,496799	-0,00697556138038635
221,598573	-0,0104855597019196
221,699150	-0,0116995275020599
221,800070	-0,0107128024101257
221,900502	-0,00738364458084106
222,001549	-0,00229021906852722
222,102525	0,00264033675193787
222,203126	0,00759336352348328
222,305050	0,0134099721908569
222,405529	0,0161677002906799
222,506897	0,0172642171382904
222,607906	0,0163049697875977
222,708576	0,0131033062934875
222,808965	0,00902515649795532
222,909760	0,00319269299507141
223,010126	-0,00272756814956665
223,110915	-0,00701862573623657
223,211608	-0,0104726850986481
223,312441	-0,0115778744220734
223,413600	-0,0105527341365814
223,515461	-0,00713154673576355
223,615915	-0,00196906924247742
223,716635	0,00296258926391602
223,817695	0,00786471366882324
223,918159	0,0136999487876892
224,018420	0,0163531303405762
224,120106	0,017489492893219
224,220714	0,0165332853794098
224,321859	0,0132764279842377
224,422410	0,00915411114692688
224,522978	0,00329425930976868
224,624448	-0,00260338187217712
224,725291	-0,0068080723285675
224,826244	-0,0102382004261017
224,928230	-0,0113244354724884
225,029886	-0,0102920830249786
225,131102	-0,00693678855895996
225,231475	-0,00181549787521362
225,332713	0,00310823321342468
225,432832	0,0089394748210907
225,532949	0,0130723118782043
225,633090	0,016388863325119
225,733639	0,0174123346805573
225,834343	0,0163678824901581
225,935004	0,0130670666694641
226,035705	0,00896897912025452
226,136069	0,00315001606941223
226,237506	-0,00269079208374023
226,337573	-0,00688371062278748
226,438731	-0,0102825462818146
226,538924	-0,0113144516944885
226,639101	-0,0102486908435822
226,739236	-0,00755441188812256
226,840811	-0,00170961022377014
226,941327	0,00321263074874878
227,041737	0,00809431076049805
227,142589	0,0131176114082336
227,243019	0,0163721740245819
227,344878	0,0173361301422119
227,445434	0,0162825882434845
227,547188	0,0129230320453644
227,648898	0,00882291793823242
227,750091	0,00301143527030945
227,851637	-0,00283980369567871
227,952048	-0,00697505474090576
228,052613	-0,010322093963623
228,153274	-0,0113215744495392
228,254538	-0,0102134048938751
228,354585	-0,00678941607475281
228,454908	-0,00261485576629639
228,555129	0,00324395298957825
228,657013	0,00808101892471313
228,757771	0,0130322575569153
228,859730	0,016269713640213
228,960378	0,0172146558761597
229,061365	0,0161009728908539
229,162765	0,0127317905426025
229,263714	0,00765275955200195
229,364941	0,00278225541114807
229,466042	-0,00298407673835754
229,566426	-0,00713583827018738
229,667064	-0,0103974044322968
229,767227	-0,0112996995449066
229,868107	-0,0101595520973206
229,968797	-0,00663533806800842
230,069794	-0,00243866443634033
230,170768	0,00337159633636475
230,271419	0,00914889574050903
230,371522	0,0131319165229797
230,472239	0,0162735283374786
230,572814	0,0171898901462555
230,673716	0,0159898996353149
230,774664	0,0125486552715302
230,874819	0,00839099287986755
230,975075	0,0025506317615509
231,075575	-0,00321772694587708
231,176285	-0,00725880265235901
231,276398	-0,010132372379303
231,377768	-0,0113929212093353
231,478005	-0,0101624131202698
231,579592	-0,0073511004447937
231,681298	-0,00232458114624023
231,782669	0,00353527069091797
231,882781	0,00838243961334229
231,982901	0,0132754743099213
232,084736	0,0163812339305878
232,185719	0,0172127485275269
232,286028	0,0160037279129028
232,386835	0,0125620067119598
232,486879	0,00839003920555115
232,587004	0,00258335471153259
232,687053	-0,00318858027458191
232,787534	-0,00726595520973206
232,887906	-0,010043203830719
232,989169	-0,0112849473953247
233,089291	-0,010017454624176
233,191276	-0,00718894600868225
233,291464	-0,00222817063331604
233,391490	0,0035851001739502
233,492450	0,00838908553123474
233,593363	0,0132330358028412
233,693488	0,0162902176380157
233,794120	0,017116516828537
233,894787	0,0161858201026917
233,995851	0,0123445689678192
234,097368	0,0081266462802887
234,198943	0,00328904390335083
234,299920	-0,00253510475158691
234,401452	-0,0074869692325592
234,503104	-0,0102615654468536
234,604113	-0,0114509463310242
234,704132	-0,0101614594459534
234,804724	-0,00733628869056702
234,905561	-0,00234273076057434
235,006071	0,00348451733589172
235,106230	0,00828781723976135
235,207726	0,0131047368049622
235,308024	0,0161319375038147
235,408683	0,0168968737125397
235,510405	0,0155999064445496
235,611001	0,0121180713176727
235,711528	0,00794267654418945
235,812308	0,00315049290657043
235,912751	-0,00266167521476746
236,013913	-0,00755441188812256
236,114023	-0,0102734863758087
236,215975	-0,0114171504974365
236,315993	-0,0100818276405334
236,416958	-0,0072358250617981
236,518057	-0,00223389267921448
236,618395	0,00356897711753845
236,719068	0,0083329975605011
236,820906	0,0131133198738098
236,921119	0,0160804688930511
237,022808	0,0168382823467255
237,122986	0,0155155062675476
237,223246	0,0120126903057098
237,323451	0,00781434774398804
237,425147	0,00305795669555664
237,525493	-0,00269794464111328
237,626081	-0,00751566886901855
237,726498	-0,0101767182350159
237,826610	-0,0112687647342682
237,927388	-0,00986051559448242
238,027541	-0,00698462128639221
238,128106	-0,00197911262512207
238,228130	0,00381284952163696
238,328383	0,00852558016777039
238,429131	0,0125572383403778
238,530462	0,0161510109901428
238,631225	0,0168287456035614
238,732138	0,0158349573612213
238,833261	0,0126054286956787
238,934631	0,00765466690063477
239,035169	0,00287905335426331
239,135828	-0,00286319851875305
239,236453	-0,00766679644584656
239,337464	-0,0102668106555939
239,439321	-0,0113049447536469
239,540472	-0,00988057255744934
239,640488	-0,0069631040096283
239,740572	-0,00288468599319458
239,841339	0,0038047730922699
239,942160	0,00851798057556152
240,042275	0,012491911649704
240,144010	0,0160146951675415
240,244721	0,0166562497615814
240,344986	0,0155884623527527
240,445876	0,0123293101787567
240,545996	0,00737765431404114
240,646697	0,00257530808448792
240,747468	-0,00221815705299377
240,848322	-0,0079001784324646
240,949148	-0,0104836523532867
241,049822	-0,0114495158195496
241,150179	-0,00994589924812317
241,251666	-0,00699898600578308
241,352421	-0,00286418199539185
241,453192	0,00384604930877686
241,555158	0,00853464007377625
241,656480	0,0125434100627899
241,756867	0,0157005190849304
241,858195	0,0166424214839935
241,958730	0,0155918002128601
242,059429	0,0122997462749481
242,161158	0,00736483931541443
242,262879	0,00259333848953247
242,363145	-0,00308486819267273
242,463908	-0,00774142146110535
242,564304	-0,0102510750293732
242,665009	-0,0112145245075226
242,765229	-0,00963485240936279
242,865877	-0,00666835904121399
242,967524	-0,00253701210021973
243,067797	0,0041733980178833
243,169434	0,00883102416992188
243,270535	0,0127441883087158
243,371175	0,0158683359622955
243,472882	0,0166838765144348
243,573080	0,0155336260795593
243,674666	0,012196272611618
243,774897	0,00718620419502258
243,876504	0,00243768095970154
243,977509	-0,00319764018058777
244,077631	-0,00786623358726501
244,178583	-0,0103749930858612
244,278608	-0,0112459361553192
244,379447	-0,00966110825538635
244,480290	-0,00662577152252197
244,580388	-0,00244247913360596
244,682017	0,0032382607460022
244,783005	0,00886765122413635
244,883427	0,0127499103546143
244,984018	0,0157520174980164
245,084116	0,0165876150131226
245,185062	0,0154258906841278
245,285452	0,0120527446269989
245,386198	0,00711259245872498
245,486954	0,00233229994773865
245,588097	-0,002451092004776
245,688817	-0,00789490342140198
245,789003	-0,0103626251220703
245,890910	-0,0111840665340424
245,992632	-0,00948452949523926
246,092737	-0,00644534826278687
246,194222	-0,00226446986198425
246,296122	0,00346270203590393
246,396221	0,00898563861846924
246,497073	0,0128343105316162
246,597961	0,0158526003360748
246,698246	0,0165623426437378
246,799066	0,0154001414775848
246,899566	0,0120179355144501
246,999892	0,00695204734802246
247,100090	0,00219082832336426
247,200770	-0,00254514813423157
247,301866	-0,00804126262664795
247,402598	-0,0104236304759979
247,503230	-0,0112040638923645
247,604352	-0,00994494557380676
247,705029	-0,0064142644405365
247,806286	-0,00226014852523804
247,906937	0,0034123957157135
248,008934	0,00901469588279724
248,109093	0,0128219127655029
248,209773	0,015727698802948
248,310233	0,0164174735546112
248,410634	0,0151292979717255
248,512190	0,0116665661334991
248,612761	0,00664958357810974
248,714384	0,00185611844062805
248,815655	-0,00378987193107605
248,915747	-0,00831755995750427
249,016431	-0,0107594728469849
249,116664	-0,0115460157394409
249,218213	-0,0101562142372131
249,318492	-0,00663962960243225
249,419117	-0,0023866593837738
249,520954	0,00336873531341553
249,621766	0,00888955593109131
249,721889	0,0127179622650146
249,823070	0,0156394839286804
249,923277	0,0162515938282013
250,023835	0,0150377154350281
250,125177	0,0115788578987122
250,226159	0,00649052858352661
250,326674	0,00175544619560242
250,426935	-0,0029415488243103
250,527945	-0,00838446617126465
250,627982	-0,0106475651264191
250,728379	-0,0113619863986969
