0,100734	0,0152861773967743
0,200967	0,0239922106266022
0,301607	0,0315276980400085
0,402574	0,0360274612903595
0,503442	0,0382789671421051
0,604348	0,0373468101024628
0,706310	0,0338385999202728
0,806724	0,0283645391464233
0,906832	0,0187048614025116
1,007420	0,0114224851131439
1,108340	0,00488361716270447
1,208608	-0,000864297151565552
1,309402	-0,00338736176490784
1,409520	-0,00265306234359741
1,510258	0,0014989972114563
1,611878	0,00844618678092957
1,712254	0,0155202746391296
1,812914	0,0228169858455658
1,913886	0,0317036807537079
2,014088	0,0361394882202148
2,114760	0,0383720695972443
2,215721	0,0373691320419312
2,316575	0,0338205695152283
2,417294	0,0283086001873016
2,518484	0,0186192393302917
2,618963	0,0113457441329956
2,720603	0,00482621788978577
2,822357	-0,000875234603881836
2,922558	-0,0033629834651947
3,023650	-0,00260961055755615
3,124292	0,00157642364501953
3,225235	0,00849896669387817
3,326123	0,0155665278434753
3,427854	0,0242383778095245
3,528735	0,0316562354564667
3,628957	0,0360521376132965
3,729060	0,0382219851016998
3,829841	0,0371260344982147
3,930133	0,033539205789566
4,030262	0,0280350148677826
4,132194	0,0197906792163849
4,232431	0,0111097991466522
4,332461	0,00463691353797913
4,432809	-0,00100907683372498
4,533852	-0,00336727499961853
4,634731	-0,00253605842590332
4,734774	0,000778764486312866
4,835089	0,00872346758842468
4,935403	0,0157710611820221
5,036842	0,0230219960212708
5,137620	0,0318218171596527
5,238172	0,0361266732215881
5,338350	0,0382514297962189
5,438782	0,0370922982692719
5,539163	0,0334310233592987
5,640091	0,0278875529766083
5,740996	0,0196394920349121
5,841506	0,0109215676784515
5,942173	0,00449123978614807
6,043615	-0,00035586953163147
6,143883	-0,00344279408454895
6,244422	-0,00254034996032715
6,344660	0,000801593065261841
6,446534	0,00874063372612
6,547515	0,0157925188541412
6,647783	0,0229987502098083
6,748120	0,0317089259624481
6,848714	0,0360132157802582
6,949703	0,0381160974502563
7,049871	0,0373501479625702
7,149998	0,0332407653331757
7,250329	0,0276585817337036
7,350497	0,0193827152252197
7,451362	0,0107609629631042
7,551450	0,00436744093894958
7,652439	-0,000423908233642578
7,753110	-0,00324258208274841
7,853245	-0,00246110558509827
7,953657	0,000917553901672363
8,054815	0,00761616230010986
8,156654	0,0159808397293091
8,256772	0,0232122838497162
8,357357	0,0308304727077484
8,457504	0,0354070663452148
8,557577	0,0381274819374084
8,658352	0,0373154580593109
8,758989	0,0340189337730408
8,859551	0,0275343358516693
8,959930	0,0207221508026123
9,060865	0,0119931399822235
9,161863	0,00424742698669434
9,262607	-0,000537693500518799
9,362855	-0,00334626436233521
9,463067	-0,00280970335006714
9,564314	0,00101447105407715
9,665310	0,00771406292915344
9,765320	0,0146686136722565
9,865895	0,0233000516891479
9,966120	0,0308812260627747
10,066848	0,0354929864406586
10,168559	0,0381189286708832
10,269094	0,0372656285762787
10,369379	0,0339629352092743
10,469558	0,0286656320095062
10,570021	0,0206181108951569
10,670933	0,0119611918926239
10,771553	0,0053732693195343
10,872240	-0,000486284494400024
10,972558	-0,00321200489997864
11,073123	-0,00269651412963867
11,173395	0,00034669041633606
11,273396	0,00791746377944946
11,373905	0,014847457408905
11,474350	0,0220651626586914
11,576099	0,0309841334819794
11,677102	0,0355176627635956
11,777680	0,0379071235656738
11,879081	0,0375747382640839
11,979714	0,0337892472743988
12,081260	0,0284944474697113
12,181561	0,0204194784164429
12,281917	0,0117661952972412
12,382970	0,00527599453926086
12,483764	-0,000537693500518799
12,584807	-0,00318425893783569
12,685644	-0,00259432196617126
12,786612	0,000454604625701904
12,888314	0,00809526443481445
12,989820	0,0150696635246277
13,090099	0,022258847951889
13,190793	0,0311345160007477
13,291459	0,0356230437755585
13,391996	0,0379342138767242
13,493749	0,0375633537769318
13,594532	0,0337655246257782
13,695426	0,0284214317798615
13,796814	0,0203757584095001
13,897379	0,0117285549640656
13,998268	0,00520151853561401
14,098425	-0,000532448291778564
14,199291	-0,00315988063812256
14,299708	-0,00253894925117493
14,401281	0,0014386773109436
14,502912	0,00815325975418091
14,603757	0,0150772929191589
14,704097	0,0236245691776276
14,805111	0,0299431085586548
14,906275	0,0354664027690887
15,007230	0,0379190146923065
15,109172	0,0372817814350128
15,209183	0,033438116312027
15,310041	0,0281122922897339
15,410843	0,0200497210025787
15,511626	0,0114853978157043
15,611677	0,00506582856178284
15,713635	-0,000621914863586426
15,815188	-0,00313311815261841
15,917188	-0,00244057178497314
16,017588	0,00156503915786743
16,118602	0,00835248827934265
16,219557	0,0152790248394012
16,321268	0,0237972438335419
16,423040	0,0300687849521637
16,523972	0,0361413657665253
16,625420	0,0378724634647369
16,726963	0,0371744334697723
16,827228	0,0332777798175812
16,927660	0,0266558229923248
17,028848	0,0198971629142761
17,129462	0,011344313621521
17,229626	0,00384652614593506
17,329688	-0,000645756721496582
17,430997	-0,00307437777519226
17,531368	-0,00184458494186401
17,632305	0,00182193517684937
17,732572	0,00865688920021057
17,834325	0,0155832171440125
17,935502	0,0240804255008698
18,036450	0,0302755534648895
18,136784	0,0356738269329071
18,238311	0,0379726886749268
18,338857	0,0372243225574493
18,439104	0,0332692265510559
18,539323	0,0266003310680389
18,640597	0,0197345912456512
18,741477	0,0111913084983826
18,841500	0,00372222065925598
18,942421	-0,000710487365722656
19,043413	-0,00305238366127014
19,143722	-0,00176256895065308
19,245513	0,00193208456039429
19,345601	0,00750544667243958
19,446594	0,0157596170902252
19,548270	0,0242592394351959
19,648655	0,0304619371891022
19,749597	0,035808652639389
19,850014	0,038043886423111
19,951916	0,0372841358184814
20,052789	0,033277302980423
20,154689	0,0265695154666901
20,256153	0,019734114408493
20,357925	0,0111874938011169
20,458491	0,00375211238861084
20,559333	-0,000647664070129395
20,659369	-0,00294965505599976
20,760246	-0,00160616636276245
20,860619	0,00214430689811707
20,961298	0,00771975517272949
21,061895	0,0174266397953033
21,162122	0,0244309604167938
21,263872	0,0305772125720978
21,364237	0,0358978807926178
21,464993	0,0380932986736298
21,565947	0,0372523069381714
21,666862	0,0332293808460236
21,767420	0,0265249609947205
21,869315	0,0196665823459625
21,969901	0,0111765265464783
22,070251	0,00378105044364929
22,171127	-0,000537693500518799
22,272571	-0,00264301896095276
22,372756	-0,00138163566589355
22,474064	0,0023503303527832
22,574815	0,00794693827629089
22,675211	0,01760333776474
22,777202	0,0246083438396454
22,877610	0,030759334564209
22,977733	0,036566287279129
23,078938	0,0381032526493073
23,179729	0,0372062623500824
23,281089	0,0330950915813446
23,381301	0,0263836681842804
23,482734	0,0195719599723816
23,583484	0,0110898017883301
23,684433	0,00376635789871216
23,785322	-0,000530540943145752
23,885467	-0,00261914730072021
23,986211	-0,0012725293636322
24,087041	0,00250411033630371
24,188315	0,00815039873123169
24,289320	0,0178157389163971
24,389865	0,0248388350009918
24,491701	0,0309063494205475
24,593538	0,0366474390029907
24,694439	0,0381070673465729
24,795298	0,0371435880661011
24,895547	0,0330220460891724
24,997079	0,0262826979160309
25,098295	0,0194568932056427
25,198823	0,0110106766223907
25,300393	0,00370940566062927
25,401419	-0,000578612089157104
25,501947	-0,00266358256340027
25,603490	-0,0011686384677887
25,703546	0,00266358256340027
25,805289	0,00965490937232971
25,905417	0,017998069524765
26,006622	0,024923712015152
26,107664	0,0309684872627258
26,207890	0,0360483527183533
26,308405	0,0380215644836426
26,410137	0,0370476841926575
26,510803	0,03282231092453
26,610865	0,0260167121887207
26,711554	0,0191458761692047
26,813505	0,0106770992279053
26,915152	0,00343042612075806
27,017128	-0,000757128000259399
27,118997	-0,00280061364173889
27,219649	-0,0012282133102417
27,320332	0,00263938307762146
27,420723	0,00962111353874207
27,521183	0,0180371105670929
27,622250	0,0250000655651093
27,722850	0,0320618450641632
27,823758	0,0361328423023224
27,924259	0,0380814075469971
28,024774	0,0370481610298157
28,124850	0,0328047573566437
28,225871	0,0259868204593658
28,326330	0,0191197097301483
28,426632	0,0106642246246338
28,527013	0,00340956449508667
28,627874	-0,000810474157333374
28,728850	-0,00282451510429382
28,829158	-0,00123152136802673
28,929588	0,00265410542488098
29,030464	0,00966158509254456
29,130742	0,0166080892086029
29,231471	0,0249474048614502
29,331505	0,0309699177742004
29,433282	0,0359980165958405
29,534647	0,0379009544849396
29,636538	0,0368653535842896
29,736966	0,0325917303562164
29,837938	0,0257596969604492
29,938038	0,0189360976219177
30,040022	0,0105127096176147
30,140838	0,00330942869186401
30,241289	-0,000769048929214478
30,342245	-0,00271704792976379
30,443768	-0,00102192163467407
30,544048	0,00291463732719421
30,645209	0,00989729166030884
30,745988	0,0168535113334656
30,846012	0,0251958966255188
30,946733	0,0311610400676727
31,047528	0,0361599028110504
31,148435	0,0379940271377563
31,249071	0,0368606150150299
31,350266	0,0325756072998047
31,450956	0,0257051587104797
31,551322	0,0188223719596863
31,652989	0,0104593634605408
31,753138	0,00330612063407898
31,853346	-0,000760942697525024
31,954940	-0,00262677669525146
32,055544	-0,00146791338920593
32,157452	0,00301286578178406
32,257817	0,0100820958614349
32,359208	0,0170002579689026
32,461210	0,025305449962616
32,561544	0,0322568118572235
32,662010	0,0361722409725189
32,762840	0,0379479825496674
32,862871	0,0367523729801178
32,963213	0,0323474109172821
33,063567	0,0254472196102142
33,164421	0,0186035335063934
33,265009	0,0101573169231415
33,366827	0,00310158729553223
33,466928	-0,000906676054000854
33,567292	-0,00274476408958435
33,668004	-0,00147363543510437
33,769584	0,0030536949634552
33,870078	0,0101292431354523
33,970926	0,0171427130699158
34,071582	0,0254292190074921
34,172721	0,0313579142093658
34,274412	0,0363146662712097
34,374607	0,0380082726478577
34,475432	0,0368425846099854
34,577082	0,0324674248695374
34,677142	0,0254818201065063
34,777585	0,018602579832077
34,878397	0,0102454721927643
34,979297	0,0031457245349884
35,080233	-0,000799059867858887
35,180846	-0,00258859992027283
35,281563	-0,00134876370429993
35,381579	0,00327384471893311
35,481916	0,0090222954750061
35,582724	0,017258495092392
35,683007	0,0255871117115021
35,783870	0,0314712524414063
35,884091	0,0363070666790009
35,984997	0,0380139648914337
36,085776	0,0367514193058014
36,186652	0,0323203802108765
36,287256	0,0254097878932953
36,389067	0,0185102522373199
36,489346	0,0114925503730774
36,590522	0,00418195128440857
36,691535	-0,000854760408401489
36,792145	-0,00254514813423157
36,893118	-0,00123199820518494
36,993918	0,00333032011985779
37,095051	0,00915315747261047
37,195746	0,0174204409122467
37,296651	0,0256122648715973
37,397750	0,0314902365207672
37,499473	0,0362833440303802
37,600430	0,037878155708313
37,701208	0,0366540849208832
37,802191	0,0321941673755646
37,903104	0,0252253115177155
38,003963	0,0184122025966644
38,104708	0,0100896954536438
38,206402	0,00411266088485718
38,307251	-0,000735253095626831
38,407845	-0,0024171769618988
38,508476	-0,00106382369995117
38,608650	0,00361642241477966
38,709571	0,0106918811798096
38,811346	0,017610490322113
38,913332	0,0258422195911407
39,013483	0,0325532853603363
39,113871	0,0363326966762543
39,214617	0,037897139787674
39,315462	0,0364950597286224
39,415690	0,0319968461990356
39,517231	0,0263376832008362
39,617335	0,0181708931922913
39,718017	0,00993108749389648
39,818066	0,00404247641563416
39,918172	-0,000837624073028564
40,019652	-0,00233939290046692
40,120104	-0,000920474529266357
40,220179	0,00372838973999023
40,320282	0,00959491729736328
40,420639	0,0177928805351257
40,521049	0,0259341895580292
40,622042	0,0317027270793915
40,722819	0,0362961292266846
40,823036	0,0377242863178253
40,923335	0,0363507270812988
41,025235	0,0327098667621613
41,126061	0,0260247588157654
41,226948	0,0179204642772675
41,328072	0,0109573006629944
41,429860	0,00379720330238342
41,531033	-0,000906676054000854
41,631408	-0,00243818759918213
41,733010	-0,000929534435272217
41,833091	0,00386834144592285
41,933094	0,00972539186477661
42,033492	0,0179861783981323
42,133704	0,0261328518390656
42,234478	0,031781017780304
42,336322	0,0363554656505585
42,436374	0,0377456843852997
42,538044	0,036228746175766
42,638843	0,0316590964794159
42,738846	0,0259465277194977
42,839622	0,0177676379680634
42,939948	0,0108705759048462
43,040674	0,00373122096061707
43,140908	-0,000974774360656738
43,242685	-0,00234702229499817
43,342687	-0,000806182622909546
43,443243	0,00400498509407043
43,544097	0,00992587208747864
43,644461	0,0167286694049835
43,744813	0,0262357294559479
43,844991	0,0319086313247681
43,945527	0,0358347296714783
44,047400	0,0377166867256165
44,148565	0,0361950397491455
44,250017	0,0324622094631195
44,350283	0,0257454812526703
44,450985	0,0175957083702087
44,551491	0,0106656551361084
44,652831	0,00359365344047546
44,752853	-0,00105670094490051
44,853837	-0,00246396660804749
44,955182	-0,00134733319282532
45,056020	0,00399738550186157
45,156178	0,00988015532493591
45,256281	0,0167219936847687
45,356477	0,0249161124229431
45,457242	0,0318018794059753
45,559014	0,0357137024402618
45,659287	0,0375348329544067
45,760097	0,0359481871128082
45,861353	0,0322349667549133
45,962057	0,0254775583744049
46,062833	0,0173194706439972
46,163876	0,010488897562027
46,264598	0,00341382622718811
46,366458	-0,00117912888526917
46,467571	-0,00252079963684082
46,568487	-0,00139164924621582
46,668891	0,00401493906974792
46,769058	0,00994348526000977
46,869680	0,0167696475982666
46,970435	0,0249440968036652
47,071233	0,0318142175674438
47,173216	0,035637766122818
47,274927	0,0374294221401215
47,375774	0,0358404219150543
47,476861	0,0320793688297272
47,577719	0,0253519117832184
47,679635	0,0172289609909058
47,781421	0,0103797912597656
47,883274	0,00339767336845398
47,984759	-0,00113674998283386
48,086102	-0,00240334868431091
48,186450	-0,000653356313705444
48,286695	0,00425121188163757
48,388324	0,0114920735359192
48,489069	0,0183917582035065
48,590735	0,025150865316391
48,690913	0,0319351851940155
48,791286	0,0362875759601593
48,892240	0,0374830961227417
48,993914	0,0358057916164398
49,094471	0,0310856401920319
49,194633	0,0253097116947174
49,295407	0,0171465277671814
49,395464	0,0102230608463287
49,496252	0,00326436758041382
49,597072	-0,0011691153049469
49,698269	-0,00225681066513062
49,798917	-0,000459134578704834
49,899101	0,00351202487945557
49,999865	0,0105346441268921
50,100651	0,018731027841568
50,201081	0,0253775119781494
50,302836	0,0321652591228485
50,403142	0,0364385545253754
50,503987	0,037736177444458
50,604178	0,0360454916954041
50,704815	0,0321244597434998
50,805432	0,0252902805805206
50,905484	0,0171065032482147
51,006112	0,0102302134037018
51,106376	0,00335356593132019
51,208022	-0,00108098983764648
51,309517	-0,00229451060295105
51,409534	-0,000430107116699219
51,510371	0,00354859232902527
51,611208	0,0105246305465698
51,712753	0,0188076496124268
51,814489	0,0255259573459625
51,914535	0,0322791039943695
52,015640	0,0360583364963531
52,116851	0,0375794768333435
52,218579	0,0357977151870728
52,319257	0,0309419333934784
52,419346	0,025078296661377
52,520082	0,0169659554958344
52,621127	0,0101673305034637
52,721143	0,00323447585105896
52,822987	-0,00110623240470886
52,923142	-0,0022711455821991
53,024800	-0,000433444976806641
53,124877	0,00362351536750793
53,225113	0,0106237232685089
53,325997	0,0188133418560028
53,427986	0,0255325734615326
53,528643	0,032178521156311
53,628988	0,0363274812698364
53,730741	0,0374085307121277
53,832381	0,0355537235736847
53,932502	0,0306696593761444
54,033298	0,0248577892780304
54,133505	0,0166762471199036
54,235210	0,00988301634788513
54,335575	0,0031106173992157
54,436885	-0,00069001317024231
54,537670	-0,00224488973617554
54,637914	-0,000245481729507446
54,739564	0,00377345085144043
54,840090	0,0108338594436646
54,941423	0,0190764367580414
55,042239	0,0256871581077576
55,143304	0,0323801338672638
55,243886	0,0365216434001923
55,343993	0,0374698042869568
55,444267	0,0356282591819763
55,545070	0,0316510498523712
55,645527	0,0247041285037994
55,746384	0,0166390836238861
55,847229	0,00985634326934814
55,947429	0,00304561853408813
56,048385	-0,000635743141174316
56,148488	-0,00220528244972229
56,250216	-0,000208824872970581
56,350659	0,00391817092895508
56,451072	0,0109148919582367
56,551579	0,0191520750522614
56,652056	0,0258555114269257
56,752446	0,0323706567287445
56,853055	0,0359947085380554
56,953417	0,0374332368373871
57,053541	0,0354284346103668
57,153972	0,0314888060092926
57,254659	0,0246012210845947
57,355651	0,0178090631961823
57,456639	0,00972205400466919
57,556803	0,00397416949272156
57,658719	-0,000740021467208862
57,759353	-0,00214466452598572
57,859938	-0,000683814287185669
57,961433	0,00394949316978455
58,063440	0,011080265045166
58,163601	0,0179233253002167
58,264115	0,0259033739566803
58,364757	0,0325020849704742
58,466372	0,0359818637371063
58,566795	0,0373007357120514
58,668067	0,0353610217571259
58,768721	0,0312929153442383
58,868935	0,0243802070617676
58,970657	0,0177076458930969
59,072443	0,00954446196556091
59,172780	0,00286954641342163
59,274555	-0,000803321599960327
59,376387	-0,0022544264793396
59,478036	-0,000110834836959839
59,579453	0,00407898426055908
59,679740	0,0111269652843475
59,780253	0,0193874537944794
59,880522	0,0259564816951752
59,981367	0,0323915183544159
60,081989	0,0359334647655487
60,182197	0,037229984998703
60,282869	0,0357597470283508
60,383212	0,0312345921993256
60,485062	0,0242877006530762
60,585574	0,0175195038318634
60,686130	0,00951921939849854
60,787005	0,00283491611480713
60,887284	-0,000766664743423462
60,988136	-0,00202488899230957
61,090082	7,32541084289551E-5
61,191203	0,00428205728530884
61,291926	0,011429637670517
61,392176	0,0195553004741669
61,492800	0,0261243283748627
61,593531	0,0325812995433807
61,693973	0,0359657406806946
61,794667	0,037258505821228
61,894776	0,0357640087604523
61,995403	0,0310856401920319
62,097186	0,0241952240467072
62,198423	0,017436146736145
62,300178	0,00935831665992737
62,401430	0,00279837846755981
62,501951	-0,000772386789321899
62,603645	-0,00204923748970032
62,703897	0,000214487314224243
62,805633	0,00439780950546265
62,905805	0,0114544332027435
63,007527	0,0196528136730194
63,108367	0,0261304974555969
63,208763	0,0316249430179596
63,309403	0,0364129245281219
63,409579	0,0371635258197784
63,511216	0,035608321428299
63,612217	0,0299578309059143
63,713865	0,0239547193050385
63,815515	0,0172322988510132
63,915662	0,00929740071296692
64,015915	0,00271245837211609
64,116702	-0,000762373208999634
64,216948	-0,00192472338676453
64,317791	0,000253945589065552
64,418129	0,00454726815223694
64,518664	0,0117094814777374
64,619107	0,0198253691196442
64,719175	0,0264324843883514
64,819754	0,0318488478660583
64,920564	0,0360630750656128
65,021340	0,0372808277606964
65,121393	0,0356823801994324
65,223407	0,0309627950191498
65,325041	0,0240903794765472
65,425210	0,0173299312591553
65,525230	0,00933119654655457
65,626002	0,00287145376205444
65,727845	-0,000679075717926025
65,828983	-0,00182312726974487
65,929283	0,000520676374435425
66,029542	0,00473892688751221
66,129751	0,0119044780731201
66,231473	0,0186967551708221
66,333016	0,0264690220355988
66,433124	0,0319067239761353
66,534528	0,0361314117908478
66,634772	0,0371564030647278
66,735469	0,0355561077594757
66,836181	0,030831903219223
66,936571	0,0238010585308075
67,036779	0,0171103179454803
67,137912	0,0091702938079834
67,238708	0,00269350409507751
67,339496	-0,000653833150863647
67,441487	-0,00175970792770386
67,543103	0,000572025775909424
67,643461	0,00491967797279358
67,744452	0,0107571482658386
67,847152	0,0201495289802551
67,948712	0,0266582071781158
68,049227	0,0319693386554718
68,149254	0,0365036129951477
68,251136	0,0371583104133606
68,351607	0,0354383885860443
68,451921	0,0296348631381989
68,553687	0,0237085521221161
68,653690	0,0169354677200317
68,755284	0,00905752182006836
68,856030	0,0026915967464447
68,956136	-0,000718116760253906
69,057500	-0,00168004631996155
69,158637	0,000744104385375977
69,259457	0,00503593683242798
69,359846	0,0109463334083557
69,460282	0,0203576982021332
69,561805	0,0267326235771179
69,663416	0,0321182906627655
69,764113	0,0365506112575531
69,865266	0,0371103584766388
69,965434	0,0354051887989044
70,066798	0,029475063085556
70,167838	0,0234784483909607
70,268975	0,0168034732341766
70,369631	0,0088752806186676
70,469789	0,00254306197166443
70,571229	-0,000707626342773438
70,673002	-0,00171580910682678
70,773640	0,000763565301895142
70,873933	0,00511184334754944
70,974174	0,0109730362892151
71,075317	0,0204403698444366
71,175693	0,0268781781196594
71,276867	0,0321448445320129
71,377339	0,036613255739212
71,478053	0,037110835313797
71,578928	0,0353150069713593
71,678929	0,030508428812027
71,779784	0,0234722793102264
71,880322	0,0167644023895264
71,981028	0,00894472002983093
72,081138	0,0026317834854126
72,182283	-0,000648140907287598
72,283134	-0,00160425901412964
72,383365	0,000986933708190918
72,484182	0,00536000728607178
72,584809	0,0112685263156891
72,686609	0,0206266343593597
72,787864	0,0269820094108582
72,887871	0,0322520732879639
72,988539	0,0365325510501862
73,089083	0,0370035171508789
73,191058	0,0351949036121368
73,291872	0,0302575528621674
73,392770	0,0232004225254059
73,492955	0,0165175497531891
73,593635	0,00990110635757446
73,694574	0,00244954228401184
73,794928	-0,000711917877197266
73,895509	-0,00168099999427795
73,996994	0,00105437636375427
74,098711	0,00547674298286438
74,199932	0,0113676786422729
74,301314	0,020806223154068
74,401368	0,0271522104740143
74,501946	0,0323497951030731
74,603078	0,0366726219654083
74,704165	0,0370671451091766
74,804727	0,0351801812648773
74,905694	0,0302864611148834
75,005840	0,0231771767139435
75,107656	0,0164780020713806
75,208363	0,00871208310127258
75,309337	0,00246900320053101
75,409761	-0,000711917877197266
75,510607	-0,00158137083053589
75,611233	0,00108858942985535
75,712446	0,00555026531219482
75,813162	0,0114758908748627
75,914431	0,020803838968277
76,015100	0,0271185636520386
76,115951	0,0322933495044708
76,216043	0,0361133813858032
76,316734	0,0368421077728271
76,416958	0,0349599719047546
76,517745	0,0299668610095978
76,619309	0,0229119062423706
76,720220	0,0161948800086975
76,821540	0,00959682464599609
76,923479	0,00225871801376343
77,025536	-0,000872373580932617
77,126371	-0,00161570310592651
77,227725	0,00108006596565247
77,328607	0,00549855828285217
77,429712	0,0127198696136475
77,530417	0,0207815170288086
77,632169	0,0270365178585052
77,732404	0,0329826772212982
77,834028	0,0359624326229095
77,934205	0,0366047322750092
78,035810	0,034025102853775
78,137151	0,0296955704689026
78,238682	0,0225920379161835
78,340358	0,0145837366580963
78,440643	0,00823742151260376
78,541162	0,00213435292243958
78,641442	-0,000898092985153198
78,741472	-0,00152084231376648
78,842038	0,00118172168731689
78,942222	0,00569263100624084
79,043058	0,0129568874835968
79,143106	0,0196575522422791
79,243910	0,0272693336009979
79,344941	0,0331819355487823
79,445018	0,0360772907733917
79,545071	0,036687821149826
79,645088	0,03470179438591
79,746231	0,0296552777290344
79,847202	0,0225740075111389
79,948911	0,0159174203872681
80,050391	0,00821936130523682
80,150811	0,00221693515777588
80,251547	-0,000792384147644043
80,352175	-0,00137829780578613
80,452755	0,00142920017242432
80,553589	0,00595366954803467
80,654982	0,0132149159908295
80,755405	0,0199161469936371
80,856203	0,0274508893489838
80,957206	0,0324783325195313
81,058813	0,0361897945404053
81,159628	0,0367200672626495
81,260427	0,0346733331680298
81,361544	0,0296111702919006
81,463407	0,0224477648735046
81,563620	0,0158168375492096
81,665484	0,00819605588912964
81,765651	0,00217089056968689
81,866150	-0,000758558511734009
81,966520	-0,00128060579299927
82,067316	0,000817745923995972
82,168913	0,00609984993934631
82,269613	0,0133956670761108
82,370592	0,0200777947902679
82,470819	0,0276372134685516
82,571232	0,0334514379501343
82,672360	0,0362273156642914
82,773093	0,0367153286933899
82,874805	0,0346120893955231
82,976608	0,0294878780841827
83,076946	0,0224083662033081
83,178479	0,015734851360321
83,279654	0,00809192657470703
83,380491	0,00218039751052856
83,482454	-0,0010962188243866
83,582753	-0,00120249390602112
83,682988	0,00102588534355164
83,783105	0,00626549124717712
83,883874	0,0135392248630524
83,983900	0,020190417766571
84,084575	0,0276282131671906
84,185869	0,0333750247955322
84,285924	0,0361698865890503
84,387466	0,0365192592144012
84,487725	0,0337119102478027
84,589319	0,0291919708251953
84,690529	0,0219739973545074
84,791028	0,0140524208545685
84,891769	0,0078224241733551
84,992974	0,00274616479873657
85,093701	-0,000883817672729492
85,193848	-0,00125440955162048
85,295649	0,000936537981033325
85,395917	0,00629967451095581
85,496627	0,0136122107505798
85,596945	0,020283579826355
85,698331	0,0277666747570038
85,799029	0,0334030091762543
85,899156	0,0360260307788849
85,999804	0,0364171862602234
86,101148	0,0342329442501068
86,201460	0,0290269553661346
86,301612	0,0219170451164246
86,401931	0,0152227580547333
86,502670	0,00765085220336914
86,603556	0,00266310572624207
86,704626	-0,000954300165176392
86,805432	-0,00123533606529236
86,906531	0,00110951066017151
87,006780	0,006418377161026
87,108234	0,0137653052806854
87,209422	0,0204313397407532
87,310044	0,0277780294418335
87,411282	0,0334357619285583
87,511721	0,0361219346523285
87,613426	0,0363549888134003
87,714094	0,0341665148735046
87,814910	0,0289359092712402
87,916683	0,023000180721283
88,017846	0,0151192843914032
88,118496	0,00758719444274902
88,219734	0,00257200002670288
88,320797	-0,000896662473678589
88,421027	-0,00118246674537659
88,522819	0,00111520290374756
88,624741	0,00655746459960938
88,724772	0,0138435065746307
88,825201	0,020461767911911
88,926571	0,0278937220573425
89,026902	0,0334333777427673
89,127707	0,036035031080246
89,228846	0,0363284349441528
89,329493	0,033324271440506
89,429784	0,0287789404392242
89,530738	0,0229147672653198
89,631652	0,0136517882347107
89,732342	0,00751116871833801
89,832912	0,00261470675468445
89,933208	-0,000911414623260498
90,033908	-0,00109812617301941
90,134660	0,0012800395488739
90,234693	0,00662487745285034
90,336489	0,0139932930469513
90,436763	0,020608127117157
90,537632	0,0278657674789429
90,638795	0,0334386229515076
90,738959	0,0360013544559479
90,839370	0,0363194048404694
90,940563	0,0338869988918304
91,040697	0,0285637080669403
91,141170	0,0225726068019867
91,241754	0,0147735178470612
91,341811	0,00730353593826294
91,442319	0,00243291258811951
91,542385	-0,000880956649780273
91,642658	-0,0012725293636322
91,743283	0,00133323669433594
91,843476	0,00687608122825623
91,944009	0,0128419399261475
92,045193	0,0207672715187073
92,145399	0,0281644761562347
92,245939	0,032861202955246
92,346512	0,035781592130661
92,448187	0,0364936292171478
92,549731	0,0338566601276398
92,651041	0,0285921394824982
92,753237	0,0226874351501465
92,853504	0,014716774225235
92,953634	0,00735107064247131
93,054109	0,00247088074684143
93,154330	-0,000949054956436157
93,254786	-0,00116771459579468
93,356453	0,00150993466377258
93,458257	0,00695964694023132
93,559786	0,0130732655525208
93,660598	0,0209183394908905
93,761971	0,0270265638828278
93,862710	0,0329115092754364
93,964247	0,0360483527183533
94,064955	0,0363255739212036
94,165291	0,0337645709514618
94,266539	0,0282953083515167
94,366979	0,0222921073436737
94,468908	0,0144392251968384
94,569529	0,0069696307182312
94,669843	0,00217801332473755
94,771623	-0,00107049942016602
94,873127	-0,00115388631820679
94,975044	0,00139737129211426
95,076323	0,00697866082191467
95,177921	0,0143042504787445
95,278828	0,0209625065326691
95,379750	0,0271375179290771
95,481698	0,0335966050624847
95,581857	0,0360887050628662
95,682585	0,0362875759601593
95,782638	0,0328379571437836
95,884403	0,028210461139679
95,985125	0,0222009420394897
96,086575	0,0129583179950714
96,187203	0,00692164897918701
96,288080	0,00208356976509094
96,388460	-0,00120484828948975
96,489072	-0,00113198161125183
96,590794	0,00133657455444336
96,692729	0,00691643357276917
96,792843	0,0143495500087738
96,893888	0,020911693572998
96,995839	0,0281687378883362
97,096444	0,0335728824138641
97,197165	0,035917341709137
97,298267	0,0361162424087524
97,399559	0,0327454507350922
97,501550	0,0279947221279144
97,602246	0,020803838968277
97,702945	0,0129611790180206
97,803482	0,0069335401058197
97,904308	0,002256840467453
98,005323	-0,000904291868209839
98,105490	-0,000837624073028564
98,205900	0,00176212191581726
98,306536	0,00730496644973755
98,408297	0,0146199762821198
98,508922	0,0212332606315613
98,609596	0,0283171534538269
98,710055	0,0335102677345276
98,810327	0,0357986688613892
98,911806	0,0355879366397858
99,012397	0,0322999656200409
99,113176	0,0276139974594116
99,214057	0,0216392874717712
99,314190	0,013818234205246
99,415161	0,00661632418632507
99,515553	0,00192925333976746
99,617343	-0,00111290812492371
99,717514	-0,000873327255249023
99,818168	0,00173693895339966
99,918294	0,00740379095077515
100,018365	0,0148407816886902
100,120370	0,0213553309440613
100,221081	0,0274409353733063
100,321893	0,0337902009487152
100,422082	0,0360630750656128
100,523513	0,036225438117981
100,624294	0,0327610969543457
100,724675	0,0280563533306122
100,825795	0,0221629440784454
100,926505	0,0143705308437347
101,027485	0,00711068511009216
101,127800	0,00251787900924683
101,228595	-0,000578612089157104
101,330282	-0,000438183546066284
101,431366	0,00225016474723816
101,531890	0,00776112079620361
101,632880	0,0150343775749207
101,733908	0,0214692950248718
101,834362	0,0285134315490723
101,934545	0,0337603092193604
102,036247	0,0361300110816956
102,136307	0,0359676480293274
102,237883	0,0335007607936859
102,338623	0,0281108915805817
102,439664	0,0220566093921661
102,539715	0,0142708718776703
102,639896	0,00708124041557312
102,740547	0,0024685263633728
102,841200	-0,000573873519897461
102,942089	-0,000430583953857422
103,043464	0,00206741690635681
103,143822	0,00764754414558411
103,244725	0,014941394329071
103,344750	0,0214042365550995
103,446025	0,0274442732334137
103,547018	0,033695787191391
103,647360	0,0359282493591309
103,747770	0,0360511839389801
103,848332	0,0332844257354736
103,948642	0,0278444290161133
104,048845	0,0219797194004059
104,150780	0,014191210269928
104,250897	0,00701427459716797
104,350952	0,00246566534042358
104,452666	-0,00031733512878418
104,552687	-0,000424414873123169
104,653212	0,00220367312431335
104,753650	0,00665292143821716
104,854686	0,0150524973869324
104,955126	0,0215490758419037
105,055506	0,0274708271026611
105,156452	0,0337043404579163
105,257310	0,0358907282352448
105,359295	0,0358765125274658
105,460876	0,0330955684185028
105,562655	0,0276315212249756
105,663400	0,0216862857341766
105,764589	0,0139956772327423
105,864869	0,00684189796447754
105,964911	0,00224068760871887
106,065870	-0,000418215990066528
106,167850	-0,000452965497970581
106,269310	0,00217753648757935
106,371285	0,00782763957977295
106,471439	0,0151030421257019
106,572061	0,0215609669685364
106,672691	0,0275367200374603
106,773303	0,0329892933368683
106,873532	0,0358214676380157
106,975012	0,0358404219150543
107,076554	0,0329570472240448
107,176572	0,0274722576141357
107,276636	0,0216036736965179
107,376988	0,0151574313640594
107,478701	0,00678965449333191
107,578953	0,00232470035552979
107,680824	-0,000641942024230957
107,781603	-0,000288784503936768
107,881828	0,00241771340370178
107,983147	0,00693923234939575
108,083261	0,0154201686382294
108,183349	0,0218567550182343
108,284158	0,0277111828327179
108,384840	0,033183366060257
108,486131	0,0359472334384918
108,586256	0,0358798205852509
108,686694	0,033723771572113
108,788524	0,0275044739246368
108,889098	0,0215709209442139
108,989584	0,015182226896286
109,089931	0,00678965449333191
109,191728	0,00232422351837158
109,293166	-0,000238358974456787
109,393482	-0,000173181295394897
109,494414	0,00258195400238037
109,595407	0,00716200470924377
109,696960	0,0142751634120941
109,797547	0,0220053493976593
109,898309	0,0278685986995697
109,998492	0,0332289040088654
110,099230	0,035972386598587
110,199335	0,0359011888504028
110,301008	0,0329437553882599
110,402745	0,0274072587490082
110,502975	0,0214711725711823
110,603668	0,0137796103954315
110,703928	0,00680768489837646
110,805744	0,0024210512638092
110,906040	-0,000212162733078003
111,006780	-3,90112400054932E-5
111,107274	0,00262656807899475
111,207360	0,00711876153945923
111,308925	0,0141883492469788
111,409649	0,0217480361461639
111,510212	0,027498334646225
111,610930	0,0327065289020538
111,712835	0,0351664423942566
111,813447	0,0348052680492401
111,913933	0,0317179262638092
112,014895	0,0260110199451447
112,115408	0,0200183689594269
112,217363	0,0122897326946259
112,318714	0,00519865751266479
112,418743	0,000810623168945313
112,519807	-0,00166958570480347
112,620659	-0,00171342492103577
112,720794	0,00152179598808289
112,821407	0,00623559951782227
112,922334	0,0134438276290894
113,022357	0,0212142467498779
113,122918	0,0270611941814423
113,223868	0,0323587954044342
113,324789	0,0349485874176025
113,426083	0,0346296727657318
113,527782	0,0313242077827454
113,629487	0,0253941118717194
113,730725	0,0191101729869843
113,831303	0,0110907554626465
113,931412	0,00394853949546814
114,031885	-0,000441521406173706
114,133464	-0,00275719165802002
114,234213	-0,00238713622093201
114,334913	0,00136980414390564
114,435123	0,00668945908546448
114,535599	0,0147358477115631
114,637070	0,0232241451740265
114,737981	0,0295850932598114
114,838816	0,0352162718772888
114,939519	0,0377960205078125
115,041270	0,0372622907161713
115,141651	0,0334604382514954
115,243195	0,0267989933490753
115,345111	0,019832968711853
115,445280	0,0109163224697113
115,545969	0,0041278600692749
115,646143	-0,00205257534980774
115,746963	-0,00507044792175293
115,847630	-0,00468480587005615
115,947697	-0,000826179981231689
116,048963	0,00468626618385315
116,150311	0,0130394101142883
116,250546	0,0218700468540192
116,351225	0,0284527540206909
116,451316	0,0342614054679871
116,552083	0,0369142591953278
116,653203	0,0363436043262482
116,753285	0,0323934257030487
116,853511	0,0254704654216766
116,954182	0,0182018280029297
117,054616	0,0104989111423492
117,156291	0,00201994180679321
117,256672	-0,00422555208206177
117,357483	-0,00688081979751587
117,459386	-0,00646162033081055
117,560385	-0,00218284130096436
117,661775	0,00374260544776917
117,762434	0,0126183032989502
117,862545	0,0219222605228424
117,964067	0,0287585556507111
118,065110	0,0347027480602264
118,166476	0,0372661054134369
118,266608	0,0364433228969574
118,367141	0,0320903062820435
118,468727	0,0247131288051605
118,569340	0,0170693695545197
118,670089	0,00747647881507874
118,770192	0,000283420085906982
118,871605	-0,00609076023101807
118,971843	-0,00864684581756592
119,072618	-0,00791212916374207
119,173324	-0,00317755341529846
119,273644	0,00326484441757202
119,373899	0,0127007961273193
119,475215	0,022484302520752
119,575751	0,0296761393547058
119,675906	0,0350710451602936
119,777011	0,0385582149028778
119,877836	0,0377689301967621
119,978871	0,0342974960803986
120,079379	0,0272034108638763
120,179869	0,0180913805961609
120,281129	0,0100134909152985
120,381207	0,00133749842643738
120,483007	-0,00479865074157715
120,583658	-0,00715065002441406
120,685473	-0,00610223412513733
120,786544	-0,00107622146606445
120,886587	0,00545394420623779
120,986853	0,0149986147880554
121,086867	0,0247259438037872
121,188080	0,0317487418651581
121,288705	0,0377318859100342
121,390423	0,040104866027832
121,491554	0,0390540957450867
121,592159	0,035373866558075
121,692465	0,0281080305576324
121,793148	0,0189061164855957
121,893855	0,0108915269374847
121,995043	0,00235888361930847
122,096499	-0,00357091426849365
122,197810	-0,00569257140159607
122,299689	-0,00445085763931274
122,401166	0,000689893960952759
122,501257	0,00726887583732605
122,601967	0,0167291462421417
122,703745	0,0262736678123474
122,805449	0,0330979526042938
122,906869	0,0387406051158905
123,007139	0,0406792461872101
123,107553	0,0393652021884918
123,207815	0,0343131124973297
123,309440	0,0278116762638092
123,409875	0,0182522833347321
123,510271	0,0074455738067627
123,611606	-0,0014927089214325
123,711640	-0,0108718574047089
123,811699	-0,0166134536266327
123,911994	-0,0203257501125336
124,013476	-0,0203893482685089
124,113695	-0,0179151594638824
124,215489	-0,0126716792583466
124,317223	-0,00609508156776428
124,417535	-0,000464856624603271
124,518345	0,00602912902832031
124,620164	0,010515570640564
124,721651	0,0141105949878693
124,823020	0,0152275264263153
124,923221	0,0141564011573792
125,023267	0,0107304751873016
125,123953	0,00559297204017639
125,224519	0,000627636909484863
125,325090	-0,00522118806838989
125,425534	-0,00931218266487122
125,526313	-0,0125365257263184
125,626964	-0,0133487582206726
125,728133	-0,01219442486763
125,829446	-0,0088021457195282
125,930987	-0,00470489263534546
126,031450	0,000864326953887939
126,132005	0,00625506043434143
126,232998	0,0100001692771912
126,333587	0,0129134953022003
126,434563	0,0136222243309021
126,535015	0,0124470889568329
126,635108	0,00907036662101746
126,735163	0,0050373375415802
126,837140	-0,000545293092727661
126,938952	-0,00616443157196045
127,039356	-0,0107766091823578
127,141097	-0,013258308172226
127,241729	-0,0142688751220703
127,343095	-0,0129229128360748
127,443534	-0,0101848244667053
127,545191	-0,00633719563484192
127,646016	1,09374523162842E-5
127,747310	0,00443956255912781
127,847603	0,00816893577575684
127,948211	0,0111841559410095
128,048274	0,0121156871318817
128,148741	0,0110964775085449
128,248858	0,00802776217460632
128,349630	0,00339388847351074
128,449957	-0,00113341212272644
128,550740	-0,00650134682655334
128,651410	-0,0109323263168335
128,752585	-0,0133369266986847
128,853325	-0,0141771733760834
128,953490	-0,0130631625652313
129,053839	-0,00984573364257813
129,153865	-0,00582417845726013
129,255586	-0,000296890735626221
129,357756	0,00510284304618835
129,459109	0,00894185900688171
129,559417	0,0119678676128387
129,659768	0,0128424167633057
129,760926	0,0118391513824463
129,861458	0,00866404175758362
129,963207	0,00394567847251892
130,063444	-0,000560998916625977
130,163765	-0,00513219833374023
130,265091	-0,009794682264328
130,366841	-0,0127086639404297
130,467793	-0,0135395228862762
130,569278	-0,0118643939495087
130,669953	-0,00891581177711487
130,770924	-0,00489053130149841
130,871665	0,00161966681480408
130,972027	0,00611692667007446
131,073648	0,00981110334396362
131,175163	0,0126721858978271
131,275689	0,0133928060531616
131,375953	0,0121195018291473
131,477870	0,00879105925559998
131,578144	0,00387358665466309
131,678830	-0,000928580760955811
131,779499	-0,00553223490715027
131,880181	-0,0109323263168335
131,981636	-0,0132658779621124
132,082200	-0,0139714777469635
132,182804	-0,0123045444488525
132,283153	-0,00936231017112732
132,383443	-0,00525179505348206
132,484698	0,000300556421279907
132,585283	0,00569784641265869
132,686017	0,00953161716461182
132,787250	0,0123560130596161
132,887978	0,0130618214607239
132,988106	0,0118963718414307
133,088712	0,00844714045524597
133,190278	0,00361451506614685
133,291500	-0,00097048282623291
133,392263	-0,00558295845985413
133,493520	-0,0108042359352112
133,594057	-0,0130603313446045
133,694439	-0,013858437538147
133,794977	-0,0120591521263123
133,894993	-0,00908443331718445
133,995243	-0,00512117147445679
134,096302	0,00046268105506897
134,197165	0,00576144456863403
134,297886	0,00937211513519287
134,398365	0,0122248828411102
134,498796	0,0127842426300049
134,598995	0,0114958882331848
134,699839	0,00885766744613647
134,801105	0,00328999757766724
134,901792	-0,00134590268135071
135,002558	-0,00578778982162476
135,102960	-0,0104126632213593
135,203865	-0,0132360458374023
135,304138	-0,0138385593891144
135,405442	-0,0125678181648254
135,507266	-0,00911831855773926
135,608926	-0,00501829385757446
135,709112	0,000442713499069214
135,810609	0,00578945875167847
135,911267	0,00944638252258301
136,012606	0,012123316526413
136,112634	0,012772798538208
136,213840	0,0115435719490051
136,315563	0,00879910588264465
136,416044	0,00337395071983337
136,517599	-0,00118866562843323
136,617892	-0,00575092434883118
136,718216	-0,0107394754886627
136,818915	-0,0129361748695374
136,920228	-0,0135721862316132
137,020568	-0,0121004283428192
137,121413	-0,00867649912834167
137,222711	-0,00463932752609253
137,323525	0,000900417566299438
137,425412	0,00608277320861816
137,526487	0,00960823893547058
137,627132	0,0119797885417938
137,727779	0,0126726627349854
137,828579	0,0113238096237183
137,929415	0,00865641236305237
138,029583	0,00304797291755676
138,131328	-0,0014321506023407
138,231420	-0,0058567225933075
138,332007	-0,0108989775180817
138,432512	-0,0129513442516327
138,533048	-0,013469934463501
138,633334	-0,0120353996753693
138,734004	-0,00845950841903687
138,835444	-0,00435754656791687
138,936038	0,00102823972702026
139,036079	0,0062631368637085
139,136976	0,00972968339920044
139,237386	0,0119521617889404
139,337426	0,012711763381958
139,437711	0,0113328695297241
139,538073	0,00852891802787781
139,638484	0,0039086639881134
139,738561	-0,00151845812797546
139,839605	-0,00594958662986755
139,940604	-0,0102058053016663
140,042186	-0,0128172338008881
140,143983	-0,0132763087749481
140,244596	-0,0116491913795471
140,345571	-0,00813877582550049
140,445982	-0,00402036309242249
140,546156	0,000600546598434448
140,646741	0,00663486123085022
140,749032	0,0101444721221924
140,849428	0,0124218165874481
140,950202	0,0129683315753937
141,052156	0,0115736126899719
141,152164	0,00877013802528381
141,252944	0,00397652387619019
141,354462	-0,00140833854675293
141,455591	-0,00586962699890137
141,556336	-0,0102925598621368
141,656344	-0,0128177106380463
141,757074	-0,0132900476455688
141,857075	-0,0117546617984772
141,958914	-0,00809335708618164
142,060201	-0,004007488489151
142,161648	0,000529229640960693
142,263628	0,00667664408683777
142,365061	0,0101149380207062
142,466320	0,0126140117645264
142,566821	0,0130083858966827
142,667292	0,011496365070343
142,768437	0,00865879654884338
142,868844	0,00310871005058289
142,969590	-0,00151273608207703
143,070063	-0,00589883327484131
143,170142	-0,0101838707923889
143,271891	-0,0127906799316406
143,372759	-0,0131915509700775
143,472948	-0,0119874179363251
143,573790	-0,00804316997528076
143,674607	-0,0038922131061554
143,774988	0,000679910182952881
143,875613	0,00664436817169189
143,976281	0,0101254284381866
144,077228	0,0123040378093719
144,177970	0,0127913951873779
144,278605	0,0113757848739624
144,379191	0,008475661277771
144,479814	0,00368711352348328
144,579886	-0,00169768929481506
144,679994	-0,00615295767784119
144,780560	-0,0104884207248688
144,881932	-0,012937605381012
144,982316	-0,0133781135082245
145,082723	-0,0121963322162628
145,183542	-0,00807613134384155
145,283946	-0,0040079653263092
145,384731	0,000554919242858887
145,485122	0,005851149559021
145,585881	0,00998920202255249
145,686787	0,0121900737285614
145,787224	0,0128686726093292
145,888115	0,0112079977989197
145,990002	0,00839433073997498
146,090339	0,00368475914001465
146,191369	-0,00178974866867065
146,292472	-0,00610414147377014
146,394352	-0,0103535652160645
146,495828	-0,0128551423549652
146,596606	-0,0131531655788422
146,698261	-0,0119252502918243
146,799032	-0,00787532329559326
146,899076	-0,00369474291801453
146,999618	0,000814884901046753
147,100810	0,00677207112312317
147,200975	0,0101873576641083
147,301007	0,0122444331645966
147,402348	0,0127823352813721
147,503261	0,0111655592918396
147,604663	0,00818797945976257
147,705248	0,00338158011436462
147,805649	-0,00206068158149719
147,906242	-0,00654777884483337
148,006808	-0,010232001543045
148,107729	-0,0132933557033539
148,209251	-0,0137269198894501
148,309619	-0,0125056803226471
148,410494	-0,00843802094459534
148,510803	-0,00441017746925354
148,611519	0,000145524740219116
148,712860	0,00536474585533142
148,813319	0,0094444751739502
148,913460	0,0116384327411652
149,013987	0,0122382342815399
149,114793	0,0106013417243958
149,215642	0,00779673457145691
149,315649	0,00308072566986084
149,416889	-0,0022868812084198
149,517237	-0,00654825568199158
149,617816	-0,0101094841957092
149,717901	-0,0128565728664398
149,818107	-0,0133496820926666
149,918544	-0,012126088142395
150,019495	-0,00874480605125427
150,121382	-0,00388360023498535
150,221533	0,000571548938751221
150,321951	0,00572016835212708
150,423019	0,00983253121376038
150,523945	0,0118844509124756
150,624313	0,0124280154705048
150,726046	0,0111736655235291
150,826821	0,00779104232788086
150,927556	0,00391721725463867
151,028375	-0,00141549110412598
151,128979	-0,00670185685157776
151,229956	-0,0102615654468536
151,331099	-0,0129281282424927
151,431895	-0,0134519636631012
151,532829	-0,0120619833469391
151,633426	-0,00863873958587646
151,734961	-0,00378939509391785
151,836795	0,000749796628952026
151,937349	0,0058743953704834
152,038348	0,00989729166030884
152,139370	0,011977881193161
152,241265	0,0124222934246063
152,341781	0,0106780529022217
152,443344	0,00775825977325439
152,543433	0,00378912687301636
152,645178	-0,00249645113945007
152,746396	-0,00681191682815552
152,848312	-0,010405033826828
152,948631	-0,0132890939712524
153,048632	-0,0135258138179779
153,149468	-0,0122229158878326
153,250017	-0,00800970196723938
153,350777	-0,00384441018104553
153,451027	0,00065237283706665
153,551182	0,00584164261817932
153,651787	0,00987967848777771
153,751867	0,0118892192840576
153,851959	0,0124633014202118
153,952389	0,0110845565795898
154,053989	0,00770220160484314
154,154955	0,00377866625785828
154,255515	-0,00157612562179565
154,356247	-0,00681525468826294
154,456302	-0,0103211402893066
154,557433	-0,0129489898681641
154,657836	-0,0134297013282776
154,758504	-0,0120615065097809
154,859299	-0,00863778591156006
154,959906	-0,003782719373703
155,060165	0,000751703977584839
155,160461	0,00583407282829285
155,261495	0,0092526376247406
155,361722	0,011793851852417
155,461843	0,0122677981853485
155,562285	0,0108376741409302
155,663843	0,00747504830360413
155,765316	0,00353574752807617
155,866322	-0,00180166959762573
155,966776	-0,0069631040096283
156,068239	-0,0105032026767731
156,169221	-0,013053685426712
156,269237	-0,0134415328502655
156,369552	-0,0121004283428192
156,470141	-0,00863921642303467
156,570559	-0,00466325879096985
156,671660	0,000647127628326416
156,771959	0,00492441654205322
156,872281	0,00910559296607971
156,973349	0,0115755200386047
157,074055	0,0121066272258759
157,174594	0,0106775760650635
157,275245	0,00729450583457947
157,375449	0,00346317887306213
157,476052	-0,00178641080856323
157,576687	-0,00606635212898254
157,677506	-0,01022008061409
157,778331	-0,0127224028110504
157,879400	-0,0131346881389618
157,979892	-0,0115745365619659
158,079954	-0,00812539458274841
158,180366	-0,00413325428962708
158,282159	0,00118124485015869
158,383049	0,00535526871681213
158,484036	0,00946208834648132
158,584453	0,0118720531463623
158,685385	0,0122515857219696
158,785415	0,0107809603214264
158,887063	0,00804582238197327
158,987294	0,00344988703727722
159,087787	-0,00177067518234253
159,188245	-0,006034255027771
159,290151	-0,0102086365222931
159,390854	-0,0125868022441864
159,491352	-0,0129826068878174
159,591598	-0,0114295184612274
159,691606	-0,00859761238098145
159,792585	-0,00397494435310364
159,892940	0,000392317771911621
159,994448	0,00544920563697815
160,094833	0,00945544242858887
160,195149	0,0115149617195129
160,296980	0,0121099650859833
160,398557	0,0104922354221344
160,498572	0,00769218802452087
160,600048	0,0031115710735321
160,702029	-0,00215849280357361
160,802400	-0,00636449456214905
160,903878	-0,010431706905365
161,005682	-0,0128034651279449
161,105753	-0,0130802094936371
161,206441	-0,0114195346832275
161,308074	-0,00857660174369812
161,408807	-0,00382670760154724
161,509412	0,0014386773109436
161,609431	0,00556829571723938
161,710885	0,00957682728767395
161,811678	0,0118215084075928
161,911726	0,0120775401592255
162,012999	0,01046222448349
162,113000	0,00761047005653381
162,213417	0,00295689702033997
162,313425	-0,00227066874504089
162,415402	-0,00651523470878601
162,516729	-0,0105622708797455
162,617376	-0,0125711262226105
162,717743	-0,0130844712257385
162,818003	-0,011372447013855
162,918862	-0,00846287608146667
163,019377	-0,0037434995174408
163,119789	0,0015488862991333
163,220878	0,00572112202644348
163,320996	0,00964540243148804
163,422310	0,0116389095783234
163,524142	0,0121171176433563
163,624419	0,0103840827941895
163,725904	0,00758150219917297
163,826400	0,00295734405517578
163,927456	-0,00230932235717773
164,028425	-0,00645110011100769
164,130374	-0,0104707777500153
164,232640	-0,0125151872634888
164,334604	-0,0129224359989166
164,435792	-0,0111874043941498
164,535953	-0,00823727250099182
164,637207	-0,00343945622444153
164,737790	0,00176212191581726
164,838007	0,00585922598838806
164,938316	0,00979205965995789
165,038862	0,0119192600250244
165,139499	0,0121338069438934
165,240500	0,0104303061962128
165,341545	0,00683525204658508
165,443119	0,00289329886436462
165,543433	-0,00234702229499817
165,643548	-0,00730279088020325
165,744156	-0,0104970037937164
165,846089	-0,0124625563621521
165,946779	-0,0129039585590363
166,047633	-0,0111084282398224
166,148298	-0,00818610191345215
166,248331	-0,0034518837928772
166,348792	0,00181242823600769
166,448914	0,00590762495994568
166,549743	0,00975728034973145
166,650732	0,0116999447345734
166,752500	0,0120861232280731
166,853296	0,010313093662262
166,954244	0,00677540898323059
167,054819	0,00281831622123718
167,155353	-0,00152939558029175
167,256662	-0,00650709867477417
167,356701	-0,0104779303073883
167,457979	-0,0124278962612152
167,558883	-0,0127626955509186
167,659009	-0,011003702878952
167,759164	-0,00804126262664795
167,859849	-0,00326788425445557
167,959932	0,00105246901512146
168,060839	0,00598877668380737
168,161479	0,00983348488807678
168,262125	0,0116613209247589
168,363865	0,0120169818401337
168,464587	0,0102035403251648
168,565990	0,00726220011711121
168,666152	0,00261899828910828
168,767188	-0,00176113843917847
168,868084	-0,00677841901779175
168,968845	-0,0106556415557861
169,069014	-0,0125730335712433
169,170590	-0,012895405292511
169,271143	-0,0110180079936981
169,371695	-0,00804126262664795
169,472366	-0,00324401259422302
169,573662	0,00114321708679199
169,673916	0,00605431199073792
169,774316	0,00985395908355713
169,875335	0,0116913616657257
169,975814	0,0119654834270477
170,076803	0,0105498731136322
170,177621	0,00714251399040222
170,278190	0,00240728259086609
170,378916	-0,00196525454521179
170,479795	-0,00697076320648193
170,580666	-0,0109180212020874
170,680804	-0,0128091871738434
170,781322	-0,0131015479564667
170,881518	-0,0116981267929077
170,981634	-0,0082128643989563
171,082621	-0,00342658162117004
171,183150	0,000911861658096313
171,283197	0,00585258007049561
171,385235	0,00961777567863464
171,485959	0,0114162862300873
171,586365	0,0117285549640656
171,688184	0,0103021562099457
171,788838	0,00691261887550354
171,890147	0,00225445628166199
171,990227	-0,00213703513145447
172,091456	-0,00707077980041504
172,192470	-0,0103421211242676
172,292659	-0,0127096176147461
172,393245	-0,0128887891769409
172,493731	-0,0114157497882843
172,595509	-0,0079001784324646
172,696506	-0,00306671857833862
172,796979	0,00131756067276001
172,896990	0,00620380043983459
172,997189	0,00995680689811707
173,097735	0,0117385685443878
173,198290	0,0120260417461395
173,299273	0,0104512572288513
173,399930	0,00700193643569946
173,500958	0,00309306383132935
173,601841	-0,00209981203079224
173,702284	-0,00707700848579407
173,802820	-0,0104007422924042
173,903253	-0,0126778781414032
174,004308	-0,0128774344921112
174,104720	-0,0113662779331207
174,206164	-0,00776198506355286
174,307634	-0,00295013189315796
174,408524	0,00141683220863342
174,510198	0,0063224732875824
174,610283	0,00947922468185425
174,710396	0,0117509365081787
174,811271	0,0120217502117157
174,912237	0,0103126168251038
175,012433	0,00682669878005981
175,112544	0,00287333130836487
175,213081	-0,00241908431053162
175,314109	-0,00740614533424377
175,415059	-0,0107118487358093
175,515149	-0,013027161359787
175,615467	-0,0131645202636719
175,715700	-0,0116353929042816
175,815778	-0,00874099135398865
175,916095	-0,00313359498977661
176,016137	0,00125440955162048
176,117293	0,00538799166679382
176,217687	0,00938686728477478
176,318692	0,0116594135761261
176,419347	0,01192307472229
176,520117	0,0107033252716064
176,621914	0,00674930214881897
176,723319	0,00281593203544617
176,825000	-0,00152462720870972
176,926336	-0,00740805268287659
177,027998	-0,0106756389141083
177,128590	-0,0127072632312775
177,228875	-0,0131214261054993
177,330535	-0,0115707516670227
177,432380	-0,00798910856246948
177,533349	-0,00401130318641663
177,634360	0,00127339363098145
177,736219	0,00613117218017578
177,836864	0,00930407643318176
177,937230	0,0115488171577454
178,038021	0,0117809772491455
178,138334	0,0101444721221924
178,238757	0,00668281316757202
178,339733	0,00278556346893311
178,441362	-0,00237709283828735
178,542554	-0,00724682211875916
178,643142	-0,0104736387729645
178,743799	-0,0126427412033081
178,845097	-0,0128641426563263
178,945502	-0,0111236274242401
179,046972	-0,00750657916069031
179,148440	-0,00350496172904968
179,249228	0,0017051100730896
179,349258	0,006489098072052
179,451116	0,0095973014831543
179,552033	0,011703759431839
179,653562	0,0117256939411163
179,753865	0,0101235210895538
179,854427	0,00655081868171692
179,954873	0,00177115201950073
180,056435	-0,0025818943977356
180,157053	-0,00747451186180115
180,257695	-0,0111360251903534
180,359526	-0,012763649225235
180,460964	-0,0129172205924988
180,561246	-0,0111089050769806
180,662132	-0,007447749376297
180,763284	-0,00342562794685364
180,864119	0,00179296731948853
180,964309	0,00658360123634338
181,064573	0,00965204834938049
181,164861	0,0117290318012238
181,265747	0,0116927921772003
181,366299	0,0100235044956207
181,466300	0,00641551613807678
181,568260	0,00244337320327759
181,668632	-0,00275862216949463
181,769530	-0,00762519240379333
181,871517	-0,0107756555080414
181,972133	-0,0128622651100159
182,072854	-0,0129560828208923
182,174449	-0,0110922157764435
182,275896	-0,00736787915229797
182,376659	-0,00331330299377441
182,476796	0,00188320875167847
182,577620	0,00665196776390076
182,678150	0,00970682501792908
182,778592	0,0117237865924835
182,878816	0,0116298496723175
182,979329	0,00994634628295898
183,079608	0,00629350543022156
183,180510	0,00232326984405518
183,282020	-0,0028727650642395
183,382437	-0,00694015622138977
183,483213	-0,0107494592666626
183,583367	-0,0127631723880768
183,685115	-0,012791633605957
183,785526	-0,0108728110790253
183,885555	-0,0071013867855072
183,986865	-0,00307148694992065
184,087615	0,00211486220359802
184,187884	0,00610172748565674
184,288139	0,00978633761405945
184,388709	0,0116932690143585
184,490503	0,011698991060257
184,591044	0,00977301597595215
184,693003	0,00606092810630798
184,793514	0,00208926200866699
184,893600	-0,00312259793281555
184,994377	-0,00717458128929138
185,094578	-0,0109399259090424
185,195647	-0,0128996670246124
185,296611	-0,0128788352012634
185,397234	-0,0109104216098785
185,497236	-0,00789251923561096
185,598737	-0,0030972957611084
185,699632	0,00206741690635681
185,800597	0,00601252913475037
185,901336	0,00967967510223389
186,002608	0,0115287899971008
186,104661	0,0114863514900208
186,205878	0,00952446460723877
186,306764	0,0065142810344696
186,408756	0,00179484486579895
186,510201	-0,00337541103363037
186,610907	-0,00742194056510925
186,711044	-0,0111393630504608
186,812021	-0,0130162537097931
186,913336	-0,0129722058773041
187,013360	-0,0109184980392456
187,114987	-0,00707891583442688
187,215204	-0,00300890207290649
187,316149	0,00218942761421204
187,417358	0,0068737268447876
187,518910	0,00980395078659058
187,619981	0,0117008984088898
187,720516	0,011467307806015
187,822402	0,00969776511192322
187,923043	0,00669515132904053
188,023836	0,0011189877986908
188,123981	-0,00320577621459961
188,225299	-0,00720617175102234
188,325425	-0,011380523443222
188,426384	-0,0127906799316406
188,526802	-0,01268070936203
188,627001	-0,0106984972953796
188,727330	-0,00687077641487122
188,828920	-0,0028383731842041
188,929614	0,00226396322250366
189,031512	0,00689792633056641
189,132841	0,00976872444152832
189,233857	0,0115402340888977
189,335383	0,0112370848655701
189,435602	0,00937780737876892
189,535866	0,00630632042884827
189,636131	0,000745058059692383
189,737023	-0,00359338521957397
189,837911	-0,00757592916488647
189,938483	-0,0116605758666992
190,038836	-0,0130385160446167
190,140255	-0,0129286050796509
190,242286	-0,0102792084217072
190,343141	-0,00698560476303101
190,443598	-0,00289663672447205
190,545140	0,00227436423301697
190,645780	0,00685518980026245
190,746094	0,00972869992256165
190,846788	0,0113538503646851
190,947608	0,0111384093761444
191,049186	0,00931024551391602
191,149199	0,00629115104675293
191,250426	0,000696569681167603
191,350628	-0,00357711315155029
191,451062	-0,00754818320274353
191,552376	-0,0116144716739655
191,653658	-0,0129124820232391
191,754178	-0,0127409100532532
191,855016	-0,0106418430805206
191,955354	-0,00674253702163696
192,056085	-0,00270703434944153
192,156327	0,00238829851150513
192,258168	0,00699052214622498
192,358675	0,00976920127868652
192,459127	0,0113409757614136
192,559862	0,0111231505870819
192,660795	0,00920456647872925
192,761090	0,0061568021774292
192,862003	0,000613361597061157
192,962544	-0,00364741683006287
193,062927	-0,00754722952842712
193,163795	-0,0110903382301331
193,264538	-0,0128366649150848
193,365198	-0,0125910937786102
193,466037	-0,010434091091156
193,566425	-0,00652623176574707
193,668429	-0,00241193175315857
193,769354	0,00182050466537476
193,871408	0,00715771317481995
193,971451	0,0099329948425293
194,072944	0,0114243924617767
194,174741	0,0111212432384491
194,275508	0,00923264026641846
194,375809	0,00612026453018188
194,476659	0,000584393739700317
194,578148	-0,00368949770927429
194,678519	-0,00761085748672485
194,780103	-0,0110874772071838
194,881135	-0,0127252638339996
194,981342	-0,0124924182891846
195,083274	-0,0102515518665314
195,183349	-0,00636255741119385
195,283540	-0,00231504440307617
195,383857	0,00196295976638794
195,484627	0,00722089409828186
195,585031	0,00995206832885742
195,685043	0,0114282071590424
195,785228	0,0110154449939728
195,886095	0,00906321406364441
195,986448	0,00596174597740173
196,087405	0,00119930505752563
196,187567	-0,00387069582939148
196,287864	-0,0077328085899353
196,388606	-0,0112035870552063
196,489016	-0,0127812027931213
196,590890	-0,0124938488006592
196,691890	-0,0107775628566742
196,792821	-0,00631615519523621
196,893585	-0,00224679708480835
196,993686	0,0019705593585968
197,094415	0,00725224614143372
197,194425	0,00991585850715637
197,294854	0,0113385915756226
197,395807	0,011137455701828
197,496100	0,00891143083572388
197,597747	0,00578328967094421
197,699655	0,00105389952659607
197,799935	-0,00404092669487
197,901682	-0,00789394974708557
198,001882	-0,0112906396389008
198,102616	-0,0128622651100159
198,203440	-0,0125170648097992
198,305236	-0,0107299387454987
198,406668	-0,00626206398010254
198,507255	-0,00218284130096436
198,608762	0,00204887986183167
198,709749	0,00727647542953491
198,810522	0,00994873046875
198,911077	0,0113295316696167
199,012204	0,010837197303772
199,113157	0,00885194540023804
199,214068	0,0056765079498291
199,314972	0,000908046960830688
199,415192	-0,00417819619178772
199,516104	-0,008013516664505
199,617061	-0,0109456479549408
199,717465	-0,012895405292511
199,817908	-0,0125559568405151
199,918389	-0,01075279712677
200,020247	-0,00626876950263977
200,122201	-0,00221052765846252
200,222267	0,00200614333152771
200,322569	0,00720378756523132
200,423085	0,00982490181922913
200,523336	0,0111894011497498
200,623360	0,0109048783779144
200,725091	0,00861170887947083
200,826032	0,00545963644981384
200,926152	0,000685155391693115
201,027329	-0,00435659289360046
201,127504	-0,00812777876853943
201,228608	-0,0109799206256866
201,330112	-0,0128636956214905
201,430941	-0,0124326646327972
201,531199	-0,0106003880500793
201,631572	-0,00603187084197998
201,732499	-0,0019209086894989
201,832598	0,0022786557674408
201,933583	0,00749120116233826
202,035143	0,010083019733429
202,136286	0,0113810300827026
202,237087	0,0110592842102051
202,337706	0,0087149441242218
202,438408	0,00552037358283997
202,538531	0,000762611627578735
202,639503	-0,0043083131313324
202,739914	-0,00809672474861145
202,840630	-0,0109685063362122
202,942126	-0,0128243267536163
203,043070	-0,0123505890369415
203,143441	-0,0104460120201111
203,244113	-0,00586101412773132
203,345487	-0,0017353892326355
203,446252	0,00247421860694885
203,546809	0,00695300102233887
203,647994	0,0101711452007294
203,749956	0,0114425122737885
203,851310	0,0110673904418945
203,951487	0,00869971513748169
204,052087	0,00545206665992737
204,152549	0,00148144364356995
204,254267	-0,00443458557128906
204,355209	-0,00820472836494446
204,457166	-0,0114794671535492
204,558265	-0,0128252804279327
204,660213	-0,0123586356639862
204,761666	-0,00992444157600403
204,862057	-0,00585195422172546
204,964018	-0,00173920392990112
205,064562	0,0032501220703125
205,165581	0,00693449378013611
205,266771	0,0100906491279602
205,367175	0,0113047659397125
205,467307	0,0108853578567505
205,567378	0,00844380259513855
205,668255	0,00520721077919006
205,769422	0,000388532876968384
205,869927	-0,00468671321868896
205,970251	-0,00843420624732971
206,070896	-0,0116306245326996
206,171380	-0,0129641592502594
206,271984	-0,0124150812625885
206,372546	-0,0104764997959137
206,473016	-0,00586724281311035
206,574873	-0,00174206495285034
206,674914	0,0024675726890564
206,775728	0,00692781805992126
206,875906	0,0100625455379486
206,976154	0,0112465918064117
207,077313	0,0109639763832092
207,177387	0,00829732418060303
207,277425	0,00498184561729431
207,378914	0,00101637840270996
207,479581	-0,00488767027854919
207,579808	-0,00861337780952454
207,680767	-0,0114280879497528
207,781265	-0,0130925178527832
207,881998	-0,0125616490840912
207,982969	-0,0105908811092377
208,083543	-0,00665351748466492
208,184437	-0,00173825025558472
208,285108	0,00248464941978455
208,385958	0,00692594051361084
208,486567	0,0100411176681519
208,586569	0,0112060904502869
208,687256	0,0109549164772034
208,787258	0,00822505354881287
208,887342	0,00496616959571838
208,988351	0,000991195440292358
209,088580	-0,00408926606178284
209,189172	-0,0086086094379425
209,290374	-0,0113634169101715
209,391030	-0,0129143893718719
209,492576	-0,0123543739318848
209,593095	-0,0103020966053009
209,693549	-0,00634580850601196
209,793613	-0,00140595436096191
209,894242	0,00279173254966736
209,994836	0,00654986500740051
210,095873	0,00991633534431458
210,196267	0,0114530026912689
210,297998	0,0111727118492126
210,398409	0,00839051604270935
210,498807	0,00509095191955566
210,600695	0,00107339024543762
210,702045	-0,00398832559585571
210,802138	-0,00850921869277954
210,902848	-0,0112468898296356
211,003994	-0,0128030180931091
211,104160	-0,0122224390506744
211,206127	-0,0101862549781799
211,306755	-0,00621947646141052
211,407984	-0,00130683183670044
211,509967	0,00288805365562439
211,610547	0,00664719939231873
211,711752	0,0103435814380646
211,812512	0,0114558637142181
211,912886	0,0110964775085449
212,014584	0,0083334743976593
212,114591	0,00497755408287048
212,215545	0,000984072685241699
212,316084	-0,00407013297080994
212,416482	-0,00856131315231323
212,517423	-0,0112511515617371
212,618266	-0,0127669870853424
212,719090	-0,0121588408946991
212,820007	-0,0101071000099182
212,920544	-0,00689423084259033
213,022300	-0,00126728415489197
213,122800	0,00292176008224487
213,223594	0,00663533806800842
213,323983	0,0102802217006683
213,425392	0,0113786458969116
213,526389	0,0110054314136505
213,626948	0,00818178057670593
213,727980	0,00485801696777344
213,828124	0,000827252864837646
213,929084	-0,00499817728996277
214,029751	-0,00861579179763794
214,129917	-0,0112887322902679
214,230744	-0,012726217508316
214,331536	-0,0120828747749329
214,432599	-0,00999647378921509
214,532812	-0,00677171349525452
214,632818	-0,00110337138175964
214,733594	0,00302806496620178
214,834513	0,00672650337219238
214,934812	0,00994634628295898
215,035437	0,0113462209701538
215,137131	0,0109825432300568
215,237336	0,00868448615074158
215,338914	0,00478634238243103
215,439869	0,000759303569793701
215,540424	-0,00426718592643738
215,641355	-0,00868508219718933
215,741990	-0,0112811326980591
215,842289	-0,0127010941505432
215,943061	-0,0120011866092682
216,043645	-0,00987151265144348
216,144242	-0,00664108991622925
216,245146	-0,000980019569396973
216,345247	0,00313100218772888
216,445460	0,00680103898048401
216,547092	0,00998729467391968
216,647828	0,0113629102706909
216,748759	0,0108915269374847
216,848812	0,00854986906051636
216,949669	0,00461888313293457
217,050483	0,000596731901168823
217,150586	-0,00441017746925354
217,251411	-0,00814929604530334
217,351925	-0,0113981664180756
217,452473	-0,0126631557941437
217,553006	-0,0122907757759094
217,653701	-0,0098738968372345
217,754083	-0,00657841563224792
217,854193	-0,00176304578781128
217,956171	0,00322592258453369
218,056564	0,00685471296310425
218,157814	0,0100201666355133
218,259340	0,0113385915756226
218,360219	0,0108848810195923
218,460313	0,00849756598472595
218,562157	0,00457951426506042
218,662170	0,00055965781211853
218,762602	-0,00443410873413086
218,863304	-0,00812825560569763
218,963923	-0,0113548636436462
219,064195	-0,0125896632671356
219,165798	-0,0121735632419586
219,266164	-0,00972646474838257
219,366668	-0,00643149018287659
219,467553	-0,00161141157150269
219,568766	0,00332462787628174
219,669726	0,00695395469665527
219,769869	0,010036826133728
219,871149	0,0112261176109314
219,971968	0,010779082775116
220,072283	0,00835677981376648
220,173295	0,0051417350769043
220,273441	0,000380903482437134
220,375291	-0,00381189584732056
220,476767	-0,00830560922622681
220,577161	-0,0114651918411255
220,677948	-0,0126916170120239
220,778939	-0,0122115314006805
220,879151	-0,00974315404891968
220,979995	-0,00644677877426147
221,080181	-0,00160521268844604
221,180798	0,00331893563270569
221,281121	0,00692451000213623
221,381843	0,00999873876571655
221,482193	0,0111703276634216
221,583181	0,0106756687164307
221,683796	0,00824645161628723
221,784230	0,0050031840801239
221,884453	0,000251084566116333
221,984497	-0,00390225648880005
222,085085	-0,00836822390556335
222,185465	-0,011102706193924
222,286330	-0,0126546025276184
222,387110	-0,0121488571166992
222,487938	-0,0101743340492249
222,588724	-0,00628983974456787
222,689549	-0,00148746371269226
222,790025	0,00263938307762146
222,891125	0,00699290633201599
222,991614	0,0100115835666656
223,093122	0,011132687330246
223,193592	0,0106156170368195
223,294182	0,00864166021347046
223,394737	0,00485801696777344
223,495350	0,000923722982406616
223,596423	-0,00406917929649353
223,696864	-0,00848388671875
223,796948	-0,0111621916294098
223,897301	-0,012698233127594
223,998709	-0,0121170580387115
224,099478	-0,0101147294044495
224,200131	-0,00624769926071167
224,300710	-0,0013735294342041
224,401633	0,00273239612579346
224,503488	0,00707176327705383
224,604396	0,0100868344306946
224,704596	0,0111750960350037
224,805898	0,0106127560138702
224,906697	0,0086749792098999
225,007598	0,00485849380493164
225,108668	0,000924199819564819
225,209657	-0,00399455428123474
225,309666	-0,00843134522438049
225,409733	-0,0110489130020142
225,510592	-0,0125204026699066
225,612422	-0,0119247436523438
225,712464	-0,00983667373657227
225,813433	-0,00593137741088867
225,914301	-0,00114673376083374
226,015824	0,00297632813453674
226,116562	0,00664103031158447
226,216564	0,00986871123313904
226,316575	0,0113528966903687
226,417841	0,010956346988678
226,518671	0,00868973135948181
226,618794	0,00490638613700867
226,719795	0,00091281533241272
226,820283	-0,00403711199760437
226,921217	-0,00839212536811829
227,022575	-0,0110289454460144
227,124162	-0,0124302804470062
227,224884	-0,0117579996585846
227,325208	-0,00979229807853699
227,425375	-0,00584763288497925
227,525401	-0,00107192993164063
227,625543	0,00297918915748596
227,726362	0,00667330622673035
227,826990	0,00984489917755127
227,928808	0,0111832022666931
228,029740	0,010782390832901
228,130282	0,00845950841903687
228,231634	0,00454866886138916
228,332340	0,000625252723693848
228,433716	-0,00432649254798889
228,533795	-0,0086616575717926
228,634665	-0,011183112859726
228,735230	-0,0125531256198883
228,835660	-0,0119589269161224
228,937152	-0,00982809066772461
229,037988	-0,0066300630569458
229,138347	-0,00185173749923706
229,239944	0,00306552648544312
229,341136	0,00661444664001465
229,441814	0,00975966453552246
229,543325	0,011132687330246
229,645321	0,0106866359710693
229,746109	0,0083981454372406
229,846918	0,00455865263938904
229,947462	0,000612407922744751
230,048112	-0,00424754619598389
230,149577	-0,00856035947799683
230,250618	-0,0111412405967712
230,351337	-0,0124269425868988
230,453250	-0,0116938352584839
230,553828	-0,0095551609992981
230,653973	-0,00552457571029663
230,754430	-0,00155943632125854
230,854576	0,00330990552902222
230,954915	0,0068974494934082
231,056573	0,00995445251464844
231,156674	0,0112242102622986
231,257729	0,010779082775116
231,359392	0,00840100646018982
231,460084	0,00448033213615417
231,560962	0,00056728720664978
231,661696	-0,00442215800285339
231,762192	-0,00869128108024597
231,862941	-0,0112421214580536
231,963711	-0,0125640332698822
232,064699	-0,0120116472244263
232,165569	-0,00958141684532166
232,267107	-0,00560501217842102
232,367613	-0,00156897306442261
232,468574	0,00333884358406067
232,569459	0,00686374306678772
232,671096	0,00995111465454102
232,771976	0,0111870169639587
232,873015	0,0104236304759979
232,973741	0,00834870338439941
233,074157	0,00443243980407715
233,176126	0,000427991151809692
233,277022	-0,00447288155555725
233,378918	-0,00875529646873474
233,479411	-0,0115911662578583
233,581084	-0,0124473571777344
233,682653	-0,0119176208972931
233,784432	-0,00888955593109131
233,884923	-0,00545805692672729
233,985635	-0,00143834948539734
234,087455	0,00420519709587097
234,188263	0,00762471556663513
234,288331	0,0100387334823608
234,388767	0,0112728178501129
234,490529	0,0104641318321228
234,592411	0,00824263691902161
234,693195	0,00430387258529663
234,793467	-0,000465333461761475
234,894853	-0,00447526574134827
234,995680	-0,00866261124610901
235,096364	-0,0114780366420746
235,197285	-0,0124269425868988
235,297453	-0,0118325650691986
235,398422	-0,00876295566558838
235,499833	-0,00531354546546936
235,600935	-0,00121200084686279
235,702111	0,00433707237243652
235,804074	0,00776490569114685
235,904212	0,0101116001605988
236,004809	0,011261373758316
236,105294	0,010349303483963
236,206233	0,00820416212081909
236,306703	0,00419473648071289
236,408506	-0,000590056180953979
236,509015	-0,00464221835136414
236,609651	-0,00825446844100952
236,710377	-0,0116049647331238
236,810782	-0,0124165117740631
236,911254	-0,0118249952793121
237,011839	-0,00866693258285522
237,112660	-0,00519534945487976
237,212844	-0,00116723775863647
237,313249	0,00447845458984375
237,414238	0,00783857703208923
237,515219	0,0101911425590515
237,615527	0,0113214254379272
237,717011	0,0103997886180878
237,818007	0,0081513524055481
237,918792	0,00418952107429504
238,019232	-0,000648140907287598
238,119662	-0,00471878051757813
238,220241	-0,0082678496837616
238,321818	-0,0116287171840668
238,422192	-0,0124378800392151
238,522219	-0,0117855668067932
238,623489	-0,00864160060882568
238,725332	-0,00514176487922668
238,825947	-0,00107288360595703
238,927446	0,00449883937835693
239,027592	0,00784999132156372
239,128675	0,0101730525493622
239,230242	0,0112342238426208
239,330475	0,0103064477443695
239,431079	0,00808194279670715
239,532129	0,00481483340263367
239,632981	-0,000731438398361206
239,733316	-0,00478240847587585
239,833798	-0,00838446617126465
239,934327	-0,0116501152515411
240,035254	-0,0124478340148926
240,135911	-0,0117722451686859
240,237463	-0,00856655836105347
240,337996	-0,00507187843322754
240,438449	-0,00102525949478149
240,539515	0,0038284957408905
240,641220	0,00788608193397522
240,743221	0,0101944804191589
240,843870	0,011282354593277
240,944431	0,0103012025356293
241,045018	0,00806817412376404
241,146239	0,00481244921684265
241,248234	-0,00078284740447998
241,349278	-0,00480917096138
241,450178	-0,00891771912574768
241,551203	-0,0115997195243835
241,652618	-0,0123330056667328
241,753420	-0,0113405883312225
241,855392	-0,00844135880470276
241,956377	-0,00491446256637573
242,056428	-6,89923763275146E-5
242,158288	0,00392338633537292
242,258727	0,00795361399650574
242,359579	0,0102197229862213
242,460350	0,0111951231956482
242,562021	0,0102121233940125
242,663488	0,00793933868408203
242,763721	0,00390532612800598
242,863732	-0,000885248184204102
242,963853	-0,00492304563522339
243,065338	-0,00903618335723877
243,166845	-0,0116320550441742
243,268680	-0,0123372972011566
243,369900	-0,0112925469875336
243,470020	-0,00893062353134155
243,570819	-0,00483742356300354
243,670828	2,0444393157959E-5
243,772268	0,00399026274681091
243,872668	0,00795409083366394
243,974284	0,0104869902133942
244,074284	0,0111570060253143
244,174396	0,0100553929805756
244,274728	0,0077463686466217
244,375193	0,00368520617485046
244,477128	-0,00117674469947815
244,577975	-0,00517284870147705
244,678973	-0,00925680994987488
244,779523	-0,0118553936481476
244,879943	-0,01249098777771
244,980180	-0,0113776922225952
245,081220	-0,00903379917144775
245,182954	-0,00482401251792908
245,283070	5,56409358978271E-5
245,383930	0,00406712293624878
245,484912	0,00811758637428284
245,586325	0,0103345513343811
245,687159	0,0112713873386383
245,787167	0,0102325975894928
245,887928	0,00788941979408264
245,988824	0,00380811095237732
246,088913	-0,000962376594543457
246,189884	-0,00499865412712097
246,291028	-0,00903522968292236
246,391771	-0,0112825632095337
246,492676	-0,0122290849685669
246,594425	-0,0110698640346527
246,694447	-0,00868460536003113
246,794886	-0,00456473231315613
246,895142	0,000306278467178345
246,996000	0,00426116585731506
247,097233	0,00815373659133911
247,198156	0,0103321671485901
247,299720	0,011197030544281
247,400722	0,0100320875644684
247,500864	0,00768554210662842
247,601395	0,00356754660606384
247,702188	-0,00127062201499939
247,802928	-0,00524654984474182
247,903330	-0,00928544998168945
248,003774	-0,0115003883838654
248,103927	-0,0123211443424225
248,204528	-0,0114818513393402
248,304824	-0,00874194502830505
248,405059	-0,00452643632888794
248,505573	-0,000500082969665527
248,606130	0,00426211953163147
248,706528	0,0082036554813385
248,808470	0,0102978646755219
248,910238	0,0111450850963593
