0,101349	-0,000600993633270264
0,201679	-0,000949054956436157
0,301699	0,00213196873664856
0,402831	0,00681766867637634
0,503449	0,0128724873065948
0,604245	0,0222559869289398
0,704992	0,0283555388450623
0,805781	0,0332412421703339
0,907780	0,0366987287998199
1,008327	0,0369090437889099
1,108580	0,0346458256244659
1,209254	0,0293555557727814
1,310307	0,0220390558242798
1,410985	0,0153591334819794
1,511598	0,00778582692146301
1,612145	0,00197908282279968
1,712990	-0,000716209411621094
1,813933	-0,00113198161125183
1,914713	0,00219321250915527
2,015193	0,0069938600063324
2,116879	0,0144492387771606
2,217674	0,0211800634860992
2,318929	0,0286950469017029
2,419931	0,0335396826267242
2,520769	0,0369028747081757
2,620788	0,0371226966381073
2,721149	0,0347886383533478
2,822505	0,0294143855571747
2,923850	0,0221230983734131
3,024598	0,0153686702251434
3,125524	0,00774922966957092
3,225536	0,0019700825214386
3,326459	-0,000799059867858887
3,426735	-0,000980019569396973
3,527083	0,00219225883483887
3,627458	0,00693401694297791
3,727833	0,0130913853645325
3,828502	0,0211672484874725
3,929412	0,0285855233669281
4,030687	0,0334960222244263
4,131275	0,0368753373622894
4,231606	0,0370191931724548
4,332139	0,0347165167331696
4,432985	0,0303950905799866
4,533682	0,0220029652118683
4,633930	0,0153228938579559
4,734227	0,00888669490814209
4,835409	0,00190597772598267
4,937173	-0,000768572092056274
5,037755	-0,0012129545211792
5,138031	0,00212818384170532
5,239001	0,00691309571266174
5,339292	0,0129702389240265
5,439397	0,0209929049015045
5,540289	0,0284389853477478
5,640502	0,03323033452034
5,742249	0,0362415611743927
5,844226	0,0367590188980103
5,944552	0,034392386674881
6,045023	0,0301385223865509
6,145835	0,0218154489994049
6,247756	0,0151173770427704
6,349529	0,00765085220336914
6,450975	0,00192925333976746
6,551830	-0,000716209411621094
6,652613	-0,00100287795066833
6,754080	0,00165337324142456
6,855891	0,00717434287071228
6,956828	0,0146295130252838
7,056907	0,0212617516517639
7,158582	0,0286054313182831
7,259299	0,0333916246891022
7,359662	0,0365980565547943
7,461425	0,0366640686988831
7,562340	0,0342604517936707
7,662357	0,0287888944149017
7,762830	0,021443635225296
7,863510	0,0147430002689362
7,963889	0,00717955827713013
8,064969	0,0015241801738739
8,165173	-0,0010266900062561
8,265370	-0,00136592984199524
8,367461	0,00139307975769043
8,468578	0,0070304274559021
8,570437	0,0131714940071106
8,671035	0,0212655663490295
8,771540	0,0286945700645447
8,872305	0,0334300696849823
8,972746	0,0367817878723145
9,073280	0,0368017554283142
9,174448	0,0343321263790131
9,276303	0,0289610326290131
9,378133	0,0216207802295685
9,480189	0,0149499773979187
9,580640	0,00751733779907227
9,681046	0,00261709094047546
9,781748	-0,000741928815841675
9,882036	-0,000726670026779175
9,982617	0,00168895721435547
10,082629	0,007285475730896
10,183122	0,0147172510623932
10,284547	0,0213244557380676
10,384809	0,0286703705787659
10,486772	0,0333707630634308
10,586935	0,0364665687084198
10,687575	0,0364689528942108
10,787627	0,0339624583721161
10,888046	0,028487354516983
10,988482	0,021248459815979
11,088506	0,0146214067935944
11,190295	0,00716722011566162
11,290465	0,00237596035003662
11,390566	-0,000958114862442017
11,491008	-0,00122916698455811
11,591745	0,00158163905143738
11,691963	0,00710025429725647
11,792606	0,0132058560848236
11,892725	0,021169126033783
11,993326	0,0283403694629669
12,093408	0,032977432012558
12,193540	0,0358347296714783
12,294309	0,0360559523105621
12,395317	0,0336720645427704
12,495917	0,0293745100498199
12,597763	0,0223385989665985
12,699098	0,0145589113235474
12,800405	0,0083848237991333
12,900500	0,00250741839408875
13,000626	-0,000558644533157349
13,101319	-0,000660985708236694
13,202040	0,0014876127243042
13,302450	0,00790086388587952
13,402474	0,0140185654163361
13,503075	0,0205909907817841
13,604218	0,0291668474674225
13,704664	0,0337271094322205
13,806222	0,0364708304405212
13,907653	0,0367305278778076
14,009009	0,0341954529285431
14,109313	0,0298202931880951
14,209589	0,0228350460529327
14,310874	0,0149309039115906
14,411606	0,00875440239906311
14,512623	0,00296494364738464
14,613067	-0,000177919864654541
14,714064	-0,000253111124038696
14,814164	0,00193920731544495
14,914616	0,00818893313407898
15,015429	0,014288991689682
15,116273	0,0208214223384857
15,218025	0,0291654169559479
15,318062	0,0337010025978088
15,418560	0,0363611876964569
15,519120	0,0363991856575012
15,619972	0,0338566601276398
15,721779	0,0294082164764404
15,821925	0,0223324298858643
15,922055	0,0145083665847778
16,022815	0,0083605945110321
16,123704	0,00339815020561218
16,225228	-0,000378221273422241
16,325751	-0,000419646501541138
16,426383	0,0018024742603302
16,527193	0,00821176171302795
16,627426	0,0142942368984222
16,728218	0,0208195149898529
16,829693	0,0292047560214996
16,931633	0,0336383581161499
17,032040	0,0362363457679749
17,134040	0,0365406274795532
17,234611	0,0336383581161499
17,335268	0,0291658937931061
17,435300	0,0221064686775208
17,536268	0,0142269730567932
17,636467	0,00812807679176331
17,736684	0,0032505989074707
17,837526	-0,000554829835891724
17,938424	-0,000504374504089355
18,039953	0,00175735354423523
18,140400	0,00812569260597229
18,240631	0,0142551064491272
18,340772	0,0207729637622833
18,441233	0,0290724635124207
18,541969	0,0335472822189331
18,642547	0,0360948741436005
18,744643	0,0363004207611084
18,845499	0,0334319770336151
18,946439	0,0289183855056763
19,046732	0,0231007635593414
19,147730	0,0140910446643829
19,248069	0,00801065564155579
19,348359	0,00316756963729858
19,448646	-0,000435829162597656
19,548932	-0,000393450260162354
19,650736	0,00197243690490723
19,750902	0,00844952464103699
19,852041	0,014569878578186
19,952825	0,0211092829704285
20,053281	0,0283342003822327
20,154774	0,0337171256542206
20,255035	0,036210685968399
20,355064	0,0363659262657166
20,456278	0,0333366096019745
20,557780	0,0288353860378265
20,658224	0,0229921042919159
20,758595	0,0138678252696991
20,859066	0,00783476233482361
20,959469	0,00303849577903748
21,059516	-0,000357300043106079
21,159897	-0,000449627637863159
21,260179	0,00191119313240051
21,361909	0,00726220011711121
21,462151	0,0145498514175415
21,562600	0,0210423171520233
21,663507	0,028213769197464
21,764715	0,0336459577083588
21,865057	0,0361029505729675
21,965924	0,0363816022872925
22,065950	0,0339268743991852
22,166802	0,0286376476287842
22,267624	0,0227989852428436
22,368343	0,0150873064994812
22,468686	0,00777441263198853
22,568715	0,00303611159324646
22,668853	-0,000213116407394409
22,769448	-0,000349670648574829
22,869620	0,00209543108940125
22,970421	0,00750830769538879
23,070576	0,0134404897689819
23,171022	0,0212384760379791
23,271205	0,0283868312835693
23,371334	0,0329428017139435
23,471431	0,0357464253902435
23,571535	0,0363008677959442
23,671843	0,0336763262748718
23,772003	0,0295068323612213
23,873725	0,0226114988327026
23,974212	0,0148369669914246
24,074615	0,00874727964401245
24,175496	0,00367999076843262
24,277364	-0,000367283821105957
24,379303	-0,00055578351020813
24,480273	0,00208544731140137
24,581255	0,00753632187843323
24,681496	0,0135659277439117
24,781726	0,0199955403804779
24,882159	0,0272792875766754
24,982756	0,0329731702804565
25,083645	0,0356501042842865
25,184351	0,0361651480197906
25,284482	0,0335819125175476
25,385012	0,0292498171329498
25,485535	0,0224055349826813
25,587361	0,0146795809268951
25,687900	0,00851228833198547
25,788268	0,00282114744186401
25,889107	-0,000355392694473267
25,989956	-0,000587195158004761
26,090714	0,00156548619270325
26,192063	0,00768697261810303
26,292372	0,013640820980072
26,394358	0,0214194357395172
26,495629	0,0273314416408539
26,596620	0,0328839719295502
26,697512	0,035637766122818
26,797759	0,0360013544559479
26,898612	0,0333214104175568
26,999439	0,0290734171867371
27,099526	0,0220946073532104
27,199942	0,0144034326076508
27,301134	0,00837960839271545
27,402753	0,00261899828910828
27,503459	-0,000380128622055054
27,604537	-0,000464856624603271
27,705196	0,00230857729911804
27,805229	0,00680673122406006
27,906760	0,01384636759758
28,008420	0,020239382982254
28,110176	0,0275106430053711
28,210334	0,0330059230327606
28,311090	0,0358636975288391
28,411822	0,0359790325164795
28,513765	0,0331990122795105
28,613815	0,0288107395172119
28,715459	0,0219275057315826
28,815805	0,0141769051551819
28,916415	0,00815087556838989
29,017202	0,00255870819091797
29,117394	-0,000474840402603149
29,217494	-0,000498652458190918
29,318666	0,00174644589424133
29,420167	0,00688654184341431
29,521654	0,013979434967041
29,622036	0,0217280983924866
29,722132	0,0276059210300446
29,823689	0,0331074297428131
29,924406	0,0357184410095215
30,024482	0,0359520018100739
30,125414	0,0332004129886627
30,226284	0,0288372933864594
30,327104	0,0218287408351898
30,427494	0,0142045617103577
30,528305	0,0081917941570282
30,628606	0,00254398584365845
30,729459	-6,08861446380615E-5
30,830318	-0,00034680962562561
30,930448	0,00185281038284302
31,031382	0,00711020827293396
31,131524	0,0141440033912659
31,233019	0,0205382704734802
31,334793	0,0277368128299713
31,436319	0,0330950915813446
31,539209	0,0358864665031433
31,640916	0,0358945429325104
31,741756	0,0329916775226593
31,843485	0,0275428891181946
31,943979	0,0216853320598602
32,044781	0,0139608383178711
32,145629	0,00801301002502441
32,245774	0,00250127911567688
32,347552	-0,000144153833389282
32,447573	-0,000325888395309448
32,547762	0,00266596674919128
32,648527	0,00716912746429443
32,749283	0,0142970979213715
32,849535	0,021972119808197
32,950265	0,027771383523941
33,051954	0,0331653356552124
33,152717	0,035901665687561
33,254494	0,0357777774333954
33,354797	0,0329228937625885
33,456537	0,0274082124233246
33,556657	0,0214716494083405
33,657391	0,0151221454143524
33,758849	0,00680246949195862
33,859140	0,00236645340919495
33,959550	-0,00014224648475647
34,059676	-0,000326842069625854
34,160107	0,00268733501434326
34,260169	0,00730022788047791
34,360873	0,0143586099147797
34,461294	0,0207411646842957
34,561511	0,0278648138046265
34,661757	0,0331112444400787
34,762063	0,0355670154094696
34,863976	0,0357393324375153
34,964113	0,0327430665493011
35,064311	0,0283275544643402
35,164353	0,0213833451271057
35,264971	0,014964759349823
35,366787	0,00782763957977295
35,468586	0,00243672728538513
35,569898	-9,60826873779297E-5
35,670196	-0,000137954950332642
35,770370	0,0022435188293457
35,870583	0,007508784532547
35,971287	0,0146829187870026
36,071657	0,0210803151130676
36,173434	0,0280900299549103
36,274106	0,0334300696849823
36,375053	0,0358043611049652
36,475073	0,0358147919178009
36,575438	0,0335747897624969
36,676253	0,0283782780170441
36,777851	0,0213615000247955
36,878054	0,0150334239006042
36,978940	0,00784000754356384
37,079000	0,0031566321849823
37,179880	3,37660312652588E-5
37,280752	-6,2793493270874E-5
37,381108	0,00234559178352356
37,481775	0,00778153538703918
37,583689	0,0148712992668152
37,684446	0,0212798118591309
37,784850	0,028368353843689
37,885062	0,0335216522216797
37,985396	0,0359102189540863
38,085554	0,0361921787261963
38,187201	0,0335671901702881
38,288967	0,0284256935119629
38,389143	0,0226902961730957
38,489569	0,014964759349823
38,591058	0,00791224837303162
38,692532	0,00327384471893311
38,793991	6,32703304290771E-5
38,894366	0,0001697838306427
38,995274	0,00256913900375366
39,097276	0,00786471366882324
39,197559	0,0150873064994812
39,297560	0,0213847756385803
39,397638	0,0283166766166687
39,499220	0,0328929722309113
39,599469	0,0358057916164398
39,700287	0,035754531621933
39,800886	0,0334357619285583
39,902114	0,0280776917934418
40,002795	0,0223120152950287
40,102927	0,0147563517093658
40,203708	0,00754678249359131
40,304898	0,00300148129463196
40,405652	-1,90436840057373E-5
40,506346	-4,37796115875244E-5
40,607515	0,00249889492988586
40,708231	0,00792458653450012
40,808257	0,014971911907196
40,908826	0,0214118361473083
41,009501	0,0273101031780243
41,109708	0,0327146053314209
41,211465	0,0357492864131927
41,311486	0,0358703434467316
41,412169	0,0331306755542755
41,512895	0,0279520452022552
41,614077	0,0221131145954132
41,714730	0,0144544839859009
41,815893	0,00749072432518005
41,916314	0,0028890073299408
42,017161	-0,000153183937072754
42,117409	8,74996185302734E-5
42,219276	0,00253024697303772
42,320616	0,00798305869102478
42,421480	0,0152337253093719
42,522029	0,0214645266532898
42,622287	0,0272972881793976
42,724236	0,0328137576580048
42,825540	0,0355471074581146
42,925891	0,0356562435626984
43,026726	0,032985508441925
43,128125	0,0275338888168335
43,229378	0,0218330025672913
43,329405	0,0142326951026917
43,430348	0,0070669949054718
43,531711	0,00263416767120361
43,633115	-0,000353008508682251
43,733524	-0,000233113765716553
43,834248	0,00247374176979065
43,934505	0,00790321826934814
44,035266	0,0137648284435272
44,135471	0,0214901864528656
44,237307	0,0282839238643646
44,338260	0,0326330065727234
44,439072	0,0355784296989441
44,540421	0,035241425037384
44,640476	0,0327648818492889
44,741683	0,027521550655365
44,841861	0,0216145813465118
44,942581	0,0140514671802521
45,044286	0,00712683796882629
45,144476	0,00257104635238647
45,245206	-0,000245958566665649
45,345251	6,8962574005127E-5
45,446057	0,00257200002670288
45,547761	0,00819414854049683
45,647989	0,014158308506012
45,748716	0,0216103196144104
45,850092	0,0275139510631561
45,950812	0,0328773260116577
46,051614	0,0355176627635956
46,151929	0,0356182754039764
46,252741	0,0327620506286621
46,352851	0,0272925496101379
46,453661	0,0215841829776764
46,554300	0,0139093399047852
46,654471	0,00689604878425598
46,756186	0,00259906053543091
46,856340	-0,000350624322891235
46,957818	-0,00031590461730957
47,058917	0,00277605652809143
47,160109	0,00818178057670593
47,260234	0,0141449570655823
47,360835	0,0218401253223419
47,461357	0,0274888575077057
47,563043	0,0328516960144043
47,663611	0,0356301665306091
47,763857	0,0354331731796265
47,865191	0,0326676368713379
47,965719	0,0272622108459473
48,066318	0,0213163793087006
48,166844	0,0138797760009766
48,268432	0,00691595673561096
48,369127	0,00245901942253113
48,469804	6,94394111633301E-5
48,569882	-9,56058502197266E-5
48,670634	0,0027846097946167
48,770826	0,00742420554161072
48,872221	0,0143791139125824
48,973527	0,0218747854232788
49,074502	0,027748167514801
49,175353	0,0329034328460693
49,275474	0,0355461537837982
49,375924	0,0355428159236908
49,476326	0,0325153470039368
49,576352	0,0271138250827789
49,677073	0,0213743150234222
49,777749	0,0149495005607605
49,877890	0,00789132714271545
49,979158	0,00263321399688721
50,079335	2,61664390563965E-5
50,180951	1,23679637908936E-5
50,281842	0,00310635566711426
50,382192	0,00748693943023682
50,482942	0,0146161615848541
50,583280	0,0221468210220337
50,683801	0,027750551700592
50,784672	0,0323673486709595
50,886484	0,0356287360191345
50,987499	0,035382866859436
51,087757	0,0332663655281067
51,188868	0,0270175635814667
51,290476	0,0211344659328461
51,392039	0,0149862170219421
51,492919	0,00783619284629822
51,593883	0,00248560309410095
51,694317	0,000201672315597534
51,794770	3,80575656890869E-5
51,895071	0,00313004851341248
51,995244	0,00778248906135559
52,096210	0,0146376192569733
52,196586	0,0222151875495911
52,297596	0,027971476316452
52,398229	0,0329499244689941
52,499064	0,0355935990810394
52,599231	0,0354146659374237
52,699966	0,0329622328281403
52,801532	0,0279183685779572
52,902183	0,0210503935813904
53,002982	0,0146352350711823
53,103287	0,00777345895767212
53,204066	0,00248655676841736
53,304817	1,8775463104248E-6
53,406005	0,000213533639907837
53,506519	0,00324538350105286
53,606918	0,00775161385536194
53,707571	0,0136980414390564
53,808376	0,0222911536693573
53,908751	0,027922660112381
54,009447	0,0324840247631073
54,109458	0,0354578793048859
54,209612	0,0352471172809601
54,309756	0,033030092716217
54,410733	0,0276912748813629
54,512476	0,0208570659160614
54,612670	0,0146700441837311
54,714414	0,00751686096191406
54,815081	0,00241297483444214
54,915341	0,000135540962219238
55,016847	-0,000181734561920166
55,117106	0,00336542725563049
55,217849	0,00794884562492371
55,319241	0,0135912001132965
55,419902	0,0224762260913849
55,521822	0,0280317068099976
55,622412	0,0322852432727814
55,723390	0,0353467762470245
55,823836	0,0351564586162567
55,924698	0,0326970517635345
56,025330	0,0276727974414825
56,126607	0,0206413865089417
56,227381	0,0143514573574066
56,328651	0,00756818056106567
56,429413	0,00224876403808594
56,531174	-1,00135803222656E-5
56,631507	0,000282466411590576
56,733068	0,0033327043056488
56,833101	0,00804820656776428
56,933169	0,0139603614807129
57,034002	0,022471010684967
57,134172	0,028171569108963
57,235001	0,0325632691383362
57,335298	0,0352300107479095
57,436702	0,0352186560630798
57,537342	0,0328218340873718
57,637422	0,028436154127121
57,737449	0,0206822156906128
57,838036	0,0143834054470062
57,938189	0,00839909911155701
58,040003	0,00244194269180298
58,141228	0,000129371881484985
58,241595	-6,67572021484375E-6
58,343515	0,00373786687850952
58,444838	0,00824311375617981
58,545401	0,014037162065506
58,647205	0,0216867625713348
58,747255	0,0282863080501556
58,849215	0,032593160867691
58,949633	0,0355128943920135
59,050627	0,0351142287254333
59,151183	0,0327241122722626
59,251487	0,0275618433952332
59,352335	0,0204441845417023
59,453911	0,0143238008022308
59,555774	0,00748836994171143
59,655983	0,0022900402545929
59,756290	0,000273466110229492
59,856388	0,000307232141494751
59,957052	0,00373834371566772
60,057199	0,00858220458030701
60,157463	0,0143838822841644
60,257999	0,0217043459415436
60,358955	0,028645247220993
60,460379	0,0328137576580048
60,562072	0,0354274809360504
60,662402	0,0353287756443024
60,764030	0,0327022671699524
60,864378	0,0283607542514801
60,964389	0,0205705761909485
61,065259	0,0141826272010803
61,166524	0,00736817717552185
61,267352	0,0024789571762085
61,367526	0,000177860260009766
61,468284	0,000275343656539917
61,569008	0,00402918457984924
61,669359	0,00853702425956726
61,769977	0,0144602060317993
61,870064	0,0219711661338806
61,971895	0,0284826159477234
62,072696	0,0328246653079987
62,173639	0,035475879907608
62,273746	0,0349851250648499
62,373783	0,0326116681098938
62,474476	0,0283271074295044
62,575265	0,0201794803142548
62,675529	0,0141544938087463
62,776250	0,00828590989112854
62,876422	0,00219699740409851
62,977192	0,000268220901489258
63,078424	0,0002097487449646
63,179851	0,00307741761207581
63,280585	0,0087268054485321
63,381115	0,0144139230251312
63,482823	0,0218510329723358
63,584332	0,0286310017108917
63,684901	0,0325969755649567
63,785298	0,0350245237350464
63,885640	0,0350027084350586
63,985907	0,0322814583778381
64,086137	0,0280212759971619
64,187931	0,0201039016246796
64,288725	0,01369708776474
64,389046	0,00811663269996643
64,489119	0,00286006927490234
64,589488	2,33054161071777E-5
64,690318	0,000309109687805176
64,791170	0,00322401523590088
64,892118	0,00859218835830688
64,992472	0,0145813226699829
65,093183	0,0207577645778656
65,194512	0,0285110473632813
65,294741	0,0328759253025055
65,394968	0,0351094901561737
65,495430	0,0351275205612183
65,595675	0,0324195325374603
65,697103	0,0278814136981964
65,797384	0,0210955142974854
65,897632	0,0138244330883026
65,999539	0,00790038704872131
66,099799	0,00267830491065979
66,200503	8,89301300048828E-5
66,301176	1,99675559997559E-5
66,401541	0,00312152504920959
66,501894	0,00764277577400208
66,602372	0,0143366754055023
66,704167	0,020679384469986
66,804929	0,0275504589080811
66,905198	0,032518208026886
67,005779	0,0349936783313751
67,106414	0,0350397229194641
67,206944	0,0320395529270172
67,307140	0,027929276227951
67,407599	0,0211130678653717
67,508179	0,0148727297782898
67,609979	0,00814896821975708
67,710065	0,00276088714599609
67,810498	0,000311493873596191
67,911765	0,000432729721069336
68,012402	0,00260522961616516
68,114291	0,00776064395904541
68,215164	0,0148021578788757
68,315312	0,0208090841770172
68,415472	0,0276552736759186
68,516414	0,0328113734722137
68,617232	0,0349258184432983
68,717411	0,0350790917873383
68,818143	0,0329224169254303
68,918466	0,0277268290519714
69,019180	0,0211078524589539
69,119565	0,0149533152580261
69,219705	0,0079093873500824
69,320381	0,00290563702583313
69,420662	0,000526845455169678
69,521536	0,000397056341171265
69,621815	0,00280073285102844
69,722500	0,0078980028629303
69,823211	0,0135439932346344
69,923346	0,0211320817470551
70,023926	0,0278643369674683
70,124904	0,0321955978870392
70,226187	0,035306453704834
70,326929	0,0352181792259216
70,428203	0,0329418480396271
70,529786	0,0280625224113464
70,630320	0,0211810171604156
70,730864	0,0151073336601257
70,831548	0,00832539796829224
70,932031	0,00368520617485046
71,032678	0,000688463449478149
71,132837	0,000543504953384399
71,233763	0,00295594334602356
71,334254	0,00818988680839539
71,434550	0,0138945579528809
71,536182	0,0210992991924286
71,636512	0,0279482305049896
71,737271	0,0322900116443634
71,837918	0,0350601077079773
71,938423	0,0351778268814087
72,039152	0,0328583419322968
72,139341	0,0286846160888672
72,240076	0,0210864841938019
72,340356	0,0148646235466003
72,442219	0,00898423790931702
72,542905	0,00366008281707764
72,643686	0,000570595264434814
72,743789	0,000346213579177856
72,844143	0,00309780240058899
72,944929	0,00815564393997192
73,045660	0,0138354003429413
73,145821	0,0200991630554199
73,246098	0,027858167886734
73,346852	0,0321937203407288
73,447543	0,0348973274230957
73,548446	0,0349120199680328
73,649556	0,0326960980892181
73,749898	0,0286689400672913
73,850445	0,0219279527664185
73,951361	0,0147244036197662
74,052238	0,00896850228309631
74,152502	0,00414919853210449
74,253657	0,000632375478744507
74,353787	0,000488340854644775
74,454503	0,00237974524497986
74,555832	0,00843000411987305
74,657497	0,014039546251297
74,758126	0,0200825333595276
74,858334	0,0281701683998108
74,960310	0,0323222577571869
75,060339	0,0348085761070251
75,160606	0,0351108908653259
75,261223	0,032606452703476
75,361538	0,0284940004348755
75,462986	0,0220471322536469
75,564871	0,0145541429519653
75,665615	0,0088600218296051
75,765853	0,00430908799171448
75,866197	0,000518292188644409
75,966623	0,000549674034118652
76,066905	0,00265884399414063
76,167040	0,0083843469619751
76,267884	0,0141921639442444
76,368818	0,0203292071819305
76,469598	0,0280407071113586
76,570342	0,0323981940746307
76,670813	0,0348707735538483
76,771708	0,0350620150566101
76,872713	0,0325774848461151
76,973040	0,0283512771129608
77,073269	0,0217048227787018
77,173506	0,0145360231399536
77,275019	0,00871586799621582
77,376458	0,00407850742340088
77,477839	0,000698477029800415
77,578036	0,000540643930435181
77,678928	0,00262990593910217
77,779489	0,00870257616043091
77,880076	0,0142732560634613
77,981315	0,020429939031601
78,081410	0,0273399651050568
78,181660	0,0323758721351624
78,282366	0,03488689661026
78,382522	0,0351859033107758
78,484185	0,032380610704422
78,585843	0,0283465385437012
78,686008	0,0229432284832001
78,786038	0,0143443048000336
78,887785	0,0087815523147583
78,989719	0,00419428944587708
79,090011	0,000633329153060913
79,190242	0,000786364078521729
79,290826	0,00287333130836487
79,391268	0,00775778293609619
79,492022	0,014622837305069
79,592788	0,0206166803836823
79,694748	0,0273664891719818
79,795625	0,0326135456562042
79,896853	0,0348916351795197
79,997357	0,0351289510726929
80,097482	0,0324902236461639
80,198579	0,0281654298305511
80,300373	0,0227999091148376
80,401395	0,0144124925136566
80,501743	0,00863882899284363
80,602979	0,00421753525733948
80,704170	0,000840097665786743
80,805821	0,000827252864837646
80,907604	0,00311678647994995
81,009445	0,00909653306007385
81,111121	0,0147658884525299
81,211935	0,0209477841854095
81,312686	0,027629166841507
81,412968	0,032654345035553
81,513176	0,0351014137268066
81,614091	0,0351536273956299
81,714658	0,0323625802993774
81,816077	0,0282417237758636
81,917246	0,0215229690074921
82,018035	0,0142761170864105
82,119127	0,00870683789253235
82,221032	0,0034242570400238
82,322624	0,000838667154312134
82,423922	0,00101163983345032
82,524612	0,00379860401153564
82,625318	0,00924977660179138
82,725972	0,0149862170219421
82,826907	0,0221287906169891
82,927143	0,0277216136455536
83,028909	0,0327544808387756
83,129323	0,0351697504520416
83,229784	0,0351412892341614
83,331580	0,0322781503200531
83,431878	0,0279477834701538
83,532037	0,0214270353317261
83,632684	0,0140738785266876
83,732962	0,00841432809829712
83,834073	0,00338441133499146
83,934132	0,000700384378433228
84,034766	0,000879526138305664
84,135133	0,00325107574462891
84,236942	0,0081917941570282
84,338591	0,0149828791618347
84,439749	0,0211187899112701
84,540676	0,0276846587657928
84,642100	0,0327388048171997
84,743463	0,0352456867694855
84,843758	0,0349704325199127
84,944412	0,0322003662586212
85,045344	0,027929276227951
85,146264	0,0211677253246307
85,246911	0,0140285789966583
85,347759	0,00842002034187317
85,449756	0,00324773788452148
85,550446	0,00105056166648865
85,651013	0,000995010137557983
85,751063	0,00393381714820862
85,851306	0,00843474268913269
85,951586	0,0151163935661316
86,053540	0,0223480761051178
86,153763	0,0278904139995575
86,255458	0,0327179133892059
86,356699	0,0351664423942566
86,457373	0,0349893867969513
86,559099	0,0319550931453705
86,660328	0,0267146229743958
86,761113	0,0211121439933777
86,861688	0,0137781798839569
86,962112	0,00831159949302673
87,062930	0,0032724142074585
87,163821	0,00094035267829895
87,264822	0,00108146667480469
87,365026	0,0040932297706604
87,465752	0,00845474004745483
87,566666	0,0153200328350067
87,667553	0,0224871635437012
87,769529	0,0278738141059875
87,870503	0,0328536033630371
87,971198	0,0351540744304657
88,072851	0,0348607897758484
88,172939	0,031992107629776
88,274344	0,0265657305717468
88,374524	0,0209245383739471
88,475855	0,0137929618358612
88,575980	0,00817891955375671
88,676328	0,00320598483085632
88,777703	0,00106245279312134
88,879195	0,00105723738670349
88,980030	0,00419285893440247
89,080586	0,00868305563926697
89,182209	0,0153643786907196
89,282924	0,0226523280143738
89,383218	0,028058260679245
89,483781	0,0327776968479156
89,585509	0,0351692736148834
89,686947	0,0348071455955505
89,787791	0,0317316949367523
89,888723	0,0264761447906494
89,989498	0,0207644402980804
90,090052	0,0146848261356354
90,191952	0,00714915990829468
90,292824	0,00307455658912659
90,393569	0,000902801752090454
90,495354	0,0014880895614624
90,596030	0,00419759750366211
90,697006	0,00869163870811462
90,797980	0,0167572498321533
90,898493	0,0226471126079559
91,000818	0,0280506610870361
91,101009	0,0328825414180756
91,201939	0,0350354313850403
91,303028	0,0347464084625244
91,403364	0,0317226946353912
91,504347	0,0262480676174164
91,605176	0,0206670165061951
91,705578	0,014653354883194
91,807304	0,00696250796318054
91,907331	0,00310727953910828
92,008507	0,000973135232925415
92,108673	0,00145909190177917
92,208796	0,00435987114906311
92,309509	0,00879958271980286
92,411134	0,0167677402496338
92,511644	0,0227861404418945
92,611903	0,0280743837356567
92,711966	0,032791942358017
92,812777	0,0350582003593445
92,913312	0,0345788896083832
93,014264	0,0321832597255707
93,115626	0,026142805814743
93,216418	0,0204000174999237
93,316696	0,0144263505935669
93,417471	0,00690740346908569
93,517902	0,00294265151023865
93,618248	0,000934183597564697
93,719547	0,0012434720993042
93,820427	0,00436079502105713
93,921287	0,0089394748210907
94,022446	0,0157443881034851
94,123955	0,0228255391120911
94,225168	0,0282028615474701
94,327128	0,0328493416309357
94,427544	0,0349414646625519
94,529449	0,0345698893070221
94,630161	0,0321030914783478
94,730492	0,025913804769516
94,830991	0,0203253924846649
94,931819	0,0142665803432465
95,032086	0,00674265623092651
95,132801	0,00293505191802979
95,233439	0,000854343175888062
95,334682	0,00155457854270935
95,436669	0,00449031591415405
95,537049	0,00896042585372925
95,638301	0,0157987177371979
95,738856	0,0229493975639343
95,840859	0,0281692147254944
95,941578	0,0328512489795685
96,041974	0,0349357724189758
96,142581	0,034392386674881
96,243147	0,031281054019928
96,343844	0,0257748663425446
96,444052	0,0200354754924774
96,544116	0,0141292214393616
96,645766	0,00659212470054626
96,746326	0,00275233387947083
96,847069	0,000821560621261597
96,947716	0,00117933750152588
97,049166	0,00446707010269165
97,149881	0,00904038548469543
97,250511	0,0157586634159088
97,351074	0,0228084623813629
97,452840	0,0281265079975128
97,553714	0,0326965749263763
97,654106	0,0347293317317963
97,754556	0,0342751741409302
97,855532	0,0316837728023529
97,956821	0,0255003273487091
98,057321	0,0197925567626953
98,157471	0,0137495696544647
98,258460	0,00635284185409546
98,359086	0,00262278318405151
98,459415	0,000668495893478394
98,559786	0,00113040208816528
98,661321	0,00447466969490051
98,761740	0,00901374220848083
98,862880	0,0147697031497955
98,963876	0,0230533182621002
99,064640	0,0282573997974396
99,165114	0,0322136580944061
99,265649	0,0347554385662079
99,366696	0,0341062247753143
99,466889	0,0316192507743835
99,567677	0,0252509117126465
99,669453	0,0195838510990143
99,770115	0,0136284232139587
99,871325	0,00706556439399719
99,971995	0,00236549973487854
100,073292	0,000514507293701172
100,173465	0,000998795032501221
100,275266	0,00446519255638123
100,377146	0,00918552279472351
100,477201	0,0160466134548187
100,577890	0,0232127606868744
100,678439	0,0284878313541412
100,778822	0,0329641401767731
100,879540	0,0349500179290771
100,980814	0,0343568027019501
101,081627	0,0316880345344543
101,181875	0,0254339575767517
101,282647	0,0197122395038605
101,383218	0,013671338558197
101,483550	0,00725463032722473
101,584260	0,00260522961616516
101,685130	0,000702261924743652
101,786085	0,00131803750991821
101,886978	0,00472894310951233
101,988367	0,00935211777687073
102,088478	0,0150863528251648
102,188837	0,0233441889286041
102,290381	0,0285143852233887
102,391028	0,032472163438797
102,491558	0,0348807275295258
102,591636	0,0342182219028473
102,691951	0,0316638350486755
102,792475	0,0263277292251587
102,892541	0,0195519924163818
102,993191	0,0136289000511169
103,095051	0,00713729858398438
103,196290	0,00257104635238647
103,297084	0,000816792249679565
103,397162	0,00105389952659607
103,497827	0,00486040115356445
103,598097	0,00956729054450989
103,698162	0,0151779353618622
103,798986	0,0235045254230499
103,900756	0,0286978781223297
104,001545	0,0324750244617462
104,103176	0,0349248647689819
104,203580	0,034184068441391
104,304795	0,03143709897995
104,405913	0,0261580049991608
104,507322	0,0193023383617401
104,607791	0,013230174779892
104,708410	0,00776967406272888
104,808881	0,00213149189949036
104,910521	0,000275343656539917
105,011288	0,000624775886535645
105,112229	0,00438216328620911
105,213717	0,00907418131828308
105,313890	0,0148970484733582
105,414662	0,0232018530368805
105,515300	0,0284778773784637
105,616461	0,0325148701667786
105,716973	0,0348522365093231
105,817163	0,0343814790248871
105,919141	0,0318265557289124
106,020024	0,0264609456062317
106,120369	0,0196865499019623
106,221205	0,013668954372406
106,321307	0,00803014636039734
106,422148	0,00241249799728394
106,522496	0,000508308410644531
106,623338	0,000631421804428101
106,724141	0,0044504702091217
106,825103	0,00908273458480835
106,926035	0,0147368013858795
107,027916	0,0232492983341217
107,129855	0,0285058319568634
107,230843	0,0324897468090057
107,331716	0,0350572764873505
107,432124	0,0345518290996552
107,532145	0,0319902002811432
107,632733	0,0268279314041138
107,732865	0,0199580192565918
107,833768	0,0139565467834473
107,934179	0,00847518444061279
108,034788	0,00268068909645081
108,134926	0,000808238983154297
108,236649	0,00106531381607056
108,337300	0,0046786367893219
108,438252	0,00941449403762817
108,539346	0,0151669681072235
108,640877	0,0234376490116119
108,741099	0,0287993550300598
108,842296	0,0327701270580292
108,944235	0,0351004600524902
109,044983	0,0346989631652832
109,145194	0,0320660769939423
109,246534	0,0266980230808258
109,347536	0,0199546813964844
109,448917	0,0138492286205292
109,549607	0,00726127624511719
109,650215	0,00266879796981812
109,751056	0,000713199377059937
109,851268	0,00125914812088013
109,951498	0,00481340289115906
110,051551	0,00941449403762817
110,152211	0,0151545703411102
110,252460	0,0224601030349731
110,353401	0,0287637710571289
110,454775	0,0327558815479279
110,556668	0,0351906418800354
110,656889	0,0345399677753448
110,757727	0,0319826006889343
110,857757	0,0266899764537811
110,957949	0,0197702050209045
111,059596	0,013858288526535
111,159815	0,00736010074615479
111,260618	0,00267830491065979
111,361064	0,000973135232925415
111,461542	0,00123968720436096
111,562554	0,0050031840801239
111,663165	0,00980919599533081
111,764335	0,0154535472393036
111,866140	0,0225493311882019
111,966988	0,0289401710033417
112,067832	0,032653421163559
112,169289	0,0348142683506012
112,269789	0,0341081321239471
112,370085	0,0311411321163177
112,471670	0,0255553424358368
112,573109	0,0184969305992126
112,674566	0,0121652781963348
112,775557	0,00558632612228394
112,876229	0,0010092556476593
112,977159	-0,000768095254898071
113,077160	-0,000151306390762329
113,178740	0,00341382622718811
113,278956	0,0092950165271759
113,380865	0,0155460238456726
113,481250	0,0232260525226593
113,581931	0,0298132002353668
113,682081	0,0339648127555847
113,782936	0,0362372696399689
113,882937	0,0353420376777649
113,983436	0,0324840247631073
114,084159	0,0266192853450775
114,184161	0,0192985236644745
114,284220	0,0130980610847473
114,384508	0,00733727216720581
114,484938	0,00173979997634888
114,585414	0,000272035598754883
114,686034	0,000823915004730225
114,787410	0,0044267475605011
114,888213	0,0106141865253448
114,989411	0,0166347920894623
115,091370	0,0242440700531006
115,191826	0,0308157801628113
115,291928	0,0345233678817749
115,392082	0,0365268588066101
115,492095	0,0356994569301605
115,592487	0,0324940085411072
115,692707	0,0278501212596893
115,793408	0,0194901823997498
115,893490	0,0131323933601379
115,993964	0,00764849781990051
116,094507	0,00273191928863525
116,194706	0,000554919242858887
116,295645	0,00137978792190552
116,396324	0,004923015832901
116,497203	0,0109258592128754
116,597804	0,0171765387058258
116,698430	0,0233759880065918
116,800165	0,0310078561306
116,901040	0,0349182188510895
117,001710	0,0366954207420349
117,103097	0,0357630550861359
117,203548	0,0327202975749969
117,303803	0,027832567691803
117,404625	0,0207482874393463
117,505582	0,0133322179317474
117,607295	0,00764086842536926
117,707878	0,00292223691940308
117,807885	0,000979781150817871
117,908857	0,0016690194606781
118,009498	0,00471091270446777
118,109996	0,0116646587848663
118,210246	0,0176090598106384
118,311168	0,0238034129142761
118,411288	0,0298530161380768
118,511696	0,0331928431987762
118,612219	0,0335686206817627
118,712645	0,0302987992763519
118,813279	0,0234471261501312
118,913440	0,0156914591789246
119,015184	0,00455674529075623
119,115870	-0,00668272376060486
119,216064	-0,0147853493690491
119,316889	-0,0220455527305603
119,416949	-0,0248822271823883
119,517543	-0,0238657593727112
119,618649	-0,0197525918483734
119,719443	-0,0111450552940369
119,819816	-2,85506248474121E-5
119,919996	0,00940734148025513
120,020811	0,0198405683040619
120,121672	0,0272972881793976
120,222025	0,0302347838878632
120,322854	0,0297491848468781
120,423232	0,025807112455368
120,523940	0,0174166262149811
120,624595	0,00671130418777466
120,725812	-0,00296875834465027
120,826389	-0,0136857628822327
120,926981	-0,020171731710434
121,027375	-0,024331122636795
121,129318	-0,023621529340744
121,230609	-0,0191926956176758
121,330910	-0,0105413198471069
121,431670	-0,00130444765090942
121,532409	0,0104593634605408
121,633184	0,020734041929245
121,733281	0,0271337330341339
121,833912	0,0311401784420013
121,935007	0,0302380919456482
122,035615	0,0261233747005463
122,136307	0,0176595449447632
122,236367	0,00643831491470337
122,336740	-0,00331234931945801
122,436998	-0,012405127286911
122,538530	-0,0209023654460907
122,639424	-0,0250382423400879
122,740867	-0,0248240828514099
122,842362	-0,0203370749950409
122,942929	-0,0116772055625916
123,043373	-0,000713825225830078
123,143514	0,00869449973106384
123,243815	0,0190217196941376
123,345519	0,0252290964126587
123,445816	0,0290089249610901
123,546306	0,0284034311771393
123,646890	0,0242716073989868
123,747828	0,0159017145633698
123,848718	0,00706413388252258
123,950510	-0,0045197606086731
124,051900	-0,0149619579315186
124,152170	-0,021325558423996
124,252457	-0,0254184007644653
124,354637	-0,0250235795974731
124,456568	-0,0201665461063385
124,557203	-0,011659175157547
124,657442	-0,00247591733932495
124,758982	0,00898376107215881
124,860673	0,0189850926399231
124,961405	0,0261869132518768
125,062221	0,0289596021175385
125,162515	0,0279453992843628
125,263030	0,0238940119743347
125,364580	0,0154744982719421
125,465366	0,00641551613807678
125,566057	-0,00488287210464478
125,667488	-0,0152622163295746
125,767997	-0,0216701626777649
125,870009	-0,0252921581268311
125,971170	-0,0243557095527649
126,072199	-0,0199875831604004
126,173361	-0,0110665261745453
126,274099	-0,000122249126434326
126,375865	0,00937068462371826
126,476268	0,0195377171039581
126,576646	0,026360422372818
126,677094	0,0290606319904327
126,777808	0,028594046831131
126,878618	0,0224520266056061
126,978880	0,0151908099651337
127,079719	0,00628069043159485
127,179844	-0,00532406568527222
127,280419	-0,0155127942562103
127,380428	-0,0217861831188202
127,481100	-0,0256023705005646
127,581756	-0,0242805778980255
127,681936	-0,0197591781616211
127,782637	-0,0110589265823364
127,883451	0,000173598527908325
127,984438	0,00954589247703552
128,085102	0,0194830596446991
128,185420	0,0256330966949463
128,286220	0,0289852321147919
128,387716	0,0283152461051941
128,488090	0,023538202047348
128,589182	0,0147573053836823
128,690899	0,00565847754478455
128,791277	-0,00564804673194885
128,891522	-0,0160269737243652
128,991663	-0,022179514169693
129,092623	-0,0256468057632446
129,193223	-0,0250949859619141
129,295131	-0,0198571383953094
129,395502	-0,0108332931995392
129,495603	-0,0016724169254303
129,596758	0,00984680652618408
129,697141	0,0183655619621277
129,797918	0,0256411731243134
129,898469	0,0290975868701935
129,998871	0,028374046087265
130,100616	0,0232492983341217
130,200785	0,0146729052066803
130,301333	0,00553128123283386
130,401549	-0,00610652565956116
130,501599	-0,0146946609020233
130,601852	-0,0224583446979523
130,702095	-0,0259996652603149
130,802547	-0,0249952375888824
130,903209	-0,0209763646125793
131,004240	-0,0108047127723694
131,105056	-0,00137639045715332
131,206338	0,00993824005126953
131,308065	0,018465518951416
131,408607	0,0260195434093475
131,508716	0,0289454162120819
131,610020	0,0284000933170319
131,710252	0,0234319269657135
131,810972	0,0161605477333069
131,911659	0,00544634461402893
132,011924	-0,00601321458816528
132,113127	-0,0148783624172211
132,213408	-0,0224163234233856
132,313459	-0,0258710086345673
132,414545	-0,0251488983631134
132,514793	-0,01966592669487
132,616317	-0,0123287439346313
132,716505	-0,00142598152160645
132,817129	0,00830018520355225
132,918211	0,0185545086860657
133,018616	0,0257976353168488
133,119570	0,0289572477340698
133,220690	0,0282370150089264
133,321636	0,02309650182724
133,421703	0,0161114633083344
133,521834	0,00515455007553101
133,623672	-0,00630754232406616
133,725274	-0,0148278176784515
133,825754	-0,0225932896137238
133,926099	-0,0258965492248535
134,026210	-0,0249493718147278
134,126302	-0,0209400951862335
134,227524	-0,012358158826828
134,329163	-0,00130778551101685
134,429367	0,00805628299713135
134,529639	0,0183846056461334
134,629802	0,0256392657756805
134,729838	0,0284328162670135
134,830629	0,028346061706543
134,932356	0,0227624475955963
135,032996	0,0155665278434753
135,133773	0,00682953000068665
135,233984	-0,00651857256889343
135,335834	-0,0151248276233673
135,435999	-0,021418422460556
135,537558	-0,0254855453968048
135,638066	-0,0247101783752441
135,738380	-0,0203073918819427
135,839041	-0,0118240416049957
135,939763	-0,000817149877548218
136,039818	0,00877535343170166
136,140496	0,0172784924507141
136,240563	0,0259512364864349
136,341218	0,028819739818573
136,441465	0,0282422006130219
136,541943	0,02365443110466
136,642751	0,015297144651413
136,743027	0,00622373819351196
136,844172	-0,00515034794807434
136,945033	-0,0154882669448853
137,045099	-0,0219936668872833
137,145809	-0,0257111191749573
137,246701	-0,024735689163208
137,348157	-0,0204213857650757
137,449176	-0,0132175981998444
137,549895	-0,000467687845230103
137,650162	0,0089823305606842
137,751289	0,017713338136673
137,852198	0,0261982977390289
137,952555	0,0288458168506622
138,054156	0,0284598767757416
138,155532	0,0223827362060547
138,256430	0,015025794506073
138,357287	0,00609508156776428
138,457443	-0,00558105111122131
138,557653	-0,0159401893615723
138,657990	-0,0222304463386536
138,758670	-0,0261841416358948
138,859464	-0,0250652134418488
138,959618	-0,0205495059490204
139,060125	-0,0135267376899719
139,160719	-0,00255706906318665
139,261377	0,00893473625183105
139,362024	0,0174199640750885
139,463285	0,025134265422821
139,563704	0,0286926925182343
139,664420	0,0280463993549347
139,765091	0,0233683884143829
139,865497	0,0147396624088287
139,966819	0,00562950968742371
140,067017	-0,00577870011329651
140,167637	-0,0161971747875214
140,268277	-0,0225593149662018
140,369277	-0,0258885025978088
140,470051	-0,0251517295837402
140,570078	-0,020639955997467
140,671981	-0,0134017765522003
140,772176	-0,00261056423187256
140,873937	0,00877964496612549
140,975422	0,0174037516117096
141,075525	0,0248354971408844
141,175651	0,0283332765102386
141,276636	0,0277794599533081
141,376683	0,0227870941162109
141,478279	0,0142322182655334
141,578670	0,00521525740623474
141,679631	-0,00640517473220825
141,779987	-0,0150856375694275
141,880394	-0,022836834192276
141,980545	-0,0262773334980011
142,082297	-0,025824636220932
142,182836	-0,0207506716251373
142,283088	-0,0136573612689972
142,383178	-0,00262629985809326
142,485337	0,00876584649085999
142,585583	0,0172370374202728
142,685932	0,0248208045959473
142,786136	0,0281696915626526
142,888037	0,0274717807769775
142,989383	0,0226736664772034
143,090316	0,0139279365539551
143,190533	0,00490877032279968
143,291201	-0,00648078322410583
143,392014	-0,0152381360530853
143,492459	-0,0229326486587524
143,593060	-0,0261680483818054
143,694988	-0,0257830321788788
143,796479	-0,0205801427364349
143,897229	-0,0132943093776703
143,997768	-0,00245681405067444
144,098402	0,00899088382720947
144,198491	0,0174632966518402
144,299382	0,02476766705513
144,399830	0,02792027592659
144,500269	0,0274191200733185
144,600669	0,0223632752895355
144,701898	0,0137605369091034
144,802392	0,00467723608016968
144,904179	-0,00493597984313965
145,005801	-0,0153533220291138
145,106237	-0,0230128765106201
145,207391	-0,0262290835380554
145,307622	-0,0255276262760162
145,408620	-0,0203281044960022
145,509076	-0,0130385160446167
145,610030	-0,00199294090270996
145,711408	0,00928503274917603
145,811961	0,0177233517169952
145,912534	0,0250825583934784
146,012992	0,0282028615474701
146,114173	0,0273987352848053
146,214996	0,0223333835601807
146,316702	0,0134853422641754
146,417235	0,00445947051048279
146,518058	-0,00512692332267761
146,618242	-0,0156925618648529
146,719338	-0,0231752693653107
146,819926	-0,0263085663318634
146,920692	-0,025678962469101
147,022198	-0,0202503800392151
147,123008	-0,0129452049732208
147,224848	-0,00198101997375488
147,325716	0,00943592190742493
147,426079	0,0178042948246002
147,527099	0,0250507891178131
147,628517	0,0282365381717682
147,729604	0,0272916257381439
147,831599	0,0232592523097992
147,931746	0,0132993161678314
148,032308	0,00411126017570496
148,132784	-0,0054800808429718
148,233430	-0,0159071981906891
148,333434	-0,0234392285346985
148,433473	-0,0264751017093658
148,534233	-0,02564537525177
148,634383	-0,0201788246631622
148,734671	-0,0127390027046204
148,835471	-0,00165432691574097
148,936511	0,00970348715782166
149,036607	0,0181171000003815
149,137980	0,0253315269947052
149,239657	0,0281824767589569
149,339719	0,0273921191692352
149,440206	0,0232516527175903
149,540445	0,0147944986820221
149,641499	0,00392243266105652
149,741936	-0,00569447875022888
149,842175	-0,0161778628826141
149,943112	-0,0235903561115265
150,044650	-0,0265465378761292
150,145955	-0,0256676077842712
150,246325	-0,0200205445289612
150,348190	-0,0125080645084381
150,448628	-0,00138592720031738
150,549372	0,00824263691902161
150,650863	0,0184450447559357
150,751626	0,0246652364730835
150,852493	0,0286120474338531
150,952820	0,0274954736232758
151,053897	0,0232725441455841
151,154581	0,0147944986820221
151,255058	0,00379577279090881
151,357001	-0,00586771965026855
151,457799	-0,016293853521347
151,557984	-0,0237736403942108
151,659307	-0,0267041027545929
151,759692	-0,0257432758808136
151,859794	-0,0201745629310608
151,961784	-0,0126261413097382
152,062368	-0,00145074725151062
152,163335	0,00993633270263672
152,263533	0,0183360576629639
152,363682	0,0245599746704102
152,464382	0,0282540619373322
152,565218	0,0273911654949188
152,665643	0,0232284069061279
152,766376	0,0147306025028229
152,866721	0,00387784838676453
152,968647	-0,00574043393135071
153,069147	-0,0161679685115814
153,170096	-0,023488849401474
153,272059	-0,0263823568820953
153,372675	-0,0254217088222504
153,473070	-0,0197699964046478
153,573332	-0,0122983753681183
153,673655	-0,00317230820655823
153,773911	0,00828021764755249
153,874395	0,0183617770671844
153,974916	0,0245115756988525
154,075590	0,0281758606433868
154,177582	0,0271782875061035
154,278171	0,0229190289974213
154,378200	0,014473557472229
154,478512	0,00551185011863708
154,578726	-0,00591415166854858
154,679482	-0,0161344707012177
154,779682	-0,0224451124668121
154,881257	-0,0261784493923187
154,981906	-0,0250727534294128
155,082930	-0,020668238401413
155,183464	-0,0118781924247742
155,284163	-0,00266978144645691
155,385120	0,00866451859474182
155,485911	0,0187015235424042
155,586583	0,024750143289566
155,687987	0,0282218158245087
155,789706	0,0271981954574585
155,891663	0,0229517817497253
155,991698	0,0144120156764984
156,092397	0,00361308455467224
156,192548	-0,00590074062347412
156,293359	-0,0161505043506622
156,394594	-0,0232451558113098
156,495097	-0,0259755253791809
156,595634	-0,0248401761054993
156,696837	-0,0203092694282532
156,798255	-0,0115859508514404
156,900265	-0,0025007426738739
157,000669	0,00879389047622681
157,100874	0,0186611115932465
157,201959	0,0245960056781769
157,302633	0,0280084908008575
157,402958	0,0267923474311829
157,504747	0,0224482417106628
157,606562	0,0139474868774414
157,707429	0,00309684872627258
157,807638	-0,00634869933128357
157,908437	-0,0164102911949158
158,008526	-0,0234486758708954
158,109246	-0,0260270833969116
158,209651	-0,0252316296100616
158,311047	-0,0201246440410614
158,411072	-0,01124307513237
158,512094	-0,0020768940448761
158,613775	0,00913128256797791
158,714578	0,0189969837665558
158,815694	0,0248696208000183
158,916511	0,0280990302562714
159,016877	0,0268597006797791
159,118216	0,0224306583404541
159,219539	0,0137562453746796
159,321293	0,00295260548591614
159,422161	-0,00652000308036804
159,522294	-0,0166059136390686
159,623240	-0,0234496295452118
159,724397	-0,0259665250778198
159,824398	-0,025104433298111
159,925430	-0,0197634100914001
160,026033	-0,010865181684494
160,126905	-0,00165575742721558
160,227120	0,0096944272518158
160,328195	0,0194407403469086
160,429708	0,0252015888690948
160,530174	0,0284057855606079
160,630353	0,0268848240375519
160,731173	0,0223480761051178
160,831939	0,0136045515537262
160,932260	0,00254541635513306
161,033792	-0,00694015622138977
161,134775	-0,0154896676540375
161,236285	-0,0239725112915039
161,336390	-0,0263388454914093
161,436502	-0,0254009068012238
161,538108	-0,0201293528079987
161,638968	-0,0110370218753815
161,739602	-0,00179547071456909
161,839740	0,00945684313774109
161,941132	0,0193365812301636
162,042638	0,0250621736049652
162,143583	0,0281241536140442
162,243621	0,0267255008220673
162,344133	0,022068977355957
162,444135	0,0132807195186615
162,544484	0,00431716442108154
162,645862	-0,00717505812644958
162,747564	-0,0157246291637421
162,848442	-0,0239224433898926
162,948587	-0,0264126360416412
163,049555	-0,025349348783493
163,150254	-0,0198717415332794
163,250595	-0,0109165906906128
163,352006	-0,00159138441085815
163,453918	0,00970110297203064
163,554510	0,0193142294883728
163,655163	0,0250697731971741
163,756115	0,0280748307704926
163,856984	0,0264396071434021
163,957194	0,0219374597072601
164,059161	0,0147372782230377
164,160137	0,00207406282424927
164,260381	-0,00730088353157043
164,360387	-0,0158189833164215
164,460862	-0,0240065157413483
164,561359	-0,0261552631855011
164,662330	-0,0251275897026062
164,762343	-0,0196070671081543
164,863335	-0,0103468894958496
164,964376	-0,00116437673568726
165,064762	0,0101359188556671
165,165879	0,0198852717876434
165,266680	0,0254216194152832
165,367549	0,0284010469913483
165,468026	0,0267781317234039
165,569092	0,0219355523586273
165,670764	0,014775425195694
165,771826	0,00210773944854736
165,872013	-0,00747403502464294
165,972387	-0,0158067047595978
166,073021	-0,0231204926967621
166,173334	-0,0262645781040192
166,274088	-0,0249975919723511
166,375981	-0,0194582641124725
166,476673	-0,0103678703308105
166,577663	-0,00099143385887146
166,677709	0,0101278126239777
166,778161	0,019675612449646
166,878307	0,0253210961818695
166,978848	0,0278994143009186
167,078933	0,0268990397453308
167,179832	0,0216502249240875
167,280535	0,0143209397792816
167,381092	0,00358319282531738
167,482658	-0,00758883357048035
167,583502	-0,0160298049449921
167,683918	-0,0230950117111206
167,785463	-0,0258955955505371
167,885475	-0,0247252881526947
167,985831	-0,0190048217773438
168,086331	-0,00981569290161133
168,187315	-0,000720977783203125
168,288933	0,010464608669281
168,389717	0,018540233373642
168,491694	0,0251669883728027
168,592408	0,027810275554657
168,693177	0,0266468226909637
168,793767	0,021049439907074
168,894244	0,0138754844665527
168,994588	0,00307551026344299
169,094858	-0,00819852948188782
169,195305	-0,0162802040576935
169,297291	-0,0233636796474457
169,397817	-0,0261127054691315
169,497949	-0,0246170461177826
169,599541	-0,0190043449401855
169,700250	-0,0114960968494415
169,801271	-0,000447243452072144
169,901600	0,00869497656822205
170,002538	0,0184674263000488
170,104252	0,0252030193805695
170,204450	0,0274798274040222
170,305569	0,026297390460968
170,406107	0,0207572877407074
170,506862	0,0132773816585541
170,607076	0,00264319777488708
170,707152	-0,00854650139808655
170,807658	-0,0167934894561768
170,907765	-0,0235266089439392
171,008201	-0,0260318219661713
171,109764	-0,0247583985328674
171,210126	-0,0187552571296692
171,310317	-0,0112639963626862
171,412215	-0,000376790761947632
171,512476	0,00901326537132263
171,613298	0,0186040103435516
171,714355	0,0251532196998596
171,815032	0,0275864899158478
171,916144	0,026098221540451
172,016307	0,0216392874717712
172,116514	0,0131567120552063
172,217092	0,00224399566650391
172,318081	-0,00705209374427795
172,419035	-0,0168580710887909
172,519337	-0,023768424987793
172,619959	-0,0260862112045288
172,720521	-0,0245565474033356
172,822301	-0,0199809968471527
172,923262	-0,0110151469707489
173,024108	-1,99973583221436E-5
173,124994	0,00910842418670654
173,227214	0,0188656747341156
173,327437	0,0253163576126099
173,428295	0,0275025963783264
173,529927	0,0261859595775604
173,631018	0,0203805267810822
173,732512	0,012901097536087
173,832705	0,00223496556282043
173,932742	-0,00717842578887939
174,033051	-0,0170451104640961
174,135269	-0,0236248672008514
174,236111	-0,0260550081729889
174,336330	-0,0244875550270081
174,436826	-0,0196753442287445
174,538455	-0,0108751952648163
174,639127	0,000119388103485107
174,739842	0,00939497351646423
174,840824	0,0188266634941101
174,941416	0,0252684652805328
175,041660	0,0274921655654907
175,142357	0,025823712348938
175,244054	0,0201177000999451
175,344498	0,0126597881317139
175,444954	0,0017896294593811
175,546807	-0,00919666886329651
175,648477	-0,0171902179718018
175,749574	-0,0230218470096588
175,850321	-0,0260043740272522
175,951897	-0,0243103504180908
176,052995	-0,019583523273468
176,154510	-0,0087687075138092
176,255033	0,000368565320968628
176,355634	0,00947257876396179
176,456959	0,0203500986099243
176,557292	0,0252423584461212
176,658825	0,0272987186908722
176,760739	0,0257355272769928
176,860770	0,0197645127773285
176,961050	0,0122892558574677
177,061550	0,00158974528312683
177,161820	-0,00954705476760864
177,262008	-0,0173593461513519
177,362960	-0,0229590535163879
177,463115	-0,0260110199451447
177,564190	-0,0241487324237823
177,664191	-0,0192407071590424
177,765361	-0,0103749930858612
177,866340	0,00062289834022522
177,966792	0,00973871350288391
178,066944	0,0190169513225555
178,167054	0,0252698659896851
178,267946	0,0272024571895599
178,368163	0,0253722965717316
178,468703	0,0207515954971313
178,569457	0,0119493007659912
178,670425	0,00298961997032166
178,770760	-0,00795277953147888
178,871535	-0,0175482630729675
178,972259	-0,0231455266475677
179,073110	-0,0258468687534332
179,173539	-0,0240353345870972
179,273815	-0,0191093385219574
179,375640	-0,00999647378921509
179,477192	0,000825345516204834
179,577693	0,0099201500415802
179,679972	0,0192923545837402
179,781702	0,0252414345741272
179,881782	0,0271896421909332
179,982209	0,0253912806510925
180,082490	0,0192833244800568
180,183456	0,0118248462677002
180,283783	0,00295877456665039
180,383868	-0,00813543796539307
180,484237	-0,0175157487392426
180,585151	-0,0229925811290741
180,686995	-0,025761753320694
180,787932	-0,0236546099185944
180,888809	-0,0187076926231384
180,989028	-0,00969451665878296
181,089494	0,00131472945213318
181,190239	0,0102640390396118
181,291220	0,0194421410560608
181,392627	0,025469034910202
181,493064	0,0271854102611542
181,593458	0,0252513885498047
181,694183	0,0204959809780121
181,796116	0,0115287899971008
181,897554	0,00262990593910217
181,997767	-0,00834432244300842
182,098008	-0,0178266167640686
182,199352	-0,0231809318065643
182,299550	-0,0257669389247894
182,400450	-0,0237443447113037
182,500523	-0,0186525881290436
182,600731	-0,00954705476760864
182,700781	-0,000568628311157227
182,801932	0,0103335976600647
182,902667	0,0194730460643768
183,003327	0,0245917141437531
183,104433	0,0270730555057526
183,204897	0,0256653428077698
183,305237	0,0200982093811035
183,405357	0,0112489759922028
183,506319	0,00231093168258667
183,607270	-0,00868889689445496
183,709167	-0,0179429352283478
183,810556	-0,0233362913131714
183,911488	-0,0258591771125793
184,011765	-0,0236026346683502
184,113330	-0,0185584127902985
184,213351	-0,00940337777137756
184,313391	-0,000267386436462402
184,413677	0,0104655623435974
184,514289	0,019578605890274
184,614934	0,0247311592102051
184,715318	0,0269862711429596
184,815374	0,0255861580371857
184,916814	0,020036906003952
185,018531	0,0110216438770294
185,119529	0,00217136740684509
185,221269	-0,00874623656272888
185,321550	-0,0180842280387878
185,421565	-0,0232607424259186
185,522021	-0,0256666839122772
185,623834	-0,0241596102714539
185,724252	-0,018181711435318
185,824339	-0,00904622673988342
185,924748	-1,57058238983154E-5
186,025605	0,0108634233474731
186,126236	0,0185078680515289
186,227712	0,0248241126537323
186,328503	0,0271498262882233
186,428923	0,0255486965179443
186,529209	0,0198905169963837
186,630243	0,0126421451568604
186,731039	0,00197386741638184
186,831312	-0,00889769196510315
186,932113	-0,0167115032672882
187,032398	-0,0233117341995239
187,133369	-0,0255588293075562
187,234206	-0,0238860547542572
187,334324	-0,0180503129959106
187,434842	-0,00875481963157654
187,535836	0,000307708978652954
187,636821	0,0109463334083557
187,737346	0,0186544358730316
187,837816	0,0248895585536957
187,938893	0,0269061625003815
188,039370	0,0254045426845551
188,140757	0,0196271240711212
188,240838	0,012224406003952
188,342807	0,00173267722129822
188,443296	-0,00919139385223389
188,545184	-0,0170177817344666
188,645217	-0,0225550830364227
188,747174	-0,0256212949752808
188,847184	-0,0239044725894928
188,947228	-0,0178176760673523
189,048039	-0,0103378295898438
189,148094	0,000449836254119873
189,249487	0,00950875878334045
189,350583	0,0186967551708221
189,452582	0,024874359369278
189,552900	0,0269175469875336
189,654433	0,0251608192920685
189,754948	0,0194107592105865
189,856106	0,0120589435100555
189,957599	0,00136128067970276
190,057953	-0,00939479470252991
190,158424	-0,0171440541744232
190,259187	-0,0235563516616821
190,359859	-0,0255711376667023
190,461157	-0,0237882435321808
190,561810	-0,017761617898941
190,662537	-0,0100684762001038
190,763183	0,000660449266433716
190,863845	0,0112756788730621
190,963964	0,0188766419887543
191,065911	0,0248511433601379
191,166492	0,0267534852027893
191,266644	0,0250768661499023
191,368623	0,0191059112548828
191,468920	0,0116761028766632
191,569370	0,00111615657806396
191,669951	-0,00978085398674011
191,770895	-0,0174276530742645
191,871794	-0,02362060546875
191,972814	-0,0256600379943848
192,074859	-0,0237235724925995
192,175279	-0,0175496637821198
192,275547	-0,0100036263465881
192,376659	0,000841051340103149
192,477259	0,0114692151546478
192,578031	0,0189203917980194
192,679037	0,0249706506729126
192,779724	0,0268231630325317
192,880522	0,0249341428279877
192,980768	0,0190388262271881
193,081880	0,0115588307380676
193,183367	0,000918984413146973
193,283606	-0,00978371500968933
193,384843	-0,0174375474452972
193,486804	-0,0236305296421051
193,587225	-0,0254765450954437
193,688292	-0,0235577821731567
193,789292	-0,0173715949058533
193,889893	-0,00966063141822815
193,991274	0,00104203820228577
194,091640	0,0116064846515656
194,191992	0,0190497934818268
194,292961	0,0248392820358276
194,393701	0,0266079008579254
194,495109	0,0247397124767303
194,596210	0,0186201632022858
194,696433	0,00949254631996155
194,796687	0,000587224960327148
194,897704	-0,00851354002952576
194,998074	-0,0177041590213776
195,098203	-0,0237339437007904
195,199183	-0,025604248046875
195,300693	-0,0234344899654388
195,401287	-0,0171718597412109
195,501365	-0,00951841473579407
195,602563	0,00135129690170288
195,703192	0,0118224620819092
195,803199	0,0191605985164642
195,903455	0,0249976813793182
196,004129	0,0266226232051849
196,105127	0,0245855748653412
196,206698	0,0185197591781616
196,308223	0,0109477639198303
196,409622	0,000333845615386963
196,510447	-0,00862774252891541
196,611381	-0,0178713500499725
196,711422	-0,0238161385059357
196,813099	-0,0255129635334015
196,913957	-0,023378312587738
197,014753	-0,017000824213028
197,115700	-0,00923866033554077
197,216340	0,00148856639862061
197,316356	0,0119960010051727
197,418259	0,0193137526512146
197,518496	0,0249530971050262
197,619472	0,0265699923038483
197,721466	0,0244940221309662
197,821765	0,0195391476154327
197,922053	0,0107419192790985
198,022786	0,000123172998428345
198,123822	-0,0089053213596344
198,225204	-0,0191799700260162
198,326368	-0,0238303244113922
198,427287	-0,0255025625228882
198,528530	-0,023146003484726
198,629119	-0,0167506039142609
198,730009	-0,00899654626846313
198,831248	0,00186514854431152
198,932221	0,0122611224651337
199,032898	0,0195139646530151
199,133175	0,0251646041870117
199,234720	0,0265443921089172
199,335690	0,0244361758232117
199,437014	0,019521564245224
199,537219	0,00885480642318726
199,637969	-1,28448009490967E-5
199,737986	-0,00893157720565796
199,838056	-0,0180724561214447
199,938463	-0,0237769186496735
200,039333	-0,025342732667923
200,139698	-0,0230279862880707
200,240552	-0,0164442360401154
200,342390	-0,00867408514022827
200,442758	0,00208023190498352
200,542968	0,0125481784343719
200,643394	0,0196461379528046
200,743943	0,0244968831539154
200,845658	0,0265330374240875
200,945999	0,0242829620838165
201,046893	0,0192714333534241
201,147652	0,0103617012500763
201,248370	-0,000339686870574951
201,349901	-0,00926491618156433
201,451589	-0,0182264447212219
201,552499	-0,0239512622356415
201,653671	-0,0253507792949677
201,754331	-0,0228962898254395
201,855092	-0,0163721144199371
201,957054	-0,00856226682662964
202,057946	0,00216850638389587
202,158411	0,0125176608562469
202,258691	0,0196799039840698
202,358716	0,024537205696106
202,460417	0,0264073610305786
202,560785	0,0241453945636749
202,660893	0,0189931690692902
202,761132	0,00999158620834351
202,862793	-0,000594794750213623
202,963326	-0,00945493578910828
203,063523	-0,0183578431606293
203,164852	-0,0239191353321075
203,266735	-0,0252973437309265
203,367549	-0,0227509140968323
203,468132	-0,0161250531673431
203,568285	-0,00832328200340271
203,669216	0,000662356615066528
203,769330	0,0128037929534912
203,870084	0,0198828876018524
203,970392	0,0246325135231018
204,071871	0,0264448225498199
204,173651	0,0240989327430725
204,275609	0,0189822316169739
204,377268	0,00826215744018555
204,477670	-0,000694304704666138
204,577710	-0,00952127575874329
204,677854	-0,0183804333209991
204,779004	-0,0239007174968719
204,880141	-0,0251616537570953
204,981007	-0,0225602388381958
205,082835	-0,0158614218235016
205,183515	-0,00794371962547302
205,284635	0,000972658395767212
205,384817	0,0130704045295715
205,486558	0,0200544893741608
205,587722	0,0247012674808502
205,688028	0,0263751447200775
205,789209	0,0239979028701782
205,889898	0,0187872052192688
205,991181	0,00803488492965698
206,091234	-0,000906199216842651
206,191959	-0,00977608561515808
206,292562	-0,0185574889183044
206,392865	-0,0239876508712769
206,494570	-0,0252282917499542
206,595204	-0,0232692360877991
206,696445	-0,0157312452793121
206,797234	-0,0078447163105011
206,897415	0,00109952688217163
206,998779	0,013178676366806
207,099240	0,020104855298996
207,199945	0,0247074365615845
207,300869	0,0262888669967651
207,401120	0,0237782597541809
207,501364	0,0185478329658508
207,602180	0,00945019721984863
207,703095	-0,00120154023170471
207,804036	-0,00997978448867798
207,904195	-0,0187236964702606
208,005493	-0,0240840017795563
208,106544	-0,0252188444137573
208,207605	-0,0231988728046417
208,307671	-0,0155972540378571
208,408581	-0,00764575600624084
208,508586	0,0012790858745575
208,609371	0,0133126676082611
208,710133	0,0202061235904694
208,811100	0,0247283279895782
208,911109	0,0262309908866882
209,011238	0,023679107427597
209,111657	0,0183807909488678
209,213538	0,0092816948890686
209,314361	-0,00133779644966125
209,414468	-0,0101023316383362
209,516361	-0,0174884498119354
209,616716	-0,0239720344543457
209,717516	-0,0250462889671326
209,818054	-0,022944450378418
209,919679	-0,0152895748615265
210,020592	-0,00731238722801208
210,121543	0,00163057446479797
210,222121	0,0135721266269684
210,323017	0,0203909575939178
210,423526	0,0248165428638458
210,524108	0,0263433754444122
210,624804	0,023538202047348
210,725765	0,0182018280029297
210,825955	0,00903943181037903
210,926475	-0,00158232450485229
211,026642	-0,0103206634521484
211,126702	-0,0176876783370972
211,227046	-0,0234859883785248
211,327610	-0,0250637829303741
211,427947	-0,0228807032108307
211,528056	-0,0165408849716187
211,629182	-0,00715687870979309
211,730679	0,00176781415939331
211,831785	0,0120875537395477
211,932137	0,0204251706600189
212,033758	0,0247837901115417
212,135391	0,0262224674224854
212,236166	0,0233598351478577
212,337471	0,0179418921470642
212,438396	0,0104493498802185
212,538495	-0,00183933973312378
212,639997	-0,0105427205562592
212,740273	-0,0178073048591614
212,840908	-0,0240792632102966
212,942865	-0,0249838829040527
213,044147	-0,0227306187152863
213,145457	-0,0149350464344025
213,246820	-0,00692912936210632
213,347585	0,00202041864395142
213,448183	0,0123006999492645
213,549446	0,0205620229244232
213,649818	0,0248663127422333
213,750750	0,0262058675289154
213,851185	0,0232535600662231
213,951703	0,0178152620792389
214,052260	0,0102640390396118
214,152505	-0,00198769569396973
214,253568	-0,0106337368488312
214,354545	-0,0178840756416321
214,456173	-0,0240121781826019
214,556711	-0,0248444080352783
214,656983	-0,0225347578525543
214,757199	-0,0160274505615234
214,857579	-0,00659897923469543
214,958477	0,00227674841880798
215,059168	0,0125524699687958
215,159447	0,0207022130489349
215,260840	0,0249161124229431
215,361439	0,026291698217392
215,463355	0,023115485906601
215,563817	0,0176085829734802
215,665552	0,0100625455379486
215,765706	-0,00226590037345886
215,867029	-0,0108623206615448
215,967902	-0,0179961621761322
216,069361	-0,0240910947322845
216,170122	-0,0248368680477142
216,271978	-0,0224705934524536
216,372023	-0,0159722864627838
216,472243	-0,00648698210716248
216,574089	0,00242626667022705
216,674493	0,0125820338726044
216,776419	0,0206888914108276
216,876812	0,0248108208179474
216,977763	0,0259332358837128
217,079539	0,0228321850299835
217,180475	0,017292320728302
217,281263	0,00802016258239746
217,381586	-0,00249931216239929
217,482059	-0,011102706193924
217,582792	-0,0182283222675323
217,683604	-0,0241213142871857
217,784416	-0,0248349606990814
217,884749	-0,0223549902439117
217,986713	-0,015734076499939
218,087579	-0,00629416108131409
218,188952	0,00256726145744324
218,289893	0,0127236843109131
218,390405	0,0206983983516693
218,491173	0,0247790515422821
218,592947	0,0258663892745972
218,694906	0,0226280987262726
218,794996	0,0170555412769318
218,895951	0,00777062773704529
218,996087	-0,00280874967575073
219,096789	-0,0112915933132172
219,198251	-0,0194530785083771
219,298887	-0,0241312682628632
219,400579	-0,0246908068656921
219,501978	-0,0213198959827423
219,602139	-0,0155151784420013
219,702501	-0,00593185424804688
219,803372	0,00293692946434021
219,904071	0,0129821598529816
220,004668	0,02093306183815
220,106373	0,0248563587665558
220,208260	0,0258028507232666
220,308328	0,022541731595993
220,409358	0,0168830454349518
220,510287	0,00759431719779968
220,610480	-0,00295731425285339
220,710889	-0,0115521848201752
220,811630	-0,0196334421634674
220,911775	-0,0237287580966949
221,012071	-0,0247503519058228
221,112745	-0,0220794975757599
221,213006	-0,015369325876236
221,314656	-0,00585147738456726
221,415567	0,00297394394874573
221,516257	0,0129797756671906
221,617684	0,0207872092723846
221,718185	0,0247610509395599
221,818515	0,0256790816783905
221,918920	0,0223196148872375
222,019753	0,0166905522346497
222,120568	0,00895091891288757
222,221102	-0,00327268242835999
222,321755	-0,0117689371109009
222,421782	-0,0186446011066437
222,522695	-0,0237835347652435
222,623998	-0,0246113836765289
222,724590	-0,0219710171222687
222,824803	-0,0152390599250793
222,925102	-0,00567007064819336
223,025872	0,0030764639377594
223,126755	0,0115302205085754
223,227526	0,020908385515213
223,327860	0,0247449278831482
223,428190	0,0257270038127899
223,529477	0,0221226215362549
223,631306	0,0163187980651855
223,731918	0,00869020819664001
223,833227	-0,00168004631996155
223,934908	-0,0118544399738312
224,035553	-0,0186770856380463
224,135890	-0,0237891972064972
224,236519	-0,0246284008026123
224,338460	-0,0218587815761566
224,439068	-0,0150096714496613
224,539522	-0,00544083118438721
224,641455	0,00344559550285339
224,743129	0,013386607170105
224,843137	0,0210641622543335
224,943973	0,0247738361358643
225,045880	0,0254220962524414
225,146255	0,0218771696090698
225,248048	0,0161662697792053
225,349482	0,00677302479743958
225,450464	-0,0019981861114502
225,550827	-0,012104719877243
225,652816	-0,0200417339801788
225,753755	-0,0238752067089081
225,855567	-0,0245097577571869
225,956110	-0,0208072066307068
226,056995	-0,0147933661937714
226,157380	-0,00518673658370972
226,258088	0,00353386998176575
226,358415	0,0134447813034058
226,458853	0,0210613310337067
226,559627	0,0247515738010406
226,661475	0,0254353582859039
226,761935	0,0227111577987671
226,863858	0,0159765481948853
226,965672	0,00660732388496399
227,067180	-0,00212940573692322
227,168659	-0,0121811330318451
227,269539	-0,0199141204357147
227,370322	-0,0236895382404327
227,470517	-0,02394038438797
227,570720	-0,0204416215419769
227,670754	-0,0144749581813812
227,771263	-0,00487139821052551
227,871820	0,00565043091773987
227,972241	0,0137419402599335
228,072474	0,0212859809398651
228,174453	0,0248962044715881
228,275960	0,0253542959690094
228,376483	0,0225787758827209
228,476764	0,0158306658267975
228,578050	0,00634333491325378
228,678809	-0,00235944986343384
228,779693	-0,0123648047447205
228,880151	-0,0200963914394379
228,982061	-0,02379110455513
229,082081	-0,0243188440799713
229,182863	-0,020445853471756
229,283539	-0,0143364667892456
229,383824	-0,00472784042358398
229,485669	0,00571539998054504
229,585976	0,0137576758861542
229,686078	0,0211814939975739
229,786120	0,0247121751308441
229,886354	0,0251527428627014
229,986588	0,0223172307014465
230,088264	0,0154959559440613
230,189188	0,00603529810905457
230,289491	-0,0027184784412384
230,390491	-0,0126517713069916
230,491437	-0,0202395617961884
230,591907	-0,0238185226917267
230,692027	-0,0242177248001099
230,792710	-0,0212044417858124
230,893370	-0,014194667339325
230,993626	-0,00456136465072632
231,093974	0,00420615077018738
231,194497	0,0139107704162598
231,294618	0,0202864110469818
231,396024	0,0247136056423187
231,497253	0,0249787271022797
231,597277	0,0220267176628113
231,697443	0,0151531398296356
231,799266	0,00743085145950317
231,900045	-0,0029042661190033
232,001577	-0,0128030180931091
232,102748	-0,0193697512149811
232,203307	-0,0239554941654205
232,303989	-0,0242706537246704
232,404109	-0,0211309492588043
232,504733	-0,0139554142951965
232,606645	-0,00428053736686707
232,707008	0,0043921172618866
232,808841	0,0140519440174103
232,909951	0,0203006565570831
233,011707	0,0246595442295074
233,112641	0,0249341428279877
233,212841	0,0219683349132538
233,313603	0,0150300860404968
233,414539	0,00556451082229614
233,515923	-0,00319144129753113
233,616714	-0,0130285918712616
233,717112	-0,0204609334468842
233,817141	-0,0239106118679047
233,919142	-0,0240670144557953
234,019230	-0,0208694040775299
234,120022	-0,0137264728546143
234,221008	-0,00576624274253845
234,321871	0,00464734435081482
234,422411	0,014252245426178
234,522568	0,0205259323120117
234,622949	0,0247819125652313
234,724902	0,0249052047729492
234,826192	0,0218534171581268
234,926257	0,0148512721061707
235,026359	0,00702756643295288
235,126654	-0,00332573056221008
235,226727	-0,0131545960903168
235,328520	-0,0195736587047577
235,429352	-0,02394700050354
235,530006	-0,0240906178951263
235,630878	-0,0208637416362762
235,732178	-0,0135986804962158
235,832677	-0,00560450553894043
235,933264	0,00480058789253235
236,033765	0,0144082009792328
236,134395	0,020603358745575
236,235157	0,0248288512229919
236,335926	0,0251176655292511
236,436460	0,021683931350708
236,537205	0,014665275812149
236,637576	0,00689697265625
236,739440	-0,00344568490982056
236,839853	-0,0131541192531586
236,940784	-0,0194460153579712
237,041330	-0,0238109529018402
237,142016	-0,0242404043674469
237,243530	-0,0206997692584991
237,343901	-0,0134727954864502
237,445542	-0,00538820028305054
237,545689	0,00497424602508545
237,646401	0,0144568681716919
237,747947	0,0205753147602081
237,848144	0,0246704518795013
237,949437	0,0249108970165253
238,050097	0,0214588344097137
238,151710	0,0143958032131195
238,252921	0,00489643216133118
238,354371	-0,00369617342948914
238,454883	-0,0133724212646484
238,555847	-0,0195868313312531
238,656049	-0,0237571001052856
238,757816	-0,0240424275398254
238,857957	-0,0203827321529388
238,958719	-0,0131124556064606
239,058768	-0,00513362884521484
239,160619	0,00522759556770325
239,262166	0,0146810114383698
239,362277	0,0207126438617706
239,463753	0,0247060358524323
239,564848	0,0245623290538788
239,665547	0,0213011801242828
239,766249	0,0142202973365784
239,866437	0,00645112991333008
239,968038	-0,00383341312408447
240,068892	-0,0119822025299072
240,169481	-0,020563155412674
240,269818	-0,0237783491611481
240,370536	-0,0239616334438324
240,470687	-0,0202593505382538
240,572002	-0,0128830969333649
240,672401	-0,00480726361274719
240,773449	0,0054895281791687
240,873535	0,0148746371269226
240,973797	0,0207777321338654
241,074053	0,0246391594409943
241,175384	0,0247766971588135
241,275907	0,021174818277359
241,376697	0,0139885246753693
241,478592	0,00622516870498657
241,579199	-0,00406771898269653
241,679608	-0,0122399926185608
241,780111	-0,0197893381118774
241,880486	-0,0238373875617981
241,981177	-0,0238978564739227
242,081327	-0,0200539827346802
242,181964	-0,0126731097698212
242,282286	-0,00462499260902405
242,382866	0,0056883692741394
242,483355	0,0136174559593201
242,585225	0,0209729671478271
242,686514	0,0248075127601624
242,788138	0,0248492360115051
242,889134	0,0211700797080994
242,989595	0,0153414905071259
243,089792	0,0060524046421051
243,190354	-0,00421980023384094
243,290903	-0,012294590473175
243,392209	-0,0198293626308441
243,492947	-0,0237840116024017
243,594527	-0,023849219083786
243,696338	-0,0200054943561554
243,796352	-0,0125673413276672
243,897096	-0,00451210141181946
243,998821	0,00575479865074158
244,099598	0,0136436820030212
244,200087	0,0209045708179474
244,300817	0,0246524214744568
244,401391	0,0246623754501343
244,501839	0,0209021866321564
244,602687	0,0150553584098816
244,704377	0,00578615069389343
244,805031	-0,00450059771537781
244,905768	-0,0125555098056793
245,006277	-0,0199833512306213
245,106560	-0,0238643288612366
245,207925	-0,0238019824028015
245,308201	-0,0198698341846466
245,409712	-0,0124236345291138
245,511373	-0,00437048077583313
245,611384	0,00586017966270447
245,712969	0,0151025652885437
245,813186	0,0208950638771057
245,914078	0,024222731590271
246,015569	0,0244930982589722
246,116572	0,0207036435604095
246,217343	0,0148116946220398
246,317902	0,00550612807273865
246,418484	-0,00473549962043762
246,519283	-0,0127432644367218
246,620710	-0,0200756788253784
246,720847	-0,0238369107246399
246,821317	-0,0237552225589752
246,922057	-0,0197605788707733
247,023895	-0,0122689604759216
247,125580	-0,00426095724105835
247,227461	0,00594985485076904
247,327497	0,0151369273662567
247,428850	0,0208850800991058
247,529815	0,0241857469081879
247,630539	0,0240296721458435
247,731200	0,0205192863941193
247,831466	0,0146013796329498
247,933106	0,00365152955055237
248,034448	-0,00488191843032837
248,134525	-0,012789249420166
248,235080	-0,0209405720233917
248,337023	-0,0237500071525574
248,438717	-0,0235762000083923
248,539540	-0,0195251405239105
248,639815	-0,0119950175285339
248,740412	-0,00390273332595825
248,840925	0,00461271405220032
248,941881	0,0153987109661102
249,041893	0,0210679769515991
249,142724	0,0242625772953033
249,243002	0,0239670872688293
249,343198	0,0204275548458099
249,445067	0,0144640207290649
249,545261	0,00345414876937866
