0,100696	0,00955921411514282
0,201107	0,005083829164505
0,301326	0,000901848077774048
0,401990	-5,18560409545898E-5
0,502128	0,000819176435470581
0,602985	0,00489357113838196
0,703455	0,00931879878044128
0,804109	0,0144482851028442
0,904557	0,0205990970134735
1,004894	0,0257521271705627
1,105783	0,028642863035202
1,206488	0,0299284160137177
1,308352	0,0286608934402466
1,408711	0,0257762968540192
1,509082	0,0216164886951447
1,609514	0,0145035982131958
1,710122	0,00937545299530029
1,810132	0,00490593910217285
1,911710	0,00118836760520935
2,012362	-0,000147491693496704
2,112678	0,000755012035369873
2,213550	0,00410178303718567
2,314677	0,00932261347770691
2,416057	0,0144888162612915
2,516459	0,0206323564052582
2,617593	0,0257478654384613
2,717725	0,0286040008068085
2,817758	0,0298539698123932
2,918733	0,0285703241825104
3,018998	0,0256999433040619
3,120625	0,0215167701244354
3,220888	0,0154702067375183
3,321618	0,00929644703865051
3,423669	0,00483807921409607
3,524301	0,00118029117584229
3,625071	-0,000112742185592651
3,725930	0,000841975212097168
3,826443	0,00424551963806152
3,926483	0,00944352149963379
4,028348	0,0145632028579712
4,128909	0,0206845998764038
4,230415	0,0257416963577271
4,331009	0,028577446937561
4,431057	0,0297487080097198
4,531936	0,028414785861969
4,632723	0,0255046188831329
4,732963	0,0213135182857513
4,833677	0,0152566134929657
4,934873	0,00911605358123779
5,035518	0,00469383597373962
5,135552	0,00104156136512756
5,236486	-0,000176042318344116
5,336891	0,000805884599685669
5,437635	0,0042194128036499
5,537662	0,00852274894714355
5,638038	0,0146075785160065
5,738343	0,0207211971282959
5,839617	0,0250370502471924
5,939621	0,0285598933696747
6,040598	0,0297392308712006
6,141100	0,028822124004364
6,241521	0,0254960656166077
6,342542	0,0213054418563843
6,443680	0,015299528837204
6,544965	0,01015305519104
6,646939	0,00482195615768433
6,747491	0,00125771760940552
6,848341	9,55760478973389E-5
6,948981	0,00113183259963989
7,049087	0,00456812977790833
7,151057	0,00886717438697815
7,251236	0,0149886012077332
7,352204	0,0201067626476288
7,453111	0,0253556966781616
7,554918	0,0288334786891937
7,656228	0,0299488008022308
7,757015	0,0289591550827026
7,857671	0,0255880355834961
7,958300	0,0213676691055298
8,058653	0,0153219401836395
8,160392	0,0092102587223053
8,260788	0,0048547089099884
8,362560	0,00129571557044983
8,463853	0,000156939029693604
8,564225	0,00119930505752563
8,664326	0,00466302037239075
8,764621	0,00993013381958008
8,865745	0,0150410532951355
8,966494	0,0201334059238434
9,067655	0,0253504812717438
9,169531	0,0287732779979706
9,270958	0,0298383235931396
9,372767	0,0283882319927216
9,474047	0,0253884494304657
9,574923	0,0211434662342072
9,674999	0,0150992274284363
9,776515	0,00898706912994385
9,878539	0,00466537475585938
9,980515	0,00115033984184265
10,081188	4,7534704208374E-5
10,181252	0,00113514065742493
10,282033	0,00462174415588379
10,382182	0,00990349054336548
10,484167	0,015023410320282
10,584870	0,0201058089733124
10,685195	0,0259892046451569
10,786419	0,0286794006824493
10,888575	0,0297154784202576
10,989061	0,0282341539859772
11,090071	0,0252295732498169
11,190587	0,0209734439849854
11,292516	0,0139102935791016
11,393431	0,0089019238948822
11,494452	0,00460511445999146
11,594625	0,00115558505058289
11,696149	0,000102251768112183
11,796391	0,0012187659740448
11,896598	0,00475648045539856
11,997074	0,0100330412387848
12,098954	0,0151397883892059
12,200758	0,0211582183837891
12,300998	0,0260451436042786
12,401645	0,0286893546581268
12,502460	0,0296946167945862
12,602466	0,0281526148319244
12,703455	0,0251565277576447
12,805453	0,0209031403064728
12,905880	0,014873206615448
13,007724	0,00885337591171265
13,108280	0,00458237528800964
13,208757	0,00117555260658264
13,310697	0,000189751386642456
13,411190	0,00134843587875366
13,511981	0,00491350889205933
13,613690	0,0102511644363403
13,714578	0,0153519809246063
13,815379	0,0213610231876373
13,916956	0,0262409448623657
14,017645	0,0288372933864594
14,118069	0,0298013389110565
14,219967	0,0282322466373444
14,319987	0,025174081325531
14,421023	0,019936591386795
14,522497	0,0148598551750183
14,622521	0,00881198048591614
14,722934	0,00386026501655579
14,823613	0,00117981433868408
14,924419	0,000179767608642578
15,025361	0,00137218832969666
15,125683	0,00495192408561707
15,226122	0,0102435648441315
15,327052	0,0153586566448212
15,428982	0,0213087797164917
15,529555	0,0261318981647491
15,630105	0,0287135243415833
15,730417	0,0296102166175842
15,830711	0,0284470617771149
15,931096	0,0249564349651337
16,031113	0,0206703543663025
16,132755	0,0146404802799225
16,232875	0,00865164399147034
16,333484	0,00444287061691284
16,434481	0,00112280249595642
16,535098	0,000222086906433105
16,636285	0,00143203139305115
16,736388	0,00505346059799194
16,837292	0,0103993117809296
16,939064	0,0155035853385925
17,040958	0,0214583575725555
17,142116	0,0262342989444733
17,242802	0,0287415087223053
17,344478	0,0296035706996918
17,445090	0,0284176468849182
17,545116	0,024876743555069
17,646302	0,019626647233963
17,747304	0,0145341157913208
17,848003	0,00850421190261841
17,948294	0,00428488850593567
18,050469	0,0010087788105011
18,151194	0,000148862600326538
18,253237	0,00144770741462708
18,353258	0,00512418150901794
18,454096	0,0105008184909821
18,554139	0,0156285166740417
18,654163	0,0215837359428406
18,754851	0,0256790816783905
18,856571	0,0288989245891571
18,958179	0,0297169089317322
19,059006	0,0284655392169952
19,159882	0,0248928964138031
19,260137	0,0195710062980652
19,360289	0,014468789100647
19,460731	0,00847944617271423
19,561479	0,00430244207382202
19,661743	0,00104629993438721
19,761754	0,000256329774856567
19,863664	0,00154697895050049
19,963754	0,00527080893516541
20,063765	0,0107004642486572
20,165527	0,0158187448978424
20,267285	0,0217959880828857
20,369212	0,0258844196796417
20,471323	0,0290516316890717
20,571399	0,0298383235931396
20,671548	0,0285637080669403
20,772733	0,0249327123165131
20,873690	0,0196157097816467
20,974373	0,0145083665847778
21,074391	0,00849848985671997
21,176062	0,00367429852485657
21,276244	0,00112706422805786
21,376946	0,00033336877822876
21,478012	0,00167375802993774
21,579960	0,00537803769111633
21,681394	0,00980013608932495
21,781886	0,0169083178043365
21,882750	0,0217717587947845
21,985200	0,0258104205131531
22,085414	0,0292109549045563
22,187041	0,0296367704868317
22,287165	0,0283180773258209
22,388600	0,0246709287166595
22,489248	0,0193499028682709
22,589799	0,014252245426178
22,690423	0,00831872224807739
22,791071	0,00357228517532349
22,892866	0,0011080801486969
22,994501	0,000428467988967896
23,096257	0,00231519341468811
23,197465	0,00559821724891663
23,297644	0,0100530087947845
23,398259	0,0171522498130798
23,498660	0,0219982266426086
23,599747	0,0260190665721893
23,700830	0,0292815864086151
23,802448	0,0296324789524078
23,902910	0,0282218158245087
24,003149	0,0236715376377106
24,103932	0,0190816521644592
24,204451	0,0139822959899902
24,304613	0,00802108645439148
24,406035	0,00334787368774414
24,507274	0,000910907983779907
24,607352	0,000163614749908447
24,708035	0,00222975015640259
24,808439	0,00553032755851746
24,909007	0,0100553929805756
25,010692	0,0172156095504761
25,111678	0,0220551788806915
25,211909	0,0260404050350189
25,312863	0,0290378630161285
25,412915	0,0295893549919128
25,513696	0,0281810462474823
25,614527	0,0244409143924713
25,715407	0,0190164744853973
25,817224	0,013944149017334
25,918895	0,00803536176681519
26,018919	0,00331607460975647
26,119220	0,000954121351242065
26,219485	0,000290542840957642
26,319778	0,00232610106468201
26,420359	0,00572630763053894
26,522201	0,0101935267448425
26,622829	0,0172889828681946
26,722830	0,0221292674541473
26,822917	0,02604940533638
26,923800	0,0289525091648102
27,025366	0,029533863067627
27,125927	0,0280672609806061
27,227764	0,0242749154567719
27,328607	0,01891228556633
27,430069	0,0137834250926971
27,531119	0,00882956385612488
27,632715	0,00330564379692078
27,733965	0,000938445329666138
27,834742	0,000344306230545044
27,935471	0,00248086452484131
28,037179	0,00583121180534363
28,137409	0,0103359818458557
28,237724	0,0174428224563599
28,339315	0,0221909582614899
28,441230	0,0261138677597046
28,541449	0,0292555093765259
28,641462	0,0294674634933472
28,741971	0,0280032753944397
28,843669	0,0241677165031433
28,944539	0,0187353193759918
29,046103	0,0136837363243103
29,146401	0,00782573223114014
29,247503	0,00321832299232483
29,349285	0,000942736864089966
29,449998	0,000427991151809692
29,550855	0,0025031566619873
29,651616	0,00597739219665527
29,752473	0,0114692151546478
29,853911	0,0176071524620056
29,954504	0,02239790558815
30,055350	0,0262423753738403
30,156224	0,0290895402431488
30,256893	0,0295798778533936
30,357349	0,0280502140522003
30,458861	0,0242379009723663
30,559956	0,0188328623771667
30,660334	0,0136956572532654
30,762007	0,00788182020187378
30,863361	0,00331607460975647
30,963607	0,00100117921829224
31,064186	0,000612884759902954
31,166011	0,00270441174507141
31,267486	0,00612404942512512
31,368031	0,0116918385028839
31,469543	0,0177566707134247
31,570400	0,0225156247615814
31,671393	0,027013748884201
31,772845	0,0291455090045929
31,874824	0,0295438170433044
31,976002	0,027499258518219
32,077989	0,0241046249866486
32,178953	0,0186772644519806
32,280505	0,012592077255249
32,382326	0,00776252150535583
32,484119	0,00268307328224182
32,585553	0,000759303569793701
32,685899	0,000608623027801514
32,786952	0,00281116366386414
32,888908	0,0071391761302948
32,988931	0,0118319988250732
33,089881	0,0169364213943481
33,190304	0,0235458016395569
33,290497	0,0271294414997101
33,390541	0,0293276011943817
33,491429	0,0295049548149109
33,591972	0,0275940597057343
33,692003	0,0242217779159546
33,792292	0,0177428722381592
33,892510	0,0126087665557861
33,994433	0,00784191489219666
34,096246	0,00331941246986389
34,198197	0,000887125730514526
34,298486	0,000786840915679932
34,399061	0,00292032957077026
34,500498	0,00723752379417419
34,601472	0,011946439743042
34,701473	0,0170064568519592
34,802960	0,0236112773418427
34,904626	0,0271579027175903
35,005803	0,0292531549930573
35,107631	0,0294167399406433
35,209337	0,0274570882320404
35,309405	0,0240481793880463
35,409848	0,0176128745079041
35,511415	0,0125243365764618
35,611916	0,00774398446083069
35,711920	0,00328949093818665
35,812638	0,000874787569046021
35,913626	0,000790655612945557
36,015530	0,00302425026893616
36,115532	0,00734105706214905
36,217227	0,012038916349411
36,319084	0,0181099474430084
36,420627	0,023625522851944
36,521427	0,0271503031253815
36,622534	0,0294489860534668
36,722558	0,0293105244636536
36,824225	0,0273423492908478
36,926072	0,0231036245822906
37,026106	0,0184312462806702
37,126509	0,0123436152935028
37,227541	0,0067407488822937
37,327969	0,0031571090221405
37,428765	0,000813931226730347
37,530037	0,000783056020736694
37,631488	0,00302520394325256
37,731489	0,00737622380256653
37,832598	0,0120861232280731
37,933511	0,0181385278701782
38,034681	0,0236549079418182
38,135534	0,0271432101726532
38,236801	0,029384970664978
38,338456	0,0292104780673981
38,438458	0,0272290110588074
38,539849	0,0229223668575287
38,640687	0,0182951390743256
38,741131	0,0122372806072235
38,841357	0,00663104653358459
38,942658	0,00309589505195618
39,043057	0,000764042139053345
39,144249	0,00073695182800293
39,244694	0,00303754210472107
39,346052	0,00739949941635132
39,446846	0,012092798948288
39,547696	0,0181594789028168
39,647696	0,0235889852046967
39,747697	0,0270536243915558
39,849204	0,0293053090572357
39,950690	0,0290748476982117
40,050984	0,0270744562149048
40,151901	0,0227946937084198
40,252026	0,0181385278701782
40,352473	0,0121123492717743
40,454013	0,00742089748382568
40,554761	0,00307169556617737
40,656422	0,000840097665786743
40,758368	0,00106766819953918
40,858458	0,00316566228866577
40,959816	0,00759384036064148
41,061094	0,0123121440410614
41,161436	0,0183579623699188
41,262905	0,0237834751605988
41,364003	0,0271891951560974
41,464436	0,0293579399585724
41,566233	0,0293000936508179
41,666390	0,0270279943943024
41,767847	0,0227045118808746
41,868576	0,0180557072162628
41,968657	0,0120031535625458
42,069276	0,00649005174636841
42,170487	0,0030062198638916
42,272059	0,00080302357673645
42,373113	0,00110569596290588
42,474918	0,0032619833946228
42,576082	0,00769695639610291
42,676727	0,0134419202804565
42,776734	0,01848503947258
42,877413	0,023924857378006
42,978712	0,0278562903404236
43,079522	0,0294959247112274
43,179552	0,0294181704521179
43,281028	0,0271166563034058
43,381828	0,0227662324905396
43,483519	0,0180999636650085
43,585186	0,0120727717876434
43,685603	0,00655272603034973
43,787253	0,00306931138038635
43,887633	0,000893294811248779
43,988605	0,00119501352310181
44,089436	0,00337490439414978
44,190976	0,00783190131187439
44,292080	0,0135683119297028
44,392520	0,0186320841312408
44,493433	0,0232193768024445
44,594037	0,0279411375522614
44,694375	0,0295267403125763
44,795361	0,0294219553470612
44,896077	0,0264856219291687
44,998077	0,022718757390976
45,098307	0,0180061757564545
45,198886	0,0109797120094299
45,300730	0,00645065307617188
45,401503	0,00299105048179626
45,501558	0,000834375619888306
45,603245	0,00117269158363342
45,703555	0,00335261225700378
45,804973	0,00782573223114014
45,905568	0,013543039560318
46,006484	0,0185526013374329
46,107969	0,023140162229538
46,209217	0,0277789831161499
46,310215	0,0293399393558502
46,410684	0,0291914939880371
46,512628	0,0261930823326111
46,613693	0,0224041044712067
46,714238	0,0177080929279327
46,814595	0,0106804370880127
46,915874	0,00621044635772705
47,015935	0,00279885530471802
47,117022	0,000659972429275513
47,218731	0,00107720494270325
47,320263	0,00328335165977478
47,420277	0,00776681303977966
47,521811	0,0135401785373688
47,622505	0,0185416638851166
47,723965	0,0239068269729614
47,825157	0,0277277827262878
47,925888	0,0292242169380188
48,027386	0,0288154780864716
48,128681	0,0260536670684814
48,229595	0,0222303867340088
48,330434	0,0165590047836304
48,431623	0,0115359425544739
48,532430	0,00607800483703613
48,634198	0,00223591923713684
48,734911	0,000663280487060547
48,835541	0,00109761953353882
48,935867	0,00398838520050049
49,037562	0,00787755846977234
49,138024	0,0136184096336365
49,238243	0,0186539590358734
49,340120	0,0239841341972351
49,440390	0,0277514755725861
49,541518	0,0292806327342987
49,642793	0,028794139623642
49,743982	0,0259882509708405
49,844650	0,0221819579601288
49,946574	0,0164517760276794
50,047374	0,0114277303218842
50,148107	0,00602343678474426
50,248234	0,00213196873664856
50,349786	0,000612407922744751
50,450939	0,00111046433448792
50,551028	0,00398030877113342
50,652786	0,00791081786155701
50,754003	0,0136699080467224
50,854220	0,0195762515068054
50,955045	0,0239623486995697
51,056587	0,0277187824249268
51,157960	0,0292346477508545
51,259283	0,0286836624145508
51,361193	0,0264310538768768
51,462097	0,0210641622543335
51,563568	0,0162825882434845
51,664538	0,0112484991550446
51,765335	0,0050957202911377
51,865715	0,00208401679992676
51,966072	0,000560134649276733
52,066909	0,00142064690589905
52,168200	0,00403439998626709
52,269113	0,00790512561798096
52,369732	0,0147158205509186
52,471692	0,0196708738803864
52,573016	0,0239827334880829
52,673462	0,0277509987354279
52,774534	0,0292612016201019
52,875030	0,0286352932453156
52,975410	0,0264509916305542
53,076641	0,0211111903190613
53,178387	0,0163216590881348
53,279098	0,0113686323165894
53,379944	0,00525844097137451
53,481099	0,00224921107292175
53,581788	0,000843405723571777
53,683444	0,00174024701118469
53,784521	0,00437882542610168
53,886169	0,00921884179115295
53,988138	0,0140714943408966
54,089247	0,019983172416687
54,189792	0,0250574350357056
54,291769	0,0279762148857117
54,392614	0,0294305086135864
54,494449	0,028487354516983
54,595334	0,0259014666080475
54,695515	0,0211586654186249
54,796245	0,015360563993454
54,896641	0,0104002952575684
54,998501	0,00528120994567871
55,099616	0,00233989953994751
55,199642	0,0008220374584198
55,300097	0,00149425864219666
55,400885	0,00451120734214783
55,502834	0,00931024551391602
55,604355	0,0141740441322327
55,704863	0,0201034247875214
55,805752	0,025060772895813
55,906111	0,0279610455036163
56,008009	0,0293958783149719
56,108763	0,028331845998764
56,209084	0,0257743895053864
56,310661	0,0209991037845612
56,410868	0,0151560008525848
56,512172	0,0103054940700531
56,613079	0,00522428750991821
56,713468	0,00186419486999512
56,814939	0,00086289644241333
56,915141	0,0015849769115448
57,015620	0,00457242131233215
57,116856	0,00949826836585999
57,218341	0,014312356710434
57,318478	0,0201709568500519
57,420169	0,0251864194869995
57,521356	0,0279676914215088
57,623423	0,0293290317058563
57,725337	0,0282962620258331
57,827320	0,0256274044513702
57,927959	0,0208261907100677
58,029793	0,0150410532951355
58,131575	0,0100963711738586
58,232840	0,0050966739654541
58,333572	0,00180482864379883
58,433833	0,000765949487686157
58,534539	0,00191023945808411
58,635997	0,00531965494155884
58,737282	0,00945445895195007
58,837814	0,0153386294841766
58,938174	0,0211197435855865
59,038651	0,0251171886920929
59,140507	0,0279743373394012
59,242110	0,0292574167251587
59,342707	0,0281478762626648
59,444188	0,0255297422409058
59,545412	0,0207088589668274
59,646112	0,0148717761039734
59,746727	0,0100025236606598
59,848654	0,00497141480445862
59,950328	0,00166758894920349
60,051168	0,00075453519821167
60,153148	0,00185281038284302
60,254256	0,00527504086494446
60,355728	0,0104312598705292
60,455949	0,015297144651413
60,557514	0,021075576543808
60,658170	0,0251171886920929
60,758634	0,0282526314258575
60,860174	0,0291914939880371
60,960401	0,0281412303447723
61,061866	0,024747759103775
61,161913	0,0206755697727203
61,262649	0,014906108379364
61,364498	0,0090898871421814
61,465947	0,0050833523273468
61,568157	0,00186991691589355
61,668870	0,000947475433349609
61,769895	0,00215762853622437
61,871617	0,00559535622596741
61,973048	0,0106823444366455
62,073312	0,0156299471855164
62,175260	0,021301656961441
62,276938	0,0259351432323456
62,377495	0,0284532308578491
62,479079	0,0292564630508423
62,579479	0,0277040898799896
62,679874	0,0247487127780914
62,780218	0,0205867290496826
62,881998	0,0138272941112518
62,982151	0,00906702876091003
63,084109	0,00498896837234497
63,184717	0,00152608752250671
63,285844	0,00098264217376709
63,386551	0,00213006138801575
63,487703	0,00564566254615784
63,589650	0,0107666850090027
63,690578	0,0156227946281433
63,791355	0,0213496387004852
63,891676	0,0259237587451935
63,991703	0,0283019840717316
64,092266	0,0291881859302521
64,193715	0,0275201201438904
64,294058	0,0245281755924225
64,394971	0,0204080641269684
64,496168	0,013580709695816
64,596857	0,00882577896118164
64,697946	0,00485184788703918
64,798659	0,00169846415519714
64,899234	0,000894248485565186
65,001233	0,00215619802474976
65,102592	0,00563997030258179
65,204036	0,0108009874820709
65,305918	0,0157124400138855
65,406262	0,0213700532913208
65,506582	0,025959312915802
65,607590	0,028349369764328
65,708598	0,0290819704532623
65,808856	0,0274613499641418
65,910717	0,0244319140911102
66,011989	0,0193203985691071
66,112871	0,0134681463241577
66,214216	0,00872254371643066
66,315949	0,00407376885414124
66,416436	0,00166192650794983
66,517644	0,000906616449356079
66,618503	0,00260618329048157
66,718655	0,00574389100074768
66,819710	0,0109115540981293
66,921599	0,0167930126190186
67,022047	0,0215134620666504
67,123553	0,026027113199234
67,224896	0,028681755065918
67,325765	0,0291407704353333
67,426040	0,027437150478363
67,526407	0,0244029462337494
67,627134	0,0193246901035309
67,728226	0,0144373178482056
67,829798	0,00874489545822144
67,930639	0,00416913628578186
68,031312	0,00175023078918457
68,132464	0,00106722116470337
68,234255	0,00282922387123108
68,335479	0,00594085454940796
68,436495	0,0111536681652069
68,536664	0,0170169472694397
68,637209	0,021662563085556
68,738072	0,0261674821376801
68,839088	0,0287405550479889
68,939836	0,0291194319725037
69,039894	0,0274063348770142
69,141907	0,0235410630702972
69,243260	0,0191867649555206
69,344713	0,0143080651760101
69,445940	0,00772592425346375
69,547219	0,00402301549911499
69,648863	0,00165194272994995
69,749108	0,00109526515007019
69,849813	0,00275233387947083
69,950089	0,00587773323059082
70,050464	0,0120179355144501
70,150622	0,0169107019901276
70,250958	0,0215433835983276
70,351465	0,0260029435157776
70,452936	0,0285584628582001
70,553114	0,0289174318313599
70,654995	0,0271773338317871
70,755003	0,0233180820941925
70,856064	0,0189646482467651
70,957164	0,01413494348526
71,058755	0,0075843334197998
71,160527	0,00393286347389221
71,262429	0,0016210675239563
71,364325	0,00109857320785522
71,464571	0,00280502438545227
71,566023	0,00594654679298401
71,666225	0,0120870769023895
71,766343	0,0170078873634338
71,867858	0,0216279029846191
71,969827	0,0260176360607147
72,071231	0,0285442471504211
72,172494	0,0288491547107697
72,273358	0,0270284712314606
72,374634	0,0231733620166779
72,474965	0,0187771916389465
72,575208	0,0129335224628448
72,677045	0,00742372870445251
72,778796	0,00375211238861084
72,880137	0,00120404362678528
72,981306	0,00105103850364685
73,081926	0,00274616479873657
73,183350	0,00673884153366089
73,284030	0,0111841559410095
73,385360	0,0170193314552307
73,485601	0,0224975943565369
73,587132	0,0260531902313232
73,688197	0,0285077393054962
73,789136	0,0286684632301331
73,889303	0,0269786715507507
73,989311	0,0230613946914673
74,090207	0,0187053382396698
74,191068	0,0128720104694366
74,291919	0,00736436247825623
74,392298	0,00378865003585815
74,492574	0,00127387046813965
74,592813	0,00115320086479187
74,694682	0,00294265151023865
74,795443	0,00693827867507935
74,897900	0,0113805532455444
74,999014	0,0172565877437592
75,099872	0,0226456820964813
75,201133	0,0261665284633636
75,302642	0,0286153852939606
75,402903	0,0286884009838104
75,503371	0,0269995331764221
75,603576	0,0230960249900818
75,703875	0,0187139213085175
75,805716	0,0129320919513702
75,905962	0,00750118494033813
76,007999	0,00391626358032227
76,108733	0,00152179598808289
76,208899	0,00130331516265869
76,309918	0,00324204564094543
76,411883	0,00731399655342102
76,513885	0,0117357075214386
76,614345	0,0175509452819824
76,715941	0,0229403674602509
76,815952	0,0263694524765015
76,917942	0,0287196934223175
77,019757	0,0287708938121796
77,121450	0,0269668400287628
77,222402	0,0221677124500275
77,323804	0,0176442861557007
77,424928	0,0127294063568115
77,525877	0,00730162858963013
77,626125	0,00320646166801453
77,727521	0,00131043791770935
77,827946	0,00116175413131714
77,929725	0,00369945168495178
78,030399	0,00720283389091492
78,130942	0,0116918385028839
78,232870	0,0184707343578339
78,333836	0,0228739678859711
78,434377	0,026342898607254
78,534712	0,0288249552249908
78,634874	0,0286703705787659
78,735355	0,0269085168838501
78,835493	0,0228981673717499
78,936450	0,0175442695617676
79,037676	0,0126945972442627
79,138861	0,00726220011711121
79,239955	0,00320932269096375
79,340790	0,00140401721000671
79,441104	0,00122448801994324
79,541428	0,00382515788078308
79,643178	0,00735202431678772
79,745497	0,011798620223999
79,846252	0,0185835361480713
79,946890	0,0229560434818268
80,047177	0,0263656675815582
80,148238	0,0288121700286865
80,250033	0,0286077857017517
80,350495	0,0267843008041382
80,451654	0,0227790176868439
80,553112	0,0174137651920319
80,654516	0,0125667750835419
80,756142	0,00720426440238953
80,857840	0,00317943096160889
80,958079	0,00139546394348145
81,058631	0,00145247578620911
81,159522	0,00387927889823914
81,259681	0,00742229819297791
81,359681	0,0128300189971924
81,459930	0,018623024225235
81,560307	0,0229712426662445
81,660995	0,0263348519802094
81,761570	0,0285660922527313
81,861612	0,0284759700298309
81,962265	0,026634007692337
82,062702	0,022633820772171
82,164438	0,0172727704048157
82,265246	0,0124604403972626
82,365773	0,00711545348167419
82,466691	0,00314146280288696
82,568097	0,00141492486000061
82,669651	0,00153985619544983
82,770200	0,00403061509132385
82,870673	0,00759384036064148
82,971705	0,0130269825458527
83,071716	0,0188047885894775
83,173282	0,0231330394744873
83,273975	0,0264860987663269
83,374424	0,0286960005760193
83,475136	0,0285736620426178
83,576502	0,0266975462436676
83,677435	0,0226447284221649
83,778311	0,0172732472419739
83,878419	0,0124513804912567
83,979366	0,00711211562156677
84,079736	0,00318747758865356
84,180682	0,00148570537567139
84,282672	0,0014272928237915
84,382690	0,00413689017295837
84,483616	0,00771406292915344
84,584128	0,0121895968914032
84,685052	0,0179785788059235
84,785589	0,0232326984405518
84,885590	0,0265453457832336
84,987131	0,0287343859672546
85,087303	0,0285632312297821
85,187963	0,0266648232936859
85,288505	0,0226105749607086
85,388599	0,0172256231307983
85,489242	0,0124203860759735
85,589314	0,00791937112808228
85,691102	0,00320315361022949
85,791644	0,00153464078903198
85,891957	0,0015237033367157
85,992521	0,00425359606742859
86,092566	0,00784096121788025
86,193095	0,012311190366745
86,293619	0,0180509388446808
86,394419	0,0232573449611664
86,495060	0,0265311300754547
86,595167	0,0284437239170074
86,696905	0,0284143388271332
86,797417	0,0264628529548645
86,897477	0,023149162530899
86,998236	0,0169645249843597
87,098729	0,0121409595012665
87,199354	0,00766465067863464
87,300868	0,00351440906524658
87,400994	0,00136175751686096
87,501546	0,00139167904853821
87,601740	0,00359886884689331
87,702689	0,00778722763061523
87,804261	0,0122730433940887
87,905472	0,0180214047431946
88,006998	0,0231942236423492
88,107535	0,0264438688755035
88,208140	0,028323769569397
88,308802	0,0282441079616547
88,409392	0,0262883901596069
88,510094	0,0229437053203583
88,610494	0,0167543888092041
88,712417	0,0119540691375732
88,813093	0,00749596953392029
88,913110	0,00339910387992859
89,013994	0,00129809975624084
89,114359	0,00137835741043091
89,215274	0,0036434531211853
89,316246	0,00788608193397522
89,416713	0,0123812854290009
89,517240	0,0171965658664703
89,617724	0,0233261287212372
89,718633	0,026543915271759
89,818748	0,0283930003643036
89,919176	0,028509646654129
90,020895	0,0263026058673859
90,121931	0,0229631662368774
90,223555	0,017710953950882
90,323635	0,0119483470916748
90,424323	0,00754156708717346
90,525132	0,00346222519874573
90,626619	0,00140020251274109
90,727454	0,00153082609176636
90,827922	0,00381472706794739
90,928888	0,00805437564849854
91,030699	0,0125615298748016
91,131315	0,0173437595367432
91,232247	0,0234224498271942
91,332731	0,0266577303409576
91,433047	0,0284541547298431
91,533919	0,0283209383487701
91,635096	0,0263220369815826
91,735608	0,0229232907295227
91,836056	0,0177028775215149
91,937023	0,0119721591472626
92,037620	0,00755342841148376
92,137713	0,00355046987533569
92,239553	0,00152179598808289
92,339957	0,00165098905563354
92,440691	0,00345650315284729
92,541574	0,00821033120155334
92,641995	0,0127074718475342
92,742533	0,017518550157547
92,843119	0,0235078632831573
92,943566	0,0267046391963959
93,044469	0,0284930467605591
93,144589	0,0284807085990906
93,246300	0,0262139439582825
93,346495	0,0228392779827118
93,446520	0,0175623595714569
93,548222	0,0118868350982666
93,649466	0,00752303004264832
93,750019	0,00352627038955688
93,851227	0,00159257650375366
93,951566	0,00171175599098206
94,052487	0,00352248549461365
94,152971	0,0083591639995575
94,253904	0,0128581821918488
94,354330	0,0176281034946442
94,454476	0,0228877067565918
94,555210	0,0267577469348907
94,655229	0,0284797847270966
94,756751	0,0284565389156342
94,856789	0,0261214673519135
94,957350	0,0227301716804504
95,058310	0,0174623429775238
95,158344	0,0126883983612061
95,259559	0,00739714503288269
95,360634	0,00399881601333618
95,461256	0,00170132517814636
95,561822	0,00174975395202637
95,662228	0,00360643863677979
95,762760	0,00762423872947693
95,863104	0,0129821598529816
95,963906	0,0177704989910126
96,064878	0,0229802429676056
96,166304	0,0268360078334808
96,266855	0,0285314321517944
96,368109	0,028456062078476
96,468301	0,026676207780838
96,569256	0,0227358639240265
96,669713	0,0174432992935181
96,770319	0,0126950740814209
96,871397	0,00738194584846497
96,972200	0,00394853949546814
97,072719	0,00169086456298828
97,173708	0,00176450610160828
97,275302	0,00364062190055847
97,375331	0,00768649578094482
97,475900	0,0130088627338409
97,576454	0,0177466869354248
97,676736	0,022939920425415
97,777669	0,0262366831302643
97,878197	0,0284328162670135
97,978235	0,0283356308937073
98,079250	0,0264936685562134
98,179660	0,0225241780281067
98,279737	0,0181666314601898
98,380711	0,0124737918376923
98,481240	0,00722041726112366
98,582211	0,0038507878780365
98,682665	0,00162345170974731
98,783468	0,00156313180923462
98,884742	0,00364628434181213
98,985386	0,00771835446357727
99,085734	0,0121166408061981
99,186675	0,0178057253360748
99,287587	0,0229883193969727
99,388356	0,0262826979160309
99,488917	0,0284389853477478
99,588971	0,0283090770244598
99,690678	0,0264566838741302
99,791590	0,0224435031414032
99,891795	0,0180909037590027
99,992345	0,0123870074748993
100,092564	0,00795218348503113
100,193060	0,00380951166152954
100,293536	0,00161585211753845
100,393575	0,00157120823860168
100,495284	0,00366765260696411
100,595740	0,00775778293609619
100,696415	0,0121833980083466
100,797192	0,0178923904895782
100,897476	0,0230860710144043
100,998442	0,0263552367687225
101,098846	0,0282564461231232
101,199392	0,0283090770244598
101,300937	0,0264002680778503
101,401429	0,0231776535511017
101,501621	0,0180404484272003
101,602041	0,012344092130661
101,702988	0,00792744755744934
101,803653	0,00380003452301025
101,903662	0,00162202119827271
102,004495	0,00162440538406372
102,104581	0,00329378247261047
102,206486	0,00790274143218994
102,307442	0,0123707950115204
102,407914	0,0171241462230682
102,508873	0,0232089757919312
102,610031	0,0264841914176941
102,711618	0,0283768773078918
102,812316	0,0285622775554657
102,912781	0,0264860987663269
103,014724	0,0232051610946655
103,115166	0,0180447399616241
103,216110	0,0123650729656219
103,317032	0,00791937112808228
103,417577	0,00381806492805481
103,518535	0,00168803334236145
103,618800	0,00165906548500061
103,719507	0,00331559777259827
103,820424	0,0079612135887146
103,920882	0,0123693645000458
104,021875	0,0171579718589783
104,122316	0,0232279300689697
104,222845	0,026453822851181
104,323369	0,0283578932285309
104,424406	0,0285044014453888
104,524951	0,026380330324173
104,625028	0,0231591165065765
104,725741	0,0189161002635956
104,826147	0,0122987926006317
104,926166	0,00792032480239868
105,026989	0,00436696410179138
105,127481	0,00170940160751343
105,229374	0,00175070762634277
105,331274	0,0033896267414093
105,431403	0,00804200768470764
105,531914	0,0124766528606415
105,632174	0,0171827375888824
105,733800	0,0224435031414032
105,835348	0,0264206528663635
105,935425	0,0282218158245087
106,036026	0,0283593237400055
106,137438	0,0262011289596558
106,239001	0,0229024291038513
106,339559	0,0177681148052216
106,440689	0,0120823085308075
106,541984	0,0076964795589447
106,642484	0,00366955995559692
106,743149	0,00159209966659546
106,844239	0,00165146589279175
106,944772	0,00337207317352295
107,045571	0,00803488492965698
107,147009	0,0124647319316864
107,247932	0,0172313451766968
107,348355	0,0224425494670868
107,450350	0,0263737142086029
107,551245	0,0281924307346344
107,651434	0,0282635390758514
107,752395	0,0261039137840271
107,853727	0,0228293538093567
107,954308	0,0176242887973785
108,054876	0,0119793117046356
108,154891	0,00760617852210999
108,255483	0,00413259863853455
108,355850	0,00159019231796265
108,456834	0,0017184317111969
108,557498	0,0034237802028656
108,657613	0,0073363184928894
108,758198	0,0125848948955536
108,858429	0,0172661244869232
108,959028	0,0225488543510437
109,059593	0,0264628529548645
109,159736	0,0282483696937561
109,260269	0,0284916162490845
109,360294	0,0261248052120209
109,461004	0,0228041708469391
109,562901	0,0186030566692352
109,663311	0,0120141208171844
109,764193	0,00768885016441345
109,865449	0,0043005645275116
109,965994	0,00172504782676697
110,066555	0,00185945630073547
110,166641	0,00365817546844482
110,266730	0,00753015279769897
110,367120	0,012826681137085
110,468120	0,0175409615039825
110,569695	0,0218586623668671
110,669742	0,0265879929065704
110,770337	0,0283086001873016
110,871383	0,0284470617771149
110,971942	0,0260849595069885
111,072912	0,0227277874946594
111,173328	0,018430769443512
111,273941	0,0128390789031982
111,374054	0,00755012035369873
111,474427	0,00413116812705994
111,575227	0,00184521079063416
111,675418	0,00181147456169128
111,777204	0,00359222292900085
111,877914	0,00757008790969849
111,977979	0,0118663311004639
112,079668	0,0174999833106995
112,180931	0,0219089686870575
112,281317	0,025983989238739
112,382174	0,0282242000102997
112,483055	0,0283944010734558
112,583825	0,0264424383640289
112,684667	0,0226096212863922
112,786479	0,0183722376823425
112,888371	0,0117800235748291
112,988593	0,00752493739128113
113,088894	0,00415536761283875
113,190402	0,00186184048652649
113,292151	0,00196722149848938
113,392438	0,00377345085144043
113,492817	0,00769981741905212
113,594093	0,0130040943622589
113,695942	0,0176880955696106
113,797829	0,0220338404178619
113,898273	0,026701807975769
113,999402	0,0283247232437134
114,100821	0,0284157395362854
114,201800	0,0259754359722137
114,302196	0,0225464999675751
114,404076	0,018278956413269
114,504149	0,01175856590271
114,605475	0,00745269656181335
114,706026	0,0041278600692749
114,807797	0,00190833210945129
114,909735	0,00192448496818542
115,010422	0,0037943422794342
115,110737	0,00778105854988098
115,212228	0,012980729341507
115,312515	0,0176685750484467
115,413456	0,0227624475955963
115,514568	0,0264913141727448
115,614585	0,0281853377819061
115,715150	0,0282654464244843
115,816473	0,0257118046283722
115,917520	0,0223912596702576
116,018825	0,0180618762969971
116,119687	0,0124556720256805
116,220679	0,00731495022773743
116,322678	0,00398507714271545
116,423514	0,00179961323738098
116,525135	0,00196200609207153
116,625341	0,00379768013954163
116,725825	0,00780341029167175
116,827892	0,0130847096443176
116,928142	0,0176909565925598
117,028641	0,0228079855442047
117,129478	0,0265652537345886
117,231077	0,0281568765640259
117,332649	0,0280525684356689
117,433094	0,0256971120834351
117,533787	0,0222754776477814
117,635691	0,0171341300010681
117,736366	0,0124575793743134
117,837942	0,00729212164878845
117,938115	0,00355949997901917
118,040070	0,00191783905029297
118,140225	0,00205552577972412
118,242027	0,00452163815498352
118,343103	0,00795170664787292
118,443292	0,0131987035274506
118,543504	0,017919510602951
118,643962	0,0229470133781433
118,744590	0,0266610383987427
118,845870	0,0284143388271332
118,947832	0,0280568301677704
119,049334	0,0262167751789093
119,149943	0,021512508392334
119,250261	0,0171007812023163
119,351440	0,0124995410442352
119,452451	0,00741186738014221
119,553232	0,00363019108772278
119,654740	0,00205790996551514
119,754985	0,00225731730461121
119,855752	0,00467818975448608
119,956911	0,0081774890422821
120,057365	0,0134280920028687
120,158537	0,0189332365989685
120,260041	0,023055225610733
120,361155	0,026672899723053
120,462008	0,0282920002937317
120,562417	0,0279923379421234
120,664136	0,0260806977748871
120,766487	0,0212921500205994
120,868284	0,0169259309768677
120,969686	0,0122582614421844
121,070240	0,00643879175186157
121,172108	0,00352910161018372
121,273690	0,00197860598564148
121,375466	0,00253307819366455
121,476477	0,0048062801361084
121,576669	0,0083329975605011
121,678542	0,0136522650718689
121,779864	0,0192680954933167
121,880704	0,0233332514762878
121,981906	0,0268980860710144
122,083433	0,0284883081912994
122,184558	0,0279724299907684
122,284624	0,0254140496253967
122,385390	0,0210295021533966
122,486442	0,0165123045444489
122,586810	0,0108667612075806
122,687949	0,00582551956176758
122,788057	0,0026802122592926
122,889925	0,000755488872528076
122,991318	0,000932276248931885
123,091654	0,00319889187812805
123,192400	0,00732538104057312
123,293047	0,011616975069046
123,394708	0,0168740153312683
123,495093	0,0215452909469604
123,596819	0,0243185460567474
123,698120	0,025736004114151
123,798292	0,0249554812908173
123,899275	0,0226153135299683
124,000556	0,0182294249534607
124,101937	0,0129883587360382
124,202456	0,00845521688461304
124,303772	0,0037359893321991
124,404575	0,00109240412712097
124,505264	-0,000248342752456665
124,607059	0,000454127788543701
124,708037	0,00347453355789185
124,808695	0,00818273425102234
124,910140	0,0129559338092804
125,010583	0,0188685357570648
125,110685	0,023789644241333
125,211448	0,0267406702041626
125,313358	0,0283256769180298
125,414736	0,0274271667003632
125,516433	0,0250526964664459
125,618315	0,0205653607845306
125,719202	0,0149561762809753
125,821062	0,0102659463882446
125,922214	0,00538560748100281
126,022354	0,00211060047149658
126,123441	0,00116506218910217
126,224695	0,00186088681221008
126,326129	0,005454421043396
126,426901	0,00958302617073059
126,527683	0,0143466889858246
126,628328	0,0210275948047638
126,730284	0,0251224040985107
126,830758	0,0279790461063385
126,931283	0,0294243395328522
127,032907	0,0285139083862305
127,134834	0,0259654819965363
127,235576	0,0213030874729156
127,335589	0,0156294703483582
127,437219	0,0107333362102509
127,537919	0,00552511215209961
127,639520	0,00174596905708313
127,739559	-3,61502170562744E-5
127,840987	-0,000280708074569702
127,941649	0,0014268159866333
128,041867	0,00390297174453735
128,142338	0,00770267844200134
128,242912	0,0116579830646515
128,344536	0,0143872201442719
128,445349	0,0162873566150665
128,546245	0,0171979963779449
128,647778	0,0163354873657227
128,748340	0,0145188570022583
128,848554	0,0113204717636108
128,949033	0,00738954544067383
129,049704	0,00422939658164978
129,151210	0,000962674617767334
129,251520	-0,00128394365310669
129,353506	-0,00193330645561218
129,455180	-0,00130969285964966
129,556931	0,000725060701370239
129,657908	0,00337159633636475
129,758654	0,00696393847465515
129,859201	0,0104898512363434
129,959612	0,0130522847175598
130,059646	0,0149375796318054
130,160592	0,0154177844524384
130,262420	0,014634758234024
130,362528	0,0123102366924286
130,463566	0,00956681370735168
130,564990	0,00581270456314087
130,666019	0,00198289752006531
130,766578	-0,000659555196762085
130,867677	-0,00269031524658203
130,969351	-0,00332096219062805
131,069745	-0,00246444344520569
131,170086	-6,61313533782959E-5
131,270925	0,00271579623222351
131,371842	0,0066571831703186
131,473743	0,00991255044937134
131,574799	0,0131300091743469
131,675908	0,0152618587017059
131,776186	0,0158292353153229
131,877151	0,0149447321891785
131,978254	0,012645959854126
132,078775	0,00981682538986206
132,179507	0,00582078099250793
132,279793	0,00197574496269226
132,380087	-0,000777125358581543
132,481074	-0,00298836827278137
132,582611	-0,00353890657424927
132,683696	-0,00278294086456299
132,783732	-0,000459134578704834
132,884399	0,00239163637161255
132,985110	0,00623229146003723
133,086127	0,00943782925605774
133,187511	0,012744665145874
133,287573	0,0147663652896881
133,388110	0,0153352916240692
133,489676	0,0145412683486938
133,590099	0,0121857821941376
133,691569	0,00945258140563965
133,792121	0,00561431050300598
133,892125	0,00239542126655579
133,992832	-0,000800490379333496
134,094419	-0,00284028053283691
134,194671	-0,00338259339332581
134,296035	-0,00243484973907471
134,397994	-0,000511527061462402
134,499510	0,00279220938682556
134,600207	0,0067293643951416
134,701843	0,00992491841316223
134,802598	0,0135683119297028
134,904074	0,0151946246623993
135,005123	0,0157157778739929
135,106027	0,0148603320121765
135,207330	0,0125887393951416
135,308636	0,00982013344764709
135,410238	0,00601679086685181
135,510304	0,00235554575920105
135,612047	-0,000235974788665771
135,712613	-0,00217282772064209
135,814164	-0,00252032279968262
135,914644	-0,00163525342941284
136,014908	0,000327199697494507
136,116121	0,00429961085319519
136,217073	0,00747933983802795
136,318179	0,0106585323810577
136,418488	0,0141687989234924
136,519619	0,0156108736991882
136,620725	0,0160432755947113
136,721815	0,0146729052066803
136,822836	0,0125128924846649
136,923584	0,00970253348350525
137,024612	0,00580748915672302
137,125306	0,00203040242195129
137,226169	-0,000487208366394043
137,326926	-0,00243818759918213
137,428802	-0,00273281335830688
137,530186	-0,00166815519332886
137,631917	0,00084531307220459
137,731920	0,00445947051048279
137,832954	0,00779816508293152
137,933981	0,0115812420845032
138,035323	0,0145956575870514
138,136396	0,0160580575466156
138,236485	0,0163788497447968
138,338214	0,0153014361858368
138,440154	0,0127403736114502
138,540246	0,00910559296607971
138,640519	0,00579610466957092
138,741703	0,00186136364936829
138,841725	-0,000866204500198364
138,943766	-0,00286418199539185
139,043935	-0,00329512357711792
139,145128	-0,00232076644897461
139,245633	0,000252515077590942
139,347318	0,00378391146659851
139,448118	0,00718528032302856
139,548130	0,011073112487793
139,649711	0,0140686333179474
139,749798	0,0156061053276062
139,850184	0,0159708261489868
139,951384	0,0149666666984558
140,053195	0,0124952495098114
140,153659	0,00954779982566833
140,254469	0,00547388195991516
140,356170	0,00159209966659546
140,456618	-0,00110718607902527
140,557989	-0,00312405824661255
140,658660	-0,00346624851226807
140,758848	-0,00247687101364136
140,859291	7,13467597961426E-5
140,959293	0,00371983647346497
141,061292	0,00706937909126282
141,162760	0,0109415650367737
141,263195	0,014032393693924
141,363758	0,015544593334198
141,464679	0,0159116983413696
141,565923	0,0149175524711609
141,666255	0,0122940242290497
141,767207	0,00865307450294495
141,867798	0,00528311729431152
141,967951	0,0013526976108551
142,069105	-0,00125154852867126
142,171089	-0,00323730707168579
142,272884	-0,00365838408470154
142,373188	-0,00262153148651123
142,474688	-1,66594982147217E-5
142,575175	0,00361070036888123
142,675786	0,0070921778678894
142,775962	0,0109763741493225
142,876671	0,0136026442050934
142,977635	0,0156185030937195
143,077822	0,0158950388431549
143,178129	0,0148980021476746
143,278632	0,012409895658493
143,379363	0,00944781303405762
143,481008	0,00543352961540222
143,582539	0,00158640742301941
143,684233	-0,00109955668449402
143,786086	-0,00306862592697144
143,887691	-0,00339451432228088
143,987835	-0,00208646059036255
144,089169	0,0001964271068573
144,189617	0,00382944941520691
144,289909	0,00716722011566162
144,390336	0,0110345184803009
144,490674	0,0135859549045563
144,591177	0,0153863131999969
144,692639	0,0156986117362976
144,793187	0,0146900713443756
144,894822	0,0120522677898407
144,996290	0,00845283269882202
145,096497	0,00506106019020081
145,196736	0,00115367770195007
145,297313	-0,00144550204277039
145,397944	-0,00342321395874023
145,497950	-0,00373968482017517
145,598161	-0,00258573889732361
145,699429	2,09212303161621E-5
145,800835	0,00304749608039856
145,901225	0,00717815756797791
146,002378	0,0109868347644806
146,104298	0,0135959684848785
146,205601	0,0155641436576843
146,307117	0,0158287584781647
146,407761	0,0148689150810242
146,508186	0,0123321712017059
146,610156	0,00866213440895081
146,710930	0,00534433126449585
146,811849	0,00151705741882324
146,913216	-0,00155657529830933
147,013390	-0,00299885869026184
147,114617	-0,0032908022403717
147,215708	-0,00193998217582703
147,315998	0,000371873378753662
147,417488	0,00331893563270569
147,518920	0,00793221592903137
147,620863	0,0111245810985565
147,721581	0,0136241316795349
147,821921	0,0155903697013855
147,922774	0,0157243609428406
148,023016	0,0146280825138092
148,123838	0,0120093524456024
148,224693	0,00844714045524597
148,325699	0,00506535172462463
148,425770	0,00128194689750671
148,526192	-0,00163573026657104
148,626436	-0,00308343768119812
148,727978	-0,00322917103767395
148,828295	-0,00171199440956116
148,929774	0,000557750463485718
149,031005	0,0036088228225708
149,131210	0,00833490490913391
149,231580	0,0114401280879974
149,332234	0,0140071213245392
149,433152	0,0158316195011139
149,533416	0,0159603357315063
149,634552	0,0148407816886902
149,734654	0,01215860247612
149,835989	0,00841623544692993
149,936861	0,00510141253471375
150,037417	0,00124016404151917
150,139401	-0,00178068876266479
150,240976	-0,00317993760108948
150,342715	-0,00349158048629761
150,443819	-0,00192996859550476
150,544188	0,000494986772537231
150,644707	0,003517746925354
150,745061	0,00824835896492004
150,845720	0,0114530026912689
150,947330	0,013944149017334
151,047985	0,0159155130386353
151,148628	0,0160161256790161
151,249703	0,0148617625236511
151,349924	0,01221963763237
151,451297	0,00854131579399109
151,553140	0,00506770610809326
151,653796	0,00127670168876648
151,754761	-0,00168052315711975
151,855619	-0,00311020016670227
151,956939	-0,00332573056221008
152,058611	-0,00168719887733459
152,159165	0,000624775886535645
152,259177	0,00368615984916687
152,360877	0,00840196013450623
152,461262	0,0115178227424622
152,563253	0,0141039192676544
152,664861	0,0159851312637329
152,766025	0,0159708261489868
152,867987	0,0148231387138367
152,968200	0,0120913684368134
153,069536	0,00838813185691833
153,171296	0,00505253672599792
153,273075	0,00121781229972839
153,373686	-0,00171962380409241
153,474061	-0,0030609667301178
153,576130	-0,00322774052619934
153,676662	-0,00164240598678589
153,777511	0,00078970193862915
153,878968	0,00450026988983154
153,979363	0,00863310694694519
154,081272	0,0117852687835693
154,183078	0,0146638453006744
154,283842	0,0160342156887054
154,384810	0,0161424279212952
154,485781	0,0145798921585083
154,587523	0,012252539396286
154,688156	0,00853464007377625
154,790008	0,00445282459259033
154,890754	0,0013052225112915
154,991344	-0,00166243314743042
155,093232	-0,00319096446037292
155,194553	-0,0031316876411438
155,295149	-0,00156706571578979
155,396592	0,00139972567558289
155,498099	0,00457903742790222
155,598689	0,00861600041389465
155,700332	0,0122863948345184
155,801753	0,0145980417728424
155,901838	0,0159159898757935
156,001908	0,0158416330814362
156,103179	0,0144573450088501
156,203215	0,0120384395122528
156,303950	0,00765180587768555
156,405310	0,00427541136741638
156,507284	0,00110474228858948
156,607962	-0,00210028886795044
156,708791	-0,00321054458618164
156,809299	-0,00319716334342957
156,910556	-0,00154083967208862
157,011660	0,00143679976463318
157,112947	0,00461128354072571
157,213677	0,00876680016517639
157,314992	0,0124032199382782
157,415970	0,0146929323673248
157,516659	0,0161853432655334
157,618319	0,0158969461917877
157,719759	0,0144606828689575
157,820166	0,01153165102005
157,921734	0,00764042139053345
158,021900	0,00428679585456848
158,122240	0,00117269158363342
158,223081	-0,002125084400177
158,323283	-0,00321772694587708
158,424654	-0,00313073396682739
158,524872	-0,00156229734420776
158,625273	0,00151610374450684
158,726363	0,00468674302101135
158,827838	0,00870588421821594
158,929720	0,0124327838420868
159,030159	0,0146953165531158
159,132157	0,0161081254482269
159,232291	0,0159036219120026
159,332794	0,0144143998622894
159,434520	0,011427253484726
159,534778	0,00760951638221741
159,635835	0,00417765974998474
159,736809	0,00105103850364685
159,838738	-0,00178259611129761
159,940612	-0,00329416990280151
160,041326	-0,00301894545555115
160,141801	-0,00150129199028015
160,243210	0,00146195292472839
160,343396	0,00535288453102112
160,444419	0,00871112942695618
160,545504	0,0123188197612762
160,646121	0,0145999491214752
160,747062	0,0159488916397095
160,847812	0,0156571269035339
160,949725	0,0142346024513245
161,050057	0,0112132430076599
161,151280	0,00735250115394592
161,252672	0,00398978590965271
161,354330	0,000311017036437988
161,455485	-0,00196525454521179
161,556669	-0,00331759452819824
161,658537	-0,00301465392112732
161,759080	-0,00152128934860229
161,860103	0,00152561068534851
161,960721	0,00536143779754639
162,061742	0,00873824954032898
162,161871	0,0123598277568817
162,263690	0,0148927569389343
162,364053	0,0158926546573639
162,464724	0,015572726726532
162,565726	0,013604074716568
162,666860	0,0109730362892151
162,767241	0,00782525539398193
162,867912	0,00308310985565186
162,969203	0,000140756368637085
163,070998	-0,00208932161331177
163,171062	-0,00353842973709106
163,272087	-0,00315940380096436
163,372328	-0,00161999464035034
163,473374	0,0014263391494751
163,574934	0,00530779361724854
163,675473	0,00867021083831787
163,776531	0,0122167766094208
163,878213	0,0147601664066315
163,979503	0,0157238841056824
164,079574	0,0153286159038544
164,181068	0,0133780241012573
164,281998	0,0107700228691101
164,383346	0,00756201148033142
164,483368	0,0029127299785614
164,585049	-4,56571578979492E-5
164,685937	-0,00228831171989441
164,786262	-0,00364980101585388
164,887629	-0,00320291519165039
164,988396	-0,00165575742721558
165,089849	0,00207594037055969
165,190454	0,00532963871955872
165,290834	0,0086483359336853
165,391330	0,0122420489788055
165,492832	0,0147096216678619
165,592866	0,0156256556510925
165,693088	0,0154325664043427
165,794031	0,0132444798946381
165,895213	0,0105851590633392
165,995785	0,00742611289024353
166,097274	0,00273004174232483
166,198364	-0,000227421522140503
166,300175	-0,00239762663841248
166,400883	-0,00376167893409729
166,501460	-0,0033109188079834
166,602387	-0,00166720151901245
166,703461	0,0013902485370636
166,804252	0,00528594851493835
166,905568	0,00866687297821045
167,006776	0,0121533572673798
167,108496	0,0146314203739166
167,208991	0,0155498385429382
167,310990	0,0150448679924011
167,412352	0,0130818486213684
167,514395	0,0104722380638123
167,615284	0,00652375817298889
167,717044	0,00261422991752625
167,817346	-0,000333517789840698
167,917798	-0,00290283560752869
168,019199	-0,00376024842262268
168,120260	-0,00331377983093262
168,222397	-0,00127777457237244
168,322501	0,00147810578346252
168,423775	0,00528028607368469
168,525304	0,00926262140274048
168,626649	0,0122439563274384
168,728260	0,0145966112613678
168,829074	0,015575110912323
168,929939	0,0151106715202332
169,031652	0,0129554569721222
169,132593	0,0097372829914093
169,234173	0,00648102164268494
169,334672	0,0024096667766571
169,436087	-0,000901907682418823
169,537426	-0,00289234519004822
169,638650	-0,00390368700027466
169,738728	-0,00309059023857117
169,839458	-0,00133112072944641
169,939747	0,00133180618286133
170,040420	0,00594985485076904
170,140815	0,00916460156440735
170,241001	0,0120007693767548
170,341981	0,0147453844547272
170,442870	0,0152780711650848
170,543424	0,0147830545902252
170,644551	0,0127823352813721
170,746505	0,00943353772163391
170,846750	0,00622847676277161
170,947157	0,0022672712802887
171,047900	-0,00116628408432007
171,149742	-0,00305715203285217
171,251038	-0,00390464067459106
171,351903	-0,00319954752922058
171,453368	-0,00129300355911255
171,554213	0,00138264894485474
171,655883	0,00591948628425598
171,755910	0,00924834609031677
171,856536	0,0120875537395477
171,957316	0,014726310968399
172,059167	0,0153557956218719
172,159305	0,0147816240787506
172,259524	0,0126998424530029
172,361116	0,00942972302436829
172,462253	0,00617057085037231
172,563641	0,00220838189125061
172,664194	-0,00113531947135925
172,764359	-0,00310063362121582
172,864559	-0,00397685170173645
172,965238	-0,00314125418663025
173,065282	-0,00130444765090942
173,166263	0,00142112374305725
173,266569	0,00601491332054138
173,366827	0,00922265648841858
173,467778	0,0120784938335419
173,567801	0,0144616365432739
173,669558	0,0152766406536102
173,770546	0,0147673189640045
173,870699	0,0126683712005615
173,970800	0,00932642817497253
174,072237	0,00611218810081482
174,172494	0,0027841329574585
174,272515	-0,00121963024139404
174,372525	-0,00307148694992065
174,474078	-0,00396251678466797
174,574238	-0,00339549779891968
174,674630	-0,00122249126434326
174,776443	0,00144723057746887
174,877201	0,00537043809890747
174,978468	0,0092807412147522
175,079500	0,0120422542095184
175,180137	0,0144287347793579
175,280256	0,0152051150798798
175,380438	0,01462522149086
175,481759	0,0125682055950165
175,582762	0,00922074913978577
175,683264	0,00596791505813599
175,784802	0,00269493460655212
175,885419	-0,00127491354942322
175,986270	-0,00310254096984863
176,087630	-0,00386112928390503
176,188359	-0,00303757190704346
176,289137	-0,00110480189323425
176,389583	0,00162723660469055
176,491345	0,00549095869064331
176,593227	0,00943019986152649
176,694065	0,0122449100017548
176,794151	0,0145331621170044
176,895168	0,0153243243694305
176,996362	0,0147058069705963
177,096755	0,0129983723163605
177,197072	0,00924739241600037
177,298816	0,00599399209022522
177,399058	0,00267878174781799
177,500829	-0,00121104717254639
177,601958	-0,00306242704391479
177,703589	-0,00385826826095581
177,805082	-0,00292816758155823
177,905799	-0,00103288888931274
178,007127	0,00166615843772888
178,107972	0,00559297204017639
178,208829	0,00943735241889954
178,310721	0,0122329890727997
178,412653	0,0145550966262817
178,514232	0,0152628123760223
178,615038	0,0146423876285553
178,716003	0,0125095546245575
178,816460	0,00912034511566162
178,918159	0,00590714812278748
179,018667	0,00201612710952759
179,119876	-0,00127682089805603
179,221313	-0,00304761528968811
179,321368	-0,00384297966957092
179,421575	-0,00295969843864441
179,521662	-0,00100907683372498
179,621663	0,00230145454406738
179,722716	0,00553032755851746
179,823645	0,00944781303405762
179,925350	0,0121776759624481
180,025951	0,0144067704677582
180,126289	0,015144556760788
180,227451	0,0144520998001099
180,328302	0,0122916400432587
180,428582	0,00896376371383667
180,528910	0,00568315386772156
180,630822	0,00181719660758972
180,731016	-0,00139737129211426
180,832502	-0,00317803025245667
180,932774	-0,00387164950370789
181,034398	-0,00317278504371643
181,135498	-0,000997632741928101
181,236814	0,00238829851150513
181,337878	0,00565043091773987
181,438512	0,00947540998458862
181,540100	0,0127203464508057
181,641450	0,0144778490066528
181,742863	0,015125960111618
181,843380	0,0142489075660706
181,943765	0,0122925937175751
182,044169	0,00892853736877441
182,145223	0,00508525967597961
182,246829	0,00186231732368469
182,347428	-0,00135162472724915
182,447989	-0,00306671857833862
182,548733	-0,00378605723381042
182,650268	-0,00307196378707886
182,751773	-0,000754296779632568
182,852820	0,00256726145744324
182,954571	0,00582408905029297
183,055392	0,00972917675971985
183,155853	0,0128419399261475
183,256487	0,0145937502384186
183,357388	0,0152766406536102
183,457634	0,0142446160316467
183,559387	0,0123517215251923
183,659734	0,00901800394058228
183,760188	0,00506535172462463
183,860487	0,00191736221313477
183,961501	-0,00079047679901123
184,062503	-0,0030633807182312
184,164440	-0,00366270542144775
184,266396	-0,00295159220695496
184,366485	-0,000245958566665649
184,467460	0,00268211960792542
184,568446	0,00590240955352783
184,669928	0,0102954804897308
184,771990	0,0129063427448273
184,872423	0,0145746469497681
184,972607	0,0151931941509247
185,073529	0,0142584443092346
185,174711	0,012252539396286
185,275032	0,00889620184898376
185,375868	0,00506678223609924
185,477102	0,00183951854705811
185,578448	-0,000856190919876099
185,679982	-0,00319573283195496
185,781714	-0,00364118814468384
185,882055	-0,00257855653762817
185,983451	-7,32839107513428E-5
186,083843	0,00273004174232483
186,185555	0,00599732995033264
186,286064	0,0103902816772461
186,387558	0,0128553211688995
186,489550	0,0146004259586334
186,591430	0,0151898562908173
186,693363	0,014095813035965
186,794478	0,0116894543170929
186,895880	0,00877773761749268
186,997583	0,00487270951271057
187,097964	0,00120642781257629
187,198003	-0,00137066841125488
187,299100	-0,00327315926551819
187,401081	-0,0035068690776825
187,502587	-0,00256472826004028
187,602665	-3,42428684234619E-5
187,703623	0,00289803743362427
187,804476	0,00671938061714172
187,905013	0,0104869902133942
188,005023	0,0130384564399719
188,105495	0,0148259997367859
188,206264	0,015240877866745
188,306439	0,0142336487770081
188,407170	0,0117113888263702
188,507234	0,00890478491783142
188,607752	0,00506439805030823
188,708496	0,0019092857837677
188,810008	-0,00113341212272644
188,911807	-0,00297307968139648
189,013098	-0,00337302684783936
189,113135	-0,00221720337867737
189,213503	0,00029340386390686
189,313932	0,00313815474510193
189,415350	0,00707507133483887
189,515753	0,0101735293865204
189,617198	0,0131686329841614
189,717380	0,0150396227836609
189,817825	0,0153171718120575
189,918629	0,0141916871070862
190,018750	0,0122363269329071
190,119402	0,00881388783454895
190,219754	0,00493866205215454
190,320404	0,00186848640441895
190,421234	-0,00130206346511841
190,521338	-0,0031316876411438
190,621386	-0,00341221690177917
190,722315	-0,00267407298088074
190,823212	0,000169306993484497
190,923231	0,00306269526481628
191,023991	0,00617673993110657
191,125746	0,00993585586547852
191,226791	0,0129554569721222
191,327320	0,0144625902175903
191,428201	0,0149986147880554
191,529841	0,0138812065124512
191,630810	0,0117943286895752
191,731477	0,00847518444061279
191,833415	0,00460180640220642
191,935194	0,00146004557609558
192,035881	-0,00149175524711609
192,136900	-0,00328698754310608
192,237643	-0,00360533595085144
192,339258	-0,00238281488418579
192,439426	-0,000338733196258545
192,539877	0,00304940342903137
192,640242	0,00632911920547485
192,742010	0,0100282728672028
192,842276	0,0130060017108917
192,942994	0,0148040652275085
193,043102	0,0150162577629089
193,143284	0,0138931274414063
193,244225	0,0119125843048096
193,345313	0,008475661277771
193,447217	0,0046464204788208
193,548112	0,00160446763038635
193,648338	-0,00146982073783875
193,750164	-0,00317659974098206
193,850450	-0,0033821165561676
193,952310	-0,00228020548820496
194,054252	-0,000177443027496338
194,155225	0,00324252247810364
194,257144	0,00702044367790222
194,357832	0,0101692378520966
194,459497	0,0131486058235168
194,560804	0,0148116946220398
194,661868	0,015114963054657
194,761931	0,0139360427856445
194,862865	0,011339545249939
194,963456	0,00850659608840942
195,063486	0,00463452935218811
195,164633	0,000994056463241577
195,265260	-0,00133016705513
195,365364	-0,00291001796722412
195,466133	-0,00335344672203064
195,567523	-0,00206831097602844
195,667970	-2,47359275817871E-5
195,768598	0,00339910387992859
195,868866	0,00730401277542114
195,970324	0,0103054940700531
196,070958	0,0132506787776947
196,171623	0,0149638056755066
196,272447	0,0151006579399109
196,373163	0,0139179229736328
196,473343	0,0113376379013062
196,574579	0,00837484002113342
196,674697	0,00457051396369934
196,775564	0,00153464078903198
196,876569	-0,00149032473564148
196,977516	-0,0029410719871521
197,079145	-0,00332477688789368
197,181099	-0,00215038657188416
197,282472	9,5069408416748E-6
197,384033	0,00405576825141907
197,485567	0,0072384774684906
197,585963	0,0103526413440704
197,687957	0,0135959684848785
197,789006	0,0148670077323914
197,890160	0,0150925517082214
197,992152	0,0138020217418671
198,093110	0,0111669898033142
198,193848	0,00831541419029236
198,294651	0,00442010164260864
198,395732	0,000810146331787109
198,497460	-0,00150606036186218
198,597610	-0,00324591994285583
198,698568	-0,0033118724822998
198,798700	-0,00213035941123962
198,899551	-6,32703304290771E-5
198,999568	0,00404626131057739
199,100433	0,00727123022079468
199,202124	0,0102430880069733
199,302939	0,0131853520870209
199,403745	0,0148374438285828
199,504180	0,0149480700492859
199,605475	0,0137719810009003
199,705606	0,0111808180809021
199,806409	0,0082307755947113
199,907293	0,00447988510131836
200,008195	0,00085720419883728
200,109186	-0,00153273344039917
200,209221	-0,00290712714195251
200,309254	-0,00317326188087463
200,411015	-0,00200486183166504
200,512060	0,000194042921066284
200,612074	0,00420042872428894
200,712308	0,00739523768424988
200,812426	0,0104803144931793
200,914024	0,0133017003536224
201,015404	0,0149070620536804
201,116357	0,0151078104972839
201,216636	0,0140857994556427
201,316733	0,0111641585826874
201,417003	0,00828161835670471
201,517525	0,00503498315811157
201,617682	0,000867635011672974
201,718130	-0,00143596529960632
201,820026	-0,00294488668441772
201,920658	-0,00307914614677429
202,021794	-0,00188750028610229
202,122767	0,000189274549484253
202,223106	0,00368949770927429
202,324749	0,00751116871833801
202,425650	0,0104503035545349
202,526080	0,0133370161056519
202,627048	0,0148813128471375
202,727463	0,0149437785148621
202,829069	0,0140281021595001
202,929236	0,0110292732715607
203,029322	0,00808149576187134
203,130054	0,00496760010719299
203,230262	0,000741243362426758
203,330996	-0,00160568952560425
203,432525	-0,00294774770736694
203,532908	-0,00317135453224182
203,633745	-0,00193378329277039
203,734189	0,000293880701065063
203,835124	0,00368332862854004
203,936038	0,00751921534538269
204,036531	0,0105689465999603
204,137490	0,0129354298114777
204,237807	0,0148765444755554
204,338252	0,0150057673454285
204,439131	0,0139322280883789
204,539308	0,0110044777393341
204,639969	0,00811854004859924
204,740361	0,00485897064208984
204,841889	0,000769257545471191
204,942472	-0,00154560804367065
205,042778	-0,00299361348152161
205,143512	-0,00315606594085693
205,244423	-0,00181359052658081
205,345010	0,000324815511703491
205,445562	0,0038621723651886
205,545828	0,00765180587768555
205,647098	0,010577529668808
205,747433	0,0130370259284973
205,848030	0,0147515833377838
205,949383	0,0149332880973816
206,049796	0,0139890015125275
206,150710	0,0114596784114838
206,251419	0,00799399614334106
206,351521	0,00486797094345093
206,452223	0,00118693709373474
206,552428	-0,00162285566329956
206,654140	-0,00294202566146851
206,754364	-0,0032210648059845
206,854781	-0,00183361768722534
206,955332	0,00040706992149353
207,055365	0,00378769636154175
207,156166	0,0069701075553894
207,257064	0,0105879902839661
207,357649	0,012893944978714
207,459182	0,0146280825138092
207,559323	0,01483553647995
207,659816	0,0137161612510681
207,760577	0,011258989572525
207,862001	0,00780484080314636
207,962275	0,0045647919178009
208,062493	0,00103822350502014
208,163293	-0,00135496258735657
208,263468	-0,00314411520957947
208,364841	-0,00324925780296326
208,466029	-0,00221768021583557
208,566835	0,000268220901489258
208,667120	0,00318512320518494
208,768095	0,00694969296455383
208,869578	0,0104884207248688
208,971668	0,0129230320453644
209,073226	0,0145484209060669
209,173750	0,0146843492984772
209,274001	0,0136889815330505
209,375721	0,0111126601696014
209,476719	0,00767889618873596
209,577326	0,00457194447517395
209,677944	0,000923722982406616
209,778598	-0,00177830457687378
209,879275	-0,00303134322166443
209,979310	-0,00322535634040833
210,079776	-0,00207546353340149
210,180390	0,00052875280380249
210,281551	0,00331181287765503
210,382144	0,00714299082756042
210,482330	0,0107209384441376
210,582677	0,0130131542682648
210,682964	0,0147410929203033
210,784847	0,0149499773979187
210,885202	0,0136784911155701
210,985949	0,0112180113792419
211,086065	0,008320152759552
211,187562	0,00450596213340759
211,287751	0,00102540850639343
211,388687	-0,00135734677314758
211,489620	-0,00302276015281677
211,590089	-0,00316035747528076
211,690936	-0,00198721885681152
211,792517	0,000609099864959717
211,893030	0,00354477763175964
211,994323	0,00726220011711121
212,094937	0,0108324289321899
212,195927	0,0132153928279877
212,296750	0,0147768557071686
212,397831	0,0149828791618347
212,498446	0,0138120353221893
212,599062	0,01119464635849
212,700830	0,00776967406272888
212,800960	0,00460940599441528
212,902466	0,000994056463241577
213,002687	-0,00130683183670044
213,104308	-0,0029405951499939
213,204871	-0,00316083431243896
213,305006	-0,00189036130905151
213,405813	0,000681817531585693
213,506079	0,00348973274230957
213,607756	0,00728785991668701
213,708485	0,0107747912406921
213,809643	0,0130346417427063
213,910354	0,0146709978580475
214,010588	0,0147048532962799
214,111096	0,0135664045810699
214,211765	0,0110330879688263
214,311855	0,00815421342849731
214,413442	0,00438451766967773
214,513682	0,000922292470932007
214,615075	-0,00142833590507507
214,715862	-0,00303328037261963
214,816373	-0,0031316876411438
214,917162	-0,00189083814620972
215,019090	0,000737905502319336
215,121053	0,00366672873497009
215,221511	0,00738906860351563
215,321636	0,0109201371669769
215,423504	0,0132249295711517
215,524528	0,0147139132022858
215,625125	0,0147816240787506
215,726427	0,0136489272117615
215,827275	0,0109863579273224
215,927590	0,00756582617759705
216,027655	0,00441154837608337
216,128649	0,00138264894485474
216,229442	-0,00139212608337402
216,330003	-0,00295060873031616
216,430488	-0,00310587882995605
216,531322	-0,00174063444137573
216,631839	0,000881403684616089
216,732616	0,00373029708862305
216,832903	0,00756344199180603
216,933628	0,0110092461109161
217,033714	0,0132497251033783
217,134328	0,0148150324821472
217,235102	0,0148565173149109
217,336189	0,0135559141635895
217,437759	0,010990172624588
217,538243	0,00807911157608032
217,639877	0,00432094931602478
217,740680	0,00139689445495605
217,841381	-0,00145217776298523
217,941856	-0,00296160578727722
218,042623	-0,00300556421279907
218,143531	-0,0017181932926178
218,244109	0,000446528196334839
218,344755	0,00390392541885376
218,445478	0,00759431719779968
218,545628	0,0105460584163666
218,646328	0,0133245885372162
218,747112	0,0147348940372467
218,848533	0,0148250460624695
218,950536	0,0134939253330231
219,052315	0,0113276243209839
219,153845	0,00796309113502502
219,255729	0,00419381260871887
219,356301	0,00119644403457642
219,457497	-0,00153082609176636
219,558264	-0,00305095314979553
219,659795	-0,00316658616065979
219,761642	-0,00173491239547729
219,862621	0,000926107168197632
219,962762	0,00383037328720093
220,062800	0,00766369700431824
220,164375	0,0110692977905273
220,266050	0,0132950246334076
220,366241	0,0148293375968933
220,466252	0,0147005617618561
220,567967	0,0134252309799194
220,668323	0,0113414525985718
220,768359	0,00724607706069946
220,869958	0,00416961312294006
220,970734	0,00131520628929138
221,071694	-0,00151273608207703
221,171762	-0,00297451019287109
221,273652	-0,00306767225265503
221,375689	-0,00135305523872375
221,476354	0,0010087788105011
221,576892	0,00400590896606445
221,677594	0,00774303078651428
221,777800	0,0112670958042145
221,878759	0,0134481191635132
221,979644	0,0146819651126862
222,080755	0,01483553647995
222,181483	0,013578325510025
222,282814	0,0114501416683197
222,383166	0,00744083523750305
222,483975	0,00426873564720154
222,584205	0,00127387046813965
222,685324	-0,00176447629928589
222,785461	-0,00294965505599976
222,886177	-0,00296494364738464
222,987261	-0,00151368975639343
223,087927	0,00116080045700073
223,189719	0,00408372282981873
223,289967	0,00787660479545593
223,390096	0,0112556517124176
223,490546	0,0134505033493042
223,590931	0,0147863924503326
223,691661	0,0147434771060944
223,791907	0,0135325491428375
223,892844	0,0113862752914429
223,992999	0,00791463255882263
224,093778	0,00417861342430115
224,194714	0,00127008557319641
224,295470	-0,00150653719902039
224,396322	-0,00288563966751099
224,496671	-0,00286370515823364
224,597329	-0,00146791338920593
224,698152	0,00133657455444336
224,798357	0,00423604249954224
224,899025	0,00797024369239807
224,999112	0,0109487175941467
225,099840	0,0136441588401794
225,200552	0,0149027705192566
225,301045	0,0150629878044128
225,402372	0,0136160254478455
225,503124	0,0113929212093353
225,604788	0,00799068808555603
225,705519	0,00418668985366821
225,806492	0,00127813220024109
225,907339	-0,00137639045715332
226,008124	-0,00282594561576843
226,108842	-0,00279489159584045
226,209775	-0,00128346681594849
226,310759	0,00139215588569641
226,412517	0,00434371829032898
226,514491	0,00751447677612305
226,615298	0,0114839971065521
226,715841	0,013664186000824
226,816043	0,0149161219596863
226,916797	0,0148026347160339
227,017327	0,0135368406772614
227,117879	0,01134192943573
227,219683	0,00783050060272217
227,321183	0,00414350628852844
227,421823	0,00123634934425354
227,522254	-0,00147745013237
227,622904	-0,00276386737823486
227,723594	-0,00271895527839661
227,823810	-0,00123724341392517
227,924565	0,00160065293312073
228,024618	0,00452920794487
228,126167	0,00766369700431824
228,226326	0,011220395565033
228,326858	0,0138396918773651
228,428608	0,0150348544120789
228,528662	0,0151283442974091
228,629294	0,0136136412620544
228,730686	0,0113753080368042
228,831642	0,00795835256576538
228,932166	0,0041496753692627
229,033116	0,00125724077224731
229,133876	-0,0013444721698761
229,234195	-0,00274094939231873
229,336108	-0,00263538956642151
229,437013	-0,00143977999687195
229,538477	0,00164148211479187
229,639373	0,00460845232009888
229,740486	0,00777915120124817
229,842081	0,0116975605487823
229,943110	0,0138468444347382
230,044943	0,0150353312492371
230,145152	0,0148245692253113
230,245254	0,0134982168674469
230,345650	0,0112313628196716
230,446155	0,00767984986305237
230,546483	0,00398600101470947
230,647429	0,00109145045280457
230,748135	-0,00158184766769409
230,849015	-0,00282642245292664
230,951004	-0,00276863574981689
231,051106	-0,00159186124801636
231,151794	0,00164958834648132
231,252787	0,00458094477653503
231,354293	0,007733553647995
231,456270	0,0117781162261963
231,557338	0,0137943923473358
231,658955	0,0149490237236023
231,759728	0,0148226618766785
231,860664	0,013391375541687
231,960838	0,011163204908371
232,062308	0,00771072506904602
232,162736	0,00393000245094299
232,263279	0,00109288096427917
232,364285	-0,0015084445476532
232,465401	-0,0028378963470459
232,565657	-0,00264158844947815
232,667002	-0,00139784812927246
232,768597	0,00173410773277283
232,868802	0,00473228096961975
232,969220	0,00781717896461487
233,069649	0,0117094814777374
233,170438	0,0137743651866913
233,271437	0,0148984789848328
233,373140	0,0147973597049713
233,473858	0,0132807195186615
233,574003	0,0109730362892151
233,674818	0,0074470043182373
233,776147	0,00375780463218689
233,877792	0,000870496034622192
233,978564	-0,0016876757144928
234,078804	-0,00285413861274719
234,180372	-0,00270989537239075
234,282098	-0,00108051300048828
234,382868	0,00181481242179871
234,483773	0,00473418831825256
234,584153	0,0084894597530365
234,684678	0,0118515491485596
234,784896	0,0138311088085175
234,886639	0,0149266123771667
234,987481	0,0148717761039734
235,087822	0,0132282674312592
235,188657	0,0109725594520569
235,288873	0,00750783085823059
235,389086	0,00372174382209778
235,490019	0,000940829515457153
235,591175	-0,00158995389938354
235,692112	-0,00281593203544617
235,793207	-0,00255087018013
235,893747	-0,000912398099899292
235,994431	0,00190833210945129
236,094791	0,00490450859069824
236,195248	0,00800302624702454
236,295285	0,0113829374313354
236,396075	0,0139427185058594
236,497627	0,0149924159049988
236,597757	0,0148293375968933
236,698629	0,013258308172226
236,800580	0,0109191834926605
236,900675	0,0074213445186615
237,001880	0,00377771258354187
237,102013	0,000942736864089966
237,202409	-0,0012567937374115
237,302534	-0,00269269943237305
237,404119	-0,00251027941703796
237,505433	-0,00121390819549561
237,605619	0,002065509557724
237,706280	0,00499466061592102
237,807229	0,0080890953540802
237,907870	0,0114811360836029
238,009119	0,0138778686523438
238,109719	0,0149747729301453
238,209868	0,0148679614067078
238,310191	0,0131686329841614
238,410715	0,0108400583267212
238,510948	0,00794219970703125
238,612707	0,00359460711479187
238,713405	0,000890463590621948
238,813800	-0,00120437145233154
238,914349	-0,00272947549819946
239,015687	-0,00237661600112915
239,117178	-0,00107479095458984
239,217868	0,00160825252532959
239,318200	0,00518491864204407
239,419782	0,00827926397323608
239,519864	0,0116136372089386
239,620600	0,0140800774097443
239,720795	0,0150358080863953
239,821038	0,0149633288383484
239,921555	0,0131910741329193
240,021734	0,0108696222305298
240,122350	0,0079227089881897
240,223111	0,00368237495422363
240,323358	0,000768810510635376
240,424253	-0,00142598152160645
240,525013	-0,00271132588386536
240,626314	-0,00251889228820801
240,726977	-0,00107955932617188
240,828187	0,00172269344329834
240,928252	0,00516167283058167
241,028426	0,00815087556838989
241,129098	0,0110283195972443
241,231026	0,0138692855834961
241,331349	0,0149547457695007
241,432272	0,0149809718132019
241,532319	0,0130437016487122
241,632677	0,0107404887676239
241,733319	0,00779816508293152
241,833665	0,00403532385826111
241,934619	0,000734120607376099
242,036356	-0,00131970643997192
242,138140	-0,00267264246940613
242,240071	-0,00237232446670532
242,340489	-0,0010133683681488
242,440957	0,00170940160751343
242,541746	0,00532060861587524
242,642434	0,0083596408367157
242,743193	0,0110759735107422
242,843200	0,0140128433704376
242,944728	0,0149423480033875
243,045621	0,0148598551750183
243,146580	0,013043224811554
243,248174	0,0106456577777863
243,350021	0,00767746567726135
243,451350	0,00346127152442932
243,551779	0,000626206398010254
243,652469	-0,0015093982219696
243,753337	-0,0027012825012207
243,854935	-0,00246539711952209
243,955620	-0,00104528665542603
244,057626	0,0017659068107605
244,158359	0,00518536567687988
244,258923	0,00826975703239441
244,359762	0,0116298496723175
244,460627	0,0139055252075195
244,561317	0,0148898959159851
244,662110	0,0146447718143463
244,762844	0,0128171443939209
244,863038	0,0105198621749878
244,963829	0,00767508149147034
245,063943	0,00333410501480103
245,165172	0,000702738761901855
245,266670	-0,00138688087463379
245,367543	-0,00270605087280273
245,467995	-0,00234082341194153
245,568298	-0,00094953179359436
245,668306	0,00179818272590637
245,770179	0,00540176033973694
245,870826	0,0084114670753479
245,971241	0,0111503303050995
246,071539	0,0140266716480255
246,172262	0,0148698687553406
246,274263	0,0146919786930084
246,374817	0,0128200054168701
246,476592	0,0103883743286133
246,577423	0,00748693943023682
246,677750	0,00382420420646667
246,778562	0,000436544418334961
246,878621	-0,00161045789718628
246,978632	-0,00274762511253357
247,080053	-0,00247591733932495
247,180300	-0,00105050206184387
247,280632	0,00127339363098145
247,381401	0,00526794791221619
247,481605	0,00841528177261353
247,582248	0,0112446844577789
247,683440	0,0139799118041992
247,784271	0,014910876750946
247,885549	0,0147491991519928
247,986277	0,0127675533294678
248,086809	0,01040980219841
248,187641	0,00752732157707214
248,288220	0,00376206636428833
248,388273	0,000537306070327759
248,489010	-0,00150749087333679
248,589192	-0,00268077850341797
248,689896	-0,00236755609512329
248,790223	-0,00095859169960022
248,891606	0,00127530097961426
248,992702	0,00543448328971863
249,092854	0,00842618942260742
249,193713	0,0111293494701385
249,295442	0,0139803886413574
249,395518	0,0147992670536041
249,496346	0,0146595537662506
249,596801	0,0131801068782806
249,696819	0,0102921426296234
249,798023	0,00737148523330688
249,898643	0,00377488136291504
250,000239	0,000398486852645874
250,102200	-0,00159329175949097
250,203810	-0,00258573889732361
250,304041	-0,00242102146148682
250,404974	-0,000906676054000854
250,505714	0,00139924883842468
250,605861	0,00533059239387512
250,707581	0,00848802924156189
250,807795	0,0112313628196716
250,909087	0,0139098167419434
251,010436	0,0147954523563385
251,112303	0,0145689249038696
251,212665	0,0128863155841827
251,313504	0,0102116465568542
251,414385	0,0073225200176239
251,514759	0,00418147444725037
251,615368	0,000466495752334595
251,715790	-0,00163048505783081
251,817039	-0,00276339054107666
251,917269	-0,0023694634437561
252,017534	-0,000990480184555054
252,118712	0,00129953026771545
252,219085	0,00542879104614258
252,319549	0,00836962461471558
252,419662	0,0110955238342285
252,520343	0,013610303401947
252,620769	0,0146404802799225
252,721626	0,0144730806350708
252,822826	0,0129211246967316
