0,100677	0,0191206634044647
0,201353	0,0177800059318542
0,301356	0,0172284841537476
0,401581	0,0170245766639709
0,502931	0,0171246230602264
0,604213	0,0179104804992676
0,704701	0,0190764367580414
0,805378	0,0202545821666718
0,906168	0,0215267539024353
1,006580	0,0226048529148102
1,106711	0,0231913924217224
1,207403	0,0235444009304047
1,307822	0,023281067609787
1,408192	0,0222517251968384
1,508359	0,0214341580867767
1,610248	0,0201932489871979
1,711002	0,01873579621315
1,811917	0,017772376537323
1,912384	0,0169754922389984
2,013047	0,0166710019111633
2,114037	0,0171079337596893
2,214686	0,0175666511058807
2,315006	0,0185045301914215
2,415080	0,020205169916153
2,517005	0,0211411118507385
2,617823	0,0221691429615021
2,718413	0,0231316089630127
2,818707	0,023142546415329
2,919440	0,0230234265327454
3,020323	0,0223348140716553
3,121220	0,0209981501102448
3,222096	0,0200155079364777
3,322722	0,018653005361557
3,422943	0,0173704326152802
3,523564	0,0169030725955963
3,624073	0,0166004598140717
3,724249	0,0167644023895264
3,824845	0,0176138281822205
3,925303	0,0184893012046814
4,025921	0,0199960172176361
4,126682	0,0212835967540741
4,227481	0,0221411287784576
4,329034	0,0230049192905426
4,429076	0,0233346819877625
4,529194	0,0229745507240295
4,630216	0,0222536027431488
4,730919	0,0212546288967133
4,831837	0,0199475586414337
4,932720	0,018863320350647
5,033759	0,0176476240158081
5,133943	0,0168620944023132
5,233999	0,0167019665241241
5,334061	0,0170169472694397
5,435040	0,0175819098949432
5,535994	0,0186477899551392
5,636154	0,0200383365154266
5,736772	0,0212171077728271
5,837259	0,022320568561554
5,937866	0,0230784714221954
6,038656	0,023187130689621
6,139047	0,0231225788593292
6,239892	0,0222930312156677
6,340901	0,0212413370609283
6,442405	0,0201019942760468
6,543317	0,0188904404640198
6,643420	0,0176266729831696
6,744080	0,0170545876026154
6,844315	0,0166872143745422
6,944421	0,0168811678886414
7,045389	0,0178380906581879
7,145762	0,0186330378055573
7,245826	0,0200136005878448
7,347798	0,0214920938014984
7,448511	0,0222654938697815
7,548945	0,0231263935565948
7,649015	0,0234684646129608
7,749960	0,0230381190776825
7,850015	0,0225303471088409
7,950332	0,021515816450119
8,050550	0,0199732184410095
8,150598	0,0189888775348663
8,252030	0,0178409516811371
8,353756	0,0168897211551666
8,454842	0,0168091952800751
8,555544	0,0169778764247894
8,656040	0,0174442529678345
8,757528	0,0187229514122009
8,857825	0,0199389755725861
8,958279	0,0209530293941498
9,059025	0,0222792625427246
9,159299	0,0228701531887054
9,259347	0,0230571329593658
9,360385	0,0230049192905426
9,460411	0,0222375094890594
9,560452	0,0211126208305359
9,660979	0,0201576054096222
9,761771	0,0186187624931335
9,862400	0,0175195038318634
9,962920	0,0169797837734222
10,063849	0,0164703726768494
10,164576	0,0168406665325165
10,264943	0,0175195038318634
10,364983	0,0182346701622009
10,465162	0,0199090242385864
10,566053	0,0210456550121307
10,667164	0,0218410789966583
10,769143	0,0228027701377869
10,869453	0,0231078863143921
10,970685	0,0227648019790649
11,071076	0,0222379565238953
11,172786	0,0210399329662323
11,272929	0,0198215544223785
11,373851	0,0186748802661896
11,474034	0,0174089968204498
11,574215	0,0166953206062317
11,674590	0,0165742635726929
11,775561	0,0166762471199036
11,876232	0,0172865986824036
11,979283	0,0183589160442352
12,079981	0,0197155773639679
12,180635	0,020858496427536
12,281140	0,0219673812389374
12,382173	0,022584468126297
12,482423	0,0229218900203705
12,584264	0,0228302776813507
12,684986	0,0219165682792664
12,785254	0,0209112167358398
12,886189	0,0198662579059601
12,986455	0,018356055021286
13,087436	0,0173994898796082
13,187512	0,0167806148529053
13,288027	0,0163402557373047
13,388834	0,0168139636516571
13,489084	0,0174242556095123
13,590478	0,0181980133056641
13,691410	0,0196989178657532
13,791897	0,0209758281707764
13,892436	0,0218130648136139
13,993755	0,0227942168712616
14,094372	0,022937536239624
14,195611	0,0226632356643677
14,295726	0,0221392512321472
14,396102	0,0208328366279602
14,497061	0,0197169780731201
14,597399	0,0187653005123138
14,698160	0,0172427594661713
14,799023	0,0166719555854797
14,899963	0,0165513753890991
15,001756	0,016645759344101
15,102542	0,0173885226249695
15,202936	0,0184155404567719
15,303145	0,0195529460906982
15,403641	0,0210223793983459
15,504338	0,0220319330692291
15,604531	0,0226333439350128
15,705181	0,0230689644813538
15,805576	0,022868275642395
15,905667	0,0221401751041412
16,005833	0,0210622549057007
16,106786	0,0199247300624847
16,207716	0,0187029540538788
16,307720	0,0175880789756775
16,409127	0,0168783068656921
16,509528	0,0165309011936188
16,610528	0,0169388055801392
16,711207	0,0175776183605194
16,811971	0,0184531509876251
16,912447	0,0199713110923767
17,012941	0,0211377739906311
17,113243	0,0220718085765839
17,213978	0,0229038596153259
17,314605	0,0230732560157776
17,415390	0,0229214131832123
17,516654	0,022470086812973
17,617187	0,0209910273551941
17,717719	0,0199732184410095
17,817727	0,018941342830658
17,918689	0,0175785720348358
18,018989	0,0169211626052856
18,119484	0,0167191326618195
18,220228	0,0167572498321533
18,320802	0,0176504850387573
18,421520	0,0185754597187042
18,521753	0,0195168256759644
18,621944	0,0210081040859222
18,722704	0,0221591591835022
18,822738	0,0227197110652924
18,923442	0,0232597291469574
19,023836	0,0229821503162384
19,124862	0,0223167538642883
19,225004	0,0214270353317261
19,325012	0,0202712118625641
19,425923	0,0188418924808502
19,526114	0,0178590714931488
19,626409	0,017060786485672
19,727438	0,0166719555854797
19,827588	0,0170283913612366
19,928108	0,0174561738967896
20,028909	0,0185478329658508
20,129340	0,0197512209415436
20,229697	0,0209007859230042
20,330376	0,0219023525714874
20,431486	0,0228530764579773
20,531643	0,0229982733726501
20,632015	0,022912859916687
20,732582	0,0223039388656616
20,832906	0,0210594236850739
20,933113	0,0200625658035278
21,033455	0,0189931690692902
21,133856	0,0174566507339478
21,234444	0,0169040262699127
21,335020	0,0166099965572357
21,435547	0,0165923833847046
21,536079	0,0174166262149811
21,636957	0,0182879865169525
21,737084	0,0194573700428009
21,838088	0,0209582448005676
21,938521	0,0218558013439178
22,038968	0,0224757492542267
22,139651	0,0230860710144043
22,239861	0,0228279232978821
22,340683	0,0222332179546356
22,441437	0,021174818277359
22,541758	0,0199589431285858
22,641979	0,0188300013542175
22,742679	0,0178223848342896
22,843515	0,0168358981609344
22,944330	0,0165785551071167
23,044807	0,0168654322624207
23,145307	0,0173656642436981
23,245907	0,0183432102203369
23,346806	0,0195025503635406
23,447535	0,0208865106105804
23,547561	0,0219517052173615
23,647836	0,0226959884166718
23,748425	0,0229323208332062
23,848808	0,0229029059410095
23,949615	0,0223627984523773
24,050078	0,0211667716503143
24,151453	0,0200207531452179
24,252103	0,0188476145267487
24,352184	0,0175342857837677
24,452624	0,0169483423233032
24,552867	0,0164884626865387
24,653584	0,0165714025497437
24,753593	0,0172437131404877
24,853829	0,0181846916675568
24,954565	0,0191991329193115
25,055293	0,0206803381443024
25,156208	0,0217257142066956
25,256681	0,0224439799785614
25,357548	0,0229731202125549
25,457810	0,0227562487125397
25,558886	0,0221620202064514
25,660271	0,0212313532829285
25,760556	0,0200364291667938
25,862318	0,0187643468379974
25,963192	0,0176714360713959
26,063716	0,0168397128582001
26,164096	0,0165347158908844
26,265044	0,0166719555854797
26,365742	0,0171203315258026
26,466609	0,0182941854000092
26,566874	0,0193646550178528
26,667622	0,020563930273056
26,769348	0,0216735005378723
26,869429	0,0225260555744171
26,969592	0,0228051245212555
27,071396	0,0228383541107178
27,173466	0,0221914649009705
27,274546	0,021078884601593
27,375206	0,0201623737812042
27,477152	0,0187453329563141
27,577547	0,0175575911998749
27,677690	0,0169907510280609
27,778640	0,016481339931488
27,878640	0,0165766477584839
27,978977	0,0173232853412628
28,079212	0,0182146728038788
28,180281	0,0193213522434235
28,281182	0,0207601487636566
28,381238	0,0216008126735687
28,482113	0,0224961936473846
28,582181	0,0229550898075104
28,682310	0,0226992964744568
28,782373	0,0221705734729767
28,884149	0,0211591720581055
28,984513	0,0199470818042755
29,084751	0,0187667310237885
29,185693	0,0177566707134247
29,286539	0,0167386829853058
29,387761	0,0165156424045563
29,489395	0,0165585279464722
29,589617	0,0170702934265137
29,690774	0,018046647310257
29,791473	0,0192219614982605
29,891705	0,0204551219940186
29,992657	0,0215647518634796
30,093512	0,0223091542720795
30,194380	0,0226461589336395
30,294816	0,0226186215877533
30,395040	0,0218050181865692
30,495058	0,0207211971282959
30,595925	0,0196765661239624
30,696108	0,0183950960636139
30,796518	0,0171832144260406
30,897087	0,0163941085338593
30,997487	0,0159302949905396
31,097561	0,0160294473171234
31,197713	0,0169035494327545
31,297933	0,0177561938762665
31,399250	0,0190179049968719
31,499937	0,0208413898944855
31,600930	0,0218543708324432
31,701111	0,0227885246276855
31,801281	0,0233299434185028
31,902315	0,0230950713157654
32,002624	0,0226380825042725
32,103679	0,0214688181877136
32,203962	0,0198938250541687
32,305043	0,0187215209007263
32,407040	0,0172456204891205
32,507166	0,0161557793617249
32,607194	0,0158807337284088
32,708869	0,0158602297306061
32,809026	0,0166300237178802
32,910250	0,0177790522575378
33,011320	0,0189594030380249
33,111782	0,0208437740802765
33,212709	0,0221482515335083
33,314277	0,022954136133194
33,415433	0,0235733389854431
33,516506	0,0234893560409546
33,617063	0,0227296948432922
33,719022	0,0215196311473846
33,820110	0,0199703574180603
33,921158	0,0183893740177155
34,023010	0,0169264078140259
34,123793	0,0158144533634186
34,223930	0,0152141749858856
34,325626	0,0154406726360321
34,425830	0,0162291824817657
34,526065	0,0172313451766968
34,627132	0,0187329351902008
34,727132	0,0207506418228149
34,828023	0,0219873189926147
34,929155	0,023148238658905
35,029570	0,0237241983413696
35,129736	0,0235742628574371
35,230012	0,0231278240680695
35,331395	0,0217238068580627
35,432129	0,0200530588626862
35,532457	0,0186958312988281
35,633289	0,0172103643417358
35,735190	0,0158044397830963
35,835429	0,0154134929180145
35,937194	0,0153190791606903
36,037380	0,0162816345691681
36,138269	0,0174914002418518
36,238704	0,0187377035617828
36,340703	0,0209325850009918
36,440769	0,0222935080528259
36,541065	0,0231866538524628
36,641153	0,0239850878715515
36,741875	0,0239315032958984
36,842588	0,0232084691524506
36,943336	0,0221007764339447
37,043826	0,0203942954540253
37,144312	0,0188323855400085
37,245687	0,0176319181919098
37,346877	0,0161791443824768
37,446969	0,0156442523002625
37,548002	0,0158330500125885
37,648203	0,0165904760360718
37,749088	0,0176952481269836
37,849944	0,0192210078239441
37,950620	0,02105513215065
38,050733	0,0223594903945923
38,151038	0,0234485566616058
38,251983	0,0238295197486877
38,352459	0,0237151682376862
38,453076	0,0231411159038544
38,553155	0,0218928456306458
38,653439	0,0200307369232178
38,754822	0,0186135172843933
38,855381	0,0171107947826385
38,957294	0,0159217119216919
39,058649	0,0155040621757507
39,159245	0,0154325664043427
39,259792	0,0165814161300659
39,360313	0,0176847577095032
39,461071	0,0189427435398102
39,561608	0,0208717882633209
39,663440	0,0223433673381805
39,764365	0,0231833159923553
39,864556	0,0238930583000183
39,966300	0,0235614776611328
40,066765	0,0228321850299835
40,167003	0,0219094455242157
40,268598	0,0197920799255371
40,368630	0,0183593928813934
40,470533	0,0171832144260406
40,572383	0,0156876444816589
40,674162	0,0153572261333466
40,775106	0,0155832171440125
40,875924	0,0163836181163788
40,976182	0,0176628530025482
41,076821	0,0191506445407867
41,177475	0,0207326114177704
41,278956	0,0224131047725677
41,380513	0,0233745574951172
41,481322	0,0237479209899902
41,583199	0,0237270295619965
41,683552	0,0230215191841125
41,784094	0,0215581059455872
41,884971	0,020060658454895
41,985316	0,0185354650020599
42,087041	0,017118901014328
42,187122	0,015994668006897
42,287414	0,0154988169670105
42,389371	0,0155426859855652
42,490070	0,0164889395236969
42,590555	0,017718106508255
42,691610	0,019077867269516
42,792605	0,0209667980670929
42,893572	0,0223219692707062
42,995291	0,0232602059841156
43,096218	0,0238902270793915
43,196458	0,023493617773056
43,297979	0,0228454768657684
43,398381	0,0215737521648407
43,498463	0,0196860730648041
43,599252	0,0183275043964386
43,700823	0,017082691192627
43,802152	0,0156051516532898
43,902942	0,0153543651103973
44,003003	0,0155007243156433
44,104148	0,0161390900611877
44,204517	0,0176771581172943
44,306151	0,0190692842006683
44,407649	0,020682692527771
44,508172	0,0224078893661499
44,609315	0,0232402682304382
44,710106	0,0236629843711853
44,811149	0,0236364305019379
44,912041	0,0228108167648315
45,012770	0,0214322507381439
45,113483	0,01990807056427
45,214587	0,0183246433734894
45,315125	0,0168363749980927
45,416279	0,0159202814102173
45,516640	0,0154182612895966
45,618307	0,0157505869865417
45,718685	0,01659095287323
45,819416	0,0178019106388092
45,920961	0,0192990005016327
46,022062	0,0211373269557953
46,123827	0,0224667489528656
46,224749	0,0236520767211914
46,326334	0,0239793956279755
46,427003	0,0235686004161835
46,527308	0,0228056013584137
46,628078	0,0215514600276947
46,729031	0,019729346036911
46,829416	0,0184174478054047
46,930128	0,0167967975139618
47,030617	0,0158115923404694
47,131181	0,0155102610588074
47,231407	0,0156323313713074
47,332062	0,0163474082946777
47,433841	0,0179271399974823
47,533921	0,0192210078239441
47,634479	0,0209587216377258
47,734632	0,0226200520992279
47,836492	0,0234651565551758
47,937865	0,0238745808601379
48,038325	0,0237279832363129
48,140285	0,0228284001350403
48,240351	0,0215438604354858
48,340794	0,0198814570903778
48,441256	0,0182746648788452
48,542319	0,0168973505496979
48,642996	0,0160242319107056
48,743902	0,0153796374797821
48,845107	0,0158096849918365
48,945299	0,0165294706821442
49,047207	0,0177785754203796
49,148074	0,019647091627121
49,248328	0,021001935005188
49,349077	0,0223974585533142
49,449441	0,0234290957450867
49,550214	0,023783951997757
49,650933	0,0234608948230743
49,752974	0,0228625535964966
49,854530	0,021323025226593
49,955189	0,0198938250541687
50,055352	0,0183346271514893
50,156037	0,0166814923286438
50,256382	0,0158316195011139
50,356672	0,0155321955680847
50,457522	0,015633761882782
50,557550	0,0164474844932556
50,658470	0,0179618895053864
50,759369	0,0192000865936279
50,860946	0,0210214257240295
50,961012	0,0225422084331512
51,062692	0,0232246220111847
51,163004	0,0237977206707001
51,263296	0,0234794020652771
51,364297	0,0225872993469238
51,464503	0,0213752686977386
51,565125	0,0199489593505859
51,667045	0,018111377954483
51,767928	0,0168401896953583
51,869204	0,0159250497817993
51,969916	0,0154339969158173
52,070521	0,0159469842910767
52,172201	0,0166204869747162
52,274203	0,0180071294307709
52,374835	0,0198733806610107
52,476422	0,0211439728736877
52,577154	0,0226186215877533
52,677961	0,0236853063106537
52,778164	0,0237925052642822
52,879714	0,0236070156097412
52,980494	0,0226143598556519
53,082224	0,0212522447109222
53,183955	0,0199313759803772
53,283961	0,0180133283138275
53,385267	0,016679584980011
53,486060	0,0159598588943481
53,586590	0,0156089663505554
53,686866	0,0157877504825592
53,786938	0,0167272388935089
53,887888	0,0181328058242798
53,987900	0,0197236239910126
54,089620	0,0212897658348083
54,190127	0,0226409137248993
54,290360	0,0234879553318024
54,392157	0,0239077508449554
54,493923	0,0235989391803741
54,594369	0,0224197804927826
54,694682	0,0213439166545868
54,795346	0,0198158621788025
54,896591	0,0180542767047882
54,997589	0,0167334377765656
55,098423	0,0157705843448639
55,200074	0,0154134929180145
55,300829	0,0158702433109283
55,401914	0,0165041983127594
55,502752	0,0180042684078217
55,603966	0,0197854340076447
55,704651	0,0210271179676056
55,805903	0,0223419368267059
55,907784	0,0235344171524048
56,008357	0,0236563384532928
56,108685	0,0235424935817719
56,210409	0,0224354267120361
56,311704	0,0211149752140045
56,412838	0,0198572278022766
56,513390	0,0178228616714478
56,613407	0,0165790319442749
56,713763	0,0159193277359009
56,814470	0,0154378116130829
56,915239	0,0157548487186432
57,016591	0,0167029201984406
57,117672	0,0179990231990814
57,217992	0,019672304391861
57,318318	0,0212023854255676
57,418672	0,0222911536693573
57,519782	0,0233973264694214
57,621394	0,0237578749656677
57,722831	0,0233807265758514
57,823507	0,0223352909088135
57,924867	0,021203339099884
58,025020	0,0196708738803864
58,126752	0,0178395211696625
58,228552	0,0167329609394073
58,329392	0,0157925188541412
58,430988	0,0155698657035828
58,531201	0,0159851312637329
58,632827	0,0166510045528412
58,733936	0,0182518064975739
58,833990	0,0199285447597504
58,934983	0,0212000012397766
59,036929	0,0227875709533691
59,138736	0,0236051082611084
59,238945	0,0237512290477753
59,339656	0,0235681235790253
59,441158	0,0224145352840424
59,541690	0,021171510219574
59,642393	0,0196637213230133
59,742411	0,0178285539150238
59,844395	0,0166833996772766
59,945773	0,0159598588943481
60,046066	0,0155674815177917
60,146431	0,0159789323806763
60,248392	0,0169230699539185
60,350124	0,018164724111557
60,450702	0,0199508666992188
60,552798	0,0216468870639801
60,653580	0,0226153135299683
60,753629	0,0236492455005646
60,855248	0,0239049196243286
60,955844	0,0233437120914459
61,055948	0,022486686706543
61,156645	0,0212703049182892
61,257508	0,0194540321826935
61,358224	0,0182394087314606
61,459987	0,016830176115036
61,560574	0,0158540308475494
61,661142	0,0158168375492096
61,762453	0,0161233842372894
61,862511	0,0171026885509491
61,964011	0,0185102522373199
62,064039	0,0200597047805786
62,165769	0,0216801464557648
62,265917	0,0229484438896179
62,367561	0,0236240923404694
62,468507	0,0238233506679535
62,570289	0,0235828161239624
62,671956	0,0223333835601807
62,773145	0,0209383070468903
62,874780	0,0196066796779633
62,975862	0,0180366337299347
63,076264	0,0166080892086029
63,178106	0,0159522294998169
63,278898	0,0155693888664246
63,379641	0,0162949562072754
63,479810	0,017181783914566
63,580191	0,0182570517063141
63,680494	0,020132452249527
63,781179	0,0216977000236511
63,883124	0,0226826965808868
63,984193	0,0237379372119904
64,086113	0,0237815678119659
64,187858	0,0233299434185028
64,289709	0,0224805176258087
64,389947	0,0208142995834351
64,491548	0,0193950831890106
64,592128	0,018192321062088
64,692895	0,0164522528648376
64,793125	0,0158254206180573
64,893797	0,0158020555973053
64,994605	0,0161615014076233
65,095245	0,017179399728775
65,195920	0,018545001745224
65,296043	0,0200254917144775
65,397732	0,0217907726764679
65,497954	0,022962212562561
65,598520	0,0235970616340637
65,700202	0,0239452421665192
65,800553	0,0235590934753418
65,902129	0,0225474238395691
66,003826	0,0210261642932892
66,105413	0,0195710062980652
66,207075	0,0177904963493347
66,308099	0,016708642244339
66,409771	0,0159465074539185
66,509841	0,0156976580619812
66,610451	0,016446053981781
66,712239	0,0172237157821655
66,813127	0,0187181830406189
66,914472	0,0203092396259308
67,015416	0,021757036447525
67,116463	0,0228663682937622
67,218275	0,0238774120807648
67,319924	0,0238366425037384
67,421633	0,0234049260616302
67,522260	0,0225849449634552
67,622512	0,0208717882633209
67,724704	0,0193465650081635
67,826319	0,0180418789386749
67,927872	0,0165466368198395
68,028202	0,0160247087478638
68,128960	0,0159164667129517
68,229251	0,0162973403930664
68,329576	0,0174204409122467
68,430248	0,0188685357570648
68,530929	0,020140528678894
68,631687	0,0219815969467163
68,731759	0,0231045782566071
68,832603	0,0236601233482361
68,934188	0,0240230560302734
69,034463	0,023283451795578
69,134771	0,022345244884491
69,236115	0,0210399329662323
69,337794	0,0191430151462555
69,438535	0,0178642868995667
69,538838	0,0167334377765656
69,639478	0,0158077776432037
69,739891	0,0158578455448151
69,841798	0,0163960158824921
69,943186	0,0172394216060638
70,044036	0,0189042091369629
70,144567	0,020362913608551
70,245011	0,02175372838974
70,345379	0,0232098996639252
70,445716	0,0238076746463776
70,547185	0,0237663984298706
70,647864	0,0234091877937317
70,747970	0,0223960280418396
70,849659	0,0207724869251251
70,951221	0,0192818939685822
71,051965	0,0178171396255493
71,152235	0,0164865553379059
71,253360	0,0159584283828735
71,353766	0,0157291293144226
71,454907	0,0161181390285492
71,555574	0,0173709094524384
71,657129	0,0186815559864044
71,757203	0,0200991630554199
71,857265	0,0218268632888794
71,958501	0,0228677690029144
72,058903	0,0235614776611328
72,160317	0,0237701833248138
72,262004	0,0230082273483276
72,363507	0,0221990346908569
72,464062	0,0207250118255615
72,564153	0,018894225358963
72,664721	0,0177314281463623
72,765257	0,0166814923286438
72,866197	0,0156661868095398
72,967828	0,0158011019229889
73,068970	0,0162068009376526
73,171280	0,0171622633934021
73,272765	0,0188685357570648
73,373554	0,0201700031757355
73,474356	0,0219360291957855
73,574514	0,0230855941772461
73,674939	0,0235472321510315
73,776100	0,0236250460147858
73,876806	0,0231866538524628
73,977559	0,022093653678894
74,077748	0,0206252336502075
74,179591	0,0190759599208832
74,280544	0,0176019072532654
74,381467	0,0165833234786987
74,482007	0,0158607065677643
74,582410	0,0156499743461609
74,682922	0,0162153542041779
74,784284	0,0175709426403046
74,884342	0,0187091529369354
74,984537	0,0202531516551971
75,086247	0,0218183100223541
75,186965	0,0229052901268005
75,287444	0,0236629843711853
75,389400	0,0237033367156982
75,490346	0,0230514109134674
75,591536	0,0222863852977753
75,692965	0,0206774771213531
75,793477	0,0190141201019287
75,893737	0,0178623795509338
75,994385	0,0166895985603333
76,095619	0,0158635675907135
76,195675	0,0159398317337036
76,296486	0,0162411034107208
76,397138	0,0175899863243103
76,497745	0,0189275443553925
76,597874	0,0201514363288879
76,698741	0,0217679440975189
76,800356	0,0229921042919159
76,901254	0,0234110653400421
77,001919	0,0235823392868042
77,103165	0,0229679048061371
77,203653	0,0218914151191711
77,304312	0,0207563638687134
77,404670	0,0188190639019012
77,504988	0,01743283867836
77,606017	0,0165232717990875
77,706841	0,0156695246696472
77,807258	0,015612781047821
77,907696	0,0162358582019806
78,008419	0,0172637403011322
78,108581	0,0187519788742065
78,209617	0,0202774107456207
78,309910	0,0217157304286957
78,410283	0,0229408442974091
78,510381	0,0236046314239502
78,610801	0,0235230326652527
78,712158	0,0230879485607147
78,813322	0,0220770537853241
78,915282	0,0207211971282959
79,016632	0,0188918709754944
79,116691	0,0176438093185425
79,217001	0,016508013010025
79,317964	0,0159012377262115
79,418816	0,0158697664737701
79,519916	0,0162611305713654
79,620581	0,0175166428089142
79,721641	0,0190150737762451
79,822224	0,0203301608562469
79,923379	0,0220134258270264
80,023612	0,0231150090694427
80,125068	0,0236145853996277
80,225619	0,0237991511821747
80,327102	0,02302485704422
80,427435	0,0220494866371155
80,528202	0,020906001329422
80,629118	0,0188580751419067
80,729522	0,0176180899143219
80,831400	0,0167081654071808
80,933037	0,0159007608890533
81,033456	0,0159250497817993
81,134529	0,0164894163608551
81,235042	0,0175095200538635
81,336599	0,0191068649291992
81,437046	0,0205007195472717
81,537416	0,0219113528728485
81,637929	0,023148238658905
81,739552	0,0236293077468872
81,839799	0,0235695242881775
81,939915	0,0229503512382507
82,041894	0,0218895375728607
82,142532	0,0205392241477966
82,244206	0,0187101066112518
82,344609	0,0173566043376923
82,445896	0,0162859261035919
82,546164	0,0156452059745789
82,647018	0,0155913233757019
82,748926	0,016089528799057
82,849777	0,0173318386077881
82,950482	0,0187619626522064
83,050993	0,0201709568500519
83,151914	0,0215490758419037
83,253133	0,022814154624939
83,354386	0,023396372795105
83,455194	0,0235097408294678
83,556171	0,0227121114730835
83,657402	0,0218031108379364
83,757853	0,0205843448638916
83,859209	0,0185759365558624
83,960678	0,0174028277397156
84,061885	0,0164074599742889
84,162403	0,0156108736991882
84,264272	0,0157458186149597
84,365441	0,0162124931812286
84,466187	0,0172889828681946
84,567249	0,0188999474048615
84,668690	0,0202080011367798
84,770195	0,0216910541057587
84,870975	0,0228943526744843
84,971915	0,0233156979084015
85,073156	0,023308128118515
85,174672	0,0227002501487732
85,274804	0,0216335952281952
85,376454	0,020153820514679
85,476907	0,018567830324173
85,577173	0,0172260999679565
85,678026	0,0161429047584534
85,778494	0,0156604647636414
85,878614	0,0155507922172546
85,979020	0,0161438584327698
86,081068	0,0173113644123077
86,182077	0,0187538862228394
86,283081	0,0202013552188873
86,383452	0,0216886699199677
86,484393	0,0227548182010651
86,586088	0,0233574509620667
86,686827	0,023303359746933
86,787141	0,0226153135299683
86,887906	0,0217466056346893
86,988867	0,0201685726642609
87,089807	0,0185535550117493
87,190475	0,0174004435539246
87,292118	0,016202986240387
87,392585	0,0157286524772644
87,492587	0,0158268511295319
87,593137	0,016260176897049
87,693325	0,0174671113491058
87,793779	0,0190231502056122
87,893810	0,0202745497226715
87,993864	0,0218420326709747
88,095467	0,0229493975639343
88,195467	0,0233465433120728
88,295608	0,0234438180923462
88,396046	0,0226860344409943
88,496538	0,021637886762619
88,597332	0,0204783976078033
88,698977	0,0188257098197937
88,798977	0,0172951519489288
88,899927	0,0164274871349335
89,000481	0,0157358050346375
89,102135	0,0157586634159088
89,202986	0,0163893401622772
89,303442	0,0174609422683716
89,404537	0,0190393030643463
89,505232	0,0204622447490692
89,607182	0,0218652784824371
89,707765	0,0230272114276886
89,807830	0,0235377252101898
89,909470	0,0234850943088531
90,009979	0,0227961242198944
90,111003	0,0218135416507721
90,211944	0,0202175080776215
90,312456	0,0189203917980194
90,414176	0,0174089968204498
90,515867	0,0163650214672089
90,616898	0,015822559595108
90,718422	0,0158173143863678
90,820348	0,0164532065391541
90,921146	0,0175471305847168
91,021224	0,0189984142780304
91,122162	0,0203187465667725
91,222673	0,0218975841999054
91,323026	0,0229043364524841
91,423169	0,0233835577964783
91,525093	0,0234371721744537
91,625654	0,0228317081928253
91,726400	0,0217072069644928
91,828347	0,0202850103378296
91,929793	0,0188476145267487
92,029901	0,0174137651920319
92,131167	0,016359806060791
92,231989	0,0157863199710846
92,332942	0,0158864557743073
92,433221	0,0164393782615662
92,533906	0,0174647271633148
92,635207	0,0190416872501373
92,736083	0,020585298538208
92,837922	0,0216972231864929
92,939910	0,0228606760501862
93,041696	0,023283451795578
93,142673	0,0231444239616394
93,243692	0,0227130651473999
93,343802	0,0215367376804352
93,445763	0,0200283527374268
93,546177	0,0188257098197937
93,646433	0,0173147022724152
93,748095	0,0162763893604279
93,848875	0,0159531831741333
93,949870	0,0159374475479126
94,049907	0,0167081654071808
94,150647	0,0178019106388092
94,251593	0,0191810727119446
94,352151	0,0208580195903778
94,452371	0,0220761001110077
94,552837	0,022869199514389
94,654438	0,0235790312290192
94,755946	0,0234642028808594
94,856034	0,0227970778942108
94,957305	0,0215324461460114
95,057604	0,0202208459377289
95,158352	0,018788605928421
95,258473	0,0174537897109985
95,359306	0,0163345336914063
95,459921	0,0158168375492096
95,561059	0,0160304307937622
95,663018	0,0166448056697845
95,763673	0,0173761248588562
95,863724	0,0192500054836273
95,963922	0,0207012593746185
96,064263	0,0218956768512726
96,165082	0,0229057371616364
96,266205	0,0233669579029083
96,367709	0,0233195126056671
96,468624	0,0228506922721863
96,570599	0,0213135182857513
96,671044	0,0201200842857361
96,772805	0,0188528299331665
96,872833	0,0172527730464935
96,973670	0,0163083076477051
97,075258	0,0158912241458893
97,175726	0,0158378183841705
97,275933	0,0166938900947571
97,376004	0,0176785886287689
97,477036	0,0188119113445282
97,577149	0,0207957625389099
97,678092	0,0219227373600006
97,779027	0,0227425098419189
97,880396	0,0234860479831696
97,980524	0,0232877135276794
98,082142	0,0226694047451019
98,182811	0,0216530859470367
98,282892	0,0200492739677429
98,382895	0,0186953544616699
98,483206	0,0173813700675964
98,584209	0,0162124931812286
98,684390	0,0157991945743561
98,785376	0,0160061120986938
98,886006	0,016446053981781
98,987174	0,0176438093185425
99,087487	0,0189675092697144
99,187583	0,0203900337219238
99,288191	0,0218705236911774
99,388959	0,022789478302002
99,490936	0,0231671929359436
99,591693	0,0231225788593292
99,693449	0,0225436389446259
99,794091	0,0212023854255676
99,894517	0,0197902023792267
99,994634	0,0184046030044556
100,095963	0,0168120563030243
100,196364	0,0159079134464264
100,297373	0,0154244601726532
100,398164	0,0153820216655731
100,498739	0,0161958336830139
100,599392	0,0173370838165283
100,700517	0,018570214509964
100,801466	0,0203738510608673
100,902096	0,0217684209346771
101,002145	0,0227263569831848
101,103643	0,0234874784946442
101,204429	0,0233190357685089
101,305079	0,0228084623813629
101,405564	0,0217708051204681
101,506016	0,0201081931591034
101,606508	0,01883664727211
101,706630	0,0174347460269928
101,807443	0,0163674056529999
101,907966	0,0158449709415436
102,009231	0,0158745348453522
102,110072	0,0163326263427734
102,210260	0,0175976157188416
102,310845	0,0188490450382233
102,411374	0,0203377306461334
102,512298	0,0219412744045258
102,613015	0,0228331387042999
102,713514	0,0233270823955536
102,813930	0,0234589874744415
102,914099	0,0228231847286224
103,014209	0,0216226875782013
103,114835	0,0205449163913727
103,216028	0,0188890099525452
103,316040	0,0176352262496948
103,416049	0,0166838765144348
103,516679	0,0160818994045258
103,617231	0,0160513818264008
103,718500	0,0168368518352509
103,818748	0,0176557302474976
103,919583	0,0191368460655212
104,021368	0,0208043158054352
104,122008	0,0218657851219177
104,223957	0,0230158269405365
104,324833	0,0235932469367981
104,424862	0,0233902037143707
104,526017	0,0228279232978821
104,628011	0,021635502576828
104,728413	0,0202327072620392
104,829883	0,0187629163265228
104,931455	0,0175304710865021
105,033114	0,0162825882434845
105,133760	0,0159098207950592
105,233773	0,0159169435501099
105,335333	0,016478955745697
105,435488	0,017854779958725
105,536692	0,0190336108207703
105,636941	0,0205957591533661
105,737397	0,0219716429710388
105,838916	0,0229626893997192
105,939361	0,0234836637973785
106,039530	0,0235486626625061
106,140730	0,0227002501487732
106,241117	0,0215110778808594
106,342567	0,0203216075897217
106,443104	0,0184864699840546
106,543369	0,0172989666461945
106,643538	0,0162577927112579
106,744390	0,0156046748161316
106,845367	0,0157415270805359
106,947052	0,0165247023105621
107,047560	0,0174266397953033
107,149446	0,0191577672958374
107,250154	0,0208656191825867
107,351572	0,0220243632793427
107,452317	0,0233679115772247
107,553784	0,0238721966743469
107,654294	0,0236962139606476
107,754580	0,0231529772281647
107,855795	0,0220029652118683
107,955837	0,0202617049217224
108,056371	0,018655389547348
108,156731	0,0171393752098083
108,257658	0,0158092081546783
108,358572	0,0152809321880341
108,458951	0,0150873064994812
108,559989	0,0157281756401062
108,660660	0,0168263614177704
108,761539	0,0181894600391388
108,861848	0,0199679732322693
108,963722	0,0213401317596436
109,064766	0,0223362147808075
109,164848	0,0230703949928284
109,265118	0,0230580568313599
109,365329	0,0221947729587555
109,465448	0,0213135182857513
109,565471	0,0197531282901764
109,666135	0,0181927978992462
109,766484	0,0167763233184814
109,867127	0,0155660510063171
109,967262	0,014971911907196
110,067459	0,0151588618755341
110,168401	0,015973687171936
110,270092	0,0170564949512482
110,370218	0,0189717710018158
110,471019	0,0206489861011505
110,571230	0,0219925343990326
110,671594	0,0232004225254059
110,771834	0,0237284600734711
110,872594	0,0236321687698364
110,974557	0,0231263935565948
111,075001	0,0215770900249481
111,176261	0,0198686420917511
111,276289	0,0183974504470825
111,378273	0,0164546370506287
111,480228	0,0152671039104462
111,581250	0,0147368013858795
111,681765	0,0145450830459595
111,782731	0,0154597461223602
111,884556	0,0165637731552124
111,984797	0,0180980563163757
112,084881	0,0200944244861603
112,186442	0,021415650844574
112,286798	0,0225217938423157
112,388569	0,0232345759868622
112,489111	0,0230869948863983
112,590358	0,0223053693771362
112,691143	0,0210375785827637
112,791434	0,0189070701599121
112,892317	0,0170736312866211
112,992973	0,0152642428874969
113,094068	0,0136117339134216
113,196059	0,013016015291214
113,297498	0,0133226811885834
113,399194	0,0142641961574554
113,499653	0,0159674882888794
113,601352	0,0186354219913483
113,702770	0,0208504199981689
113,802785	0,0237246453762054
113,903924	0,0260029435157776
114,004815	0,026961624622345
114,105147	0,0273759961128235
114,206587	0,0263518989086151
114,307050	0,0244821906089783
114,407939	0,0218016803264618
114,508069	0,0184716880321503
114,609417	0,0157353281974792
114,709918	0,0133307874202728
114,811556	0,0116637051105499
114,913423	0,0113500356674194
115,013494	0,0125558078289032
115,114448	0,0143009126186371
115,215913	0,0174080431461334
115,316549	0,0205962359905243
115,418370	0,0245167911052704
115,519460	0,026919424533844
115,620806	0,0286281704902649
115,721169	0,0290217399597168
115,821677	0,0281620919704437
115,921829	0,0264415144920349
116,023034	0,0231278240680695
116,123238	0,0196000039577484
116,223434	0,0166471898555756
116,324325	0,0134419202804565
116,425757	0,0117304623126984
116,526710	0,011279970407486
116,627386	0,0117361843585968
116,728257	0,0144253969192505
116,828799	0,0170193314552307
116,928983	0,0198624432086945
117,029163	0,0235605239868164
117,129917	0,0263817608356476
117,230730	0,0278202295303345
117,332076	0,028599739074707
117,432333	0,0275627970695496
117,532859	0,0257079899311066
117,633839	0,0228293538093567
117,734770	0,0190388262271881
117,835364	0,0160928666591644
117,935475	0,0133293569087982
118,036439	0,0115583539009094
118,136883	0,0109992325305939
118,236884	0,0118153095245361
118,338249	0,0137142539024353
118,439970	0,017060786485672
118,541055	0,0203434526920319
118,642751	0,0246182978153229
118,744458	0,0275163352489471
118,845705	0,0294385552406311
118,946045	0,0298179388046265
119,047534	0,0283105075359344
119,148194	0,0249720811843872
119,248444	0,0188295245170593
119,350120	0,0113976895809174
119,451933	0,00421324372291565
119,552072	-0,00438770651817322
119,652272	-0,0117907822132111
119,752471	-0,0168783366680145
119,852967	-0,0201698541641235
119,953016	-0,0210206806659698
120,054637	-0,0190142393112183
120,154882	-0,0149770677089691
120,256074	-0,00789731740951538
120,357604	-0,000203132629394531
120,457786	0,00619286298751831
120,558476	0,0126039981842041
120,660148	0,0161657929420471
120,760795	0,0170950889587402
120,862852	0,0151874721050262
120,964628	0,00999730825424194
121,065452	0,00433850288391113
121,166043	-0,00223773717880249
121,266447	-0,0116767287254333
121,367457	-0,016834020614624
121,468297	-0,0203992426395416
121,569827	-0,0218177437782288
121,670728	-0,0196692049503326
121,771704	-0,0156274437904358
121,872479	-0,00741761922836304
121,974054	-0,0004006028175354
122,074540	0,0060158371925354
122,174928	0,012315958738327
122,276915	0,0163764655590057
122,378531	0,0170107483863831
122,478711	0,014842689037323
122,579059	0,00989729166030884
122,679850	0,00375589728355408
122,780094	-0,00307244062423706
122,881172	-0,0122912526130676
122,983216	-0,0179015100002289
123,084974	-0,0214556455612183
123,186945	-0,022491842508316
123,287806	-0,0206295847892761
123,388758	-0,0152249038219452
123,490718	-0,00773712992668152
123,592234	-0,000985264778137207
123,693096	0,0070660412311554
123,795056	0,0123817622661591
123,895639	0,0161285996437073
123,997597	0,0170812606811523
124,098654	0,0150420069694519
124,199030	0,00976777076721191
124,300046	0,00272479653358459
124,400121	-0,00426334142684937
124,501587	-0,0123031437397003
124,602084	-0,0183503031730652
124,703019	-0,0216743946075439
124,806847	-0,0224314332008362
124,907228	-0,0195854008197784
125,007867	-0,0153117477893829
125,109586	-0,00933080911636353
125,211063	0,000328600406646729
125,311568	0,00644829869270325
125,412650	0,0116994678974152
125,513261	0,0159860849380493
125,613395	0,0160857141017914
125,714089	0,0142279267311096
125,814315	0,00920695066452026
125,915785	0,00182241201400757
126,015825	-0,00474363565444946
126,116281	-0,0125275254249573
126,216430	-0,0187759697437286
126,317187	-0,0215735137462616
126,418063	-0,022235631942749
126,518755	-0,0195816457271576
126,619569	-0,0148113071918488
126,719586	-0,00887426733970642
126,819684	-0,000885248184204102
126,920307	0,00700858235359192
127,021194	0,0119936168193817
127,121706	0,0156843066215515
127,222175	0,016446053981781
127,323089	0,0141955018043518
127,423291	0,0090479850769043
127,523539	0,00329852104187012
127,623868	-0,00499388575553894
127,724215	-0,0126954019069672
127,824938	-0,0177748203277588
127,926430	-0,0218352079391479
128,026716	-0,0224474668502808
128,127101	-0,0200459659099579
128,228085	-0,0150526165962219
128,328940	-0,00889673829078674
128,430123	-0,00074431300163269
128,530538	0,00546389818191528
128,631044	0,011892557144165
128,732612	0,0155498385429382
128,833456	0,0159918069839478
128,934137	0,0139408111572266
129,034461	0,00866451859474182
129,136018	0,00262466073036194
129,237031	-0,00516805052757263
129,338196	-0,0130418241024017
129,438429	-0,0182419717311859
129,539500	-0,0216937661170959
129,640749	-0,0224366188049316
129,742244	-0,020111471414566
129,843095	-0,0145510137081146
129,943460	-0,00867503881454468
130,043866	-0,000538170337677002
130,144263	0,00606900453567505
130,245621	0,0120765864849091
130,346172	0,0158254206180573
130,447740	0,0165575742721558
130,548751	0,0140199959278107
130,649066	0,00899705290794373
130,751051	0,00318178534507751
130,851607	-0,00503456592559814
130,951626	-0,0113182365894318
131,051667	-0,01746866106987
131,153525	-0,0212888121604919
131,254258	-0,0215942561626434
131,355231	-0,0191780924797058
131,455625	-0,0139965415000916
131,556130	-0,0076964795589447
131,657164	0,000224947929382324
131,757377	0,00759574770927429
131,858178	0,0127589702606201
131,958589	0,0160280466079712
132,058754	0,0164074599742889
132,159658	0,0141969323158264
132,260325	0,00861504673957825
132,361242	0,00263559818267822
132,461679	-0,00519630312919617
132,562621	-0,0118891298770905
132,662665	-0,0180230140686035
132,763528	-0,0210258364677429
132,864046	-0,0221431851387024
132,965098	-0,0194917023181915
133,065392	-0,0150266587734222
133,165677	-0,00814595818519592
133,265889	9,46223735809326E-5
133,367648	0,00644069910049438
133,467967	0,0121872127056122
133,568888	0,0158092081546783
133,669879	0,0161438584327698
133,770016	0,014037162065506
133,871487	0,00829353928565979
133,971850	0,00217515230178833
134,071973	-0,00467333197593689
134,172529	-0,0121702253818512
134,273514	-0,0184341073036194
134,374133	-0,0216074585914612
134,474286	-0,0220191180706024
134,575799	-0,0195877850055695
134,676121	-0,0151805579662323
134,777797	-0,00771129131317139
134,879562	6,99162483215332E-5
134,980253	0,00640174746513367
135,082027	0,012562483549118
135,183743	0,0155698657035828
135,283929	0,0160027742385864
135,384900	0,0134758055210114
135,485597	0,00886622071266174
135,586869	0,00193116068840027
135,687263	-0,00605916976928711
135,788229	-0,0126579403877258
135,888530	-0,0184849798679352
135,988582	-0,0214726328849792
136,090495	-0,0223375558853149
136,190973	-0,0193424224853516
136,291508	-0,0149430930614471
136,392678	-0,00791549682617188
136,492963	0,000374257564544678
136,593404	0,00644448399543762
136,695057	0,0121638476848602
136,796196	0,0156199336051941
136,897155	0,0156509280204773
136,998630	0,0129082500934601
137,099892	0,00873252749443054
137,201101	0,00140687823295593
137,302927	-0,0064927339553833
137,404779	-0,0125588178634644
137,505097	-0,0187029838562012
137,606113	-0,0216885805130005
137,707044	-0,0216876268386841
137,807247	-0,019110769033432
137,907880	-0,0132327377796173
138,008168	-0,00699993968009949
138,108423	0,000734597444534302
138,208930	0,00709548592567444
138,309071	0,012861043214798
138,409777	0,0154063403606415
138,511651	0,0160652101039886
138,612435	0,013146698474884
138,713156	0,00850087404251099
138,813897	0,00166997313499451
138,915078	-0,0064338743686676
139,016452	-0,0127560794353485
139,117171	-0,018248587846756
139,217373	-0,0215047001838684
139,318314	-0,0215660035610199
139,419934	-0,0183135569095612
139,520956	-0,0138854086399078
139,621894	-0,00655686855316162
139,722189	0,00166523456573486
139,822415	0,00752255320549011
139,923150	0,0132773816585541
140,023180	0,0161086022853851
140,123874	0,0160604417324066
140,224624	0,0132759511470795
140,325495	0,00876584649085999
140,425949	0,00120452046394348
140,526427	-0,00531640648841858
140,627305	-0,0128451883792877
140,728072	-0,0189256966114044
140,829609	-0,0214137136936188
140,930175	-0,0217008292675018
141,030297	-0,018871545791626
141,130526	-0,0139038562774658
141,231286	-0,00665256381034851
141,331364	0,00127387046813965
141,431477	0,00767984986305237
141,531690	0,0123965442180634
141,632751	0,0156957507133484
141,733471	0,0162058472633362
141,835254	0,0137032866477966
141,935912	0,00833919644355774
142,037022	0,00131994485855103
142,137781	-0,00561791658401489
142,238034	-0,0130958557128906
142,338156	-0,0186629593372345
142,439151	-0,0216046273708344
142,539639	-0,0216234922409058
142,640047	-0,0184689462184906
142,740630	-0,0140202045440674
142,842305	-0,00780168175697327
142,943179	0,000251561403274536
143,044469	0,00731587409973145
143,146029	0,0130952000617981
143,247217	0,015582263469696
143,349011	0,0154573619365692
143,449241	0,0133260190486908
143,550679	0,00787469744682312
143,651644	0,000471264123916626
143,752053	-0,00590839982032776
143,853022	-0,0135040283203125
143,953417	-0,0191248953342438
144,053435	-0,0213967561721802
144,153981	-0,0216465890407562
144,254713	-0,0183512270450592
144,356274	-0,0133430659770966
144,456744	-0,00745874643325806
144,557927	0,000525444746017456
144,658409	0,00805532932281494
144,758413	0,0125066936016083
144,859211	0,0157925188541412
144,961075	0,0159198045730591
145,061644	0,0132096707820892
145,161744	0,00795978307723999
145,262714	0,0006827712059021
145,363912	-0,00619891285896301
145,464204	-0,0133492052555084
145,565211	-0,0189276039600372
145,665664	-0,0215994417667389
145,766258	-0,0212723314762115
145,866700	-0,0188418924808502
145,966807	-0,0134827196598053
146,068153	-0,00712674856185913
146,169604	0,000643342733383179
146,270501	0,00776681303977966
146,371740	0,012650728225708
146,472705	0,0155412554740906
146,573325	0,015452116727829
146,674247	0,0131528973579407
146,774267	0,00741139054298401
146,876212	0,000192612409591675
146,976792	-0,00625059008598328
147,077206	-0,013901025056839
147,178200	-0,0191583335399628
147,279539	-0,0214485824108124
147,380210	-0,0216442346572876
147,480696	-0,0188941657543182
147,581207	-0,0132057368755341
147,681456	-0,00730997323989868
147,781924	0,000823915004730225
147,882278	0,00801065564155579
147,984187	0,0124318301677704
148,084469	0,0157429575920105
148,185082	0,0154988169670105
148,285116	0,0128195285797119
148,385422	0,00864309072494507
148,486511	0,000135064125061035
148,586891	-0,00656068325042725
148,687149	-0,0125151872634888
148,787235	-0,0184133946895599
148,887350	-0,0215655267238617
148,988279	-0,0214401185512543
149,088395	-0,0187792778015137
149,188870	-0,013138473033905
149,290611	-0,00682148337364197
149,390904	-0,000448673963546753
149,491726	0,00802680850028992
149,593234	0,0127098560333252
149,694800	0,0151474177837372
149,796046	0,0153648555278778
149,896921	0,0128667652606964
149,997273	0,00815799832344055
150,097799	1,66594982147217E-5
150,198657	-0,00655493140220642
150,299376	-0,0129366517066956
150,399704	-0,0183983147144318
150,500380	-0,0214071273803711
150,601111	-0,0216117203235626
150,701656	-0,0183634757995605
150,802304	-0,0128470957279205
150,902672	-0,00686883926391602
151,003725	-7,99298286437988E-5
151,105298	0,00812044739723206
151,205939	0,0125162303447723
151,307868	0,0153553187847137
151,408043	0,0150720477104187
151,509438	0,012440413236618
151,609776	0,00814849138259888
151,711682	0,00079682469367981
151,813397	-0,00699469447135925
151,914242	-0,0129015743732452
152,015567	-0,0187910497188568
152,116246	-0,0215287506580353
152,216272	-0,0213368833065033
152,317108	-0,018589973449707
152,417132	-0,0126854479312897
152,517283	-0,00650230050086975
152,617692	0,00108242034912109
152,718959	0,00831681489944458
152,820285	0,0127193927764893
152,920579	0,0150095820426941
153,021611	0,0151683986186981
153,122587	0,0123583972454071
153,223126	0,00760334730148315
153,323862	0,000763088464736938
153,424415	-0,00723487138748169
153,525697	-0,0134145617485046
153,625861	-0,0186860263347626
153,726651	-0,0217309892177582
153,828059	-0,0216687619686127
153,929595	-0,0183380544185638
154,030070	-0,012874573469162
154,130113	-0,0066884458065033
154,230769	7,84695148468018E-5
154,331646	0,00798973441123962
154,432560	0,012466162443161
154,534394	0,0150901675224304
154,635160	0,0148817896842957
154,735973	0,0120222270488739
154,836962	0,00757056474685669
154,937346	0,000199288129806519
155,038011	-0,00734633207321167
155,138803	-0,0133004486560822
155,238930	-0,0189657509326935
155,339935	-0,0213312208652496
155,440695	-0,0211601555347443
155,540779	-0,0188833177089691
155,642526	-0,0119969248771667
155,743903	-0,00596535205841064
155,845296	0,000421792268753052
155,946445	0,00887954235076904
156,047061	0,0129564106464386
156,147441	0,0152604281902313
156,248535	0,0154554545879364
156,348882	0,0120761096477509
156,449592	0,00741755962371826
156,550518	0,000450313091278076
156,650883	-0,00764432549476624
156,751096	-0,013556569814682
156,851291	-0,018792450428009
156,951879	-0,0217027068138123
157,052291	-0,021296352148056
157,152707	-0,0186639130115509
157,253882	-0,0123197138309479
157,355728	-0,0059562623500824
157,456152	0,000649511814117432
157,556635	0,00857508182525635
157,657588	0,0130351185798645
157,757801	0,0153491199016571
157,858178	0,0150310397148132
157,958527	0,0121004283428192
158,058862	0,00732776522636414
158,160364	0,00123205780982971
158,261975	-0,00757548213005066
158,362252	-0,0136905014514923
158,462255	-0,0184213817119598
158,562293	-0,0214316248893738
158,662330	-0,0212628841400146
158,763046	-0,0187006294727325
158,863871	-0,0118126273155212
158,963971	-0,00580120086669922
159,064379	0,000753134489059448
159,165675	0,00803393125534058
159,266986	0,0130217373371124
159,367942	0,0153867900371552
159,468431	0,0153329074382782
159,568505	0,0118129253387451
159,669181	0,00722992420196533
159,769918	0,001365065574646
159,871676	-0,0079379677772522
159,972488	-0,0136526226997375
160,072730	-0,0182038545608521
160,174310	-0,0215909779071808
160,276008	-0,0209730565547943
160,377673	-0,01839879155159
160,479030	-0,0117931663990021
160,580583	-0,00536617636680603
160,681531	0,00105437636375427
160,782893	0,00800779461860657
160,883551	0,0133670568466187
160,985148	0,0154316127300262
161,085396	0,0151550471782684
161,187205	0,0119864642620087
161,288797	0,00704184174537659
161,388820	-0,000164121389389038
161,489985	-0,00786718726158142
161,591844	-0,0139780938625336
161,692630	-0,0191611349582672
161,792821	-0,0215853154659271
161,892845	-0,0213340520858765
161,994042	-0,0186271965503693
162,094583	-0,0129513442516327
162,195433	-0,00578683614730835
162,295841	0,000831037759780884
162,397404	0,00791129469871521
162,497785	0,0128948986530304
162,599692	0,0152775943279266
162,700101	0,015028178691864
162,801458	0,0115926861763
162,903013	0,00706177949905396
163,003600	-0,0002116858959198
163,104635	-0,00805655121803284
163,205693	-0,0137193500995636
163,306889	-0,0190711915493011
163,408232	-0,0214976370334625
163,509811	-0,020880252122879
163,611704	-0,0176763832569122
163,712434	-0,0128295719623566
163,813129	-0,00534847378730774
163,913848	0,00212958455085754
164,015747	0,00795739889144897
164,117220	0,013167679309845
164,217334	0,0153119266033173
164,318286	0,0149914622306824
164,418358	0,0117032825946808
164,520278	0,00570735335350037
164,621068	-0,000192195177078247
164,722801	-0,00791788101196289
164,823624	-0,0148495733737946
164,924390	-0,0187778770923615
165,024963	-0,0209890902042389
165,125685	-0,0203997194766998
165,226921	-0,0171525180339813
165,328361	-0,0123904347419739
165,428979	-0,00388792157173157
165,529777	0,00261092185974121
165,630104	0,00814470648765564
165,730472	0,013050377368927
165,830771	0,0154325664043427
165,931190	0,0147139132022858
166,031963	0,0112923681735992
166,132108	0,00555738806724548
166,232426	-0,000727146863937378
166,333978	-0,00832709670066833
166,434671	-0,015002578496933
166,534731	-0,0192199945449829
166,636407	-0,0211893618106842
166,737568	-0,0206441879272461
166,838981	-0,0172830522060394
166,940971	-0,0122518837451935
167,041214	-0,00486421585083008
167,142226	0,00260427594184875
167,242411	0,00840196013450623
167,344213	0,0132945477962494
167,444840	0,0153052508831024
167,546286	0,0148560404777527
167,647201	0,0112285017967224
167,747904	0,00518584251403809
167,848845	-0,000808089971542358
167,949740	-0,00870513916015625
168,051090	-0,0155085623264313
168,151657	-0,0194111764431
168,251761	-0,0216357707977295
168,352032	-0,0208105146884918
168,453283	-0,017520934343338
168,554478	-0,0128096342086792
168,654822	-0,00543460249900818
168,755544	0,00233513116836548
168,856242	0,00779911875724792
168,957087	0,0128409862518311
169,059034	0,0150696635246277
169,160171	0,0143204629421234
169,260203	0,0110073387622833
169,360879	0,00511801242828369
169,462880	-0,00106194615364075
169,564344	-0,00727555155754089
169,665002	-0,0152018070220947
169,765203	-0,0192247033119202
169,865370	-0,0210527181625366
169,966011	-0,0202004611492157
170,066178	-0,0170469880104065
170,166366	-0,0119993090629578
170,266382	-0,00474697351455688
170,366759	0,00274333357810974
170,467500	0,00840243697166443
170,568491	0,0130918622016907
170,668657	0,0150758624076843
170,769399	0,0145007371902466
170,871639	0,0115988850593567
170,972291	0,00484803318977356
171,074289	-0,00114673376083374
171,175042	-0,00767397880554199
171,276851	-0,0154552459716797
171,378512	-0,0192958116531372
171,479753	-0,0213585793972015
171,579754	-0,020242840051651
171,679974	-0,0169513523578644
171,780579	-0,0121854245662689
171,881430	-0,00345572829246521
171,981800	0,00277227163314819
172,082364	0,00811141729354858
172,184075	0,0129821598529816
172,284907	0,0148870348930359
172,385814	0,0140447914600372
172,486878	0,0113509893417358
172,588226	0,00451213121414185
172,689729	-0,00161761045455933
172,790167	-0,00780597329139709
172,890738	-0,0156642496585846
172,991632	-0,0194860398769379
173,093036	-0,0211719274520874
173,193561	-0,0201891660690308
173,294558	-0,0168585181236267
173,395075	-0,0117760598659515
173,495119	-0,00460249185562134
173,595576	0,00290799140930176
173,696301	0,0084109902381897
173,796351	0,0128686726093292
173,897248	0,0147720873355865
173,999230	0,0139865875244141
174,100257	0,0109339654445648
174,200348	0,00421372056007385
174,301295	-0,00186222791671753
174,401980	-0,00832951068878174
174,502952	-0,0158397257328033
174,604586	-0,0195966958999634
174,704991	-0,0214551985263824
174,806130	-0,020038902759552
174,906708	-0,0167157351970673
175,007128	-0,0117941200733185
175,107310	-0,00429633259773254
175,207552	0,00307503342628479
175,308795	0,00838908553123474
175,409334	0,0125190913677216
175,509987	0,0147153437137604
175,610960	0,0138177573680878
175,711498	0,0109930336475372
175,813174	0,00393855571746826
175,913247	-0,00211316347122192
176,014829	-0,00832855701446533
176,114934	-0,0161198675632477
176,215009	-0,0197078287601471
176,316739	-0,0213114321231842
176,417812	-0,0205712020397186
176,518754	-0,0165945887565613
176,619336	-0,0115179717540741
176,719768	-0,00430545210838318
176,820072	0,003284752368927
176,920312	0,00860550999641418
177,021931	0,0124261081218719
177,123824	0,0148112177848816
177,223943	0,0137772262096405
177,325934	0,0106818675994873
177,427731	0,00386455655097961
177,528159	-0,00232028961181641
177,628327	-0,00868937373161316
177,728538	-0,0161250531673431
177,828884	-0,0198340713977814
177,929028	-0,0214754641056061
178,031028	-0,0203836858272552
178,132025	-0,0165644288063049
178,233227	-0,0114485621452332
178,335070	-0,00396633148193359
178,435484	0,00333032011985779
178,536802	0,0086873471736908
178,637610	0,013197273015976
178,739488	0,0146657526493073
178,840859	0,0137047171592712
178,941824	0,00983491539955139
179,042803	0,00356045365333557
179,143276	-0,00246733427047729
179,244211	-0,0099979043006897
179,345469	-0,0154854357242584
179,446740	-0,0198491215705872
179,547073	-0,0214419960975647
179,647496	-0,020500510931015
179,747977	-0,0163829624652863
179,848607	-0,0113111138343811
179,949134	-0,00400221347808838
180,049239	0,00352957844734192
180,150346	0,00874298810958862
180,252345	0,0130913853645325
180,352347	0,0147558748722076
180,452491	0,0135683119297028
180,553526	0,0104727149009705
180,654141	0,00356468558311462
180,754439	-0,00266692042350769
180,854440	-0,00890389084815979
180,955227	-0,0153533220291138
181,056215	-0,019870787858963
181,156365	-0,0213114321231842
181,256523	-0,0205231010913849
181,358215	-0,0162151157855988
181,458489	-0,0109842121601105
181,558519	-0,00484460592269897
181,659180	0,00364771485328674
181,760360	0,00898563861846924
181,862232	0,0127279758453369
181,963535	0,0146152079105377
182,065496	0,013550192117691
182,165635	0,010339766740799
182,265866	0,00434941053390503
182,366061	-0,00282451510429382
182,466320	-0,00913694500923157
182,567257	-0,015678882598877
182,667791	-0,0198877453804016
182,769783	-0,0214052498340607
182,870315	-0,0206522047519684
182,971466	-0,0160048007965088
183,072803	-0,0109142065048218
183,173080	-0,00477570295333862
183,274456	0,00392717123031616
183,375811	0,00901088118553162
183,475945	0,0127432346343994
183,577022	0,0146686136722565
183,678462	0,0133508443832397
183,779639	0,0102035403251648
183,879961	0,00429153442382813
183,981315	-0,00312164425849915
184,081787	-0,00927639007568359
184,182022	-0,0157175660133362
184,282238	-0,0200455188751221
184,384095	-0,0213020145893097
184,484436	-0,020038902759552
184,586319	-0,0159071981906891
184,687010	-0,0105980038642883
184,787902	-0,00322869420051575
184,887936	0,00405576825141907
184,988073	0,00928643345832825
185,088131	0,0128519833087921
185,189918	0,0145822763442993
185,290124	0,0133785009384155
185,390191	0,0100144445896149
185,490743	0,00398412346839905
185,591747	-0,00324401259422302
185,692416	-0,00956517457962036
185,792750	-0,0150450766086578
185,892897	-0,0200690627098083
185,993355	-0,0214674472808838
186,093362	-0,0205094516277313
186,194032	-0,0157534182071686
186,296030	-0,0106070637702942
186,398353	-0,00438341498374939
186,498884	0,0041847825050354
186,599692	0,00919932126998901
186,699805	0,0128906071186066
186,801640	0,0146066248416901
186,902127	0,0131886899471283
187,002679	0,00996586680412292
187,103665	0,00390106439590454
187,204533	-0,00346434116363525
187,305198	-0,00956231355667114
187,405677	-0,0159755647182465
187,507200	-0,0201137959957123
187,607360	-0,0212591290473938
187,708340	-0,0203841626644135
187,808955	-0,0156250894069672
187,909591	-0,010316401720047
188,011464	-0,004271000623703
188,111981	0,00312057137489319
188,212740	0,0093635618686676
188,314507	0,0127990245819092
188,416497	0,0144935846328735
188,516930	0,0131013989448547
188,617102	0,00966253876686096
188,718136	0,00369375944137573
188,819813	-0,00362062454223633
188,920329	-0,00983524322509766
189,021165	-0,0160241425037384
189,122192	-0,0201095640659332
189,223255	-0,0213161408901215
189,323889	-0,0197535455226898
189,425332	-0,0154538452625275
189,526885	-0,0102081596851349
189,627495	-0,00275000929832458
189,728089	0,00323590636253357
189,828252	0,00932976603507996
189,928290	0,0128390789031982
190,028892	0,0143133103847504
190,130807	0,0128219127655029
190,232106	0,00944972038269043
190,333463	0,00328665971755981
190,434933	-0,00400316715240479
190,535912	-0,0100889801979065
190,637359	-0,0163744688034058
190,738975	-0,0202739536762238
190,839550	-0,0212694704532623
190,941444	-0,0198086202144623
191,042292	-0,0162245631217957
191,144072	-0,0087839663028717
191,244424	-0,00263109803199768
191,344849	0,0034940242767334
191,445195	0,00957491993904114
191,545549	0,0133794546127319
191,646055	0,0144683122634888
191,746814	0,0128715336322784
191,847542	0,00846472382545471
191,947994	0,00330278277397156
192,048127	-0,00409069657325745
192,149090	-0,0113852918148041
192,249321	-0,0163169503211975
192,349844	-0,0203078389167786
192,450638	-0,0213269889354706
192,551007	-0,0196188390254974
192,651513	-0,0161316692829132
192,752270	-0,00987198948860168
192,853911	-0,00243723392486572
192,955760	0,00352391600608826
193,056165	0,00957921147346497
193,156196	0,0133680105209351
193,256807	0,0142512917518616
193,357820	0,0126550197601318
193,457904	0,00915458798408508
193,558514	0,00293552875518799
193,658874	-0,00433364510536194
193,758956	-0,0104259848594666
193,859686	-0,0165700912475586
193,960203	-0,0199136435985565
194,060753	-0,0212902128696442
194,162015	-0,0201006233692169
194,262972	-0,0159519910812378
194,363411	-0,00966110825538635
194,463615	-0,00355038046836853
194,565511	0,00374594330787659
194,666695	0,009694904088974
194,768042	0,0129521191120148
194,868391	0,0143156945705414
194,969284	0,0125777423381805
195,069545	0,00898042321205139
195,170411	0,00284868478775024
195,271164	-0,0045192539691925
195,372409	-0,0106180310249329
195,473835	-0,0166040360927582
195,574911	-0,0199767649173737
195,675156	-0,021314263343811
195,775449	-0,0194879472255707
195,876312	-0,0159076750278473
195,976476	-0,00958284735679626
196,076841	-0,00342416763305664
196,177236	0,00371557474136353
196,278103	0,00965920090675354
196,378524	0,0128977596759796
196,479260	0,0140800774097443
196,579904	0,0123398005962372
196,681082	0,00874775648117065
196,782828	0,00247135758399963
196,883772	-0,00356182456016541
196,984129	-0,0108551979064941
197,084619	-0,0160147249698639
197,185024	-0,0200940072536469
197,285619	-0,0213595330715179
197,387046	-0,0200450420379639
197,487821	-0,0158119201660156
197,589328	-0,00949501991271973
197,690595	-0,00339740514755249
197,791362	0,00381568074226379
197,892508	0,00962492823600769
197,993369	0,012765645980835
198,094146	0,0139656066894531
198,194208	0,0120665729045868
198,294449	0,00841906666755676
198,396279	0,00221315026283264
198,496688	-0,00389030575752258
198,597593	-0,0111436247825623
198,698722	-0,0161830484867096
198,798903	-0,0202494263648987
198,899106	-0,021384984254837
198,999761	-0,01995649933815
199,099777	-0,0157147347927094
199,200654	-0,00931790471076965
199,300841	-0,0031680166721344
199,401195	0,00394901633262634
199,502865	0,00975775718688965
199,603694	0,0128639042377472
199,703852	0,0139532089233398
199,804485	0,0125162303447723
199,904803	0,00831016898155212
200,005829	0,00316756963729858
200,107552	-0,00405481457710266
200,207712	-0,0112754106521606
200,308472	-0,0163339376449585
200,409769	-0,0203002989292145
200,510100	-0,0213769674301147
200,610369	-0,0199437737464905
200,711463	-0,0156132876873016
200,811467	-0,00920429825782776
200,912105	-0,00312596559524536
201,012629	0,00287380814552307
201,114314	0,00972205400466919
201,214610	0,012714147567749
201,315276	0,0138005912303925
201,416370	0,0122849643230438
201,517053	0,0079854428768158
201,618558	0,00288760662078857
201,719666	-0,00435900688171387
201,821421	-0,0115512311458588
201,923264	-0,0164715945720673
202,023773	-0,0204006433486938
202,124618	-0,021367073059082
202,224662	-0,0198100507259369
202,325929	-0,0154604315757751
202,426122	-0,00898891687393188
202,527782	-0,00283932685852051
202,629435	0,00421562790870667
202,730034	0,0091032087802887
202,831020	0,0128977596759796
202,932751	0,0138086974620819
203,033600	0,0123045146465302
203,133874	0,00799068808555603
203,235050	0,00164148211479187
203,335894	-0,00443124771118164
203,436033	-0,0116159021854401
203,536929	-0,0165771543979645
203,637123	-0,0203917026519775
203,738108	-0,0213213264942169
203,839876	-0,0197553932666779
203,940805	-0,0153079926967621
204,040841	-0,00884225964546204
204,141279	-0,00273233652114868
204,243080	0,00436031818389893
204,343974	0,00920933485031128
204,444593	0,0129235088825226
204,544992	0,013853520154953
204,645318	0,0122568309307098
204,746421	0,00789037346839905
204,848180	0,00156313180923462
204,948648	-0,00454366207122803
205,050181	-0,0116767287254333
205,151279	-0,0165663361549377
205,252406	-0,0203644037246704
205,352890	-0,0212251842021942
205,453220	-0,019583523273468
205,553753	-0,0151555240154266
205,654080	-0,00983810424804688
205,754894	-0,00251412391662598
205,856567	0,00447085499763489
205,957771	0,00928881764411926
206,058538	0,0129530727863312
206,159611	0,0137419402599335
206,260171	0,0121590793132782
206,360741	0,00773116946220398
206,461940	0,00135603547096252
206,562294	-0,00470775365829468
206,662675	-0,0118482410907745
206,763447	-0,0167176425457001
206,864478	-0,0204100906848907
206,964938	-0,0212444961071014
207,065584	-0,019579291343689
207,166034	-0,0150738656520844
207,267010	-0,00978943705558777
207,367103	-0,00250789523124695
207,467505	0,00447562336921692
207,568397	0,00919696688652039
207,668447	0,0128085613250732
207,770272	0,0135435163974762
207,870683	0,011859655380249
207,971874	0,0074346661567688
208,072772	0,00104629993438721
208,174095	-0,00502452254295349
208,275657	-0,0120762288570404
208,376453	-0,0168740749359131
208,476800	-0,0204977095127106
208,577373	-0,0213015377521515
208,678234	-0,0194563865661621
208,778935	-0,014892041683197
208,879817	-0,00953704118728638
208,980495	-0,00224059820175171
209,082480	0,00470951199531555
209,183194	0,00943019986152649
209,283888	0,0129473507404327
209,385589	0,013599306344986
209,485710	0,0118868350982666
209,586234	0,00737956166267395
209,688103	0,000966459512710571
209,789547	-0,00509101152420044
209,890691	-0,0121445953845978
209,991647	-0,017672598361969
210,092365	-0,0204387903213501
210,192427	-0,0211903154850006
210,292833	-0,0192638039588928
210,392913	-0,0146143138408661
210,494549	-0,00924775004386902
210,596385	-0,00192233920097351
210,697199	0,0050027072429657
210,797890	0,00965064764022827
210,898310	0,0131343007087708
210,998579	0,0137142539024353
211,099339	0,0119240283966064
211,200568	0,00737100839614868
211,301254	0,000921815633773804
211,402088	-0,00514701008796692
211,502795	-0,01105797290802
211,603449	-0,0176396071910858
211,704767	-0,0203568637371063
211,806642	-0,0210253894329071
211,907352	-0,019029289484024
212,008498	-0,0143431127071381
212,109886	-0,00893014669418335
212,209965	-0,00163429975509644
212,311867	0,00524848699569702
212,412054	0,00985300540924072
212,513613	0,0132320821285248
212,614330	0,0137390792369843
212,714659	0,0118882656097412
212,816194	0,0072750449180603
212,916436	0,00079113245010376
213,017146	-0,005281001329422
213,118043	-0,011169821023941
213,218934	-0,0176801383495331
213,319494	-0,0203295052051544
213,419666	-0,0209419727325439
213,521390	-0,0182678699493408
213,623341	-0,0141511559486389
213,723641	-0,00872424244880676
213,825505	-0,000230252742767334
213,926675	0,00541552901268005
214,027280	0,00999587774276733
214,129048	0,0133012235164642
214,229243	0,0137448012828827
214,329900	0,0118591785430908
214,430176	0,0071772038936615
214,531009	0,000688463449478149
214,631477	-0,00537431240081787
214,731734	-0,0112540125846863
214,832084	-0,0176617801189423
214,933980	-0,0202767550945282
215,034330	-0,020841121673584
215,135218	-0,0180705785751343
215,235895	-0,0139341354370117
215,336763	-0,00849679112434387
215,438222	1,33216381072998E-5
215,540076	0,00560438632965088
215,640955	0,0101206600666046
215,742111	0,0133846998214722
215,842811	0,0137066245079041
215,943197	0,0117604732513428
216,045089	0,00703945755958557
216,145999	0,000483602285385132
216,246361	-0,00556811690330505
216,348085	-0,0125047266483307
216,448681	-0,0178237855434418
216,549331	-0,0203375518321991
216,650282	-0,0208528935909271
216,750506	-0,0180390179157257
216,850789	-0,0138456523418427
216,951110	-0,00840550661087036
217,051782	-0,0011272132396698
217,153148	0,00565800070762634
217,254795	0,0100963711738586
217,354867	0,013270229101181
217,455167	0,0135578215122223
217,556886	0,011526882648468
217,658278	0,00677728652954102
217,758890	0,000234454870223999
217,860597	-0,00583997368812561
217,961591	-0,0126864016056061
218,062272	-0,017931193113327
218,162520	-0,0204171538352966
218,263349	-0,0208095610141754
218,364999	-0,0178986787796021
218,466288	-0,0136734545230865
218,566307	-0,00816982984542847
218,666523	-0,000916659832000732
218,767507	0,00580939650535583
218,868029	0,0102340281009674
218,968701	0,0133093297481537
219,070052	0,0135144293308258
219,170772	0,0114634931087494
219,271112	0,00662821531295776
219,372415	7,56382942199707E-5
219,472474	-0,00597015023231506
219,572898	-0,0117651224136353
219,673414	-0,0179598927497864
219,773609	-0,0203676819801331
219,874563	-0,020723819732666
219,974899	-0,0183554589748383
220,075791	-0,0134382247924805
220,177145	-0,00793510675430298
220,277934	-0,000661939382553101
220,379565	0,00603148341178894
220,479740	0,0103921890258789
220,580370	0,013426661491394
220,680662	0,0135525763034821
220,781504	0,0114253461360931
220,883399	0,00752919912338257
220,984749	-2,85506248474121E-5
221,086295	-0,00606730580329895
221,186481	-0,0118021667003632
221,287286	-0,0179688632488251
221,387793	-0,0203101933002472
221,489254	-0,0205919146537781
221,591058	-0,0182118713855743
221,691355	-0,0132336914539337
221,792259	-0,00771275162696838
221,892494	-0,000499606132507324
221,993305	0,00615584850311279
222,093941	0,0104717612266541
222,195819	0,0133832693099976
222,296031	0,0134600400924683
222,396349	0,0112866461277008
222,497586	0,00731825828552246
222,598285	-0,000201225280761719
222,698524	-0,00624293088912964
222,799471	-0,0119594037532806
222,900265	-0,0173141360282898
223,000651	-0,0202970206737518
223,102321	-0,020529717206955
223,202560	-0,0180258452892303
223,303196	-0,0130404233932495
223,403847	-0,0075046718120575
223,503980	-0,000250250101089478
223,604847	0,00633341073989868
223,706270	0,0105932354927063
223,807011	0,013199657201767
223,907609	0,013445258140564
224,007870	0,0112237334251404
224,108743	0,00726839900016785
224,209580	-0,000370621681213379
224,310337	-0,00638267397880554
224,411314	-0,0120586752891541
224,512179	-0,0174399018287659
224,613071	-0,0203116238117218
224,713482	-0,0204807221889496
224,814031	-0,0180003941059113
224,914368	-0,0129248201847076
225,015679	-0,00740230083465576
225,117359	-0,000251680612564087
225,219001	0,00633671879768372
225,320648	0,0105060636997223
225,421032	0,0132559239864349
225,521033	0,0131967961788177
225,622862	0,0108519792556763
225,724252	0,00584021210670471
225,825140	-0,000765711069107056
225,926878	-0,00683823227882385
226,027453	-0,0124582648277283
226,128026	-0,0176787376403809
226,229049	-0,0205226540565491
226,330026	-0,0205853283405304
226,431995	-0,0179575383663177
226,532291	-0,0128783881664276
226,633125	-0,00606298446655273
226,733299	-5,47170639038086E-5
226,834961	0,00647485256195068
226,936375	0,0106685161590576
227,037852	0,013396143913269
227,139506	0,013211578130722
227,240542	0,0109144151210785
227,340786	0,00585684180259705
227,440941	0,000361889600753784
227,541694	-0,00678271055221558
227,642519	-0,0134429633617401
227,742760	-0,0176735520362854
227,844307	-0,0204209089279175
227,944593	-0,0202715992927551
228,046409	-0,0178892612457275
228,147732	-0,0127565562725067
228,248455	-0,00606539845466614
228,349679	-9,65595245361328E-5
228,449800	0,00637468695640564
228,551579	0,0110326111316681
228,651916	0,0130475163459778
228,752784	0,0127799510955811
228,854088	0,0103350281715393
228,955052	0,00525987148284912
229,055890	-0,000231683254241943
229,155976	-0,00743961334228516
229,257302	-0,0139814019203186
229,358136	-0,0181346237659454
229,458423	-0,0208114385604858
229,559224	-0,0204953253269196
229,660185	-0,0180267691612244
229,760397	-0,0128110647201538
229,862131	-0,0059376060962677
229,963347	9,89139080047607E-5
230,064099	0,00660589337348938
230,164566	0,0114077031612396
230,265395	0,0134161710739136
230,366268	0,0131576657295227
230,466797	0,010789543390274
230,567284	0,00564900040626526
230,667849	0,000134110450744629
230,768400	-0,00705450773239136
230,869367	-0,0137538909912109
230,970555	-0,0179443657398224
231,071706	-0,0206470191478729
231,171922	-0,0204600095748901
231,272959	-0,0179900228977203
231,374293	-0,0127921104431152
231,475145	-0,00602182745933533
231,575462	4,61339950561523E-5
231,676962	0,00655698776245117
231,778310	0,0106499493122101
231,878457	0,0133684873580933
231,979137	0,0133699178695679
232,080613	0,0106675624847412
232,181726	0,00558963418006897
232,281912	2,47359275817871E-5
232,382053	-0,00723057985305786
232,482626	-0,013817310333252
232,583670	-0,0180244147777557
232,685322	-0,0207219421863556
232,785523	-0,0204284489154816
232,887196	-0,0180112421512604
232,987362	-0,0128200650215149
233,088455	-0,0059778094291687
233,190128	0
233,291960	0,00648435950279236
233,393537	0,0112132430076599
233,494273	0,0131471753120422
233,595620	0,0130956768989563
233,696373	0,00969061255455017
233,797380	0,0052223801612854
233,897726	-0,000273078680038452
233,998528	-0,00865355134010315
234,099700	-0,0140613317489624
234,201415	-0,0181459188461304
234,303105	-0,0209231078624725
234,404399	-0,0204251706600189
234,505908	-0,0178534388542175
234,607914	-0,0126095712184906
234,708336	-0,00577488541603088
234,808591	0,00025823712348938
234,908974	0,00570639967918396
235,009875	0,0113038122653961
235,110798	0,0132363736629486
235,211093	0,013073742389679
235,312042	0,00958588719367981
235,412622	0,00511279702186584
235,513612	-0,000484824180603027
235,613753	-0,00882744789123535
235,714251	-0,014176219701767
235,814922	-0,0182900130748749
235,915703	-0,0207907259464264
236,016266	-0,0203577876091003
236,117179	-0,0177983641624451
236,217201	-0,0124407112598419
236,317375	-0,00558489561080933
236,418040	0,000402778387069702
236,518852	0,00590193271636963
236,619041	0,0114334523677826
236,720254	0,0132969319820404
236,821964	0,0131681561470032
236,922830	0,00955778360366821
237,024807	0,00507152080535889
237,125238	-0,000445812940597534
237,225993	-0,00886377692222595
237,326589	-0,0141469240188599
237,427389	-0,0181685388088226
237,528898	-0,0206842422485352
237,629246	-0,020161360502243
237,730367	-0,0175482630729675
237,830709	-0,0132497847080231
237,931470	-0,00532358884811401
238,032567	0,000649034976959229
238,132999	0,00602295994758606
238,234844	0,0115364193916321
238,335408	0,0133107602596283
238,437029	0,013080894947052
238,537195	0,00948208570480347
238,638553	0,00494009256362915
238,739105	-0,000632405281066895
238,839308	-0,0077882707118988
238,941249	-0,0142840147018433
239,042557	-0,0182589292526245
239,142740	-0,0206569135189056
239,243127	-0,0201062560081482
239,343670	-0,0174078941345215
239,444696	-0,0120225846767426
239,546616	-0,00515273213386536
239,647548	0,0008220374584198
239,748722	0,00619807839393616
239,849555	0,0116117298603058
239,949963	0,0133947134017944
240,051667	0,0131242871284485
240,153801	0,00941687822341919
240,255172	0,00487270951271057
240,356055	-0,00190469622612
240,456600	-0,00789156556129456
240,556757	-0,01427361369133
240,657690	-0,0182104408740997
240,757868	-0,0205594003200531
240,858018	-0,019889622926712
240,959555	-0,0171756148338318
241,059970	-0,0117599070072174
241,160739	-0,00483742356300354
241,261251	0,00108194351196289
241,361308	0,00640887022018433
241,461564	0,011798620223999
241,561731	0,0134481191635132
241,662391	0,0131266713142395
241,763011	0,0101554095745087
241,863552	0,00477021932601929
241,965261	-0,000804275274276733
242,066566	-0,00794276595115662
242,167566	-0,0143421590328217
242,267970	-0,0181708633899689
242,368620	-0,0204293727874756
242,469470	-0,0197394192218781
242,569668	-0,0169155597686768
242,670572	-0,0125109255313873
242,771903	-0,00459820032119751
242,872141	0,00134700536727905
242,972844	0,00660920143127441
243,073367	0,0118792057037354
243,173768	0,0135220587253571
243,274162	0,013088047504425
243,374779	0,010033518075943
243,475015	0,00466442108154297
243,575502	-0,000983357429504395
243,675848	-0,00692388415336609
243,776341	-0,0144054591655731
243,876784	-0,0182457566261292
243,978747	-0,0202456712722778
244,079622	-0,0196612179279327
244,180329	-0,0168613493442535
244,281069	-0,012424111366272
244,382361	-0,00453075766563416
244,483862	0,00132802128791809
244,584154	0,00658786296844482
244,684221	0,0112075209617615
244,784423	0,0132797658443451
244,885614	0,0128366947174072
244,986478	0,00968396663665771
245,087642	0,00426307320594788
245,189530	-0,00131493806838989
245,290059	-0,0072745680809021
245,390120	-0,0146686434745789
245,490532	-0,0184039771556854
245,591440	-0,0203850865364075
245,691772	-0,0196518003940582
245,792191	-0,0167779624462128
245,894068	-0,0123240053653717
245,994571	-0,00436714291572571
246,094737	0,00148618221282959
246,195665	0,00665527582168579
246,296603	0,0112656652927399
246,396630	0,013265460729599
246,497536	0,0127160549163818
246,597622	0,00955730676651001
246,698223	0,00408658385276794
246,798367	-0,00153321027755737
246,898500	-0,00744056701660156
246,998889	-0,0139090418815613
247,099259	-0,0185287594795227
247,199483	-0,0204053819179535
247,299544	-0,0200219750404358
247,399796	-0,0167364776134491
247,500137	-0,0122034549713135
247,600505	-0,0055001974105835
247,700637	0,000390410423278809
247,800843	0,00670939683914185
247,900871	0,0111636817455292
248,001521	0,0130131542682648
248,102123	0,0125500857830048
248,202501	0,00998920202255249
248,303349	0,00486418604850769
248,404745	-0,000646233558654785
248,505892	-0,00776582956314087
248,606285	-0,0140958428382874
248,706304	-0,0180691778659821
248,806863	-0,0204977095127106
248,908033	-0,0199390649795532
249,008394	-0,017348974943161
249,109554	-0,0120420455932617
249,211467	-0,00523170828819275
249,311654	0,000639528036117554
249,412853	0,0069335401058197
249,513447	0,0114057958126068
249,613699	0,0131509900093079
249,715542	0,0129339993000031
249,816150	0,010094940662384
249,917628	0,00487318634986877
250,019140	-0,000630021095275879
250,119475	-0,00769072771072388
250,219850	-0,0140670239925385
250,320146	-0,0179641544818878
250,420753	-0,0203054845333099
250,520979	-0,0197766125202179
250,622344	-0,017095535993576
250,723699	-0,011782705783844
250,825696	-0,00504317879676819
250,927695	0,000860065221786499
251,027992	0,00707459449768066
251,128895	0,0108534097671509
251,230660	0,0131815373897552
251,332328	0,0125419795513153
251,432850	0,00991156697273254
251,534684	0,00473085045814514
251,634940	-0,0020143985748291
251,735179	-0,00787293910980225
251,836330	-0,0141478478908539
251,937499	-0,0186323523521423
252,038261	-0,0202937126159668
252,139334	-0,0196612179279327
252,239976	-0,0162269175052643
252,341389	-0,0115945041179657
252,442479	-0,0048288106918335
252,543380	0,00211390852928162
252,643729	0,00718620419502258
252,744211	0,0109429955482483
252,844643	0,0130837559700012
252,944778	0,0124256312847137
253,045149	0,00972634553909302
253,145292	0,00441771745681763
253,245389	-0,00108909606933594
253,346843	-0,00815930962562561
253,447409	-0,014417290687561
253,547439	-0,0181911289691925
253,647545	-0,020415723323822
253,748392	-0,0196857154369354
253,849447	-0,0168863236904144
253,950963	-0,0114941895008087
254,052625	-0,00585910677909851
254,154217	0,00119882822036743
254,254486	0,00729355216026306
254,356320	0,0110116302967072
254,457315	0,0131538510322571
254,559160	0,0123727023601532
254,660920	0,00967347621917725
254,760998	0,00435987114906311
254,862731	-0,00238233804702759
254,962953	-0,00821766257286072
255,063650	-0,014417290687561
255,164341	-0,0187373459339142
255,264620	-0,0202791392803192
255,365536	-0,019467681646347
255,467144	-0,015914261341095
255,568628	-0,011190265417099
255,669132	-0,00557437539100647
255,770445	0,00249746441841125
255,870702	0,00749358534812927
255,970796	0,011109322309494
256,071624	0,0131390690803528
256,171979	0,012339323759079
256,273810	0,00951874256134033
256,374655	0,00415346026420593
256,475909	-0,00256425142288208
256,576730	-0,00843849778175354
256,678703	-0,0145916640758514
256,778713	-0,0188056230545044
256,879640	-0,0203365981578827
256,980631	-0,0198232233524323
257,080661	-0,0158255696296692
257,181738	-0,011138379573822
257,283565	-0,00550210475921631
257,384034	0,00257769227027893
257,484285	0,0074726939201355
257,584498	0,0110616683959961
257,684885	0,0130522847175598
257,786644	0,0121195018291473
257,887291	0,00930503010749817
257,987473	0,00392574071884155
258,088103	-0,00286319851875305
258,189776	-0,00865688920021057
258,290386	-0,0147706866264343
258,391280	-0,018975168466568
258,491556	-0,0203860402107239
258,592307	-0,0198001563549042
258,693041	-0,0157930254936218
258,793426	-0,011033684015274
258,894142	-0,0054202675819397
258,994313	0,00149711966514587
259,095019	0,00753918290138245
259,196376	0,0110487937927246
259,297262	0,0129397213459015
259,398201	0,012031763792038
259,498489	0,00909605622291565
259,598778	0,00367572903633118
259,701186	-0,0030447244644165
259,801436	-0,00889292359352112
259,902958	-0,0149194598197937
260,004760	-0,0190146863460541
260,105179	-0,020434558391571
260,205474	-0,0197733044624329
260,306219	-0,0156595408916473
260,406599	-0,0109251737594604
260,508092	-0,00522452592849731
260,609547	0,00278177857398987
260,710127	0,00761759281158447
260,810768	0,0111574828624725
260,911423	0,012980729341507
261,011623	0,0119569003582001
261,112489	0,00908321142196655
261,212738	0,00360360741615295
261,313403	-0,00314220786094666
261,414325	-0,0088881254196167
261,514482	-0,0140523612499237
261,615336	-0,0189487636089325
261,715345	-0,0202442705631256
261,816117	-0,0195877850055695
261,916930	-0,0161952972412109
262,018206	-0,0105922818183899
262,119237	-0,00499102473258972
262,220307	0,00195109844207764
262,321139	0,00783619284629822
262,421970	0,0112313628196716
262,522576	0,0130584836006165
262,623473	0,0119130611419678
262,724284	0,00892996788024902
262,824793	0,00348642468452454
262,925183	-0,00332525372505188
263,027027	-0,00906580686569214
263,127413	-0,0141308605670929
263,228170	-0,0185184180736542
263,328655	-0,0202593505382538
263,428878	-0,0194964110851288
263,529860	-0,0161005258560181
263,630299	-0,0104793608188629
263,731532	-0,00480440258979797
263,831780	0,00202563405036926
263,932108	0,00789180397987366
264,032271	0,0112842619419098
264,132427	0,0129249393939972
264,232605	0,0121800601482391
264,333589	0,00878724455833435
264,434638	0,00425690412521362
264,535703	-0,00232362747192383
264,636606	-0,009245365858078
264,737137	-0,0143232643604279
264,837584	-0,0185588896274567
264,938094	-0,020278662443161
265,038588	-0,0194874703884125
265,139472	-0,0159430205821991
265,241175	-0,0114009976387024
265,341295	-0,00467857718467712
265,442228	0,00221788883209229
265,543195	0,00711736083030701
265,644012	0,0113309621810913
265,744341	0,0129678547382355
265,844715	0,0121004283428192
265,944920	0,0086883008480072
266,046209	0,00417578220367432
266,146982	-0,00248879194259644
266,247941	-0,00935372710227966
266,348926	-0,0143709778785706
266,450275	-0,0186365842819214
266,552064	-0,020226389169693
266,652932	-0,0193819999694824
266,753151	-0,0158873796463013
266,853549	-0,0112307369709015
266,954138	-0,00451591610908508
267,054853	0,00228387117385864
267,156537	0,00723370909690857
267,256744	0,0113295316696167
267,357647	0,0128180980682373
267,458481	0,0120684802532196
267,558682	0,00852939486503601
267,660511	0,00400829315185547
267,761495	-0,00258380174636841
267,861676	-0,00950410962104797
267,961949	-0,0144579410552979
268,063120	-0,0185998678207397
268,163761	-0,0202028155326843
268,264843	-0,0192506015300751
268,365670	-0,0156538784503937
268,466938	-0,0110665261745453
268,568613	-0,00429061055183411
268,669978	0,00251692533493042
268,771109	0,00817656517028809
268,872886	0,0114663541316986
268,973650	0,012898713350296
269,075189	0,0115845799446106
269,175328	0,00852274894714355
269,276385	0,00393855571746826
269,378134	-0,00385633111000061
269,478161	-0,00949215888977051
269,579633	-0,0144522786140442
269,680092	-0,0185739696025848
269,780337	-0,0200031101703644
269,881796	-0,0190735757350922
269,983589	-0,0154339969158173
270,084214	-0,0096687376499176
270,185320	-0,00405576825141907
270,286103	0,0016462504863739
270,386286	0,00840148329734802
270,486937	0,0115287899971008
270,587531	0,0129216015338898
270,689278	0,0115841031074524
270,791117	0,0083591639995575
270,891846	0,00378483533859253
270,993194	-0,00401988625526428
271,094790	-0,0097484290599823
271,195540	-0,0146072208881378
271,296517	-0,0186544954776764
271,396898	-0,0201317071914673
271,497975	-0,0190467238426208
271,598925	-0,0153839886188507
271,700454	-0,00967445969581604
271,801706	-0,0039290189743042
271,901853	0,00275948643684387
272,002926	0,00834962725639343
272,104111	0,0115426182746887
272,204832	0,0128166675567627
272,306182	0,011374831199646
272,407695	0,00820416212081909
272,509251	0,00244811177253723
272,610103	-0,00426620244979858
272,711947	-0,00988343358039856
272,813127	-0,0156340599060059
272,914810	-0,0187665522098541
273,014919	-0,0201043784618378
273,115231	-0,0190877020359039
273,216095	-0,0152763724327087
273,316695	-0,00949835777282715
273,417201	-0,0038730800151825
273,519132	0,00290468335151672
273,620224	0,00842335820198059
273,721513	0,0114630162715912
273,821912	0,0128157138824463
273,922805	0,0112575590610504
274,024141	0,00800493359565735
274,124610	0,00238451361656189
274,224954	-0,00327169895172119
274,326667	-0,0100789666175842
274,428166	-0,0156444311141968
274,529152	-0,018807977437973
274,629724	-0,0200850665569305
274,730712	-0,0184100866317749
274,831532	-0,0151323974132538
274,932589	-0,00929072499275208
275,032885	-0,00241908431053162
275,133012	0,00304892659187317
275,233938	0,00863358378410339
275,334294	0,0117314159870148
275,434976	0,0128906071186066
275,535330	0,0113933980464935
