0,100294	-0,0071709156036377
0,200454	-0,00507873296737671
0,300947	-0,00220960378646851
0,401691	-0,000636696815490723
0,501836	0,000303864479064941
0,603091	0,000498950481414795
0,703574	-0,000296831130981445
0,804526	-0,00175756216049194
0,904902	-0,00443577766418457
1,005726	-0,00666004419326782
1,106469	-0,00868451595306396
1,206697	-0,0106021761894226
1,307269	-0,0115980505943298
1,417099	-0,0116939544677734
1,525522	-0,0107651948928833
1,634494	-0,00888544321060181
1,743552	-0,00638878345489502
1,853242	-0,00381547212600708
1,962162	-0,00119245052337646
2,072918	0,000205576419830322
2,183701	0,000641524791717529
2,293581	1,04904174804688E-5
2,403904	-0,00157982110977173
2,513194	-0,00383222103118896
2,622743	-0,0068325400352478
2,730116	-0,0091443657875061
2,840963	-0,0105983018875122
2,951274	-0,0114988088607788
3,061050	-0,0110677480697632
3,171910	-0,00966084003448486
3,283181	-0,00742977857589722
3,394412	-0,00490874052047729
3,505549	-0,00244814157485962
3,618243	-0,00047677755355835
3,729654	0,000559985637664795
3,839334	0,000652968883514404
3,950147	-0,000608980655670166
4,061810	-0,0025905966758728
4,172848	-0,00506627559661865
4,284981	-0,00804197788238525
4,395552	-0,0100688934326172
4,506219	-0,0113046169281006
4,618373	-0,0114800930023193
4,729912	-0,010506272315979
4,841411	-0,00832825899124146
4,952703	-0,00580573081970215
5,064297	-0,00327634811401367
5,176159	-0,0011141300201416
5,286690	0,000293374061584473
5,387582	0,000619113445281982
5,501329	2,57492065429688E-5
5,616582	-0,0019601583480835
5,726516	-0,00435918569564819
5,837397	-0,00693321228027344
5,948896	-0,00967717170715332
6,057798	-0,0110116600990295
6,161730	-0,0117351412773132
6,262733	-0,0113607048988342
6,378659	-0,00990104675292969
6,480543	-0,00771021842956543
6,587267	-0,00512516498565674
6,700781	-0,00227987766265869
6,801199	-0,000729739665985107
6,910114	0,000420212745666504
7,012439	0,000359177589416504
7,116773	-0,000935077667236328
7,218620	-0,00255000591278076
7,326000	-0,00501745939254761
7,428522	-0,00761193037033081
7,535195	-0,00952661037445068
7,636036	-0,0111948251724243
7,737982	-0,0118262767791748
7,838354	-0,0114120244979858
7,940281	-0,0102458596229553
8,040826	-0,00851953029632568
8,141652	-0,00554752349853516
8,242279	-0,00342607498168945
8,342671	-0,0015755295753479
8,443231	-1,48415565490723E-5
8,544477	0,000553309917449951
8,644693	0,000210821628570557
8,745667	-0,000811874866485596
8,845804	-0,00321704149246216
8,946112	-0,00533825159072876
9,046130	-0,00745087862014771
9,146494	-0,0100382566452026
9,247656	-0,0112408399581909
9,349319	-0,0117169618606567
9,450230	-0,0111991167068481
9,550419	-0,00993609428405762
9,650555	-0,00809907913208008
9,751415	-0,00564813613891602
9,851855	-0,00311040878295898
9,953119	-0,00135338306427002
10,053360	-0,000214278697967529
10,153473	0,000393986701965332
10,253519	-0,000130295753479004
10,353867	-0,00132763385772705
10,455622	-0,00373083353042603
10,556344	-0,00586849451065063
10,656454	-0,00799024105072021
10,757199	-0,0100224018096924
10,858158	-0,0113784670829773
10,959241	-0,0116766691207886
11,059667	-0,0111358761787415
11,160784	-0,00943785905838013
11,261213	-0,00747817754745483
11,362135	-0,00533294677734375
11,463639	-0,00250023603439331
11,564245	-0,000786066055297852
11,664312	0,000302910804748535
11,764471	0,000665366649627686
11,864834	2,6702880859375E-5
11,965092	-0,00125503540039063
12,066066	-0,00350403785705566
12,166175	-0,00603044033050537
12,267027	-0,00815564393997192
12,367387	-0,00994282960891724
12,468031	-0,0114537477493286
12,568490	-0,0117413997650146
12,669022	-0,0112332105636597
12,769959	-0,00971788167953491
12,870859	-0,00750648975372314
12,971694	-0,00539529323577881
13,072595	-0,00293344259262085
13,173740	-0,000994265079498291
13,273822	-2,62856483459473E-5
13,374528	0,000304341316223145
13,476339	-0,000543594360351563
13,577361	-0,00189471244812012
13,679255	-0,00369971990585327
13,779678	-0,00665426254272461
13,879704	-0,00865811109542847
13,981251	-0,0102962255477905
14,082663	-0,0116411447525024
14,183123	-0,0116968154907227
14,284353	-0,0109728574752808
14,384894	-0,0093386173248291
14,485246	-0,00697201490402222
14,586096	-0,00481390953063965
14,687027	-0,00280815362930298
14,788405	-0,000513017177581787
14,888504	0,000386834144592285
14,989205	0,000542819499969482
15,089844	-0,000356018543243408
15,190141	-0,00183212757110596
15,290713	-0,00375711917877197
15,391211	-0,00625944137573242
15,493154	-0,00871998071670532
15,593755	-0,0103657245635986
15,695202	-0,0114767551422119
15,795344	-0,011645495891571
15,896648	-0,0109344720840454
15,998619	-0,00916069746017456
16,099755	-0,00686466693878174
16,200434	-0,0047038197517395
16,301026	-0,00266706943511963
16,402704	-0,000572681427001953
16,503185	0,000282883644104004
16,603190	0,000411152839660645
16,705153	-0,000457167625427246
16,806197	-0,00213217735290527
16,906688	-0,00400596857070923
17,007710	-0,00660973787307739
17,108295	-0,00890988111495972
17,208740	-0,0104252099990845
17,309346	-0,0114834308624268
17,409531	-0,0113252401351929
17,510996	-0,0104952454566956
17,612587	-0,00867635011672974
17,713348	-0,00619667768478394
17,815294	-0,0041203498840332
17,916131	-0,00181156396865845
18,016195	-0,000291585922241211
18,116320	0,000581443309783936
18,217781	0,00056380033493042
18,318214	-0,000321626663208008
18,420048	-0,00223922729492188
18,520269	-0,00417244434356689
18,621988	-0,00667011737823486
18,723128	-0,00906956195831299
18,824131	-0,010456919670105
18,924744	-0,0113482475280762
19,026235	-0,0113492012023926
19,127345	-0,0102679133415222
19,227505	-0,00837087631225586
19,327754	-0,00642430782318115
19,429629	-0,00389349460601807
19,530633	-0,00180345773696899
19,630838	-0,000591278076171875
19,731841	0,000167429447174072
19,833188	-0,000244319438934326
19,933868	-0,00125694274902344
20,034645	-0,00311422348022461
20,135302	-0,00555038452148438
20,235415	-0,00756782293319702
20,335700	-0,00930929183959961
20,436192	-0,010828971862793
20,537152	-0,0113036632537842
20,638398	-0,0108519792556763
20,739567	-0,00954431295394897
20,841352	-0,00738662481307983
20,943306	-0,0053066611289978
21,044078	-0,00291097164154053
21,145776	-0,000813782215118408
21,246249	0,000316739082336426
21,346468	0,000724494457244873
21,447226	0,000220835208892822
21,547393	-0,000984251499176025
21,648661	-0,00275987386703491
21,749435	-0,00555473566055298
21,850254	-0,00764262676239014
21,951581	-0,00946617126464844
22,052250	-0,0109905600547791
22,152823	-0,0113760232925415
22,252896	-0,0109867453575134
22,353584	-0,00952130556106567
22,453853	-0,0074734091758728
22,554453	-0,00543451309204102
22,654913	-0,0033566951751709
22,754959	-0,00115329027175903
22,856785	-0,000120759010314941
22,958159	0,000270485877990723
23,059004	-0,000529289245605469
23,159941	-0,00175756216049194
23,261244	-0,00346291065216064
23,362778	-0,00599157810211182
23,463071	-0,00832390785217285
23,564999	-0,0099557638168335
23,665920	-0,0112787485122681
23,767858	-0,0113961696624756
23,868694	-0,0107719302177429
23,969054	-0,00924551486968994
24,069650	-0,00692743062973022
24,170800	-0,00491446256637573
24,271955	-0,00301617383956909
24,373470	-0,000779390335083008
24,474182	1,47819519042969E-5
24,574756	0,000128805637359619
24,675288	-0,000495851039886475
24,776814	-0,00223493576049805
24,878272	-0,00409644842147827
24,978277	-0,00649374723434448
25,078879	-0,00895398855209351
25,180041	-0,0104573965072632
25,280641	-0,0114777088165283
25,381335	-0,0116297006607056
25,481634	-0,010828971862793
25,582426	-0,00907909870147705
25,683381	-0,00727927684783936
25,784761	-0,00471627712249756
25,885542	-0,00249165296554565
25,986000	-0,00110650062561035
26,087634	-7,77840614318848E-5
26,188990	-0,00018465518951416
26,289143	-0,00102102756500244
26,389636	-0,00269246101379395
26,490540	-0,00505667924880981
26,591614	-0,00712108612060547
26,692108	-0,00930261611938477
26,792931	-0,0107440948486328
26,892983	-0,0115678310394287
26,993038	-0,0114225745201111
27,094999	-0,0104333758354187
27,195689	-0,00852388143539429
27,297611	-0,0065157413482666
27,397777	-0,00405335426330566
27,497784	-0,00179386138916016
27,599258	-0,000400841236114502
27,699707	0,000386357307434082
27,800300	0,000305771827697754
27,901623	-0,000687718391418457
28,002249	-0,00223159790039063
28,103991	-0,00449800491333008
28,205644	-0,0069504976272583
28,306759	-0,00887292623519897
28,408671	-0,0105474591255188
28,510632	-0,0113736391067505
28,612436	-0,0113204717636108
28,712938	-0,00997495651245117
28,813896	-0,00839442014694214
28,914407	-0,00649857521057129
29,015144	-0,00402891635894775
29,116400	-0,001941978931427
29,217075	-0,000700652599334717
29,319080	1,66893005371094E-5
29,420786	-0,000295877456665039
29,522679	-0,00124400854110718
29,623280	-0,00308263301849365
29,723782	-0,00547432899475098
29,824548	-0,00747913122177124
29,925035	-0,00926905870437622
30,025330	-0,0109042525291443
30,125652	-0,0115649700164795
30,226865	-0,0113496780395508
30,328633	-0,0102238059043884
30,429716	-0,00821554660797119
30,529789	-0,00627905130386353
30,630226	-0,00386959314346313
30,731598	-0,0017130970954895
30,832164	-0,000477731227874756
30,932337	0,000130712985992432
31,033630	-0,000122666358947754
31,134403	-0,00119102001190186
31,236294	-0,00310707092285156
31,337805	-0,00506246089935303
31,439114	-0,00753718614578247
31,539504	-0,00965553522109985
31,640273	-0,010933518409729
31,741154	-0,0116598606109619
31,842413	-0,0114340782165527
31,944147	-0,0102521181106567
32,045862	-0,0083128809928894
32,147559	-0,00586998462677002
32,248468	-0,00383847951889038
32,348884	-0,00170499086380005
32,449294	-0,000416159629821777
32,550511	0,00027763843536377
32,651762	0,000100672245025635
32,752153	-0,00124788284301758
32,853723	-0,00285404920578003
32,955571	-0,00479668378829956
33,055585	-0,00716423988342285
33,156044	-0,00923502445220947
33,257710	-0,0104477405548096
33,358496	-0,0110183954238892
33,458566	-0,0106002688407898
33,559041	-0,00950688123703003
33,660575	-0,00786799192428589
33,760578	-0,0050768256187439
33,861509	-0,003074049949646
33,962701	-0,00128030776977539
34,063481	0,000307202339172363
34,164620	0,000668227672576904
34,264673	0,000342488288879395
34,365095	-0,00132906436920166
34,466601	-0,00310611724853516
34,566677	-0,00517207384109497
34,668099	-0,00775909423828125
34,769700	-0,00991499423980713
34,870072	-0,0111406445503235
34,970575	-0,0117423534393311
35,071709	-0,0112355947494507
35,172192	-0,0100550055503845
35,272836	-0,00839298963546753
35,373305	-0,00546663999557495
35,474681	-0,00342702865600586
35,575185	-0,00169062614440918
35,676382	-0,000177502632141113
35,776677	0,000335335731506348
35,877944	-2,72393226623535E-5
35,978502	-0,00100618600845337
36,079958	-0,00335478782653809
36,180690	-0,0053713321685791
36,281463	-0,0073544979095459
36,383092	-0,00978362560272217
36,483343	-0,0108850598335266
36,584433	-0,0112859010696411
36,684597	-0,0107479095458984
36,785286	-0,00952607393264771
36,886698	-0,00777781009674072
36,987137	-0,00540578365325928
37,088175	-0,00297218561172485
37,189031	-0,00124257802963257
37,289044	-7,73072242736816E-5
37,390613	0,00055617094039917
37,491018	0,000161707401275635
37,591758	-0,000946998596191406
37,692236	-0,00325673818588257
37,792689	-0,00525879859924316
37,893152	-0,00733965635299683
37,994498	-0,0096660852432251
38,095248	-0,0107632875442505
38,195970	-0,0112394094467163
38,297211	-0,0107268691062927
38,398151	-0,00935345888137817
38,498582	-0,00767427682876587
38,600409	-0,00521326065063477
38,701268	-0,00288653373718262
38,801502	-0,00127410888671875
38,901523	-7,58767127990723E-5
39,001730	0,000380158424377441
39,102569	-9,16123390197754E-5
39,203383	-0,00113177299499512
39,304522	-0,00318735837936401
39,405348	-0,00552791357040405
39,506918	-0,00743359327316284
39,607733	-0,00946038961410522
39,708613	-0,0106064677238464
39,808908	-0,0108256340026855
39,909605	-0,0102472901344299
40,009984	-0,00865286588668823
40,110787	-0,00684642791748047
40,212951	-0,00442808866500854
40,313885	-0,00203806161880493
40,415758	-0,000483930110931396
40,516172	0,000656306743621826
40,618079	0,000930428504943848
40,719039	0,000241398811340332
40,819571	-0,00133621692657471
40,920315	-0,00310516357421875
41,020602	-0,00555664300918579
41,121459	-0,00789862871170044
41,223306	-0,00941336154937744
41,323560	-0,0105158090591431
41,424375	-0,0106357336044312
41,524714	-0,00980228185653687
41,626553	-0,00811773538589478
41,728271	-0,00619328022003174
41,829615	-0,00368773937225342
41,930283	-0,0017809271812439
42,030413	2,71797180175781E-5
42,131286	0,00101101398468018
42,231800	0,00101006031036377
42,332099	0,000159800052642822
42,432564	-0,00158315896987915
42,533329	-0,00352895259857178
42,633992	-0,00597292184829712
42,734351	-0,00795042514801025
42,835630	-0,00978070497512817
42,936146	-0,0105878114700317
43,037476	-0,0106831789016724
43,137811	-0,0097346305847168
43,238963	-0,00824242830276489
43,340893	-0,00602567195892334
43,441290	-0,00356674194335938
43,542832	-0,00170117616653442
43,644015	-7,30156898498535E-5
43,744710	0,000774562358856201
43,844754	0,000707328319549561
43,945524	-0,000293970108032227
44,046566	-0,00203996896743774
44,146583	-0,00393944978713989
44,248471	-0,00596237182617188
44,349888	-0,00846588611602783
44,451293	-0,00982242822647095
44,553293	-0,0105206370353699
44,654464	-0,0103092193603516
44,754762	-0,00937408208847046
44,856625	-0,00785791873931885
44,957257	-0,00559735298156738
45,058326	-0,00320315361022949
45,160272	-0,00142550468444824
45,260787	-7,34925270080566E-5
45,361976	0,000800788402557373
45,462682	0,000595271587371826
45,562725	-0,0005340576171875
45,662806	-0,00247013568878174
45,763738	-0,00445824861526489
45,865246	-0,00651001930236816
45,966009	-0,00910311937332153
46,066391	-0,0104285478591919
46,166428	-0,0110836029052734
46,267406	-0,0109469294548035
46,368357	-0,00981670618057251
46,470254	-0,00821983814239502
46,572212	-0,00587809085845947
46,672555	-0,00340121984481812
46,773219	-0,00156646966934204
46,874335	-2,19941139221191E-5
46,974690	0,000675380229949951
47,076197	0,000475585460662842
47,177550	-0,000722110271453857
47,277564	-0,00228035449981689
47,378452	-0,00464063882827759
47,479021	-0,00672614574432373
47,581014	-0,00896549224853516
47,681753	-0,0105858445167542
47,782084	-0,0112351179122925
47,883852	-0,011017918586731
47,984531	-0,00982338190078735
48,085035	-0,00782239437103271
48,185235	-0,0057755708694458
48,285538	-0,00329649448394775
48,386393	-0,00148856639862061
48,488126	9,59038734436035E-5
48,589448	0,000720679759979248
48,690266	0,000524222850799561
48,791566	-0,000639557838439941
48,893300	-0,00223302841186523
48,993922	-0,004599928855896
49,094805	-0,00703722238540649
49,195638	-0,00887584686279297
49,295939	-0,010456383228302
49,396747	-0,0110644102096558
49,496970	-0,0108198523521423
49,597798	-0,00960087776184082
49,698620	-0,00794088840484619
49,798920	-0,0055844783782959
49,900781	-0,003531813621521
50,001037	-0,00134050846099854
50,101812	0,000100672245025635
50,202637	0,000666320323944092
50,302946	0,00040590763092041
50,404603	-0,000858187675476074
50,505936	-0,0024648904800415
50,606904	-0,00483405590057373
50,708626	-0,00730037689208984
50,809450	-0,00905758142471313
50,909723	-0,010359525680542
51,010065	-0,011124849319458
51,110953	-0,0107513070106506
51,213376	-0,0097389817237854
51,313972	-0,00742930173873901
51,414696	-0,00538665056228638
51,515963	-0,00334042310714722
51,617258	-0,000909268856048584
51,718732	0,000270485877990723
51,819188	0,000770747661590576
51,920569	0,00046461820602417
52,021442	-0,00074458122253418
52,122345	-0,00237596035003662
52,224178	-0,00472825765609741
52,324492	-0,00707650184631348
52,425329	-0,00882786512374878
52,525565	-0,0100885629653931
52,626402	-0,0107503533363342
52,728122	-0,0104434490203857
52,828926	-0,00942438840866089
52,929820	-0,00750166177749634
53,030094	-0,0052262544631958
53,130192	-0,00324523448944092
53,232029	-0,00119340419769287
53,333503	0,000105440616607666
53,434131	0,000588595867156982
53,534220	0,00022512674331665
53,634955	-0,00108927488327026
53,735421	-0,00263649225234985
53,835488	-0,00454443693161011
53,935845	-0,0072672963142395
54,035923	-0,00884318351745605
54,136715	-0,0100094676017761
54,237267	-0,0105714797973633
54,337734	-0,0100488066673279
54,438861	-0,00898420810699463
54,539979	-0,00700366497039795
54,640353	-0,00460332632064819
54,741921	-0,00267523527145386
54,842365	-0,000648617744445801
54,944064	0,000665843486785889
55,045189	0,000991940498352051
55,145930	0,000554263591766357
55,246561	-0,000544548034667969
55,346789	-0,00258052349090576
55,447622	-0,00454682111740112
55,548705	-0,00695955753326416
55,648841	-0,00906717777252197
55,750397	-0,0102310180664063
55,850482	-0,0108069181442261
55,952182	-0,0103782415390015
56,053192	-0,00923311710357666
56,153925	-0,00723612308502197
56,254648	-0,00484937429428101
56,356609	-0,00283634662628174
56,456632	-0,000864386558532715
56,557820	0,000248551368713379
56,658589	0,000777900218963623
56,758772	0,000259518623352051
56,860329	-0,000871539115905762
56,961010	-0,0028526782989502
57,062837	-0,00527215003967285
57,163017	-0,00726199150085449
57,263490	-0,00925320386886597
57,364471	-0,0104185342788696
57,466030	-0,0108932256698608
57,566214	-0,0103422999382019
57,666484	-0,00921100378036499
57,768344	-0,0071527361869812
57,869000	-0,00516486167907715
57,969068	-0,00285118818283081
58,069455	-0,000893533229827881
58,170136	0,000172674655914307
58,270700	0,000560462474822998
58,371112	0,000195562839508057
58,471756	-0,00113463401794434
58,572213	-0,00319069623947144
58,672822	-0,00514477491378784
58,774661	-0,00754868984222412
58,875654	-0,00927335023880005
58,976378	-0,0106223225593567
59,076657	-0,011085033416748
59,177384	-0,0106880068778992
59,277594	-0,0093386173248291
59,378410	-0,00734210014343262
59,479185	-0,00538712739944458
59,579406	-0,00302433967590332
59,681361	-0,00139349699020386
59,782497	-4,20212745666504E-5
59,883274	0,000408768653869629
59,985257	-1,28746032714844E-5
60,085534	-0,00130468606948853
60,186384	-0,0029262900352478
60,287657	-0,00526070594787598
60,388506	-0,00756734609603882
60,489354	-0,00918126106262207
60,589801	-0,0105359554290771
60,690542	-0,0109190940856934
60,790830	-0,0104866027832031
60,891545	-0,00917220115661621
60,992416	-0,00714218616485596
61,092858	-0,00520467758178711
61,193729	-0,00295782089233398
61,294189	-0,00135481357574463
61,394232	-0,00011742115020752
61,495055	0,000198900699615479
61,595258	-0,000240981578826904
61,696188	-0,00163573026657104
61,796502	-0,00335526466369629
61,897256	-0,00566297769546509
61,999052	-0,00803864002227783
62,099371	-0,00969487428665161
62,201217	-0,0109742879867554
62,302447	-0,0113890171051025
62,402476	-0,0109488964080811
62,502506	-0,00987857580184937
62,604324	-0,00804626941680908
62,705251	-0,00576549768447876
62,805590	-0,00384950637817383
62,906503	-0,00199168920516968
63,007382	-0,000805675983428955
63,108714	-0,000541210174560547
63,209559	-0,00114566087722778
63,309967	-0,00256478786468506
63,410790	-0,00426101684570313
63,511402	-0,00662362575531006
63,611781	-0,00886529684066772
63,712695	-0,0104477405548096
63,813028	-0,01154625415802
63,914660	-0,011918306350708
64,015432	-0,0113123059272766
64,116221	-0,0101121068000793
64,217049	-0,008034348487854
64,317363	-0,00566726922988892
64,417787	-0,00375378131866455
64,518615	-0,00182783603668213
64,618804	-0,000724494457244873
64,719536	-0,000468134880065918
64,820615	-0,0010114312171936
64,922255	-0,00251364707946777
65,022633	-0,00421124696731567
65,123404	-0,00609797239303589
65,224821	-0,00869357585906982
65,324994	-0,010130763053894
65,425839	-0,0110313296318054
65,525916	-0,0113410949707031
65,627794	-0,0106381177902222
65,729170	-0,00943398475646973
65,829817	-0,0075458288192749
65,931524	-0,00531429052352905
66,031640	-0,00356197357177734
66,132302	-0,00219720602035522
66,232994	-0,00103151798248291
66,333963	-0,000989019870758057
66,434442	-0,00160706043243408
66,535327	-0,00322806835174561
66,636164	-0,00488334894180298
66,737372	-0,00670701265335083
66,839052	-0,00895202159881592
66,940368	-0,0102372169494629
67,041191	-0,0109829306602478
67,141797	-0,010980486869812
67,241874	-0,0102458596229553
67,341986	-0,00899809598922729
67,443492	-0,00734156370162964
67,544436	-0,00500500202178955
67,645546	-0,00338542461395264
67,746349	-0,00208914279937744
67,847336	-0,00127792358398438
67,947782	-0,00129413604736328
68,048892	-0,00193482637405396
68,149667	-0,00349783897399902
68,249793	-0,00539284944534302
68,350468	-0,00718480348587036
68,450480	-0,00925129652023315
68,551257	-0,010652482509613
68,652192	-0,011355459690094
68,752902	-0,011457085609436
68,854114	-0,0104285478591919
68,955123	-0,00919520854949951
69,055522	-0,00759232044219971
69,156530	-0,00503039360046387
69,258485	-0,00347393751144409
69,358646	-0,00219434499740601
69,459256	-0,00125551223754883
69,559534	-0,0013505220413208
69,659904	-0,00201988220214844
69,761686	-0,0034753680229187
69,862827	-0,00552743673324585
69,964698	-0,00728261470794678
70,065979	-0,00924503803253174
70,166552	-0,0107905864715576
70,267391	-0,011400043964386
70,368718	-0,0113492012023926
70,470310	-0,0104712247848511
70,571837	-0,00909733772277832
70,672655	-0,0070798397064209
70,772997	-0,00528079271316528
70,873811	-0,00321131944656372
70,974606	-0,00173985958099365
71,074735	-0,0011284351348877
71,175008	-0,00108593702316284
71,275350	-0,00180870294570923
71,375637	-0,00334811210632324
71,477316	-0,00528848171234131
71,577743	-0,00714170932769775
71,678554	-0,0091698169708252
71,778811	-0,0106064677238464
71,879637	-0,0113127827644348
71,980464	-0,0112825632095337
72,081259	-0,0105345249176025
72,181426	-0,00908011198043823
72,281762	-0,00739574432373047
72,383667	-0,00519126653671265
72,484266	-0,00328928232192993
72,584796	-0,00197446346282959
72,686542	-0,0011141300201416
72,787853	-0,00122636556625366
72,888588	-0,00188034772872925
72,989566	-0,00340789556503296
73,089921	-0,00515151023864746
73,190776	-0,00727307796478271
73,291110	-0,00930023193359375
73,391971	-0,0106261968612671
73,492830	-0,0114082098007202
73,592931	-0,011494517326355
73,693787	-0,0107661485671997
73,794156	-0,00918173789978027
73,894976	-0,00759708881378174
73,995723	-0,00547337532043457
74,095977	-0,00346195697784424
74,197717	-0,00226509571075439
74,297824	-0,0014384388923645
74,398600	-0,00136202573776245
74,499462	-0,00220245122909546
74,599733	-0,00368106365203857
74,700676	-0,00529611110687256
74,801030	-0,00747817754745483
74,901986	-0,00909686088562012
75,002815	-0,0106428861618042
75,103168	-0,0115242004394531
75,204940	-0,0114858746528625
75,305258	-0,0107148289680481
75,406066	-0,00929588079452515
75,507819	-0,00767189264297485
75,609748	-0,00559449195861816
75,711174	-0,00399446487426758
75,811246	-0,00241708755493164
75,912130	-0,00166821479797363
76,012768	-0,00171786546707153
76,114220	-0,0024452805519104
76,216102	-0,00402414798736572
76,316510	-0,00572431087493896
76,417960	-0,00775241851806641
76,519698	-0,00975430011749268
76,621021	-0,0109143257141113
76,722168	-0,0115990042686462
76,823151	-0,0115841627120972
76,923394	-0,0108002424240112
77,023819	-0,00947666168212891
77,124825	-0,00724714994430542
77,226397	-0,00539910793304443
77,327587	-0,00376051664352417
77,428178	-0,00215178728103638
77,529326	-0,00152683258056641
77,629567	-0,00152969360351563
77,731363	-0,00239652395248413
77,831598	-0,00385141372680664
77,932000	-0,00552839040756226
78,032847	-0,0077054500579834
78,133708	-0,00957930088043213
78,234408	-0,0108476877212524
78,334646	-0,0115275382995605
78,434837	-0,0113726854324341
78,535987	-0,0106232762336731
78,636778	-0,00935488939285278
78,737388	-0,00693798065185547
78,838175	-0,00520038604736328
78,939127	-0,00353038311004639
79,039162	-0,00196206569671631
79,139760	-0,0012516975402832
79,240535	-0,00126552581787109
79,340771	-0,00188511610031128
79,441494	-0,00371980667114258
79,541634	-0,00535553693771362
79,642347	-0,00712490081787109
79,742981	-0,00951361656188965
79,844512	-0,0106961727142334
79,945815	-0,0114091634750366
80,047779	-0,0114129781723022
80,147967	-0,0105810761451721
80,248101	-0,00928294658660889
80,349836	-0,00730419158935547
80,450520	-0,005054771900177
80,550881	-0,00342178344726563
80,650968	-0,00212931632995605
80,751778	-0,00106781721115112
80,853025	-0,00114035606384277
80,953756	-0,00179195404052734
81,054083	-0,00351554155349731
81,154843	-0,00527936220169067
81,255698	-0,00711774826049805
81,357029	-0,00914484262466431
81,457940	-0,0107623338699341
81,559158	-0,0114585161209106
81,659244	-0,0115093588829041
81,760241	-0,0106295347213745
81,860600	-0,00927865505218506
81,961459	-0,0075644850730896
82,061726	-0,00504136085510254
82,162501	-0,00329118967056274
82,263285	-0,00192385911941528
82,363440	-0,000948905944824219
82,464249	-0,000936508178710938
82,564428	-0,00158792734146118
82,665113	-0,00312376022338867
82,765872	-0,00510358810424805
82,866243	-0,00696003437042236
82,966302	-0,00874543190002441
83,066612	-0,0105887651443481
83,167515	-0,0113334059715271
83,268347	-0,0114580392837524
83,368687	-0,0104770064353943
83,470549	-0,00919997692108154
83,570866	-0,00754392147064209
83,672726	-0,00493890047073364
83,773591	-0,00331699848175049
83,873957	-0,00201749801635742
83,974784	-0,00108402967453003
84,075062	-0,00115710496902466
84,175694	-0,00183784961700439
84,276442	-0,00303387641906738
84,376710	-0,00543928146362305
84,476742	-0,00725769996643066
84,577090	-0,00898325443267822
84,678997	-0,0109037756919861
84,780810	-0,0115529894828796
84,882128	-0,0116028189659119
84,984084	-0,0108807682991028
85,085347	-0,00926327705383301
85,186100	-0,00757169723510742
85,287424	-0,0053895115852356
85,388297	-0,00327873229980469
85,488722	-0,00197827816009521
85,589962	-0,00110220909118652
85,691830	-0,00105297565460205
85,792797	-0,00177854299545288
85,893587	-0,00332081317901611
85,994374	-0,00533729791641235
86,094617	-0,0072404146194458
86,195376	-0,00898754596710205
86,296718	-0,0106170177459717
86,397461	-0,0115587115287781
86,497513	-0,0116028189659119
86,597732	-0,0108006596565247
86,698390	-0,00928246974945068
86,798432	-0,00754964351654053
86,899244	-0,00530135631561279
87,001107	-0,00328350067138672
87,102518	-0,00192046165466309
87,203731	-0,00100761651992798
87,304445	-0,00102913379669189
87,405095	-0,00168538093566895
87,506851	-0,00320553779602051
87,607617	-0,00492739677429199
87,708394	-0,00709182024002075
87,810354	-0,00915396213531494
87,912109	-0,0105057954788208
88,013720	-0,011350691318512
88,113993	-0,0113760232925415
88,214730	-0,0106947422027588
88,316448	-0,00909066200256348
88,417171	-0,00706791877746582
88,518572	-0,00521039962768555
88,620096	-0,00311994552612305
88,720696	-0,00164002180099487
88,821947	-0,000946998596191406
88,922133	-0,000840067863464355
89,023054	-0,00186556577682495
89,124073	-0,00312232971191406
89,224281	-0,00477230548858643
89,324566	-0,00704729557037354
89,425143	-0,00906479358673096
89,526041	-0,0104266405105591
89,626381	-0,011394739151001
89,728246	-0,0113444328308105
89,828583	-0,0106419324874878
89,928901	-0,00945365428924561
90,029631	-0,0070386528968811
90,130828	-0,00527262687683105
90,231550	-0,00357294082641602
90,332734	-0,0016782283782959
90,434210	-0,00101286172866821
90,535083	-0,000929832458496094
90,635323	-0,00163286924362183
90,735478	-0,0032084584236145
90,835657	-0,00488811731338501
90,936648	-0,007060706615448
91,036696	-0,00915348529815674
91,136749	-0,0104180574417114
91,236785	-0,011203944683075
91,337060	-0,0113937854766846
91,438030	-0,0105781555175781
91,538200	-0,00932466983795166
91,639021	-0,00734972953796387
91,739180	-0,00508302450180054
91,839440	-0,00339311361312866
91,939442	-0,00179767608642578
92,040357	-0,000960826873779297
92,141256	-0,000830948352813721
92,242043	-0,00159847736358643
92,343221	-0,00278711318969727
92,445182	-0,0048254132270813
92,545557	-0,00671225786209106
92,646107	-0,00879430770874023
92,746492	-0,010511040687561
92,847078	-0,0113012790679932
92,947582	-0,0114192366600037
93,047816	-0,0108740329742432
93,148093	-0,00944602489471436
93,248790	-0,0074465274810791
93,349685	-0,00565916299819946
93,450534	-0,00349253416061401
93,551520	-0,00186318159103394
93,651878	-0,00108593702316284
93,753146	-0,000857234001159668
93,853502	-0,0014336109161377
93,953633	-0,002888023853302
94,053738	-0,00445300340652466
94,153988	-0,00666964054107666
94,254130	-0,00880914926528931
94,354943	-0,0102137327194214
94,455519	-0,0113252401351929
94,556019	-0,0115199089050293
94,656803	-0,010941207408905
94,757061	-0,00958794355392456
94,857492	-0,00794804096221924
94,958429	-0,00569987297058105
95,059241	-0,00397098064422607
95,159466	-0,00221109390258789
95,260378	-0,00113320350646973
95,360839	-0,00095367431640625
95,461198	-0,00151103734970093
95,561774	-0,00290143489837646
95,662465	-0,00456547737121582
95,763225	-0,00675976276397705
95,863956	-0,0089036226272583
95,964184	-0,0103911757469177
96,064918	-0,0113295316696167
96,165903	-0,0116632580757141
96,266883	-0,0111056566238403
96,367366	-0,009929358959198
96,469213	-0,00794804096221924
96,570158	-0,00569891929626465
96,670917	-0,00381934642791748
96,771210	-0,00200700759887695
96,871907	-0,000937461853027344
96,972482	-0,000684380531311035
97,073976	-0,00132137537002563
97,174210	-0,00278854370117188
97,275079	-0,00443673133850098
97,375429	-0,00638210773468018
97,475910	-0,00868165493011475
97,576134	-0,0104794502258301
97,677698	-0,0115074515342712
97,778125	-0,0118477940559387
97,879085	-0,0111627578735352
97,979393	-0,00999653339385986
98,080568	-0,00791013240814209
98,181910	-0,00552934408187866
98,283276	-0,00368154048919678
98,384475	-0,00177472829818726
98,484946	-0,000684380531311035
98,585053	-0,000534534454345703
98,686573	-0,00098806619644165
98,787066	-0,00240945816040039
98,887883	-0,0045199990272522
98,988287	-0,00646305084228516
99,089256	-0,00882309675216675
99,190638	-0,0107336044311523
99,292021	-0,0116968154907227
99,393007	-0,0120601654052734
99,493910	-0,011357843875885
99,595854	-0,0100626945495605
99,696464	-0,00798588991165161
99,797260	-0,0055614709854126
99,898259	-0,00361025333404541
99,998408	-0,00176376104354858
100,100326	-0,000759363174438477
100,201904	-0,000423312187194824
100,301998	-0,00113511085510254
100,402999	-0,00234299898147583
100,504393	-0,00441515445709229
100,605399	-0,00682491064071655
100,706235	-0,00871950387954712
100,806962	-0,010610818862915
100,908686	-0,0117078423500061
101,010180	-0,0118410587310791
101,110651	-0,0113151669502258
101,211340	-0,00955677032470703
101,311475	-0,00772750377655029
101,412087	-0,00573050975799561
101,513125	-0,00341314077377319
101,613339	-0,00152057409286499
101,713882	-0,000554561614990234
101,813889	-0,000245273113250732
101,914670	-0,000909745693206787
102,015010	-0,00216561555862427
102,116001	-0,00424140691757202
102,217198	-0,00660204887390137
102,317421	-0,00853681564331055
102,418832	-0,0101475715637207
102,519394	-0,0114753246307373
102,619945	-0,0116646885871887
102,720322	-0,0111185908317566
102,820992	-0,00961816310882568
102,922587	-0,00753045082092285
103,024426	-0,00551831722259521
103,125684	-0,00318068265914917
103,227488	-0,00137633085250854
103,328426	-0,000385105609893799
103,429060	-0,000109255313873291
103,529599	-0,00089496374130249
103,630140	-0,0021364688873291
103,730524	-0,00390982627868652
103,830525	-0,00677692890167236
103,932004	-0,00866580009460449
104,033921	-0,0103350877761841
104,135077	-0,0117064118385315
104,235420	-0,0118128061294556
104,336287	-0,0113353133201599
104,437618	-0,00987088680267334
104,538175	-0,00772029161453247
104,638596	-0,00582396984100342
104,739451	-0,003531813621521
104,839959	-0,00173270702362061
104,940033	-0,000932216644287109
105,040405	-0,000692486763000488
105,141299	-0,00159221887588501
105,242803	-0,00304913520812988
105,344691	-0,00485223531723022
105,445061	-0,00782144069671631
105,545439	-0,00987660884857178
105,646437	-0,011486828327179
105,747796	-0,0127561092376709
105,848719	-0,0130422115325928
105,949626	-0,0123832821846008
106,049947	-0,0108371376991272
106,149998	-0,00861787796020508
106,251830	-0,00645923614501953
106,352131	-0,00444245338439941
106,453450	-0,00212550163269043
106,553867	-0,00102674961090088
106,654726	-0,000705897808074951
106,756333	-0,0013505220413208
106,857209	-0,00249403715133667
106,958670	-0,00420838594436646
107,060080	-0,00652873516082764
107,160101	-0,00870561599731445
107,261773	-0,0103240609169006
107,363613	-0,0114743709564209
107,464681	-0,0116637349128723
107,565738	-0,0112154483795166
107,666720	-0,00974041223526001
107,767804	-0,00772362947463989
107,868694	-0,00594609975814819
107,969058	-0,00373417139053345
108,070212	-0,00209778547286987
108,170587	-0,00135821104049683
108,271573	-0,00106441974639893
108,372749	-0,00165146589279175
108,473140	-0,00314146280288696
108,573975	-0,00500547885894775
108,674251	-0,00693273544311523
108,775197	-0,00909256935119629
108,876077	-0,0104213953018188
108,977697	-0,0115726590156555
109,077821	-0,0117404460906982
109,178584	-0,0110845565795898
109,279955	-0,00979799032211304
109,380865	-0,00779223442077637
109,482372	-0,0059053897857666
109,583319	-0,00398153066635132
109,684235	-0,00255668163299561
109,786142	-0,00151628255844116
109,887317	-0,00154972076416016
109,988417	-0,00205814838409424
110,089512	-0,00347965955734253
110,189830	-0,00556766986846924
110,290737	-0,0072404146194458
110,392525	-0,00926423072814941
110,493954	-0,0108610987663269
110,594897	-0,0113861560821533
110,695838	-0,0114345550537109
110,796217	-0,0104333758354187
110,896260	-0,0088810920715332
110,997252	-0,00719296932220459
111,098242	-0,00456976890563965
111,198652	-0,00276988744735718
111,298801	-0,00161325931549072
111,399701	-0,000824272632598877
111,500503	-0,000851035118103027
111,601562	-0,00184595584869385
111,702470	-0,00351792573928833
111,804454	-0,00565147399902344
111,906158	-0,00776201486587524
112,007555	-0,00975865125656128
112,108411	-0,0112072825431824
112,208602	-0,0118952989578247
112,309458	-0,0116287469863892
112,411160	-0,0102995634078979
112,511299	-0,00882452726364136
112,612339	-0,00679999589920044
112,712749	-0,00422179698944092
112,813226	-0,00268816947937012
112,914002	-0,00137251615524292
113,014523	-0,000880599021911621
113,115784	-0,00129705667495728
113,217266	-0,0021393895149231
113,318332	-0,00411033630371094
113,418544	-0,00634807348251343
113,518808	-0,00811630487442017
113,619869	-0,00987517833709717
113,720295	-0,011320948600769
113,820893	-0,0115275382995605
113,920964	-0,0113012790679932
114,021745	-0,00965076684951782
114,123181	-0,0079614520072937
114,223428	-0,00623071193695068
114,324352	-0,00395089387893677
114,426272	-0,00213360786437988
114,526928	-0,00131851434707642
114,627421	-0,000863432884216309
114,727887	-0,00143074989318848
114,829729	-0,00267088413238525
114,930084	-0,00409543514251709
115,031487	-0,00664520263671875
115,132573	-0,0085253119468689
115,233285	-0,0101110935211182
115,334158	-0,0111185908317566
115,435511	-0,0115381479263306
115,535972	-0,0109445452690125
115,637587	-0,00975960493087769
115,738195	-0,00799071788787842
115,838242	-0,00612717866897583
115,939695	-0,00432616472244263
116,040132	-0,00281006097793579
116,140379	-0,00190281867980957
116,240798	-0,00190854072570801
116,342495	-0,00243473052978516
116,443819	-0,00336152315139771
116,544231	-0,00522762537002563
116,645135	-0,00669020414352417
116,745454	-0,00834548473358154
116,847376	-0,00982195138931274
116,947914	-0,0102353096008301
117,049235	-0,0100665092468262
117,151040	-0,00919139385223389
117,251907	-0,00759899616241455
117,353740	-0,0055159330368042
117,455110	-0,00348109006881714
117,555600	-0,00181490182876587
117,657004	-0,000783681869506836
117,758411	-0,000576019287109375
117,859286	-0,000915467739105225
117,959634	-0,002155601978302
118,061181	-0,004233717918396
118,161411	-0,0065426230430603
118,261827	-0,00882208347320557
118,362769	-0,0110667943954468
118,463524	-0,012430727481842
118,563629	-0,0130153894424438
118,665606	-0,0123621225357056
118,765959	-0,0106237530708313
118,867887	-0,00882595777511597
118,969337	-0,0061420202255249
119,069616	-0,00384038686752319
119,169637	-0,00255811214447021
119,270451	-0,00160181522369385
119,370771	-0,00151294469833374
119,472269	-0,00257813930511475
119,572727	-0,00385665893554688
119,674496	-0,00614827871322632
119,775825	-0,00873869657516479
119,876064	-0,0104525685310364
119,977790	-0,012046754360199
120,078127	-0,0125313401222229
120,178966	-0,0118929147720337
120,280713	-0,0105882883071899
120,381213	-0,00845581293106079
120,481422	-0,0064084529876709
120,583339	-0,00463491678237915
120,684286	-0,00247871875762939
120,784643	-0,0015062689781189
120,884662	-0,00139206647872925
120,985623	-0,00208532810211182
121,086574	-0,00327777862548828
121,187034	-0,00506722927093506
121,287296	-0,00711631774902344
121,387470	-0,00904989242553711
121,488130	-0,0103341341018677
121,588528	-0,0108755230903625
121,690331	-0,0106472373008728
121,791237	-0,00982773303985596
121,892203	-0,00831049680709839
121,992692	-0,00578129291534424
122,092873	-0,00397336483001709
122,193761	-0,0021403431892395
122,294365	-0,000520646572113037
122,394988	-3,62992286682129E-5
122,495401	-2,05636024475098E-5
122,596563	-0,00109505653381348
122,697892	-0,00333565473556519
122,798534	-0,0060577392578125
122,899436	-0,0097428560256958
122,999572	-0,015838623046875
123,100482	-0,0203474760055542
123,201272	-0,0250182747840881
123,301652	-0,030616283416748
123,401659	-0,033555805683136
123,503608	-0,0357582569122314
123,603689	-0,03680419921875
123,704508	-0,0360333919525146
123,804804	-0,0342285633087158
123,906085	-0,0305643677711487
124,006924	-0,026158332824707
124,107541	-0,0225579738616943
124,208153	-0,0191515684127808
124,310025	-0,015993595123291
124,410033	-0,0154042840003967
124,510291	-0,0159624814987183
124,610467	-0,0191067457199097
124,711254	-0,0225908160209656
124,811798	-0,0264533162117004
124,911878	-0,0313423871994019
125,013221	-0,0354151129722595
125,113938	-0,0375099182128906
125,214576	-0,038412868976593
125,314760	-0,0372092127799988
125,416700	-0,0346444249153137
125,518563	-0,0312509536743164
125,619400	-0,0255742073059082
125,719835	-0,0215169787406921
125,820506	-0,0182788968086243
125,920623	-0,0153536200523376
126,021922	-0,0148903131484985
126,122106	-0,0160528421401978
126,223744	-0,0190113186836243
126,324103	-0,0234206318855286
126,425031	-0,027779757976532
126,526452	-0,0319758057594299
126,627982	-0,0368430614471436
126,728195	-0,0391769409179688
126,828614	-0,039946436882019
126,929460	-0,0386740565299988
127,030826	-0,0362586975097656
127,132705	-0,0326517820358276
127,233065	-0,0269771218299866
127,333504	-0,022996723651886
127,433751	-0,019500195980072
127,534341	-0,0168505907058716
127,635380	-0,0160691738128662
127,736209	-0,0168339014053345
127,836659	-0,0196561813354492
127,937548	-0,0238116979598999
128,038068	-0,0277402400970459
128,138303	-0,0318767428398132
128,238988	-0,0366170406341553
128,339432	-0,0387213230133057
128,441343	-0,0396853089332581
128,541667	-0,0384421944618225
128,643589	-0,0360372066497803
128,744031	-0,0328302979469299
128,844939	-0,0280662775039673
128,946298	-0,0234025120735168
129,046834	-0,0202215909957886
129,147039	-0,0175203084945679
129,247463	-0,0167670249938965
129,348131	-0,0178068280220032
129,449239	-0,0204118490219116
129,550529	-0,024541437625885
129,650636	-0,0285611152648926
129,751292	-0,0323448181152344
129,852088	-0,0364065766334534
129,953755	-0,0390713810920715
130,054450	-0,0397387742996216
130,154588	-0,0389053821563721
130,254909	-0,0361515283584595
130,355758	-0,032646119594574
130,456293	-0,0280786752700806
130,556619	-0,0234025120735168
130,656703	-0,0199941992759705
130,756723	-0,0178765058517456
130,857210	-0,016761302947998
130,958567	-0,0176392197608948
131,059904	-0,019887387752533
131,161908	-0,0236373543739319
131,262779	-0,0282216668128967
131,363032	-0,0322234034538269
131,464290	-0,0361234545707703
131,564735	-0,0387492775917053
131,666711	-0,0396947860717773
131,767096	-0,0387317538261414
131,867849	-0,0361301302909851
131,968432	-0,0329002141952515
132,068808	-0,0281473398208618
132,170642	-0,0237045288085938
132,271291	-0,0205495953559875
132,371670	-0,0178865194320679
132,472106	-0,0171898603439331
132,572984	-0,0179777145385742
132,674938	-0,0198668837547302
132,775332	-0,0236383080482483
132,875841	-0,0280948877334595
132,976559	-0,0317810773849487
133,077134	-0,0357781648635864
133,179135	-0,0382326245307922
133,279544	-0,038918137550354
133,380055	-0,0381947755813599
133,480887	-0,035519540309906
133,581895	-0,0323362350463867
133,682844	-0,0279933214187622
133,783636	-0,0242080092430115
133,885230	-0,0204299092292786
133,985610	-0,0180965662002563
134,086250	-0,0173049569129944
134,186265	-0,018197774887085
134,287078	-0,0203784704208374
134,387774	-0,0239636301994324
134,487909	-0,028496265411377
134,589287	-0,0322871804237366
134,689399	-0,0359655618667603
134,790223	-0,0381933450698853
134,890670	-0,0392293930053711
134,992256	-0,0381791591644287
135,093894	-0,0361301302909851
135,195796	-0,032346248626709
135,296183	-0,0276992321014404
135,398152	-0,0240641236305237
135,498638	-0,0202301740646362
135,598646	-0,0179830193519592
135,699476	-0,0171597599983215
135,799900	-0,0179997086524963
135,900572	-0,0200685858726501
136,002421	-0,0239989161491394
136,103230	-0,0276496410369873
136,203441	-0,0321601033210754
136,304117	-0,0361320376396179
136,404344	-0,0382113456726074
136,505256	-0,039203405380249
136,605440	-0,0383575558662415
136,706271	-0,0360680222511292
136,808104	-0,0322443246841431
136,908257	-0,0277097225189209
137,008836	-0,0237635970115662
137,110061	-0,0200199484825134
137,210828	-0,017875075340271
137,311295	-0,0167474150657654
137,412453	-0,0174845457077026
137,512938	-0,0199231505393982
137,613962	-0,0236263871192932
137,714487	-0,02754145860672
137,814981	-0,0321691036224365
137,915909	-0,0360106229782104
138,016654	-0,0383731126785278
138,116790	-0,0393325090408325
138,217121	-0,0383646488189697
138,317802	-0,0363306999206543
138,417857	-0,0323576331138611
138,518325	-0,0285263061523438
138,618328	-0,0240451097488403
138,719789	-0,0206282138824463
138,820252	-0,0178283452987671
138,921411	-0,0169184803962708
139,022290	-0,0174262523651123
139,122358	-0,0198521018028259
139,223831	-0,0230462551116943
139,324603	-0,0274022817611694
139,424956	-0,0320957899093628
139,525743	-0,035474956035614
139,626741	-0,0381295084953308
139,728324	-0,0392553806304932
139,829317	-0,0386333465576172
139,930502	-0,0360903143882751
140,031952	-0,0330548882484436
140,132038	-0,0285711288452148
140,233521	-0,0239169597625732
140,334178	-0,0207769274711609
140,435154	-0,018038809299469
140,535738	-0,0170035362243652
140,636358	-0,0178082585334778
140,738304	-0,0201720595359802
140,838779	-0,0239893794059753
140,939026	-0,0278841853141785
141,039603	-0,0323490500450134
141,140264	-0,0356329679489136
141,241175	-0,0384829044342041
141,342687	-0,0393362641334534
141,443755	-0,0387076139450073
141,544294	-0,0363662242889404
141,644347	-0,0331257581710815
141,746267	-0,0287207961082458
141,846630	-0,0242832899093628
141,948599	-0,0209565758705139
142,048978	-0,0184626579284668
142,149172	-0,0175919532775879
142,250641	-0,0182612538337708
142,350708	-0,0208512544631958
142,451182	-0,0246533751487732
142,551652	-0,0283418297767639
142,651783	-0,0322343707084656
142,752337	-0,036180853843689
142,852903	-0,0387492775917053
142,953926	-0,0397170186042786
143,054994	-0,0389252901077271
143,155317	-0,0363643765449524
143,256243	-0,0332779884338379
143,356868	-0,0286936163902283
143,458083	-0,0242241621017456
143,559751	-0,0211148262023926
143,659830	-0,0188014507293701
143,760299	-0,0176445245742798
143,860364	-0,0185113549232483
143,962199	-0,0204289555549622
144,064048	-0,0241422653198242
144,164866	-0,0287370085716248
144,265481	-0,0324495434761047
144,365767	-0,0364506244659424
144,466084	-0,039103090763092
144,567993	-0,0398432612419128
144,669284	-0,0391669869422913
144,771271	-0,0366108417510986
144,871421	-0,0333436727523804
144,973061	-0,0296979546546936
145,073634	-0,0244380831718445
145,174023	-0,0211929678916931
145,274522	-0,0190647840499878
145,375512	-0,017903745174408
145,475970	-0,0186530351638794
145,577415	-0,0207979083061218
145,679421	-0,0250949859619141
145,781178	-0,0288761854171753
145,881225	-0,0327351093292236
145,981776	-0,0365269780158997
146,082353	-0,0391191840171814
146,183405	-0,0399718880653381
146,284960	-0,0390481948852539
146,385508	-0,0364961624145508
146,486498	-0,0333374738693237
146,586581	-0,0294925570487976
146,687761	-0,0243461132049561
146,788644	-0,0212134718894958
146,888675	-0,0189459919929504
146,990311	-0,0180087685585022
147,091902	-0,0188047885894775
147,192174	-0,0208055377006531
147,292675	-0,0245904922485352
147,393147	-0,0290644764900208
147,494166	-0,0328088998794556
147,594989	-0,0367876291275024
147,695674	-0,0392729043960571
147,796480	-0,0400111675262451
147,897508	-0,0392308235168457
147,998249	-0,0365340709686279
148,098714	-0,0333308577537537
148,199833	-0,0288728475570679
148,300659	-0,0250678062438965
148,401786	-0,0212324857711792
148,502285	-0,0190809965133667
148,602922	-0,017984926700592
148,704027	-0,0188367366790771
148,804484	-0,0209308862686157
148,905391	-0,0245780944824219
149,006089	-0,0290802121162415
149,107023	-0,0328836441040039
149,207263	-0,0366748571395874
149,307878	-0,0392317175865173
149,408056	-0,0399808883666992
149,508846	-0,0393267869949341
149,609326	-0,0370079278945923
149,710315	-0,0332680344581604
149,811934	-0,029495894908905
149,912526	-0,0250792503356934
150,013088	-0,0213087797164917
150,113594	-0,019123911857605
150,214529	-0,0182536244392395
150,316147	-0,0191277265548706
150,417393	-0,0212120413780212
150,517857	-0,0250582695007324
150,619072	-0,0295010805130005
150,719791	-0,0332651734352112
150,820338	-0,0371613502502441
150,921822	-0,0392771363258362
151,023500	-0,0402765274047852
151,123727	-0,0393977761268616
151,224246	-0,0371968746185303
151,325789	-0,0334488153457642
151,425840	-0,0297494530677795
151,527323	-0,0251873731613159
151,628256	-0,0214959979057312
151,728378	-0,0193886160850525
151,829898	-0,0183925032615662
151,929908	-0,0194138884544373
152,030721	-0,0215117335319519
152,131094	-0,025234043598175
152,231957	-0,0290225148200989
152,332402	-0,033532977104187
152,434369	-0,0373058319091797
152,534924	-0,0395041704177856
152,635847	-0,0403980612754822
152,736399	-0,0396947860717773
152,836979	-0,0373404026031494
152,937127	-0,0334711670875549
153,038620	-0,0297546982765198
153,139733	-0,0253293514251709
153,241541	-0,0215203166007996
153,341941	-0,019441545009613
153,443049	-0,0185642838478088
153,543435	-0,0191749334335327
153,643666	-0,0216065645217896
153,745492	-0,0253879427909851
153,846008	-0,0290325284004211
153,947015	-0,0335700511932373
154,047983	-0,037299633026123
154,149969	-0,0393556952476501
154,250454	-0,0403262376785278
154,351136	-0,0392965078353882
154,451559	-0,0371035933494568
154,551561	-0,0340541005134583
154,651944	-0,0295954942703247
154,752811	-0,0251192450523376
154,852990	-0,0219886898994446
154,954258	-0,0193471312522888
155,055819	-0,0184478759765625
155,157771	-0,019189715385437
155,258269	-0,02154940366745
155,358992	-0,0253427028656006
155,460988	-0,0290759205818176
155,561874	-0,0334706902503967
155,662914	-0,0372627377510071
155,764587	-0,0393509864807129
155,865318	-0,0402254462242126
155,965397	-0,0392956137657166
156,066212	-0,0371940732002258
156,167336	-0,0340750813484192
156,267905	-0,0289815068244934
156,369444	-0,0252731442451477
156,469750	-0,0220772624015808
156,570325	-0,0192903876304626
156,671728	-0,0186430215835571
156,772406	-0,0193261504173279
156,873892	-0,0217833518981934
156,974748	-0,0254617929458618
157,075383	-0,0291116833686829
157,176290	-0,0328683853149414
157,277142	-0,0372546911239624
157,379136	-0,0393339395523071
157,480614	-0,0402699112892151
157,581395	-0,0392468571662903
157,681579	-0,0371376872062683
157,782383	-0,0334103107452393
157,882657	-0,0289343595504761
157,983477	-0,0253269672393799
158,084632	-0,0221954584121704
158,184771	-0,0195702910423279
158,285525	-0,0187422633171082
158,385685	-0,0194444060325623
158,486206	-0,0217990875244141
158,587730	-0,0255460739135742
158,687812	-0,0291988849639893
158,787946	-0,0328236222267151
158,888886	-0,0372726917266846
158,990412	-0,0392885208129883
159,091950	-0,0401133894920349
159,192926	-0,0391764044761658
159,293383	-0,0369961261749268
159,395349	-0,0332428216934204
159,495798	-0,029615044593811
159,596282	-0,0252140760421753
159,696339	-0,0221030116081238
159,797736	-0,0196366310119629
159,899381	-0,0187646746635437
160,000119	-0,0195059180259705
160,101583	-0,0219929814338684
160,203007	-0,0256747603416443
160,303879	-0,0293681025505066
160,404318	-0,0337793827056885
160,505150	-0,0368648767471313
160,605326	-0,0394474267959595
160,705329	-0,040265679359436
160,805698	-0,0394772291183472
160,905888	-0,0370476841926575
161,006646	-0,0339828133583069
161,107120	-0,0295597314834595
161,208047	-0,0252402424812317
161,309503	-0,0221287608146667
161,410429	-0,0195874571800232
161,512209	-0,0188643932342529
161,612855	-0,0195664763450623
161,713796	-0,0220191478729248
161,814406	-0,0251192450523376
161,914841	-0,0294329524040222
162,015076	-0,0338183045387268
162,116666	-0,0369614958763123
162,216791	-0,0394190549850464
162,317230	-0,040199875831604
162,419233	-0,0394672751426697
162,520676	-0,0369070172309875
162,622162	-0,033843994140625
162,724159	-0,0294930338859558
162,824617	-0,0251125693321228
162,925876	-0,0221025347709656
163,026234	-0,0196628570556641
163,126672	-0,0188701152801514
163,227834	-0,0197091102600098
163,328407	-0,0221959352493286
163,430408	-0,025250256061554
163,531121	-0,0296664834022522
163,631926	-0,0340213775634766
163,732562	-0,0370822548866272
163,833385	-0,0396091938018799
163,933698	-0,0403129458427429
164,035068	-0,0394885540008545
164,136057	-0,0370320677757263
164,237403	-0,0331981182098389
164,338663	-0,0295649766921997
164,439865	-0,0259515643119812
164,540895	-0,0216899514198303
164,642482	-0,0197854042053223
164,742977	-0,01909339427948
164,843105	-0,0201706290245056
164,944067	-0,0224031805992126
165,044613	-0,0255308747291565
165,145573	-0,029792308807373
165,246045	-0,0341753959655762
165,347482	-0,0372068881988525
165,448400	-0,0395964384078979
165,549431	-0,0403469800949097
165,649547	-0,0395079851150513
165,750245	-0,0374530553817749
165,851886	-0,0331690907478333
165,952583	-0,0294725298881531
166,053390	-0,0258219838142395
166,154623	-0,0216799378395081
166,255735	-0,0197606086730957
166,356656	-0,0190619230270386
166,457004	-0,0199574828147888
166,557912	-0,0224112272262573
166,658075	-0,0255022644996643
166,759799	-0,0298867225646973
166,860589	-0,0341634750366211
166,962343	-0,0372433066368103
167,064131	-0,0396630764007568
167,164889	-0,0403034687042236
167,266592	-0,0394696593284607
167,367104	-0,036916971206665
167,467365	-0,0330625176429749
167,567847	-0,0294777750968933
167,668316	-0,0258486270904541
167,768761	-0,0221530199050903
167,869115	-0,0198540091514587
167,970128	-0,0191601514816284
168,070620	-0,0200380682945251
168,171144	-0,0226332545280457
168,271299	-0,025748610496521
168,371652	-0,0293099880218506
168,473637	-0,0344329476356506
168,574067	-0,0373858213424683
168,674377	-0,0394824147224426
168,775852	-0,0404382944107056
168,876383	-0,0395410656929016
168,976605	-0,0374904870986938
169,077908	-0,0338468551635742
169,178847	-0,0294501185417175
169,279340	-0,0258629322052002
169,379797	-0,0222592949867249
169,480901	-0,0199064612388611
169,582375	-0,0192989706993103
169,682499	-0,0202373266220093
169,783770	-0,0227909088134766
169,884622	-0,0259482264518738
169,985555	-0,0295902490615845
170,087019	-0,0345797538757324
170,188061	-0,0376240015029907
170,289824	-0,0399250984191895
170,391198	-0,0405007004737854
170,491794	-0,0395793914794922
170,592264	-0,0374525785446167
170,693263	-0,0337299108505249
170,793793	-0,0293857455253601
170,893871	-0,02574622631073
170,995191	-0,0221092104911804
171,095880	-0,0198788046836853
171,197001	-0,0192431807518005
171,297823	-0,0202406644821167
171,398734	-0,0229042768478394
171,499112	-0,0259996652603149
171,600949	-0,0304047465324402
171,702119	-0,0340279936790466
171,802678	-0,0376306176185608
171,904080	-0,039976179599762
172,005497	-0,0405797362327576
172,107130	-0,0395392179489136
172,208402	-0,0369042158126831
172,309851	-0,0336823463439941
172,410002	-0,0292708873748779
172,510674	-0,0250611305236816
172,612093	-0,0221063494682312
172,713614	-0,020082414150238
172,814053	-0,0193232893943787
172,916003	-0,0202282667160034
173,016120	-0,022335946559906
173,116942	-0,0267363786697388
173,218817	-0,0303580164909363
173,320374	-0,0339357256889343
173,421827	-0,0380461812019348
173,523343	-0,039761483669281
173,623569	-0,0403006672859192
173,725563	-0,0392875671386719
173,826164	-0,0365402698516846
173,927679	-0,03338223695755
174,028465	-0,0290163159370422
174,130213	-0,0247353315353394
174,230214	-0,0218567252159119
174,331322	-0,0196743011474609
174,432186	-0,0191715955734253
174,532786	-0,0202192068099976
174,633305	-0,0229018926620483
174,733539	-0,0267230868339539
174,833624	-0,0304257273674011
174,933900	-0,034001350402832
175,034738	-0,0375615358352661
175,136388	-0,0398390293121338
175,238311	-0,0403238534927368
175,338723	-0,039218544960022
175,438728	-0,0365425944328308
175,540243	-0,0332808494567871
175,641610	-0,0289229154586792
175,742689	-0,0247381925582886
175,842887	-0,0218424201011658
175,944111	-0,0197105407714844
176,045588	-0,0192932486534119
176,147531	-0,0202430486679077
176,247956	-0,0229771733283997
176,348423	-0,0261359810829163
176,449125	-0,0304247736930847
176,550001	-0,0340455770492554
176,650502	-0,0375842452049255
176,751147	-0,0397359132766724
176,851566	-0,0402505397796631
176,952494	-0,0391111373901367
177,054144	-0,0363506078720093
177,155754	-0,0331729054450989
177,256206	-0,0287756323814392
177,356814	-0,0245890617370605
177,458145	-0,0218057036399841
177,558422	-0,0196352005004883
177,658456	-0,0191882848739624
177,758915	-0,0203222036361694
177,859320	-0,02247554063797
177,960350	-0,0262293815612793
178,061938	-0,0305972695350647
178,162894	-0,0341182947158813
178,262945	-0,037655234336853
178,363747	-0,0397950410842896
178,464060	-0,0402093529701233
178,564550	-0,0391045212745667
178,665867	-0,0363449454307556
178,766204	-0,0331053137779236
178,867054	-0,0287656188011169
178,968351	-0,0252212285995483
179,069003	-0,0217299461364746
179,169316	-0,0199031233787537
179,269706	-0,019217848777771
179,370539	-0,0203388929367065
179,472106	-0,0225541591644287
179,572289	-0,026298463344574
179,672836	-0,030616283416748
179,773379	-0,0342024564743042
179,874775	-0,0376737117767334
179,976411	-0,0397676229476929
180,077905	-0,0402027368545532
180,178819	-0,0389795899391174
180,279143	-0,0367259979248047
180,380114	-0,0329559445381165
180,481356	-0,028562068939209
180,582764	-0,025080680847168
180,682948	-0,021665632724762
180,784748	-0,0195445418357849
180,885686	-0,0191468000411987
180,987008	-0,0203350782394409
181,087783	-0,0230867266654968
181,187938	-0,0263518095016479
181,288592	-0,0299715399742126
181,390026	-0,0341863036155701
181,492061	-0,037675142288208
181,592557	-0,0394800305366516
181,693480	-0,0400902032852173
181,793906	-0,0389262437820435
181,894342	-0,0366758108139038
181,994382	-0,0328774452209473
182,095748	-0,028538703918457
182,197740	-0,0250001549720764
182,298335	-0,0215808153152466
182,398803	-0,0195783972740173
182,499314	-0,0192307233810425
182,600522	-0,0201720595359802
182,701505	-0,0233106017112732
182,802214	-0,0265009999275208
182,903332	-0,0300730466842651
183,004376	-0,0349816083908081
183,104851	-0,0377683639526367
183,205074	-0,0396063327789307
183,306041	-0,0402126312255859
183,407044	-0,0389437079429626
183,508821	-0,0366582274436951
183,609121	-0,0328412652015686
183,710533	-0,0284757614135742
183,810949	-0,0250211358070374
183,911952	-0,0221139788627625
184,012554	-0,0196027755737305
184,113519	-0,0192636847496033
184,214571	-0,020143449306488
184,314910	-0,0232629776000977
184,416334	-0,0265191197395325
184,516495	-0,0301416516304016
184,617075	-0,0343797206878662
184,718009	-0,037814736366272
184,818386	-0,0395581126213074
184,918404	-0,0401256680488586
185,018864	-0,0388931035995483
185,119349	-0,0366013646125793
185,219671	-0,0335187315940857
185,320311	-0,0284762382507324
185,420375	-0,0249767899513245
185,522039	-0,0221077799797058
185,622311	-0,0198721289634705
185,723274	-0,019314706325531
185,824915	-0,020262598991394
185,926722	-0,0228480696678162
186,027191	-0,0266039371490479
186,127650	-0,0302098393440247
186,229630	-0,0343787670135498
186,330029	-0,0377773642539978
186,430975	-0,0395429730415344
186,531785	-0,0400930047035217
186,632278	-0,0387705564498901
186,734130	-0,0364753007888794
186,834833	-0,0333294272422791
186,934994	-0,0283198952674866
187,035927	-0,0248815417289734
187,136412	-0,021989643573761
187,238406	-0,019622802734375
187,338834	-0,019309937953949
187,439860	-0,0203121900558472
187,540376	-0,0229666829109192
187,641737	-0,0267678499221802
187,743503	-0,0303418040275574
187,844017	-0,034555971622467
187,944309	-0,0379387736320496
188,044934	-0,0396820306777954
188,145326	-0,0402476787567139
188,246071	-0,0388760566711426
188,346743	-0,0365847945213318
188,447309	-0,0334659218788147
188,549365	-0,0284485816955566
188,651862	-0,0249649286270142
188,752281	-0,022134006023407
188,853116	-0,0199441313743591
188,953301	-0,0194711089134216
189,054010	-0,0204566121101379
189,155029	-0,0230724215507507
189,255769	-0,0268812775611877
189,355860	-0,0304852724075317
189,456014	-0,0346367955207825
189,556664	-0,0379680991172791
189,658271	-0,0396668910980225
189,758859	-0,0401190519332886
189,859771	-0,0387080907821655
189,960500	-0,0363487005233765
190,061414	-0,0331833958625793
190,161787	-0,028924822807312
190,262544	-0,0248534679412842
190,363338	-0,022113025188446
190,463913	-0,0200909972190857
190,564054	-0,0197725296020508
190,664660	-0,0208560228347778
190,765334	-0,0230919718742371
190,865584	-0,0275052189826965
190,967385	-0,0311022996902466
191,069021	-0,0352029204368591
191,169357	-0,037943959236145
191,270318	-0,0399317741394043
191,371106	-0,0402684807777405
191,471676	-0,0390193462371826
191,571688	-0,0362007617950439
191,671758	-0,0330196619033813
191,772283	-0,0287160277366638
191,873282	-0,0246204733848572
191,973837	-0,0219162702560425
192,074067	-0,0201935172080994
192,174665	-0,0197525024414063
192,275554	-0,0209508538246155
192,376512	-0,0231624841690063
192,477253	-0,0269117951393127
192,578244	-0,031242847442627
192,679677	-0,0346909761428833
192,779696	-0,0380499362945557
192,880260	-0,0400154590606689
192,981121	-0,0402363538742065
193,081801	-0,0389068126678467
193,182567	-0,0360139608383179
193,282926	-0,0327242016792297
193,382945	-0,0291317105293274
193,483079	-0,0242723226547241
193,583235	-0,0215184092521667
193,684260	-0,0197896957397461
193,784845	-0,0193018317222595
193,886765	-0,0205867290496826
193,987709	-0,0229309797286987
194,088207	-0,0267521142959595
194,189596	-0,031129002571106
194,289616	-0,0346700549125671
194,390424	-0,0375610589981079
194,490935	-0,0399813652038574
194,591619	-0,0402821898460388
194,692450	-0,0392435789108276
194,793554	-0,0359646081924438
194,894601	-0,0326555967330933
194,995627	-0,0289900898933411
195,095806	-0,0248219966888428
195,196585	-0,0215246081352234
195,296851	-0,0198311805725098
195,397475	-0,0193356871604919
195,498851	-0,0207821726799011
195,600166	-0,0231086015701294
195,701039	-0,0270109176635742
195,801493	-0,0313919186592102
195,902622	-0,034868597984314
196,003496	-0,0377575159072876
196,103908	-0,0401015281677246
196,204270	-0,0403101444244385
196,304740	-0,0392785668373108
196,405007	-0,0365160703659058
196,505833	-0,0325956344604492
196,607615	-0,0289582014083862
196,708478	-0,0247510075569153
196,808915	-0,0214459896087646
196,910335	-0,0198020935058594
197,011314	-0,0193838477134705
197,111506	-0,0208050608634949
197,212811	-0,0231900811195374
197,314215	-0,0270743370056152
197,414370	-0,0314895510673523
197,514740	-0,0349683165550232
197,614855	-0,0378223061561584
197,715043	-0,0399766564369202
197,815819	-0,0403772592544556
197,916205	-0,0392904281616211
198,016474	-0,0370751619338989
198,116592	-0,0325704216957092
198,217523	-0,0288814306259155
198,318223	-0,0253450870513916
198,418926	-0,0213635563850403
198,519422	-0,0197162628173828
198,620260	-0,0193085074424744
198,720331	-0,0207855105400085
198,820787	-0,0231819748878479
198,921533	-0,0263890027999878
199,022178	-0,0307654738426208
199,122343	-0,0349830389022827
199,222449	-0,0378715395927429
199,322926	-0,0397411584854126
199,423759	-0,0403445959091187
199,524894	-0,039239764213562
199,625796	-0,0369364023208618
199,727746	-0,0324114561080933
199,829007	-0,0287122130393982
199,930006	-0,0251464247703552
200,030019	-0,0217013955116272
200,130155	-0,0196094512939453
200,231799	-0,0191749334335327
200,332653	-0,0203717947006226
200,433702	-0,0231524705886841
200,534413	-0,0263775587081909
200,635186	-0,0300744771957397
200,735870	-0,0350396037101746
200,836842	-0,0378857254981995
200,937626	-0,039776623249054
201,038336	-0,0403209924697876
201,138930	-0,039201021194458
201,239544	-0,0369449257850647
201,340743	-0,0330953001976013
201,441235	-0,0287269949913025
201,542136	-0,0251921415328979
201,644852	-0,0216885209083557
201,745284	-0,0196447372436523
201,846023	-0,0192608237266541
201,946928	-0,0204194188117981
202,047711	-0,0232429504394531
202,148404	-0,0264690518379211
202,248730	-0,0308221578598022
202,349341	-0,0350343585014343
202,449901	-0,0378251671791077
202,549987	-0,0396484136581421
202,650278	-0,0402528643608093
202,750321	-0,0389947295188904
202,852188	-0,0367051959037781
202,952783	-0,0328826904296875
203,052786	-0,0284848213195801
203,153128	-0,0249582529067993
203,253265	-0,0220406055450439
203,353545	-0,0195173621177673
203,453847	-0,0191787481307983
203,554300	-0,0201119780540466
203,655847	-0,0232396125793457
203,756581	-0,0265009999275208
203,856924	-0,0301511883735657
203,959086	-0,034406304359436
204,059977	-0,0378512144088745
204,161974	-0,0396682620048523
204,262597	-0,040215015411377
204,363101	-0,0389475226402283
204,463937	-0,0366582274436951
204,564585	-0,0334573984146118
204,664918	-0,0284099578857422
204,765388	-0,024860143661499
204,865715	-0,0219467282295227
204,965835	-0,0195059180259705
205,065862	-0,0191978216171265
205,166463	-0,0201277136802673
205,266677	-0,022758960723877
205,366915	-0,0265820026397705
205,467268	-0,0301802754402161
205,568234	-0,0337954759597778
205,668552	-0,037858247756958
205,769363	-0,0396829843521118
205,870964	-0,0402855277061462
205,971585	-0,0389243364334106
206,071720	-0,0365980863571167
206,172436	-0,0334397554397583
206,272694	-0,0290930867195129
206,373621	-0,0249125361442566
206,474161	-0,0220482349395752
206,574965	-0,0198183059692383
206,676341	-0,0193485617637634
206,776997	-0,0203069448471069
206,877883	-0,0223883986473083
206,978901	-0,0267864465713501
207,079457	-0,0304209589958191
207,179614	-0,0339690446853638
207,279899	-0,0375553369522095
207,380884	-0,0397453904151917
207,482003	-0,0402675271034241
207,582449	-0,0392558574676514
207,683306	-0,0365525484085083
207,784261	-0,0333831310272217
207,884809	-0,0290754437446594
207,985639	-0,0248501300811768
208,086047	-0,0219805836677551
208,186682	-0,0200957655906677
208,287311	-0,0193700194358826
208,388176	-0,0204141736030579
208,488829	-0,0225517749786377
208,589635	-0,0262136459350586
208,689735	-0,0305648446083069
208,789804	-0,034101665019989
208,891731	-0,037632942199707
208,992249	-0,0398262739181519
209,092776	-0,0403167605400085
209,192994	-0,0392081141471863
209,293547	-0,0365269780158997
209,393881	-0,0333308577537537
209,493923	-0,0296898484230042
209,594805	-0,025424599647522
209,695311	-0,0218876600265503
209,795511	-0,0199751257896423
209,897289	-0,0192627310752869
209,998290	-0,0203183889389038
210,098467	-0,0224836468696594
210,199297	-0,0261797904968262
210,299613	-0,0304690599441528
210,400223	-0,0340061187744141
210,500438	-0,0375482439994812
210,600852	-0,0394436120986938
210,701325	-0,0401757955551147
210,801746	-0,0393916368484497
210,902534	-0,0369098782539368
211,003218	-0,0332257151603699
211,103966	-0,0296450257301331
211,204903	-0,0254102945327759
211,305633	-0,0219753384590149
211,407086	-0,0200867056846619
211,507952	-0,0193547606468201
211,608006	-0,0201439261436462
211,708575	-0,0226032137870789
211,810331	-0,0262851119041443
211,911599	-0,0299115180969238
212,012546	-0,0341559052467346
212,114351	-0,0371050238609314
212,215348	-0,0394970774650574
212,316778	-0,0401615500450134
212,417273	-0,0393490791320801
212,518078	-0,0368918776512146
212,618407	-0,0331419706344604
212,719002	-0,0295339822769165
212,819452	-0,0253245830535889
212,921015	-0,0218190550804138
213,021479	-0,0199674963951111
213,122895	-0,0193104147911072
213,222946	-0,0204023122787476
213,323642	-0,0225851535797119
213,424326	-0,0255889892578125
213,524437	-0,0298075675964355
213,624448	-0,0340622067451477
213,724787	-0,0370282530784607
213,825663	-0,0393556952476501
213,926047	-0,040043830871582
214,026615	-0,0391882658004761
214,127401	-0,0366411805152893
214,227849	-0,0329278111457825
214,328047	-0,0293147563934326
214,428423	-0,0251173377037048
214,528923	-0,0222273468971252
214,629967	-0,0198845267295837
214,730489	-0,019246518611908
214,831313	-0,0201248526573181
214,932254	-0,0226079821586609
215,032890	-0,0256275534629822
215,133285	-0,0298519134521484
215,233576	-0,0333527326583862
215,333990	-0,0369619727134705
215,434994	-0,0392804741859436
215,535608	-0,0399042963981628
215,636151	-0,03901606798172
215,736985	-0,0369524955749512
215,838682	-0,0333227515220642
215,939258	-0,0290630459785461
216,039514	-0,0255346894264221
216,141131	-0,0219720005989075
216,243021	-0,0197253227233887
216,343358	-0,0191181898117065
216,443770	-0,0199946761131287
216,543797	-0,022024393081665
216,645288	-0,025609016418457
216,745586	-0,0298671722412109
216,846768	-0,0334216952323914
216,947562	-0,0370112657546997
217,047813	-0,039017915725708
217,148522	-0,0399242043495178
217,249829	-0,0389999747276306
217,350159	-0,0369894504547119
217,450849	-0,0334045886993408
217,552358	-0,0291011929512024
217,653766	-0,0255517959594727
217,754716	-0,0220115184783936
217,856165	-0,0197367668151855
217,956846	-0,0191510915756226
218,057654	-0,0200662016868591
218,158755	-0,0225322246551514
218,259695	-0,025568962097168
218,360051	-0,0291135907173157
218,461510	-0,0339832901954651
218,562447	-0,0369126796722412
218,662676	-0,0388935804367065
218,763345	-0,0397293567657471
218,864067	-0,0387913584709167
218,964999	-0,0367075204849243
219,065465	-0,0330829620361328
219,166963	-0,0288695096969604
219,267479	-0,0253865122795105
219,367895	-0,0218614935874939
219,469852	-0,019681453704834
219,571570	-0,0190848112106323
219,672296	-0,0197644233703613
219,773349	-0,022598922252655
219,873848	-0,0256800055503845
219,974178	-0,02919602394104
220,074830	-0,0341069102287292
220,175949	-0,0369444489479065
220,275949	-0,0389153361320496
220,377895	-0,0397198796272278
220,478159	-0,0387837886810303
220,578972	-0,0367349982261658
220,680474	-0,0331472158432007
220,781789	-0,0288876295089722
220,882300	-0,0253898501396179
220,983268	-0,0224341154098511
221,085049	-0,0197501182556152
221,186622	-0,0192660689353943
221,287772	-0,0199798941612244
221,388278	-0,0228270888328552
221,489395	-0,0259020328521729
221,590556	-0,0293981432914734
221,691771	-0,0342704057693481
221,793732	-0,0371395349502563
221,894141	-0,0391139984130859
221,995689	-0,0399038195610046
222,095749	-0,038916289806366
222,195858	-0,0368022918701172
222,297856	-0,0331738591194153
222,398297	-0,0289486646652222
222,498514	-0,0254889130592346
222,599992	-0,0220344066619873
222,700181	-0,0198978781700134
222,802054	-0,0193790793418884
222,902445	-0,0203717947006226
223,004442	-0,0230019092559814
223,106407	-0,0260645151138306
223,206482	-0,0302836894989014
223,308003	-0,0337840914726257
223,408301	-0,0372613072395325
223,508646	-0,0394101142883301
223,609507	-0,0399327278137207
223,709521	-0,038881242275238
223,810128	-0,0367900133132935
223,910558	-0,0332099795341492
224,011286	-0,0289205312728882
224,111424	-0,025457501411438
224,212998	-0,0220396518707275
224,313472	-0,0201444029808044
224,414352	-0,0194558501243591
224,514392	-0,0202049612998962
224,614783	-0,0225241780281067
224,715837	-0,0261335968971252
224,816491	-0,0296312570571899
224,918233	-0,0337769985198975
225,020202	-0,0372674465179443
225,120696	-0,0393542647361755
225,221365	-0,0398267507553101
225,322362	-0,0388126373291016
225,423160	-0,0366421341896057
225,523653	-0,0329844951629639
225,624905	-0,0294811129570007
225,724950	-0,0252916812896729
225,825706	-0,0219119787216187
225,927188	-0,0201043486595154
226,028439	-0,0193652510643005
226,130133	-0,0204256176948547
226,232013	-0,022510826587677
226,332870	-0,0260787606239319
226,434748	-0,0303342342376709
226,535826	-0,0337978601455688
226,636345	-0,0371831655502319
226,736380	-0,0393272638320923
226,837955	-0,0397284030914307
226,938774	-0,0389006733894348
227,038830	-0,035957932472229
227,140296	-0,0328227281570435
227,241159	-0,0293161869049072
227,341831	-0,0245957374572754
227,442566	-0,0218119025230408
227,543711	-0,0199903845787048
227,644336	-0,019436776638031
227,744637	-0,0204294323921204
227,846110	-0,0225827693939209
227,948002	-0,026246964931488
228,048930	-0,0304209589958191
228,149857	-0,0338987112045288
228,250210	-0,036806046962738
228,350588	-0,0392913222312927
228,450738	-0,0397463440895081
228,551889	-0,0389375686645508
228,652383	-0,0358920097351074
228,754316	-0,0328179597854614
228,854796	-0,0292870998382568
228,954884	-0,024506688117981
229,055117	-0,0218204855918884
229,156712	-0,0199784636497498
229,256789	-0,0193490386009216
229,358240	-0,0205252766609192
229,459030	-0,0226332545280457
229,559843	-0,025578498840332
229,660431	-0,0305005311965942
229,761371	-0,0338383316993713
229,863035	-0,0367326140403748
229,963081	-0,0392520427703857
230,063935	-0,0396261811256409
230,165353	-0,0388193130493164
230,266291	-0,0358057022094727
230,366569	-0,0326380133628845
230,467170	-0,0291697978973389
230,568085	-0,0250935554504395
230,668824	-0,0217609405517578
230,769838	-0,0200623869895935
230,869893	-0,0194491744041443
230,970493	-0,020611047744751
231,071176	-0,0227856636047363
231,171483	-0,0257943272590637
231,272083	-0,0306310653686523
231,372138	-0,0340750813484192
231,473865	-0,0368638634681702
231,575825	-0,039305567741394
231,676733	-0,0396767854690552
231,777401	-0,0388112664222717
231,879289	-0,0363165140151978
231,979339	-0,0326946973800659
232,081263	-0,0291555523872375
232,181808	-0,0250883102416992
232,281892	-0,0218347907066345
232,383817	-0,0200657248497009
232,485488	-0,0195698142051697
232,587065	-0,0208145976066589
232,687791	-0,0229571461677551
232,788031	-0,0266534686088562
232,889970	-0,030816912651062
232,990907	-0,0341449379920959
233,091581	-0,0375032424926758
233,192029	-0,0392213463783264
233,293833	-0,039715588092804
233,395147	-0,0388391613960266
233,495618	-0,0362780690193176
233,597312	-0,0325766205787659
233,698258	-0,0284438133239746
233,799224	-0,0250449180603027
233,901041	-0,021817147731781
234,002511	-0,0199779868125916
234,103348	-0,0196185111999512
234,204873	-0,0209046602249146
234,305844	-0,0236683487892151
234,405940	-0,02674400806427
234,507641	-0,0302460193634033
234,609224	-0,0349507331848145
234,709888	-0,0375368595123291
234,810612	-0,0392941832542419
234,911709	-0,0397931337356567
235,012578	-0,0385184288024902
235,114458	-0,03634113073349
235,215967	-0,0326189994812012
235,316345	-0,028388500213623
235,416471	-0,0251283049583435
235,516660	-0,021880030632019
235,616767	-0,0200352072715759
235,716940	-0,0197610855102539
235,817577	-0,0206029415130615
235,919048	-0,0236778259277344
236,020958	-0,0268388986587524
236,121791	-0,0302927494049072
236,222505	-0,0349336862564087
236,323798	-0,0375913381576538
236,424883	-0,0391541719436646
236,525197	-0,0396129488945007
236,625773	-0,0383267998695374
236,727640	-0,0360419154167175
236,828788	-0,0324047803878784
236,930195	-0,0282273888587952
237,030253	-0,0248662829399109
237,131648	-0,0221506357192993
237,233259	-0,0199155211448669
237,335231	-0,0196385383605957
237,435761	-0,021001398563385
237,536376	-0,0237612128257751
237,638362	-0,0268707871437073
237,738624	-0,0311042070388794
237,839111	-0,0343683362007141
237,940349	-0,0375511050224304
238,041034	-0,0392298698425293
238,141518	-0,0395883917808533
238,241945	-0,0382487177848816
238,342474	-0,0360020399093628
238,442700	-0,0322200655937195
238,543183	-0,0280653238296509
238,644392	-0,0248072147369385
238,745303	-0,0215851068496704
238,845561	-0,0198530554771423
238,945797	-0,0196528434753418
239,046621	-0,0205753445625305
239,146773	-0,0232005715370178
239,247573	-0,0269036889076233
239,348547	-0,0303218364715576
239,449561	-0,0343707203865051
239,551469	-0,0375255346298218
239,651990	-0,0390623807907104
239,752346	-0,0394923686981201
239,852387	-0,0380892753601074
239,952554	-0,0357667803764343
240,053133	-0,0327851176261902
240,154986	-0,0278822779655457
240,256451	-0,0245881080627441
240,357606	-0,0219839215278625
240,457844	-0,0199384093284607
240,559307	-0,0196242332458496
240,660137	-0,0207287669181824
240,760209	-0,0232910513877869
240,861411	-0,0270624160766602
240,962723	-0,0305801033973694
241,062750	-0,0344938039779663
241,164170	-0,0377077460289001
241,264855	-0,0392932295799255
241,365658	-0,0395486354827881
241,467022	-0,038234531879425
241,568278	-0,0358915328979492
241,668816	-0,0320863127708435
241,770837	-0,0286816954612732
241,871727	-0,0246976613998413
241,972453	-0,0215984582901001
242,072934	-0,0201539397239685
242,173437	-0,019805908203125
242,274352	-0,021209180355072
242,375945	-0,0235997438430786
242,476434	-0,0272959470748901
242,577368	-0,0307935476303101
242,677764	-0,0348458290100098
242,779458	-0,0378819108009338
242,880366	-0,0394138693809509
242,980728	-0,0397359132766724
243,082226	-0,0385869741439819
243,182602	-0,0359152555465698
243,283654	-0,0321743488311768
243,384345	-0,0286030173301697
243,485213	-0,0246771574020386
243,585581	-0,0216141939163208
243,685875	-0,0200380682945251
243,786657	-0,0198516249656677
243,887780	-0,021293044090271
243,988966	-0,0235964059829712
244,089598	-0,0274441838264465
244,189973	-0,0308836102485657
244,291121	-0,034798264503479
244,391272	-0,0375325679779053
244,492195	-0,0394247174263
244,593906	-0,0396498441696167
244,694309	-0,038598358631134
244,795979	-0,0357672572135925
244,896021	-0,0319691300392151
244,997211	-0,0285243988037109
245,098056	-0,0244899988174438
245,199888	-0,0214850902557373
245,300693	-0,0200480818748474
245,402127	-0,0197515487670898
245,503689	-0,0212525129318237
245,603863	-0,0235940217971802
245,705833	-0,0266220569610596
245,805896	-0,0315191149711609
245,907576	-0,0347883105278015
246,007787	-0,0373839139938354
246,108475	-0,0394800305366516
246,209861	-0,0395169258117676
246,310622	-0,0383149385452271
246,410645	-0,0356111526489258
246,510767	-0,0318086743354797
246,612204	-0,0283046364784241
246,713587	-0,0244423747062683
246,814115	-0,0213926434516907
246,916010	-0,0199102759361267
247,017050	-0,0196924209594727
247,117311	-0,0212382078170776
247,217873	-0,0235973596572876
247,319677	-0,0267573595046997
247,420475	-0,0315424203872681
247,521101	-0,0347987413406372
247,621334	-0,0374914407730103
247,722058	-0,0394200086593628
247,823342	-0,0395032167434692
247,923926	-0,038388729095459
248,025675	-0,035539984703064
248,126438	-0,0318143963813782
248,227210	-0,0283542275428772
248,327502	-0,025003969669342
248,428460	-0,0215041041374207
248,528687	-0,0200819373130798
248,629508	-0,0197663307189941
248,731245	-0,0214836597442627
248,832621	-0,0238193273544312
248,933590	-0,0268846154212952
249,035522	-0,031788170337677
249,135814	-0,0349687933921814
249,236285	-0,0375605821609497
249,336853	-0,0394346117973328
249,437340	-0,0395089387893677
249,538008	-0,0383163690567017
249,638484	-0,0355556607246399
249,738800	-0,0316777229309082
249,840106	-0,0282264351844788
