0,100074	0,009919673204422
0,200364	0,0154421031475067
0,300947	0,0218164026737213
0,401071	0,0270393788814545
0,501358	0,0323289334774017
0,601532	0,0355869829654694
0,702513	0,0364271700382233
0,802820	0,0354763567447662
0,903433	0,0311767160892487
1,004367	0,0266121923923492
1,105114	0,0213576853275299
1,205491	0,014910876750946
1,306494	0,00959160923957825
1,407198	0,00662869215011597
1,508306	0,00532868504524231
1,609529	0,00686517357826233
1,710146	0,0100091993808746
1,810303	0,0154711604118347
1,910792	0,0219289064407349
2,012264	0,0271313488483429
2,113267	0,0315613746643066
2,214098	0,0356045067310333
2,314682	0,0363711416721344
2,414795	0,0353088080883026
2,515135	0,0318441092967987
2,615275	0,0264135301113129
2,716208	0,0211121439933777
2,818205	0,0147706568241119
2,918696	0,00939685106277466
3,019392	0,00646016001701355
3,120600	0,00530353188514709
3,220640	0,00677111744880676
3,321624	0,00994253158569336
3,422631	0,0154830813407898
3,523313	0,0217936038970947
3,624828	0,0270256102085114
3,725924	0,0314693748950958
3,826405	0,0353444218635559
3,926792	0,0361361801624298
4,027099	0,0350359082221985
4,127340	0,0314565598964691
4,227449	0,0260934829711914
4,328082	0,0208204686641693
4,428962	0,0144520998001099
4,530156	0,00922885537147522
4,631581	0,0063343346118927
4,731700	0,00517448782920837
4,832070	0,00636139512062073
4,933982	0,0099906325340271
5,035007	0,01548832654953
5,135514	0,0208385586738586
5,235519	0,0270436406135559
5,335913	0,0314048528671265
5,436732	0,0349542796611786
5,536784	0,035963386297226
5,637967	0,0348285138607025
5,738113	0,0313080847263336
5,838187	0,0268464386463165
5,939316	0,0205833911895752
6,039846	0,0143290460109711
6,139962	0,0097929835319519
6,240270	0,00624272227287292
6,340470	0,00519818067550659
6,440846	0,00633814930915833
6,541844	0,0100849270820618
6,642374	0,0146185457706451
6,743890	0,0209040939807892
6,844873	0,0261935293674469
6,945870	0,031556636095047
7,046936	0,0349969863891602
7,148007	0,0360768139362335
7,248734	0,034909188747406
7,349968	0,031284362077713
7,450370	0,0269052088260651
7,551693	0,020610511302948
7,653140	0,0142904222011566
7,753142	0,00989776849746704
7,853147	0,00631582736968994
7,953751	0,00527125597000122
8,055466	0,00653800368309021
8,156324	0,0102106928825378
8,257962	0,0147553980350494
8,359803	0,0211330354213715
8,460333	0,0272669494152069
8,560645	0,0316273272037506
8,661387	0,0350867211818695
8,761815	0,0360070466995239
8,861940	0,034810483455658
8,963756	0,0311658084392548
9,064479	0,0266226232051849
9,166403	0,0203643441200256
9,266827	0,0140753090381622
9,367812	0,00961968302726746
9,468471	0,00617817044258118
9,568800	0,00515976548194885
9,668854	0,00639083981513977
9,769014	0,0102373659610748
9,869267	0,0147577822208405
9,969268	0,0210769772529602
10,069941	0,0263675451278687
10,170839	0,0316396653652191
10,271614	0,0350212156772614
10,371881	0,0360170304775238
10,472674	0,0347255170345306
10,572822	0,0310519635677338
10,672980	0,0266249775886536
10,774600	0,0213695764541626
10,874806	0,0140271484851837
10,975828	0,00963872671127319
11,077179	0,00652185082435608
11,178147	0,00513604283332825
11,278268	0,00647437572479248
11,378696	0,0094178318977356
11,479387	0,0147811472415924
11,579496	0,02112877368927
11,679894	0,0263130366802216
11,781152	0,0316292345523834
11,881448	0,0350511074066162
11,982127	0,0359947085380554
12,082233	0,0351569354534149
12,182747	0,0311155021190643
12,283923	0,0266031920909882
12,384274	0,0214502811431885
12,485567	0,0151207149028778
12,587567	0,00971445441246033
12,689090	0,00671985745429993
12,789738	0,0053163468837738
12,889883	0,00661158561706543
12,989952	0,00964349508285522
13,090394	0,0149652361869812
13,191378	0,021275520324707
13,292541	0,0265235304832458
13,394307	0,031739741563797
13,495659	0,0350705683231354
13,596182	0,0360018312931061
13,697796	0,0350373387336731
13,799619	0,0309343338012695
13,900270	0,0264709293842316
14,001235	0,0201486051082611
14,103088	0,0149175524711609
14,204032	0,00957158207893372
14,304681	0,00608512759208679
14,405407	0,00520199537277222
14,505531	0,00660115480422974
14,607457	0,00961348414421082
14,709272	0,0150606036186218
14,809825	0,0214037597179413
14,910265	0,0265884697437286
15,011729	0,0318986475467682
15,113686	0,0352290868759155
15,214277	0,036083459854126
15,315870	0,0348584353923798
15,417746	0,0318740010261536
15,518613	0,0266036689281464
15,619517	0,0203886032104492
15,719808	0,0150806307792664
15,821551	0,00904372334480286
15,922986	0,00639984011650085
16,024985	0,00542595982551575
16,125669	0,00684189796447754
16,225832	0,0107056796550751
16,327286	0,0152704417705536
16,427563	0,0216549634933472
16,528730	0,0278268754482269
16,629505	0,03204146027565
16,729909	0,0353923439979553
16,830375	0,0361997783184052
16,930995	0,034843236207962
17,031053	0,0319062471389771
17,131313	0,0255667269229889
17,231787	0,0202469825744629
17,332236	0,0150377154350281
17,432914	0,00965920090675354
17,533843	0,00626504421234131
17,634724	0,00542262196540833
17,735664	0,00679486989974976
17,837345	0,0106813907623291
17,938094	0,0153391063213348
18,038366	0,0216240882873535
18,138719	0,027787983417511
18,239261	0,03204146027565
18,341118	0,0348593890666962
18,442201	0,0360250771045685
18,543054	0,0346510410308838
18,645739	0,0315466821193695
18,746545	0,0252338349819183
18,846872	0,0198995172977448
18,946885	0,0146028101444244
19,048227	0,0093216598033905
19,148295	0,00597500801086426
19,249533	0,00511705875396729
19,350160	0,00666335225105286
19,450973	0,0105818212032318
19,551780	0,0152504146099091
19,653290	0,0216896235942841
19,753404	0,027832567691803
19,853945	0,0320846140384674
19,955346	0,0349808633327484
20,056561	0,0360711216926575
20,157322	0,0346704721450806
20,257611	0,0316159427165985
20,359296	0,0252015888690948
20,460432	0,0198971629142761
20,560652	0,0146647989749908
20,660748	0,00861647725105286
20,761330	0,00604858994483948
20,862928	0,00523710250854492
20,964948	0,00674787163734436
21,065360	0,0107542872428894
21,165601	0,0154502093791962
21,267552	0,0218349099159241
21,369062	0,028010368347168
21,470926	0,0322136580944061
21,571681	0,0353823900222778
21,671718	0,0360839366912842
21,772304	0,0346363186836243
21,872879	0,0315139591693878
21,973130	0,025126188993454
22,074545	0,0197626054286957
22,176065	0,0144931077957153
22,276611	0,00852227210998535
22,378350	0,00592043995857239
22,478929	0,00513604283332825
22,580196	0,0066923201084137
22,681178	0,0106566250324249
22,781493	0,015327662229538
22,882575	0,0216915309429169
22,983092	0,027793675661087
23,084707	0,0319532155990601
23,185702	0,035099983215332
23,286435	0,0357151329517365
23,386641	0,0342666208744049
23,487240	0,0303756594657898
23,587868	0,0247387588024139
23,689323	0,0194644927978516
23,790126	0,0142751634120941
23,890307	0,00905942916870117
23,991214	0,00587677955627441
24,092923	0,005176842212677
24,193010	0,00677633285522461
24,293611	0,0108352899551392
24,393875	0,0155288577079773
24,495516	0,0218710005283356
24,595660	0,0279823839664459
24,695787	0,0320736765861511
24,797379	0,0347986221313477
24,898596	0,0357402861118317
24,999201	0,0342092216014862
25,099483	0,0310600101947784
25,199887	0,0256729423999786
25,301562	0,0193280279636383
25,401706	0,0141416192054749
25,502572	0,00898706912994385
25,603401	0,00583499670028687
25,703797	0,00518301129341125
25,805754	0,00685092806816101
25,906221	0,0109101235866547
26,007144	0,0156232714653015
26,109031	0,0219683349132538
26,209375	0,0280084908008575
26,309751	0,0320855677127838
26,410065	0,034772515296936
26,510753	0,0355826914310455
26,611602	0,0340369641780853
26,712963	0,0308428108692169
26,813851	0,0253775119781494
26,913944	0,0190745294094086
27,014791	0,0138974189758301
27,115473	0,00877061486244202
27,215714	0,00571256875991821
27,316319	0,00509095191955566
27,416800	0,00635048747062683
27,517218	0,0109601616859436
27,618106	0,0156752467155457
27,718455	0,0209667980670929
27,819351	0,0280762612819672
27,919564	0,0321135222911835
28,020498	0,0347540080547333
28,121454	0,0355561077594757
28,221873	0,0339202284812927
28,322507	0,0307109653949738
28,423605	0,0252461731433868
28,524053	0,0189137160778046
28,625170	0,0137657821178436
28,725485	0,00941354036331177
28,825788	0,00564280152320862
28,926046	0,00507625937461853
29,027773	0,00638514757156372
29,129464	0,010983020067215
29,231296	0,0157496333122253
29,331791	0,0210489630699158
29,432678	0,0280919075012207
29,533161	0,0321500599384308
29,633679	0,0347563922405243
29,734667	0,0355850756168365
29,835451	0,0338713526725769
29,936683	0,0306080281734467
30,037397	0,0251366496086121
30,138072	0,0188442766666412
30,240023	0,0136894583702087
30,341057	0,00863549113273621
30,441106	0,00566607713699341
30,541953	0,00509807467460632
30,642111	0,00643214583396912
30,742718	0,0111088454723358
30,843555	0,0158325731754303
30,945415	0,0211368501186371
31,047063	0,0281919538974762
31,147320	0,0321567356586456
31,247964	0,0347464084625244
31,349787	0,0355598926544189
31,451065	0,0337512791156769
31,551092	0,0305160284042358
31,652883	0,0250351428985596
31,754461	0,0187229514122009
31,855016	0,0136393904685974
31,955229	0,00861266255378723
32,056069	0,00566369295120239
32,156362	0,005199134349823
32,257764	0,00703611969947815
32,358522	0,0112304091453552
32,458727	0,0160161256790161
32,559448	0,0212570130825043
32,660901	0,0273357033729553
32,761506	0,0322335660457611
32,861527	0,0347373783588409
32,962766	0,0355366468429565
33,063388	0,0337607860565186
33,164603	0,0304647982120514
33,266307	0,0250375270843506
33,367001	0,0187824368476868
33,467197	0,0137004256248474
33,567869	0,00880056619644165
33,668815	0,00594133138656616
33,770531	0,00549191236495972
33,872202	0,00743559002876282
33,973211	0,0116460621356964
34,073785	0,0163678824901581
34,174899	0,0226969420909882
34,276672	0,0276628434658051
34,377233	0,0324403941631317
34,477339	0,0349428951740265
34,579147	0,0356059372425079
34,680492	0,033714771270752
34,781254	0,0296050012111664
34,881741	0,0248895585536957
34,981880	0,0186201632022858
35,083642	0,0136141180992126
35,183917	0,00867021083831787
35,284475	0,00587108731269836
35,385224	0,00550520420074463
35,485453	0,00739237666130066
35,585551	0,0108300447463989
35,685663	0,0164617896080017
35,786214	0,0216316878795624
35,886991	0,0276647508144379
35,987215	0,0324237942695618
36,088570	0,0347801148891449
36,189366	0,0354498028755188
36,289930	0,0334813296794891
36,390928	0,0300872921943665
36,491429	0,0246292054653168
36,592551	0,0182946622371674
36,694448	0,0132368505001068
36,795197	0,0084361732006073
36,895335	0,00559535622596741
36,995462	0,00524374842643738
37,096358	0,00729784369468689
37,196677	0,0106823444366455
37,297442	0,0163149833679199
37,397614	0,0216017663478851
37,499122	0,0275319814682007
37,600248	0,0322900116443634
37,701725	0,0347113013267517
37,802248	0,0352267026901245
37,902365	0,0333247482776642
38,003583	0,0299730002880096
38,104248	0,0243892073631287
38,204771	0,0182037353515625
38,306719	0,0131963193416595
38,407509	0,00831824541091919
38,507623	0,00594228506088257
38,608001	0,00534242391586304
38,708226	0,00681671500205994
38,809154	0,0108782052993774
38,909232	0,0164560675621033
39,010020	0,0216440558433533
39,111768	0,02768275141716
39,211969	0,0322771966457367
39,313672	0,0346358418464661
39,414969	0,0352589786052704
39,515727	0,0331876277923584
39,616493	0,0298563241958618
39,717141	0,0244034230709076
39,817761	0,0181099474430084
39,918286	0,013197273015976
40,019029	0,00915220379829407
40,119953	0,00604289770126343
40,220017	0,0055825412273407
40,321853	0,00716295838356018
40,422967	0,0110831260681152
40,523406	0,0167853832244873
40,624039	0,0219569504261017
40,725028	0,0278041064739227
40,826715	0,0324892699718475
40,926932	0,0347392857074738
41,027420	0,0351659655570984
41,127739	0,0331757664680481
41,227957	0,0297116935253143
41,329706	0,0251257419586182
41,430707	0,0179776251316071
41,531369	0,0129750072956085
41,631825	0,00890907645225525
41,732069	0,00599923729896545
41,832298	0,00545346736907959
41,933666	0,00708267092704773
42,035241	0,0111960768699646
42,135257	0,0167667865753174
42,236243	0,022018164396286
42,336616	0,0279719531536102
42,437623	0,0324830710887909
42,538461	0,0348014533519745
42,639170	0,0352490246295929
42,739301	0,0330908298492432
42,840028	0,029724508523941
42,940276	0,0251731276512146
43,041973	0,018924206495285
43,142669	0,0130475163459778
43,242922	0,00900229811668396
43,343705	0,00599923729896545
43,445010	0,00566083192825317
43,545602	0,0072607696056366
43,646995	0,0112890303134918
43,747304	0,017029345035553
43,848126	0,0221648514270782
43,948232	0,0271033942699432
44,049078	0,0326363146305084
44,149160	0,0347791612148285
44,249366	0,0352813005447388
44,349676	0,0330989062786102
44,450674	0,0295870006084442
44,552470	0,0250574350357056
44,652849	0,0189708173274994
44,753416	0,0129974186420441
44,854206	0,00906655192375183
44,955397	0,00623512268066406
45,056761	0,00581839680671692
45,156940	0,00758814811706543
45,258299	0,0109163224697113
45,358947	0,0173346996307373
45,460619	0,0225906372070313
45,561394	0,0275149047374725
45,662384	0,0328455567359924
45,763207	0,0350667536258698
45,863605	0,0354887247085571
45,963858	0,0336654186248779
46,064336	0,0296984016895294
46,164661	0,025086373090744
46,265453	0,0188899636268616
46,366392	0,0130441784858704
46,467241	0,00903370976448059
46,567267	0,00648340582847595
46,667537	0,00592330098152161
46,767937	0,00757244229316711
46,867957	0,0108815431594849
46,968559	0,0173923373222351
47,068800	0,0224781334400177
47,169897	0,0273726880550385
47,270191	0,0321097373962402
47,370964	0,0347402393817902
47,471619	0,0351564586162567
47,572426	0,0333417952060699
47,673723	0,029224693775177
47,775046	0,0246984362602234
47,875933	0,0195833742618561
47,976772	0,0126144886016846
48,077006	0,00879579782485962
48,177357	0,00631296634674072
48,279260	0,00574862957000732
48,379860	0,00759050250053406
48,479867	0,0109086930751801
48,581587	0,0163812339305878
48,682598	0,022609144449234
48,783415	0,0274229347705841
48,884238	0,0320713222026825
48,985242	0,0347677767276764
49,086042	0,0350416004657745
49,186357	0,0331482589244843
49,288322	0,0290781557559967
49,389124	0,0244105458259583
49,489340	0,0193013846874237
49,590665	0,0124394595623016
49,691855	0,00851845741271973
49,792937	0,00612977147102356
49,893762	0,0056760311126709
49,994314	0,0074455738067627
50,095316	0,0108739137649536
50,195716	0,0174089968204498
50,295881	0,0225289165973663
50,397054	0,0274285972118378
50,497102	0,0320490300655365
50,597762	0,0346325039863586
50,697767	0,0349751710891724
50,799617	0,0335107445716858
50,901265	0,0288865864276886
51,002667	0,0243332386016846
51,103473	0,0191982090473175
51,203630	0,0123574435710907
51,304224	0,00860360264778137
51,405353	0,00619712471961975
51,505518	0,00583359599113464
51,606073	0,00774732232093811
51,706150	0,01114222407341
51,806938	0,0167258083820343
51,907740	0,0229066908359528
52,007919	0,0276964902877808
52,108204	0,0323184728622437
52,209648	0,0348963737487793
52,309736	0,0351066291332245
52,410993	0,0336430966854095
52,511751	0,0290170013904572
52,613354	0,0243484079837799
52,715356	0,019264280796051
52,815983	0,0124365985393524
52,916862	0,00861218571662903
53,017274	0,00632911920547485
53,118097	0,00594606995582581
53,218203	0,00782290101051331
53,319161	0,011291891336441
53,420166	0,0168034732341766
53,522088	0,0229085981845856
53,623159	0,027744859457016
53,723405	0,0316429734230042
53,824295	0,0347492694854736
53,925626	0,0350136160850525
54,026387	0,0334509611129761
54,127163	0,0287642478942871
54,227283	0,0241601169109344
54,327802	0,0190036594867706
54,428063	0,0131257176399231
54,528254	0,00851893424987793
54,628457	0,00617295503616333
54,730157	0,00574579834938049
54,831762	0,00785428285598755
54,931787	0,0112499296665192
55,033131	0,0168449282646179
55,133584	0,0229674279689789
55,233605	0,0276893973350525
55,335150	0,0315983891487122
55,436555	0,034649133682251
55,537368	0,0347715616226196
55,638761	0,033255010843277
55,740594	0,0284996926784515
55,840857	0,023835688829422
55,941321	0,0187838673591614
56,043116	0,0119864642620087
56,144844	0,00828161835670471
56,245238	0,00608229637145996
56,345726	0,00563427805900574
56,446435	0,00781291723251343
56,547064	0,0113323926925659
56,647827	0,0168444514274597
56,748847	0,0229859352111816
56,850560	0,0277538597583771
56,950844	0,0321562588214874
57,051442	0,034580796957016
57,152185	0,0347193479537964
57,252378	0,0330680310726166
57,353156	0,0283650159835815
57,454676	0,0237222909927368
57,556424	0,0185949504375458
57,656430	0,0119602382183075
57,757285	0,00828638672828674
57,857659	0,00605857372283936
57,958914	0,00578472018241882
58,060596	0,00797975063323975
58,161290	0,0114882588386536
58,262502	0,0171417593955994
58,363341	0,0232231914997101
58,464559	0,0279435217380524
58,566217	0,0324171483516693
58,666895	0,0347250401973724
58,767043	0,0348114371299744
58,867727	0,0332293808460236
58,969159	0,0283863544464111
59,069750	0,0237536132335663
59,170921	0,0187043845653534
59,271637	0,0128448307514191
59,373290	0,00839051604270935
59,474513	0,00624415278434753
59,575771	0,00589293241500854
59,675911	0,0081774890422821
59,776403	0,0117266476154327
59,878095	0,0172789692878723
59,978649	0,0234144032001495
60,079620	0,0281227231025696
60,181165	0,0324617326259613
60,281177	0,0348043143749237
60,381419	0,034832775592804
60,481768	0,0326017141342163
60,582262	0,0291877090930939
60,683134	0,0236705839633942
60,783145	0,0185663998126984
60,884292	0,0128519833087921
60,984565	0,00836628675460815
61,085147	0,00622943043708801
61,185269	0,00605666637420654
61,286796	0,00829115509986877
61,387464	0,0118629932403564
61,487795	0,0175447463989258
61,589571	0,0235695242881775
61,689640	0,0282716155052185
61,790320	0,0326372683048248
61,891195	0,0348019301891327
61,991488	0,0348379909992218
62,092436	0,033145397901535
62,193691	0,0290321707725525
62,294342	0,0235813856124878
62,395656	0,0184897780418396
62,496519	0,0126831531524658
62,596899	0,0083458423614502
62,697869	0,00625839829444885
62,798543	0,006063312292099
62,900223	0,00848469138145447
63,000659	0,0120565593242645
63,102562	0,0176776349544525
63,204551	0,0238171815872192
63,305288	0,028436154127121
63,407063	0,0327297747135162
63,507329	0,0349651873111725
63,608073	0,0348669588565826
63,708193	0,0325865149497986
63,808912	0,0290961563587189
63,909627	0,0234955251216888
64,010856	0,0174685418605804
64,111566	0,0127708911895752
64,211598	0,00836533308029175
64,312258	0,00637659430503845
64,413775	0,006275475025177
64,514713	0,00860980153083801
64,616092	0,0122763812541962
64,716365	0,0178961753845215
64,817086	0,023903489112854
64,918636	0,0286030471324921
65,019120	0,0327995121479034
65,119713	0,0347060859203339
65,219776	0,034859836101532
65,321511	0,0324551165103912
65,422554	0,0288913249969482
65,522774	0,023402065038681
65,624124	0,0183051228523254
65,724307	0,0126059055328369
65,825023	0,00833156704902649
65,925720	0,00630110502243042
66,025929	0,00624603033065796
66,126997	0,00871065258979797
66,228812	0,012306421995163
66,329478	0,0179809629917145
66,429688	0,0240457952022552
66,531006	0,0286082625389099
66,631272	0,0328455567359924
66,731741	0,0347634851932526
66,832400	0,0347568690776825
66,933875	0,0324029326438904
67,034863	0,0288287699222565
67,135033	0,0232312679290771
67,235366	0,0182203948497772
67,337055	0,0125410258769989
67,437272	0,00824028253555298
67,538051	0,00636613368988037
67,638798	0,00632008910179138
67,738974	0,00878438353538513
67,839576	0,0124971568584442
67,940308	0,0181109011173248
68,040925	0,0231453776359558
68,141612	0,0287765860557556
68,242364	0,0323312878608704
68,342853	0,0347516238689423
68,443826	0,034797191619873
68,545123	0,0328621566295624
68,645782	0,0287329852581024
68,746170	0,0231842696666718
68,846817	0,0180951952934265
68,947194	0,0125057399272919
69,047673	0,00827735662460327
69,149101	0,0063457190990448
69,249629	0,00621232390403748
69,351254	0,00890764594078064
69,451637	0,0125510394573212
69,552343	0,0172351598739624
69,653178	0,0232625901699066
69,755021	0,0287419855594635
69,855287	0,0323289334774017
69,956784	0,0346595644950867
70,057095	0,0345727205276489
70,158385	0,0327074825763702
70,258597	0,0284944474697113
70,359276	0,022937536239624
70,459429	0,0179499685764313
70,560050	0,0123116672039032
70,660778	0,0081760585308075
70,760914	0,00637516379356384
70,862778	0,00642073154449463
70,963081	0,00843855738639832
71,064084	0,0127847194671631
71,164934	0,017409473657608
71,265188	0,0234708487987518
71,365896	0,0289624631404877
71,466447	0,0324327945709229
71,567014	0,0347853302955627
71,667721	0,0346329808235168
71,768116	0,0326690673828125
71,868799	0,0284906625747681
71,969041	0,0228592455387115
72,069841	0,0178276300430298
72,170216	0,0131328701972961
72,270684	0,00869116187095642
72,372067	0,0063338577747345
72,473334	0,00631439685821533
72,574774	0,00851893424987793
72,676523	0,0128600895404816
72,777667	0,0175633132457733
72,879561	0,0235500931739807
72,979774	0,0290340781211853
73,080732	0,0325267612934113
73,182624	0,0347435772418976
73,282744	0,0345917046070099
73,383120	0,0326183140277863
73,484974	0,0283199846744537
73,585343	0,0227619707584381
73,686591	0,0177376270294189
73,787384	0,0121619403362274
73,887441	0,00866213440895081
73,988255	0,00636756420135498
74,088765	0,00655841827392578
74,188794	0,00865545868873596
74,289129	0,0130303502082825
74,390318	0,017718106508255
74,492140	0,0237692594528198
74,592667	0,0292038321495056
74,694114	0,0326429605484009
74,794962	0,0348940193653107
74,896510	0,0346382260322571
74,996922	0,0326325297355652
75,097520	0,0283896625041962
75,198263	0,0227552950382233
75,298827	0,0177581012248993
75,399696	0,0122630298137665
75,499719	0,00874871015548706
75,599742	0,00652089715003967
75,700164	0,00658690929412842
75,800953	0,00886908173561096
75,901807	0,0133126676082611
76,002110	0,0180276036262512
76,102761	0,0239903032779694
76,203773	0,0294456779956818
76,303839	0,0328403413295746
76,404198	0,0347748994827271
76,505471	0,0347231328487396
76,606250	0,0326439142227173
76,706453	0,0291488170623779
76,807022	0,0237090289592743
76,908795	0,0176923871040344
77,010041	0,0130322575569153
77,110932	0,00875726342201233
77,211936	0,00654274225234985
77,313545	0,00662252306938171
77,415254	0,00901609659194946
77,515511	0,0134176015853882
77,616213	0,0181432962417603
77,716502	0,0241402089595795
77,817158	0,029490739107132
77,917376	0,0328687727451324
78,017676	0,0347853302955627
78,118344	0,0346215963363647
78,219135	0,0325348079204559
78,320337	0,0290326476097107
78,422027	0,0235391557216644
78,522230	0,017581433057785
78,622844	0,0129530727863312
78,723061	0,00868877768516541
78,823831	0,00657930970191956
78,924477	0,00670132040977478
79,025281	0,00909700989723206
79,125806	0,013599306344986
79,226281	0,0183155834674835
79,326382	0,0232862830162048
79,427096	0,0296505391597748
79,528871	0,0329470932483673
79,629577	0,034793883562088
79,731101	0,0348346829414368
79,831485	0,0324437320232391
79,931578	0,0289008319377899
80,031782	0,023426741361618
80,132442	0,01739901304245
80,232484	0,0127770900726318
80,332946	0,00915411114692688
80,434923	0,00642359256744385
80,535317	0,00660160183906555
80,636018	0,00850039720535278
80,736316	0,0134886801242828
80,837199	0,0182341933250427
80,937684	0,023211807012558
81,039602	0,0294707715511322
81,141123	0,0328052341938019
81,242092	0,0346225202083588
81,343390	0,0345869362354279
81,444646	0,0322226583957672
81,546581	0,0286523401737213
81,646743	0,0231501162052155
81,747487	0,0172237157821655
81,848510	0,0126173496246338
81,950217	0,00843760371208191
82,050303	0,00642311573028564
82,151531	0,00660446286201477
82,251668	0,00908416509628296
82,352440	0,0136212706565857
82,453383	0,0183151364326477
82,554295	0,0242744386196136
82,654788	0,028778463602066
82,755627	0,0328028500080109
82,856285	0,0346116125583649
82,957024	0,0345694124698639
83,058054	0,0320950448513031
83,158736	0,0285399854183197
83,260462	0,0230533182621002
83,361110	0,017065554857254
83,461197	0,0125357806682587
83,561333	0,00840765237808228
83,663023	0,0063818097114563
83,764998	0,0066567063331604
83,865745	0,00916269421577454
83,966022	0,013673722743988
84,066632	0,0184369683265686
84,168395	0,0243180692195892
84,268660	0,0287808477878571
84,369486	0,0328009426593781
84,470713	0,0345148146152496
84,572469	0,0344075858592987
84,673376	0,0319423079490662
84,774518	0,0283152461051941
84,875200	0,0228188931941986
84,976458	0,0169011652469635
85,077160	0,0123555362224579
85,177931	0,0083058774471283
85,278103	0,00638893246650696
85,379569	0,00666621327400208
85,479595	0,00927454233169556
85,580165	0,0129578411579132
85,681331	0,0185354650020599
85,781403	0,0244798064231873
85,881619	0,0289013087749481
85,981868	0,0328389108181
86,083872	0,0345731973648071
86,184079	0,0343971252441406
86,285975	0,0318597555160522
86,387560	0,0274248123168945
86,487602	0,0227406024932861
86,587744	0,0168335139751434
86,688012	0,0123650729656219
86,789280	0,0083058774471283
86,889646	0,00645872950553894
86,991793	0,00682193040847778
87,092884	0,00940591096878052
87,194545	0,0131538510322571
87,296053	0,0187729299068451
87,396499	0,0246348977088928
87,496766	0,0290857553482056
87,598547	0,0329788625240326
87,699164	0,0347597002983093
87,800200	0,0344208478927612
87,900222	0,0318298637866974
88,001583	0,0273252725601196
88,102209	0,0226551592350006
88,203021	0,0167210400104523
88,303157	0,0122329890727997
88,404090	0,00824692845344543
88,504524	0,006512850522995
88,605332	0,00674930214881897
88,707551	0,00942260026931763
88,808458	0,0131495594978333
88,910184	0,0197445452213287
89,010523	0,0246410667896271
89,111303	0,0290089249610901
89,212614	0,0328749716281891
89,314245	0,0346339344978333
89,415039	0,0342362821102142
89,515995	0,0316377580165863
89,617475	0,0271242558956146
89,719062	0,022418349981308
89,819926	0,0165189802646637
89,920642	0,0112694799900055
90,021205	0,00809431076049805
90,121411	0,00646251440048218
90,222328	0,00705084204673767
90,323535	0,00943544507026672
90,425161	0,0132072865962982
90,525562	0,019806832075119
90,626074	0,0246595442295074
90,727070	0,029024600982666
90,827482	0,0332768261432648
90,929194	0,0345309674739838
91,030044	0,0341048240661621
91,130252	0,0314309298992157
91,230706	0,0268634855747223
91,331682	0,0221852958202362
91,432127	0,017237514257431
91,532661	0,0110788345336914
91,633416	0,00799351930618286
91,734660	0,00638702511787415
91,834956	0,0070556104183197
91,936603	0,00954017043113708
92,037584	0,0133236348628998
92,138020	0,0199865102767944
92,239035	0,0248943269252777
92,339047	0,0292175710201263
92,439911	0,0330471992492676
92,541050	0,0347027480602264
92,642056	0,0342191755771637
92,742838	0,0315528512001038
92,843833	0,0269867479801178
92,944032	0,0222730934619904
93,044129	0,0173861384391785
93,144456	0,0112361311912537
93,245429	0,0081275999546051
93,345732	0,0066206157207489
93,446342	0,00697961449623108
93,547695	0,00976920127868652
93,647729	0,0136184096336365
93,749006	0,0192314684391022
93,849902	0,0251005887985229
93,951322	0,0294233858585358
94,052571	0,0331311523914337
94,152729	0,0347639620304108
94,253131	0,0342599749565125
94,353632	0,0320865213871002
94,454907	0,02692511677742
94,555796	0,0221980810165405
94,656358	0,0172475278377533
94,757151	0,0111803412437439
94,857541	0,00809144973754883
94,958038	0,00656697154045105
95,060006	0,00703755021095276
95,161009	0,00983870029449463
95,262517	0,0136722922325134
95,363370	0,0193413197994232
95,463796	0,0251409113407135
95,564641	0,0294707715511322
95,665270	0,0331790745258331
95,765353	0,0347093939781189
95,865981	0,0341536700725555
95,966792	0,0319911539554596
96,066933	0,0267364084720612
96,166955	0,0220267176628113
96,267678	0,0171298682689667
96,367783	0,0118033885955811
96,468316	0,0080249011516571
96,568862	0,00653561949729919
96,668863	0,00700905919075012
96,768899	0,00927978754043579
96,869313	0,0137858092784882
96,969804	0,019422173500061
97,070106	0,0243299305438995
97,170239	0,0295262634754181
97,270595	0,0326652824878693
97,371576	0,0345959663391113
97,471938	0,0340948402881622
97,572322	0,03189817070961
97,672991	0,0275191962718964
97,773843	0,0228720605373383
97,875777	0,0169650018215179
97,975856	0,0117280781269073
98,076457	0,00844761729240417
98,177229	0,00651997327804565
98,277472	0,00710785388946533
98,378098	0,00934973359107971
98,478504	0,0129916965961456
98,579621	0,0195510387420654
98,680397	0,0243735611438751
98,780779	0,028775155544281
98,881798	0,0327288210391998
98,982195	0,0345195531845093
99,082376	0,0342405438423157
99,182695	0,0317535102367401
99,283126	0,0273138880729675
99,384419	0,0227282643318176
99,486302	0,0168625712394714
99,587133	0,011607438325882
99,688279	0,00843808054924011
99,788667	0,00673553347587585
99,889305	0,00718194246292114
99,989694	0,0095553994178772
100,090140	0,013239711523056
100,190686	0,0187943279743195
100,291251	0,0246514976024628
100,392598	0,0290302932262421
100,493066	0,0329067409038544
100,594494	0,0347127020359039
100,695511	0,0343748331069946
100,796242	0,0318279564380646
100,896550	0,0274096429347992
100,998041	0,0227552950382233
101,099594	0,0169111788272858
101,200239	0,011734277009964
101,300792	0,00854653120040894
101,401660	0,00686848163604736
101,501915	0,00741660594940186
101,603304	0,00975871086120605
101,703743	0,0134638547897339
101,804617	0,0190393030643463
101,906177	0,0248388350009918
102,006702	0,029180109500885
102,108553	0,033006876707077
102,208583	0,0347060859203339
102,309285	0,0343406498432159
102,409712	0,0317596793174744
102,510138	0,0272579491138458
102,610308	0,0226418673992157
102,710333	0,0177361965179443
102,810658	0,0115998387336731
102,910686	0,00849184393882751
103,010977	0,00686517357826233
103,111086	0,00716817378997803
103,211851	0,00986063480377197
103,313583	0,0135821402072906
103,413862	0,0191529989242554
103,514663	0,0249763429164886
103,614811	0,0292664170265198
103,715279	0,0325608849525452
103,815686	0,0347245633602142
103,915928	0,0342728197574615
104,017054	0,0322287976741791
104,118015	0,0271194875240326
104,218647	0,022462010383606
104,318656	0,0175795257091522
104,419017	0,0122630298137665
104,519653	0,00841906666755676
104,619896	0,00687512755393982
104,720558	0,00725603103637695
104,821485	0,0100091993808746
104,922439	0,0137967765331268
105,022648	0,0184364914894104
105,122704	0,0242843925952911
105,222768	0,029513955116272
105,324223	0,0327444970607758
105,424967	0,0347032248973846
105,526829	0,034329742193222
105,627035	0,0322055816650391
105,728555	0,0279041528701782
105,829527	0,0223879516124725
105,929629	0,0175057053565979
106,030610	0,0122110545635223
106,130747	0,00840482115745544
106,230886	0,00687608122825623
106,330910	0,00731873512268066
106,431153	0,00953778624534607
106,532519	0,0139670372009277
106,632527	0,0186182856559753
106,732717	0,0244575142860413
106,832752	0,0296619236469269
106,932993	0,0328754484653473
107,033884	0,0348066687583923
107,134177	0,0346149504184723
107,234794	0,032239705324173
107,335552	0,0279051065444946
107,436543	0,0233289897441864
107,537329	0,0174604654312134
107,639012	0,012193888425827
107,739833	0,00893852114677429
107,841384	0,00696820020675659
107,942148	0,00722754001617432
108,043136	0,00968062877655029
108,144694	0,0141463875770569
108,245081	0,0187971889972687
108,345483	0,0246112048625946
108,447197	0,0298184156417847
108,547919	0,0329793393611908
108,648574	0,0348418056964874
108,749649	0,0343458652496338
108,851113	0,0321381986141205
108,951746	0,0277571678161621
109,051778	0,0221795737743378
109,153292	0,0172803997993469
109,253378	0,0120136439800262
109,354979	0,00877296924591064
109,455463	0,00682812929153442
109,555535	0,00708931684494019
109,655840	0,00960633158683777
109,756693	0,0140843689441681
109,857625	0,018733412027359
109,959475	0,0245831906795502
110,059491	0,0297240316867828
110,159548	0,0328630805015564
110,260136	0,0347103476524353
110,360973	0,0344142019748688
110,461678	0,0319470465183258
110,563619	0,0275661051273346
110,664899	0,0229427516460419
110,765108	0,017087459564209
110,865496	0,0126578807830811
110,967385	0,00862216949462891
111,068982	0,00677254796028137
111,170370	0,00709930062294006
111,271979	0,0102611780166626
111,373569	0,0141697525978088
111,474891	0,0188280940055847
111,575581	0,0246258676052094
111,677111	0,029783308506012
111,777219	0,0328854024410248
111,877377	0,0346695482730865
111,977770	0,0341143012046814
112,077855	0,0318550169467926
112,178591	0,0274295508861542
112,278718	0,0228359699249268
112,379346	0,0169926583766937
112,480096	0,0125620067119598
112,580378	0,00862789154052734
112,681167	0,00678727030754089
112,781357	0,00714442133903503
112,881944	0,00974586606025696
112,983542	0,0142341256141663
113,085498	0,0188790261745453
113,186066	0,0246908664703369
113,287372	0,0297652781009674
113,387721	0,0328521728515625
113,489593	0,0346163809299469
113,590528	0,0339676737785339
113,691223	0,0316590964794159
113,792209	0,0280601680278778
113,892988	0,0216074883937836
113,993283	0,0167967975139618
114,093505	0,0124413669109344
114,195210	0,00849470496177673
114,295761	0,00673410296440125
114,397145	0,00709548592567444
114,497908	0,00969871878623962
114,598902	0,0142450928688049
114,699966	0,0189213454723358
114,800213	0,0247207283973694
114,901053	0,0297918319702148
115,002237	0,032817542552948
115,102798	0,0344877541065216
115,204486	0,0338400304317474
115,305180	0,0315357744693756
115,405932	0,0279221832752228
115,507196	0,0215291380882263
115,607844	0,0167010128498077
115,709639	0,012315958738327
115,810275	0,00805628299713135
115,910868	0,00675404071807861
116,010949	0,00718763470649719
116,111552	0,00992396473884583
116,212242	0,0144525766372681
116,312412	0,0191149413585663
116,412979	0,0249023735523224
116,514178	0,0298554003238678
116,614208	0,0328839719295502
116,715018	0,0344545543193817
116,815301	0,034068763256073
116,915592	0,0314423441886902
117,016583	0,0278112292289734
117,117601	0,0222707092761993
117,218501	0,0165299475193024
117,319072	0,0122005641460419
117,419090	0,00834250450134277
117,520037	0,00672316551208496
117,620941	0,00715675950050354
117,721561	0,00983491539955139
117,821632	0,014473557472229
117,922552	0,0191553831100464
118,023075	0,0248999893665314
118,123245	0,0291995406150818
118,224621	0,0328735411167145
118,324721	0,0343411266803741
118,426453	0,0340288877487183
118,526692	0,0313332378864288
118,627494	0,0277202129364014
118,728432	0,0223020613193512
118,828462	0,0164617896080017
118,930208	0,0121147334575653
119,030681	0,00836107134819031
119,131218	0,00667473673820496
119,232839	0,00722754001617432
119,333966	0,00999969244003296
119,434618	0,014592319726944
119,535751	0,0192994773387909
119,636228	0,025061696767807
119,736892	0,0292498171329498
119,837349	0,0329802930355072
119,937870	0,0344716310501099
120,038508	0,0340065956115723
120,139504	0,0313417911529541
120,240080	0,0276044905185699
120,340177	0,022014856338501
120,440949	0,0162148773670197
120,541028	0,0118110179901123
120,641724	0,00793078541755676
120,742524	0,00639843940734863
120,843416	0,00669136643409729
120,943835	0,0093902051448822
121,044753	0,0131319165229797
121,145013	0,0185649693012238
121,245449	0,0233176052570343
121,347190	0,0284076929092407
121,447859	0,031875878572464
121,547932	0,0332198739051819
121,648016	0,0326628983020782
121,749541	0,0303533375263214
121,850937	0,0259284973144531
121,951265	0,0202564597129822
122,052106	0,0152485072612762
122,152944	0,00996348261833191
122,254259	0,00622421503067017
122,354583	0,00478446483612061
122,456409	0,00547149777412415
122,556655	0,00848090648651123
122,658348	0,0124451816082001
122,759038	0,018300861120224
122,859453	0,0232336223125458
122,960195	0,028484970331192
123,061382	0,0322008430957794
123,162925	0,0335486829280853
123,263113	0,0329873859882355
123,363737	0,0301584303379059
123,465470	0,0262864828109741
123,565570	0,0207273662090302
123,666129	0,0159193277359009
123,767311	0,0107552409172058
123,867962	0,0073215663433075
123,969342	0,00613686442375183
124,070145	0,00697198510169983
124,170610	0,009529709815979
124,270656	0,014286607503891
124,372405	0,0200421512126923
124,473083	0,0249654352664948
124,573185	0,0300612151622772
124,674847	0,0334751605987549
124,774882	0,0346908867359161
124,875421	0,0338836908340454
124,975958	0,0314333140850067
125,076358	0,0269023478031158
125,177056	0,02121901512146
125,277336	0,0163383483886719
125,378182	0,0112880766391754
125,479861	0,00777062773704529
125,580074	0,00658786296844482
125,680647	0,00749880075454712
125,781823	0,00998824834823608
125,882444	0,0147196352481842
125,982984	0,0205492079257965
126,083004	0,0253656506538391
126,183849	0,0304458439350128
126,285707	0,0334713459014893
126,387645	0,0349875092506409
126,489459	0,0341612696647644
126,589753	0,0309623181819916
126,690927	0,0242535471916199
126,790998	0,0154373347759247
126,891102	0,00729450583457947
126,992855	-0,00163191556930542
127,093840	-0,00739511847496033
127,194477	-0,0114342868328094
127,294696	-0,0113044679164886
127,395102	-0,00798243284225464
127,496734	-0,000783801078796387
127,597111	0,0100711286067963
127,697346	0,0206252336502075
127,799210	0,0332682728767395
127,899329	0,0426625609397888
128,000602	0,0504488348960876
128,100900	0,0534876585006714
128,201228	0,0522572696208954
128,302657	0,045966625213623
128,403211	0,0356923341751099
128,504047	0,025493711233139
128,604144	0,0124518573284149
128,705472	0,00289282202720642
128,807171	-0,00519055128097534
128,907673	-0,00874814391136169
129,008032	-0,00743529200553894
129,108953	-0,001598060131073
129,209836	0,00549569725990295
129,310240	0,0155193209648132
129,411708	0,0246979594230652
129,512385	0,0301072299480438
129,612635	0,0331719815731049
129,714181	0,0314105451107025
129,814330	0,0261475741863251
129,916315	0,0162263214588165
130,016782	0,00329425930976868
130,117811	-0,00806084275245667
130,218447	-0,0200487971305847
130,319172	-0,0275848209857941
130,419792	-0,0319178104400635
130,519992	-0,030250757932663
130,621824	-0,0247479975223541
130,723538	-0,0140793025493622
130,823750	-0,00072905421257019
130,924338	0,0104541182518005
131,024673	0,0222194492816925
131,126393	0,0302357375621796
131,227125	0,03298220038414
131,327398	0,0314598679542542
131,428875	0,0261930823326111
131,529661	0,0157338976860046
131,630319	0,00500604510307312
131,731050	-0,00861242413520813
131,831170	-0,020741730928421
131,931837	-0,0280207693576813
132,033069	-0,0321881175041199
132,133618	-0,0307247340679169
132,234051	-0,0252023041248322
132,335177	-0,0148311257362366
132,436800	-0,00198006629943848
132,537481	0,00903132557868958
132,639191	0,0203952491283417
132,740128	0,0271052718162537
132,840896	0,0308622419834137
132,941186	0,0291985869407654
133,041929	0,0239020884037018
133,143636	0,0138196647167206
133,244907	0,00323969125747681
133,345382	-0,0100880265235901
133,446260	-0,0216743946075439
133,546624	-0,0288104116916656
133,647234	-0,0327097773551941
133,748164	-0,030909389257431
133,848534	-0,0254576504230499
133,950221	-0,0149907767772675
134,050332	-0,0020296573638916
134,150464	0,00877156853675842
134,251858	0,020138144493103
134,352399	0,0268103778362274
134,454410	0,0302950143814087
134,556410	0,0292692482471466
134,657935	0,0218795537948608
134,759404	0,0130699276924133
134,859529	0,00264555215835571
134,961333	-0,0127376019954681
135,061514	-0,0222342312335968
135,161545	-0,0290864408016205
135,262258	-0,0329185426235199
135,363427	-0,0311015844345093
135,463738	-0,0254434645175934
135,563754	-0,0150247514247894
135,665617	-0,00213894248008728
135,766255	0,0087534487247467
135,866365	0,0199247300624847
135,966494	0,0264879763126373
136,067579	0,0300645232200623
136,169277	0,0288500785827637
136,270945	0,0215006172657013
136,372027	0,0128200054168701
136,472803	0,00232848525047302
136,573055	-0,0107061266899109
136,674701	-0,0220828056335449
136,775376	-0,0289495885372162
136,876350	-0,0325033664703369
136,976695	-0,0305282175540924
137,076758	-0,0249375402927399
137,177872	-0,0144059360027313
137,279693	-0,00163143873214722
137,379695	0,00900420546531677
137,480619	0,0184793174266815
137,580854	0,0273451805114746
137,681204	0,0297121703624725
137,782743	0,0285186469554901
137,882831	0,0208998322486877
137,983312	0,0121409595012665
138,083799	0,00179818272590637
138,185421	-0,0112535357475281
138,286339	-0,0224569141864777
138,386540	-0,028995543718338
138,487286	-0,0324034988880157
138,587511	-0,0301778316497803
138,687537	-0,024310827255249
138,788328	-0,0137841701507568
138,888533	-0,0030619204044342
138,989302	0,00983825325965881
139,089688	0,0191111266613007
139,190282	0,0270042717456818
139,291671	0,030105322599411
139,392065	0,0286030471324921
139,492807	0,0223362147808075
139,593398	0,0119611918926239
139,694945	0,00137123465538025
139,796573	-0,0116311013698578
139,898078	-0,022908091545105
139,999653	-0,0295358002185822
140,100327	-0,0327443182468414
140,201713	-0,0305301249027252
140,301976	-0,0246614813804626
140,402390	-0,0159552991390228
140,503405	-0,00117436051368713
140,604015	0,0094587504863739
140,704792	0,0188057422637939
140,804931	0,0265211760997772
140,905746	0,0295490324497223
141,006529	0,0281165540218353
141,106570	0,0216753780841827
141,207090	0,011372447013855
141,308399	0,000930368900299072
141,408753	-0,0121051967144012
141,508981	-0,0214990377426147
141,609982	-0,0295675098896027
141,709994	-0,0327305793762207
141,810228	-0,031028687953949
141,910932	-0,024285763502121
142,010955	-0,0156217813491821
142,111310	-0,00290331244468689
142,211911	0,00984251499176025
142,312479	0,0189903080463409
142,412750	0,0267203152179718
142,513528	0,0294342935085297
142,614758	0,0279164910316467
142,715030	0,0215186774730682
142,815129	0,0129740536212921
142,916504	0,00055396556854248
143,017172	-0,0123192369937897
143,118792	-0,0217272043228149
143,219811	-0,0296408832073212
143,321496	-0,0324214994907379
143,421694	-0,0307967066764832
143,522621	-0,0238397419452667
143,622735	-0,0150115489959717
143,722910	-0,00234416127204895
143,823836	0,00843951106071472
143,924306	0,0196418464183807
144,024574	0,0271375179290771
144,126193	0,0298065543174744
144,228038	0,0281696915626526
144,329451	0,0215229690074921
144,430388	0,0129821598529816
144,530565	0,000451266765594482
144,630978	-0,0125455558300018
144,731008	-0,0218535959720612
144,831859	-0,0298127830028534
144,931976	-0,0326307117938995
145,033415	-0,0308682024478912
145,134026	-0,0254562199115753
145,234101	-0,0152333974838257
145,335411	-0,00256091356277466
145,436447	0,00801396369934082
145,537495	0,0190340876579285
145,639457	0,0264542996883392
145,739675	0,0289326012134552
145,839721	0,0272323191165924
145,941266	0,0206176340579987
146,042256	0,0119979083538055
146,143224	-0,000366806983947754
146,244171	-0,0111507773399353
146,344186	-0,0223974585533142
146,444929	-0,0299879610538483
146,545089	-0,0325682461261749
146,645699	-0,0305992364883423
146,745905	-0,0249479413032532
146,846437	-0,0145274102687836
146,947192	-0,00180500745773315
147,047989	0,00886049866676331
147,149157	0,0198548436164856
147,250224	0,0271237790584564
147,350380	0,029537171125412
147,451156	0,0275684893131256
147,551577	0,0206960141658783
147,653017	0,0119431018829346
147,753262	0,00150376558303833
147,854586	-0,0116116106510162
147,956049	-0,0229397118091583
148,057065	-0,0297308564186096
148,157558	-0,0333327054977417
148,258479	-0,0313042402267456
148,360025	-0,0256865322589874
148,460598	-0,0152178406715393
148,561758	-0,00239905714988708
148,663718	0,00823646783828735
148,764759	0,0193009078502655
148,865203	0,0266055464744568
148,965211	0,0289951860904694
149,065546	0,0271469950675964
149,165702	0,0203277766704559
149,266692	0,0116060078144073
149,366817	-0,000841438770294189
149,467602	-0,0116529762744904
149,568223	-0,0228462517261505
149,669488	-0,0294008255004883
149,770375	-0,032802551984787
149,870920	-0,0306181907653809
149,971919	-0,0248273909091949
150,071946	-0,014314740896225
150,172805	-0,00147315859794617
150,273356	0,0091836154460907
150,373604	0,0200787484645844
150,474639	0,0272484719753265
150,575338	0,0295186936855316
150,676571	0,0274243354797363
150,776577	0,0219246447086334
150,877183	0,0116513073444366
150,977779	0,00121402740478516
151,077952	-0,0117741525173187
151,179302	-0,0229505598545074
151,280272	-0,0295291543006897
151,381944	-0,0328299999237061
151,482544	-0,0305822193622589
151,582940	-0,0247687697410583
151,683316	-0,0161665678024292
151,783669	-0,00136640667915344
151,884524	0,00919410586357117
151,985749	0,0184764564037323
152,086412	0,0270991027355194
152,187303	0,0292569398880005
152,287649	0,0278273522853851
152,388283	0,0215058624744415
152,488306	0,0111684203147888
152,588568	0,000750273466110229
152,690264	-0,0122219622135162
152,790339	-0,0233254432678223
152,891108	-0,0297782123088837
152,991991	-0,0328323543071747
153,092496	-0,0306352376937866
153,193948	-0,0247101783752441
153,295337	-0,0160788595676422
153,397141	-0,001272052526474
153,497387	0,00932595133781433
153,597773	0,0184916853904724
153,699294	0,0262101292610168
153,799408	0,0291782319545746
153,899499	0,0276362597942352
154,000051	0,0212983191013336
154,100415	0,0109778046607971
154,200603	0,000527322292327881
154,301796	-0,0102539360523224
154,402144	-0,0232928395271301
154,502590	-0,0296849310398102
154,604201	-0,0325317978858948
154,704256	-0,0301868319511414
154,804982	-0,0242177248001099
154,905899	-0,0154457986354828
155,007182	-0,000674307346343994
155,107532	0,0098644495010376
155,208606	0,0190631151199341
155,308748	0,0265970230102539
155,409475	0,0294210016727448
155,509873	0,0278202295303345
155,611193	0,0226879119873047
155,712209	0,010903924703598
155,812849	0,000475049018859863
155,913583	-0,0104021728038788
156,014434	-0,0233433842658997
156,114772	-0,02964848279953
156,216152	-0,0325208902359009
156,316501	-0,0299747288227081
156,417268	-0,0239493548870087
156,517274	-0,015226811170578
156,617311	-0,00256615877151489
156,718253	0,0100720822811127
156,819730	0,0191197097301483
156,921436	0,0266282856464386
157,021627	0,0292787551879883
157,122720	0,0275533199310303
157,223340	0,0224126577377319
157,325198	0,010491281747818
157,426197	5,27799129486084E-5
157,527732	-0,0107137560844421
157,629087	-0,0236139595508575
157,730976	-0,0297976434230804
157,832447	-0,0324877500534058
157,933691	-0,0298852026462555
158,034616	-0,0237471759319305
158,135432	-0,0149364769458771
158,237018	-0,00233510136604309
158,337297	0,0103140473365784
158,437672	0,0193308889865875
158,538690	0,0266624689102173
158,640031	0,0292778015136719
158,741323	0,0274637043476105
158,843201	0,0208033621311188
158,944755	0,0103355050086975
159,046274	-9,03904438018799E-5
159,146754	-0,0128689110279083
159,248431	-0,0235346257686615
159,348724	-0,0295992195606232
159,449644	-0,0322321355342865
159,549738	-0,0301726460456848
159,650396	-0,0231214463710785
159,751677	-0,0122722685337067
159,852341	-0,00159758329391479
159,952712	0,0109091699123383
160,053014	0,0212997496128082
160,153215	0,0270142257213593
160,253368	0,0293574631214142
160,353509	0,0273821651935577
160,454317	0,0205686688423157
160,554564	0,0098920464515686
160,655461	-0,000584334135055542
160,755705	-0,0133496820926666
160,856883	-0,0240155160427094
160,958655	-0,0299562513828278
161,060558	-0,032454639673233
161,161740	-0,0303520858287811
161,263457	-0,0231422185897827
161,363463	-0,0122267305850983
161,463972	-0,00158518552780151
161,564548	0,0109663605690002
161,664759	0,0197859108448029
161,765553	0,0268326699733734
161,867060	0,0291407704353333
161,968567	0,0270393788814545
162,069242	0,0201352834701538
162,169951	0,00948682427406311
162,271486	-0,00102812051773071
162,372318	-0,0137383043766022
162,473502	-0,0227192640304565
162,575194	-0,0301484763622284
162,675757	-0,0324655175209045
162,776565	-0,0301806628704071
162,877069	-0,0229439735412598
162,979040	-0,011927604675293
163,079144	-0,00125870108604431
163,179834	0,01116082072258
163,280203	0,0214445888996124
163,381893	0,0269350707530975
163,483035	0,0290738940238953
163,583261	0,0261010825634003
163,685063	0,0199342370033264
163,785883	0,00922408699989319
163,886588	-0,00338402390480042
163,987472	-0,0138891935348511
164,087551	-0,0227952599525452
164,187990	-0,0299704372882843
164,288112	-0,0322070419788361
164,388282	-0,0298165678977966
164,489675	-0,0223752856254578
164,591253	-0,0114109814167023
164,691308	-0,000714778900146484
164,792611	0,0116765797138214
164,893549	0,0217333137989044
164,995503	0,0271654725074768
165,097501	0,0291222631931305
165,198574	0,02593132853508
165,299037	0,0197079479694366
165,399494	0,0108720064163208
165,500111	-0,00379610061645508
165,600510	-0,0141904056072235
165,701447	-0,0230633914470673
165,803057	-0,030194878578186
165,904099	-0,0322056412696838
166,004600	-0,0297999978065491
166,105534	-0,0222700834274292
166,205747	-0,0111931264400482
166,307742	-0,000571489334106445
166,409564	0,0117909908294678
166,509890	0,0217589437961578
166,610147	0,0270057022571564
166,711139	0,0288714170455933
166,811717	0,02557572722435
166,913160	0,0192386209964752
167,013191	0,0104155242443085
167,114497	-0,00422844290733337
167,214983	-0,0145987272262573
167,316325	-0,0233093798160553
167,416842	-0,0309765934944153
167,517821	-0,0321597158908844
167,618111	-0,0295315086841583
167,718271	-0,0219342410564423
167,818551	-0,0108437538146973
167,919537	-0,000200748443603516
168,020995	0,0120203197002411
168,121434	0,0218325555324554
168,222839	0,0269791483879089
168,322895	0,0286755859851837
168,424487	0,0251655578613281
168,525778	0,0187557935714722
168,626417	0,00981634855270386
168,728293	-0,00478431582450867
168,829789	-0,0150701105594635
168,931431	-0,0237179100513458
169,031967	-0,0311252772808075
169,133497	-0,0321488380432129
169,234577	-0,029429703950882
169,335276	-0,0199837982654572
169,437108	-0,0104674398899078
169,537252	0,000142663717269897
169,638500	0,0123851001262665
169,739302	0,0220874845981598
169,840153	0,0271143019199371
169,941980	0,0286755859851837
170,043340	0,025101512670517
170,143454	0,0186159014701843
170,244346	0,00768077373504639
170,345155	-0,00495895743370056
170,446435	-0,0152206718921661
170,547888	-0,0251696705818176
170,649386	-0,0310779511928558
170,749810	-0,0319869220256805
170,849818	-0,028131514787674
170,950097	-0,0213632881641388
171,051931	-0,0101414322853088
171,153552	0,000463157892227173
171,254511	0,0125467479228973
171,355065	0,0221544206142426
171,455436	0,0270673632621765
171,555975	0,0284029543399811
171,656508	0,0247268974781036
171,757197	0,0181494951248169
171,858073	0,00708743929862976
171,958216	-0,00550305843353271
172,058520	-0,015723705291748
172,158667	-0,0242167711257935
172,260006	-0,0313099324703217
172,361514	-0,0321469604969025
172,462527	-0,0281878709793091
172,564183	-0,0212821960449219
172,665775	-0,0100570321083069
172,767433	0,00262561440467834
172,868412	0,0125782191753387
172,969416	0,0220604240894318
173,069481	0,0268487930297852
173,170286	0,0281250774860382
173,271471	0,0242810845375061
173,371544	0,017627626657486
173,472534	0,00659498572349548
173,572680	-0,00603380799293518
173,674133	-0,016167014837265
173,775613	-0,0259121358394623
173,877867	-0,0309335291385651
173,977928	-0,0322288274765015
174,079645	-0,0281201899051666
174,180065	-0,0211903154850006
174,280802	-0,00990918278694153
174,381325	0,00281023979187012
174,481793	0,0126588344573975
174,582348	0,0220922231674194
174,682845	0,0268279314041138
174,783203	0,0279131829738617
174,884780	0,024060994386673
174,985852	0,0173761248588562
175,085885	0,00627312064170837
175,186389	-0,00623956322669983
175,286954	-0,0163079798221588
175,388622	-0,0259897112846375
175,490306	-0,0308108925819397
175,590534	-0,0319717824459076
175,691287	-0,0277807712554932
175,792646	-0,0206781327724457
175,893111	-0,00939813256263733
175,994341	0,00327149033546448
176,095025	0,0131643414497375
176,195873	0,0224121510982513
176,297450	0,0275594890117645
176,398326	0,028081476688385
176,498475	0,023989349603653
176,598743	0,0172475278377533
176,699889	0,00615254044532776
176,800809	-0,00435948371887207
176,902064	-0,0164366960525513
177,002648	-0,0259807407855988
177,102870	-0,0308142006397247
177,203455	-0,0317663252353668
177,305046	-0,0274276733398438
177,406553	-0,0203662812709808
177,507084	-0,00893253087997437
177,607866	0,00369945168495178
177,709176	0,0134543180465698
177,809765	0,022723525762558
177,910490	0,0276927053928375
178,011294	0,02806156873703
178,113007	0,0240002572536469
178,213166	0,0170998275279999
178,313459	0,00594893097877502
178,414678	-0,0044417679309845
178,516682	-0,0165408849716187
178,617491	-0,0259622633457184
178,717499	-0,0306011140346527
178,818147	-0,0315158665180206
178,919040	-0,0270736813545227
179,019873	-0,019874095916748
179,121691	-0,00853502750396729
179,222134	0,00408563017845154
179,324571	0,0138344466686249
179,424807	0,0228359699249268
179,525116	0,0277391672134399
179,626753	0,0280137062072754
179,727888	0,0247487127780914
179,829264	0,0151574313640594
179,929931	0,00566938519477844
180,031626	-0,00484365224838257
180,131725	-0,0185306370258331
180,232663	-0,0261074900627136
180,334649	-0,0307512283325195
180,435091	-0,0309822857379913
180,536937	-0,0269217491149902
180,638196	-0,0197539925575256
180,739105	-0,00825542211532593
180,839967	0,00418856739997864
180,940644	0,0138258635997772
181,041824	0,0228554308414459
181,143173	0,0274807810783386
181,243645	0,02768275141716
181,344908	0,0233992040157318
181,446739	0,0146447718143463
181,546764	0,0052109956741333
181,647083	-0,00725111365318298
181,747568	-0,018927127122879
181,847575	-0,0262711942195892
181,949503	-0,0307143032550812
182,051152	-0,030987024307251
182,151661	-0,0266790091991425
182,252320	-0,0194455683231354
182,352437	-0,0081048309803009
182,454423	0,00445994734764099
182,555219	0,0139713287353516
182,655249	0,0227197110652924
182,756702	0,0274101197719574
182,858008	0,0273897349834442
182,959010	0,0229000449180603
183,059515	0,0142804086208344
183,160823	0,00465637445449829
183,262246	-0,0077882707118988
183,362409	-0,0191955268383026
183,462592	-0,026632159948349
183,563385	-0,0309216976165771
183,664470	-0,0308530330657959
183,765586	-0,0266194045543671
183,865759	-0,0192350745201111
183,967717	-0,00771418213844299
184,068635	0,00461935997009277
184,169614	0,0142393708229065
184,270706	0,0229531824588776
184,371574	0,0273328423500061
184,471663	0,0274053812026978
184,572408	0,022789478302002
184,672755	0,0139269828796387
184,772945	0,00447654724121094
184,874330	-0,00804555416107178
184,975594	-0,0194936096668243
185,077334	-0,0266080498695374
185,177376	-0,0309259593486786
185,278901	-0,031286746263504
185,379718	-0,0262645781040192
185,481231	-0,0172811448574066
185,582049	-0,00748887658119202
185,682534	0,00504305958747864
185,783430	0,0143814980983734
185,884260	0,0230514109134674
185,986084	0,0274627506732941
186,086525	0,0271754562854767
186,187451	0,0225968062877655
186,288067	0,0137333571910858
186,389019	0,00403201580047607
186,490715	-0,00826641917228699
186,592578	-0,0196715891361237
186,693598	-0,0269269645214081
186,794206	-0,0313141942024231
186,894555	-0,0311608016490936
186,994856	-0,0262711942195892
187,096474	-0,0169339179992676
187,197311	-0,00725880265235901
187,299119	0,00509142875671387
187,399448	0,0162949562072754
187,501396	0,023049533367157
187,601839	0,0272769033908844
187,703257	0,0266875922679901
187,804306	0,0222436487674713
187,905300	0,013363242149353
188,006092	0,00181052088737488
188,106599	-0,00869655609130859
188,206619	-0,0181882977485657
188,306719	-0,0268843770027161
188,408629	-0,0314320623874664
188,509967	-0,0310353338718414
188,611719	-0,0258927643299103
188,712198	-0,0167506039142609
188,812397	-0,00683489441871643
188,914302	0,00551754236221313
189,015001	0,016416996717453
189,115404	0,0233152508735657
189,216330	0,0273650884628296
189,317134	0,0265003144741058
189,418808	0,0222379565238953
189,520091	0,0131447911262512
189,620614	0,00149044394493103
189,721227	-0,00875529646873474
189,822603	-0,0183371007442474
189,923381	-0,0280624330043793
190,023914	-0,0312005579471588
190,125793	-0,0308984816074371
190,226524	-0,0243571102619171
190,327156	-0,0162735879421234
190,427710	-0,00661620497703552
190,528059	0,00779438018798828
190,628642	0,0167686939239502
190,730679	0,0233043134212494
190,832628	0,0274125039577484
190,934380	0,0264709293842316
191,035807	0,021901398897171
191,135814	0,0129511654376984
191,237020	0,00125676393508911
191,337224	-0,009144127368927
191,437671	-0,018439769744873
191,539597	-0,0281215906143188
191,639854	-0,0312782227993011
191,740753	-0,0306499302387238
191,841301	-0,0241652727127075
191,942043	-0,0161033570766449
192,042127	-0,00619316101074219
192,142237	0,0060272216796875
192,242343	0,0168468356132507
192,343472	0,0235087871551514
192,443484	0,0272683799266815
192,543694	0,0262314677238464
192,643848	0,0217698514461517
192,744227	0,014312356710434
192,845712	0,000944137573242188
192,946048	-0,00925824046134949
193,046212	-0,0187562108039856
193,147067	-0,0281353294849396
193,248631	-0,0311053991317749
193,349175	-0,0306148827075958
193,450254	-0,0251181423664093
193,550332	-0,0156581401824951
193,651950	-0,005959153175354
193,752643	0,0064188539981842
193,854203	0,0171422362327576
193,956082	0,0235111713409424
194,057310	0,0271342098712921
194,157443	0,0261797904968262
194,258231	0,0215196311473846
194,358716	0,0142450928688049
194,459592	0,000703215599060059
194,561433	-0,00954324007034302
194,663227	-0,0187157094478607
194,764111	-0,028184562921524
194,864171	-0,0310599505901337
194,964613	-0,0302086174488068
195,064910	-0,0248638093471527
195,165591	-0,015320748090744
195,265749	-0,0054020881652832
195,366172	0,00666382908821106
195,467181	0,0174180567264557
195,568054	0,0238617658615112
195,669249	0,0271014869213104
195,770969	0,0262011289596558
195,872628	0,0215300917625427
195,973055	0,0139226913452148
196,073717	0,000630974769592285
196,175616	-0,00964152812957764
196,276366	-0,0190010368824005
196,377566	-0,0280425250530243
196,478781	-0,0309074819087982
196,580038	-0,0301830470561981
196,680858	-0,0244360268115997
196,781670	-0,0150006711483002
196,882775	-0,00520780682563782
196,982925	0,00711876153945923
197,084372	0,0175680816173553
197,185106	0,0238736271858215
197,286219	0,0275291502475739
197,387203	0,0259588360786438
197,488309	0,0212266147136688
197,588395	0,0120169818401337
197,689038	0,000140279531478882
197,789300	-0,00997024774551392
197,889486	-0,0190697908401489
197,990494	-0,0273992717266083
198,091292	-0,0309089124202728
198,192199	-0,0299818217754364
198,292399	-0,024445503950119
198,392495	-0,0146724283695221
198,492951	-0,00482642650604248
198,592977	0,00522950291633606
198,694502	0,0178709626197815
198,795213	0,0240211486816406
198,895244	0,0270962715148926
198,996177	0,0259787738323212
199,097699	0,0210161805152893
199,198665	0,0133894681930542
199,299041	0,00205552577972412
199,400717	-0,0102820694446564
199,500995	-0,0194069445133209
199,601547	-0,0273084044456482
199,701747	-0,0309628844261169
199,802306	-0,0299174189567566
199,902401	-0,0252907276153564
200,002489	-0,0144928991794586
200,102810	-0,00454846024513245
200,203195	0,00568172335624695
200,303195	0,0179290473461151
200,403722	0,0241363942623138
200,504713	0,0272598564624786
200,605715	0,0263144671916962
200,707311	0,0208660960197449
200,807343	0,0132254064083099
200,908159	0,00161680579185486
201,008171	-0,0104526877403259
201,109893	-0,0195241868495941
201,209997	-0,0265228748321533
201,310774	-0,0308165848255157
201,411077	-0,0297569036483765
201,512614	-0,0252737104892731
201,613046	-0,0141209065914154
201,713841	-0,0043279230594635
201,813968	0,00573298335075378
201,914665	0,0166290700435638
202,015621	0,0240851640701294
202,117445	0,0270341634750366
202,218100	0,0262371599674225
202,318972	0,0204551219940186
202,419629	0,0127909183502197
202,520527	0,00139784812927246
202,620874	-0,0109184980392456
202,721137	-0,0198180377483368
202,822113	-0,0265593230724335
202,923910	-0,0309969782829285
203,024704	-0,029682070016861
203,125611	-0,0249720513820648
203,226139	-0,0140353143215179
203,326997	-0,00403043627738953
203,427993	0,00604906678199768
203,528526	0,0166161954402924
203,630069	0,0242127776145935
203,730152	0,0270260870456696
203,831270	0,0259099900722504
203,932513	0,0202997028827667
204,032526	0,0124737918376923
204,132741	0,00289660692214966
204,233938	-0,011115550994873
204,334582	-0,020139217376709
204,435752	-0,026893824338913
204,536360	-0,0309235751628876
204,638084	-0,0297459959983826
204,738367	-0,0249895751476288
204,839357	-0,0137808620929718
204,940855	-0,00403520464897156
205,041463	0,00605383515357971
205,143095	0,0181885063648224
205,243276	0,0239405035972595
205,343374	0,0267951786518097
205,443859	0,0256937742233276
205,543871	0,0197692513465881
205,645057	0,0120842158794403
205,745083	0,0026099681854248
205,846943	-0,0115773975849152
205,947992	-0,0202772319316864
206,049324	-0,0268990397453308
206,150192	-0,0309557914733887
206,250985	-0,0294013023376465
206,351971	-0,0246170461177826
206,452433	-0,0134822428226471
206,552849	-0,00347486138343811
206,653431	0,00644639134407043
206,753795	0,0169373750686646
206,853992	0,0242716073989868
206,954018	0,0268122553825378
207,054664	0,0255491733551025
207,154734	0,0209900736808777
207,254958	0,0117147266864777
207,355511	0,00221741199493408
207,455817	-0,00980997085571289
207,556896	-0,020668238401413
207,658369	-0,0271299779415131
207,759067	-0,0308151543140411
207,859871	-0,0295277237892151
207,960749	-0,0245083570480347
208,062280	-0,0150847136974335
208,163532	-0,00342896580696106
208,263785	0,00665101408958435
208,364582	0,0170888900756836
208,464885	0,0241449177265167
208,565184	0,0268227159976959
208,665754	0,0259740054607391
208,766531	0,0206285417079926
208,867955	0,011555016040802
208,969440	0,00194635987281799
209,069625	-0,0101719498634338
209,171276	-0,0206917822360992
209,271931	-0,0272170603275299
209,373014	-0,0308307707309723
209,474912	-0,0292105078697205
209,575877	-0,0243174135684967
209,676898	-0,0148268938064575
209,777321	-0,00300413370132446
209,878361	0,00683000683784485
209,978626	0,0172651708126068
210,080336	0,0242919623851776
210,181267	0,0266515612602234
210,281749	0,0258184969425201
210,383475	0,0191468298435211
210,483864	0,0111336410045624
210,585275	0,00169134140014648
210,686825	-0,0122998058795929
210,787415	-0,0209702551364899
210,887997	-0,0272123217582703
210,988782	-0,0308302938938141
211,088977	-0,0291129648685455
211,189758	-0,0239300131797791
211,290122	-0,0145004689693451
211,390226	-0,00274619460105896
211,491020	0,00722944736480713
211,592687	0,0159250497817993
211,693457	0,0243394076824188
211,794560	0,0267643928527832
211,896370	0,0256672203540802
211,998229	0,0189080238342285
212,098328	0,0109382271766663
212,198929	0,00129285454750061
212,299015	-0,0125706493854523
212,399326	-0,0211281180381775
212,500085	-0,0274735689163208
212,600809	-0,0307526290416718
212,701523	-0,0290073752403259
212,801526	-0,0239323675632477
212,903520	-0,014296293258667
213,004078	-0,00255611538887024
213,105610	0,00725367665290833
213,206701	0,0160156488418579
213,307639	0,0242625772953033
213,408960	0,0264922678470612
213,509790	0,0254671275615692
213,610142	0,0184935927391052
213,710319	0,0104531645774841
213,812029	0,000958412885665894
213,912775	-0,0129944682121277
214,014096	-0,0214575529098511
214,115921	-0,0275512039661407
214,217539	-0,0308397710323334
214,318179	-0,0289340019226074
214,418684	-0,0236682891845703
214,518900	-0,0141294300556183
214,618910	-0,00231313705444336
214,719011	0,00752636790275574
214,820305	0,0160766541957855
214,921003	0,024292916059494
215,021725	0,0264386534690857
215,122565	0,0251792967319489
215,222627	0,0182479918003082
215,323690	0,0101535320281982
215,424389	0,000553011894226074
215,525176	-0,0113139748573303
215,626904	-0,0216098129749298
215,727146	-0,0276946127414703
215,827516	-0,0306967794895172
215,927682	-0,0287029445171356
216,027930	-0,0234066545963287
216,128561	-0,0154613852500916
216,228918	-0,00190660357475281
216,328957	0,00786092877388
216,429881	0,0164865553379059
216,530779	0,0236819684505463
216,630828	0,0265268683433533
216,731174	0,0253002345561981
216,831589	0,0194830596446991
216,933135	0,0100077688694
217,033283	0,000496894121170044
217,134977	-0,0115008652210236
217,236731	-0,021676778793335
217,337133	-0,0276113152503967
217,437728	-0,0305163860321045
217,537819	-0,0284880101680756
217,639310	-0,0231016278266907
217,739451	-0,0152513682842255
217,841329	-0,00158566236495972
217,941993	0,00814709067344666
218,042792	0,0165666341781616
218,142924	0,0237744748592377
218,243917	0,0265003144741058
218,344298	0,0250688195228577
218,444468	0,0193137526512146
218,544703	0,00973251461982727
218,645172	0,00012698769569397
218,746790	-0,0116696059703827
218,847309	-0,021871030330658
218,947688	-0,027765154838562
219,048146	-0,0304093658924103
219,148911	-0,0290911793708801
219,250314	-0,0229387879371643
219,351273	-0,0149232447147369
219,451622	-0,00343707203865051
219,552615	0,00828638672828674
219,653397	0,0167477428913116
219,754233	0,0236677229404449
219,856192	0,0263457596302032
219,957078	0,0248928964138031
220,057416	0,0188661515712738
220,158379	0,00937449932098389
220,258765	-0,000207901000976563
220,359173	-0,0120994746685028
220,459798	-0,0220247805118561
220,561144	-0,0278186500072479
220,661358	-0,0304908156394958
220,762454	-0,028872936964035
220,862796	-0,0226367115974426
220,963327	-0,0146677196025848
221,063587	-0,00297260284423828
221,164766	0,00861981511116028
221,265650	0,0169554948806763
221,367124	0,0239457190036774
221,467803	0,026362806558609
221,568467	0,0247890055179596
221,669519	0,018839031457901
221,770097	0,00911462306976318
221,871203	-0,000449150800704956
221,972782	-0,0102896988391876
222,072959	-0,0207775235176086
222,173568	-0,0278834998607635
222,275434	-0,0303530395030975
222,376068	-0,0288217961788177
222,477817	-0,0224078595638275
222,578551	-0,0143454670906067
222,679386	-0,00284600257873535
222,779406	0,00882053375244141
222,879998	0,0170974433422089
222,981219	0,0238128900527954
223,083136	0,0262841284275055
223,183153	0,024582713842392
223,283656	0,0184084177017212
223,383844	0,00882768630981445
223,484221	-0,000828564167022705
223,584731	-0,0107270777225494
223,685702	-0,0209212303161621
223,786270	-0,0279975831508636
223,886626	-0,0304032266139984
223,987742	-0,0285348892211914
224,088069	-0,0221497714519501
224,188638	-0,0140277743339539
224,290055	-0,0023198127746582
224,391984	0,00914698839187622
224,492186	0,0174151957035065
224,592599	0,0241653621196747
224,694282	0,0263267755508423
224,794506	0,0246225595474243
224,895297	0,0197688043117523
224,996209	0,00860121846199036
225,096244	-0,00093001127243042
225,196659	-0,0107632875442505
225,297524	-0,0210819244384766
225,399033	-0,0279052555561066
225,499376	-0,0302062630653381
225,599599	-0,0284075438976288
225,699820	-0,0217441916465759
225,800378	-0,0136440992355347
225,900556	-0,00205925107002258
226,001648	0,00774160027503967
226,103476	0,0176657140254974
226,203529	0,0234096646308899
226,303667	0,0264614224433899
226,404628	0,0245608985424042
226,505448	0,0195828974246979
226,606254	0,0103754997253418
226,706276	-0,00115817785263062
226,808305	-0,0109384953975677
226,908989	-0,0210150182247162
227,009700	-0,0279346108436584
227,111399	-0,0300783812999725
227,211669	-0,0280709564685822
227,312795	-0,021535336971283
227,413451	-0,0132682621479034
227,514517	-0,00162667036056519
227,615786	0,00794979929924011
227,717674	0,0179376304149628
227,818284	0,0236141383647919
227,919378	0,0263391137123108
228,020247	0,0244968831539154
228,120258	0,0194307267665863
228,221549	0,0100025236606598
228,323182	-0,00135210156440735
228,423853	-0,0111888349056244
228,524484	-0,0213232040405273
228,625042	-0,0279502272605896
228,725725	-0,0301285982131958
228,826535	-0,0280482172966003
228,927404	-0,0212515890598297
229,028355	-0,0131025016307831
229,129601	-0,00146457552909851
229,231240	0,0100349485874176
229,331266	0,0179442763328552
229,431956	0,0235719084739685
229,532997	0,0263324677944183
229,633237	0,0242156088352203
229,733383	0,0191620290279388
229,834151	0,00795549154281616
229,935037	-0,00174444913864136
230,036142	-0,0114276111125946
230,138147	-0,0228075385093689
230,239571	-0,0280841886997223
230,340100	-0,0299785137176514
230,440154	-0,0277959108352661
230,541140	-0,0210706293582916
230,641664	-0,0127105712890625
230,742372	-0,00308725237846375
230,842886	0,0102373659610748
230,943120	0,0182680189609528
231,043937	0,0237322449684143
231,145317	0,0262888669967651
231,246158	0,0242431163787842
231,346931	0,0189774930477142
231,447372	0,00951781868934631
231,547600	-0,00185936689376831
231,648552	-0,0116629600524902
231,748552	-0,021556556224823
231,848800	-0,0280046761035919
231,950047	-0,0300031006336212
232,051066	-0,0276491940021515
232,152192	-0,0207638740539551
232,252422	-0,012537956237793
232,353535	-0,00280874967575073
232,453694	0,00873014330863953
232,553955	0,0183089375495911
232,654731	0,023789644241333
232,756079	0,0262803137302399
232,856647	0,0239675343036652
232,957646	0,0187995731830597
233,057903	0,00926691293716431
233,158029	-0,000268816947937012
233,258443	-0,0118563175201416
233,359085	-0,0217753052711487
233,459714	-0,0274423658847809
233,560492	-0,0299065113067627
233,662374	-0,0282612442970276
233,763265	-0,0220380127429962
233,864759	-0,0122010707855225
233,966464	-0,00261962413787842
234,066506	0,00886192917823792
234,166965	0,0185235738754272
234,267550	0,0237934589385986
234,368617	0,0262148678302765
234,469268	0,0239144265651703
234,570586	0,018495500087738
234,671886	0,00899374485015869
234,772555	-0,00246924161911011
234,873237	-0,0122058093547821
234,973337	-0,0219002962112427
235,074712	-0,0274532437324524
235,176483	-0,0299926996231079
235,276806	-0,0281556844711304
235,377562	-0,0218488872051239
235,478050	-0,0120933055877686
235,579702	-0,0023517906665802
235,679929	0,00903800129890442
235,779977	0,0185345113277435
235,881945	0,0238665044307709
235,983901	0,0260844826698303
236,085427	0,0236444771289825
236,186376	0,0183227360248566
236,288240	0,00867164134979248
236,388478	-0,00274762511253357
236,490172	-0,01231449842453
236,591809	-0,0206484496593475
236,692924	-0,0281741321086884
236,793845	-0,0297441184520721
236,894046	-0,0279374718666077
236,995227	-0,0199837982654572
237,096264	-0,0115626752376556
237,196900	-0,00197958946228027
237,297390	0,0112337470054626
237,398050	0,018863320350647
237,498402	0,0239684879779816
237,598737	0,0260844826698303
237,698770	0,0235894620418549
237,800239	0,0180928111076355
237,900725	0,00849184393882751
238,001369	-0,00305047631263733
238,102056	-0,0126593708992004
238,203252	-0,0207921266555786
238,304170	-0,0283360481262207
238,404914	-0,0298160910606384
238,506607	-0,0278067886829376
238,607169	-0,0199225842952728
238,709020	-0,0114727914333344
238,809671	-0,00178784132003784
238,910204	0,0112318396568298
239,010852	0,018863320350647
239,111179	0,0239907801151276
239,211494	0,0259830355644226
239,311623	0,023377388715744
239,412889	0,0178633332252502
239,513791	0,00989776849746704
239,615746	-0,00328460335731506
239,717399	-0,0128134191036224
239,817719	-0,0210008919239044
239,918073	-0,0282551050186157
240,018419	-0,0296778082847595
240,118469	-0,0276922285556793
240,218529	-0,0195585787296295
240,319306	-0,0111293494701385
240,419739	-0,00152891874313354
240,521188	0,00983396172523499
240,621461	0,0190221965312958
240,722741	0,0239789187908173
240,822900	0,0259759128093719
240,923240	0,0231311321258545
241,024300	0,017549991607666
241,125124	0,00968345999717712
241,226561	-0,00364503264427185
241,327079	-0,0130934715270996
241,427977	-0,0210885107517242
241,529461	-0,0283800661563873
241,629657	-0,0296106040477753
241,731196	-0,0274115800857544
241,831563	-0,019358903169632
241,932536	-0,0107737481594086
242,033929	-0,0011400580406189
242,134115	0,00998777151107788
242,235014	0,0192143619060516
242,336467	0,0240605175495148
242,438385	0,0257933735847473
242,538605	0,0229887962341309
242,640172	0,0172427594661713
242,740848	0,00917410850524902
242,842662	-0,00398978590965271
242,943495	-0,0135215520858765
243,043495	-0,0215273201465607
243,145169	-0,0285050570964813
243,245304	-0,0298056900501251
243,347178	-0,0275616049766541
243,447258	-0,0192313194274902
243,548252	-0,0107861459255219
243,649037	-0,00108242034912109
243,750574	0,0101601779460907
243,850754	0,0191330313682556
243,952300	0,023989349603653
244,054269	0,0256842970848083
244,154800	0,0226328670978546
244,256650	0,0169812142848969
244,357038	0,00712019205093384
244,457215	-0,00439584255218506
244,557528	-0,0137392282485962
244,658469	-0,0230483114719391
244,759478	-0,0287152528762817
244,860261	-0,0297530889511108
244,961638	-0,0266245901584625
245,062485	-0,020672470331192
245,163853	-0,0105508267879486
245,264336	-0,000985711812973022
245,364366	0,0101211369037628
245,464896	0,0191667973995209
245,566446	0,0238276124000549
245,666779	0,0254367887973785
245,767481	0,0224335193634033
245,868269	0,0165613889694214
245,968422	0,00674787163734436
246,070225	-0,00464937090873718
246,171821	-0,0140655934810638
246,272718	-0,0231370329856873
246,374557	-0,0286120474338531
246,475243	-0,0296570062637329
246,575914	-0,0262825489044189
246,676092	-0,0202503800392151
246,776933	-0,0101996064186096
246,878640	0,00142160058021545
246,980361	0,0105412900447845
247,081535	0,0194050669670105
247,183358	0,0246666371822357
247,283891	0,0255221426486969
247,385893	0,0223348140716553
247,487569	0,0150691866874695
247,588954	0,00659307837486267
247,689811	-0,00485274195671082
247,790282	-0,0158100426197052
247,891154	-0,0232097506523132
247,991341	-0,0280037224292755
248,091852	-0,0291877686977386
248,193004	-0,0261127054691315
248,293787	-0,0199965238571167
248,394052	-0,00980567932128906
248,494846	0,00162914395332336
248,595702	0,0107681155204773
248,696702	0,0195881128311157
248,797390	0,0245765447616577
248,898114	0,0254353582859039
248,998249	0,0221681892871857
249,098407	0,0147344172000885
249,199755	0,00636473298072815
249,300045	-0,0050823986530304
249,400400	-0,0143799781799316
249,502063	-0,0232470631599426
249,602867	-0,0279701054096222
249,704799	-0,0293719470500946
249,805242	-0,0257844626903534
249,905715	-0,019653707742691
250,006260	-0,00952604413032532
250,107897	0,00204461812973022
250,208756	0,0110140144824982
250,310534	0,0197031795978546
250,411334	0,0247216522693634
250,512976	0,0253230035305023
250,613804	0,0219673812389374
250,715142	0,0145283937454224
250,815903	0,00595223903656006
250,917091	-0,00347724556922913
251,018856	-0,0162825286388397
251,120388	-0,0235776007175446
251,222060	-0,028092235326767
251,322321	-0,0290954411029816
251,422849	-0,0258151590824127
251,524741	-0,0194615721702576
251,626725	-0,00748363137245178
251,727148	0,00211107730865479
251,828145	0,0112037062644958
251,928929	0,0197146236896515
252,029786	0,024565190076828
252,130261	0,0252613425254822
252,231068	0,0216938853263855
252,331946	0,0142355561256409
252,432602	0,0057809054851532
252,533404	-0,00571122765541077
252,635267	-0,0164329409599304
252,735500	-0,0235284864902496
252,836253	-0,0286125242710114
252,938116	-0,0287971794605255
253,039944	-0,0253772437572479
253,141199	-0,0176160931587219
253,241969	-0,00695163011550903
253,342241	0,00259003043174744
253,442520	0,0114758908748627
253,542581	0,0200592279434204
253,645003	0,0247577130794525
253,746926	0,0249350666999817
253,847881	0,0217142999172211
253,948810	0,0140438377857208
254,049592	0,00547435879707336
254,151825	-0,00583279132843018
254,251879	-0,0166704654693604
254,352822	-0,0237155556678772
254,453182	-0,0285320580005646
254,555058	-0,028808057308197
254,655151	-0,0252665877342224
254,755721	-0,0172792673110962
254,857346	-0,00863683223724365
254,957721	0,00284630060195923
255,058153	0,0134204626083374
255,158511	0,0201433598995209
255,259214	0,0248340666294098
255,360910	0,0249606966972351
255,462355	0,021512508392334
255,564033	0,0139012336730957
255,664854	0,00343233346939087
255,764933	-0,00618645548820496
255,864980	-0,0168114006519318
255,965612	-0,0238213539123535
256,065749	-0,028700590133667
256,166686	-0,0286792814731598
256,268393	-0,0251242816448212
256,370146	-0,0171845853328705
256,470619	-0,00835341215133667
256,571688	0,00303089618682861
256,671688	0,0135044157505035
256,772098	0,0203182697296143
256,872451	0,0247852206230164
256,972799	0,0248127281665802
257,074316	0,0214199125766754
257,174761	0,0135797560214996
257,275692	0,0049804151058197
257,376571	-0,00636112689971924
257,477686	-0,017076700925827
257,578019	-0,0239493548870087
257,678384	-0,0286002159118652
257,778831	-0,028948187828064
257,879717	-0,0248917043209076
257,980431	-0,0168137550354004
