0,100869	0,0241217017173767
0,201244	0,0340545177459717
0,301458	0,0393191277980804
0,403391	0,0422833263874054
0,503696	0,0420999228954315
0,604015	0,0388631522655487
0,704227	0,0333731174468994
0,804622	0,0248596668243408
0,904964	0,0154868960380554
1,005499	0,00818368792533875
1,106556	0,00241771340370178
1,206686	-0,00191518664360046
1,307251	-0,00175732374191284
1,407703	0,00114890933036804
1,508010	0,00762996077537537
1,608699	0,0163211822509766
1,709943	0,0241515934467316
1,810374	0,0327354669570923
1,911507	0,0391761660575867
2,011875	0,0421389043331146
2,113337	0,0422353446483612
2,213942	0,0386123657226563
2,313978	0,0332013666629791
2,414311	0,0261888206005096
2,515908	0,0169025957584381
2,617657	0,00819557905197144
2,718374	0,00244289636611938
2,819154	-0,00173249840736389
2,919770	-0,00148269534111023
3,020872	0,00139403343200684
3,121693	0,00794598460197449
3,221730	0,01662477850914
3,322414	0,0243346691131592
3,423008	0,0328896641731262
3,523833	0,0391999185085297
3,624391	0,0420048832893372
3,724960	0,0420134365558624
3,826548	0,0382542908191681
3,927055	0,0327160358428955
4,027987	0,0257146656513214
4,128522	0,0148431658744812
4,228556	0,00767317414283752
4,329999	0,00204131007194519
4,430950	-0,00181311368942261
4,531317	-0,00175684690475464
4,631414	0,00126010179519653
4,732392	0,00786283612251282
4,833209	0,0166037976741791
4,933675	0,0244086682796478
5,034257	0,0329262018203735
5,134639	0,0383711159229279
5,235046	0,0420543253421783
5,335804	0,0419497489929199
5,436077	0,0390398502349854
5,536082	0,0326576828956604
5,636135	0,0255714356899261
5,737846	0,0162792503833771
5,838420	0,00761190056800842
5,939357	0,00194492936134338
6,039656	-0,00180214643478394
6,140585	-0,00198912620544434
6,241315	0,00129145383834839
6,342029	0,00797310471534729
6,442265	0,015186995267868
6,543891	0,0244409143924713
6,644551	0,0329693555831909
6,745420	0,0383511781692505
6,845604	0,0419259965419769
6,947585	0,042135089635849
7,047600	0,0388731360435486
7,148285	0,0324769020080566
7,248954	0,0254747271537781
7,350352	0,016179621219635
7,451389	0,00758242607116699
7,551599	0,00206121802330017
7,652541	-0,00164669752120972
7,754390	-0,00142693519592285
7,855321	0,00169989466667175
7,955423	0,00834774971008301
8,057168	0,0155898928642273
8,157397	0,0248696208000183
8,258268	0,0332673192024231
8,359111	0,0386579632759094
8,459185	0,0421745181083679
8,560033	0,0422339141368866
8,661158	0,0389823913574219
8,762038	0,0325034856796265
8,862758	0,0254187881946564
8,963174	0,0162182152271271
9,063738	0,00894376635551453
9,165472	0,00213861465454102
9,266332	-0,00140976905822754
9,366963	-0,00150272250175476
9,467945	0,00197955965995789
9,568658	0,00873205065727234
9,668928	0,0159379243850708
9,769641	0,0252063572406769
9,871547	0,0323294103145599
9,971711	0,0388394296169281
10,072036	0,0422709882259369
10,173212	0,0423123240470886
10,275061	0,0388925969600677
10,376873	0,0324124097824097
10,477851	0,0253390967845917
10,578364	0,0160685479640961
10,678870	0,00757104158401489
10,780690	0,00211629271507263
10,881011	-0,0014193058013916
10,981458	-0,00104433298110962
11,082097	0,00215333700180054
11,182961	0,00888478755950928
11,283885	0,0161495804786682
11,384323	0,0253523886203766
11,484986	0,0323849022388458
11,585683	0,0389154255390167
11,687045	0,042229175567627
11,787079	0,0421811640262604
11,887455	0,0387833714485168
11,988024	0,0322027206420898
12,088400	0,0251276195049286
12,188615	0,0159388780593872
12,289478	0,00872823596000671
12,391116	0,00207975506782532
12,491849	-0,00131827592849731
12,592294	-0,0012715756893158
12,692595	0,00237405300140381
12,794570	0,0078980028629303
12,894651	0,0164079368114471
12,995479	0,0256800353527069
13,095634	0,0327179133892059
13,195929	0,0391087234020233
13,296064	0,0421312749385834
13,396816	0,0423128008842468
13,497651	0,0387890636920929
13,599360	0,0335173904895782
13,700765	0,0251067578792572
13,801333	0,0158926546573639
13,901620	0,00877249240875244
14,002099	0,00210443139076233
14,103178	-0,00124678015708923
14,205175	-0,00110146403312683
14,305884	0,00251027941703796
14,405927	0,0080239474773407
14,506421	0,0165985524654388
14,606602	0,0257103741168976
14,707635	0,0326946675777435
14,809067	0,0390588343143463
14,910005	0,0419032275676727
15,010803	0,0420404970645905
15,111523	0,03846275806427
15,212008	0,0330552458763123
15,312967	0,0247183442115784
15,412979	0,0155050158500671
15,513755	0,00837010145187378
15,615106	0,00190359354019165
15,716213	-0,00111290812492371
15,817357	-0,00121963024139404
15,918990	0,00257152318954468
16,020038	0,00809383392333984
16,120673	0,0166690945625305
16,222631	0,0258645117282867
16,323183	0,0327625274658203
16,423637	0,0390773713588715
16,524382	0,0421982705593109
16,626006	0,0419179499149323
16,726828	0,0383198261260986
16,827368	0,0329271554946899
16,927826	0,0244850218296051
17,028370	0,0153262317180634
17,129217	0,00824454426765442
17,229763	0,00175118446350098
17,330186	-0,00118246674537659
17,430898	-0,00119343400001526
17,531549	0,00256109237670898
17,632022	0,00815612077713013
17,732193	0,0167458355426788
17,832762	0,0258412659168243
17,933996	0,0327663123607635
18,034757	0,0390056669712067
18,135689	0,0417511761188507
18,236700	0,041765421628952
18,337340	0,0380752384662628
18,437724	0,0326192378997803
18,538518	0,0242796540260315
18,639787	0,0165985524654388
18,740614	0,00803154706954956
18,841534	0,00167375802993774
18,943388	-0,00126203894615173
19,044004	-0,00117912888526917
19,144654	0,00269916653633118
19,245638	0,00825026631355286
19,345983	0,0168916285037994
19,446225	0,0260314047336578
19,546903	0,032866895198822
19,646989	0,0391101539134979
19,748315	0,0418570935726166
19,849089	0,0417330861091614
19,949360	0,0380837917327881
20,050309	0,032613068819046
20,151112	0,0241871476173401
20,252007	0,0166138112545013
20,352958	0,00806388258934021
20,454158	0,00172221660614014
20,555276	-0,0010552704334259
20,656302	-0,000953346490859985
20,757152	0,00292271375656128
20,858746	0,00857222080230713
20,959010	0,0171298682689667
21,060476	0,0262030363082886
21,161673	0,0330609381198883
21,262267	0,0391210615634918
21,362833	0,0417943894863129
21,462934	0,041656106710434
21,563468	0,0386784076690674
21,663864	0,0323625802993774
21,765530	0,0239703953266144
21,866005	0,0163273811340332
21,966958	0,00790417194366455
22,067551	0,00162628293037415
22,168699	-0,00117054581642151
22,269240	-0,000940948724746704
22,370023	0,00296872854232788
22,471753	0,00856557488441467
22,572239	0,0171622633934021
22,672820	0,0261404514312744
22,774526	0,0328706800937653
22,876006	0,0389220416545868
22,977121	0,0416888892650604
23,078140	0,0412123203277588
23,179109	0,0382604598999023
23,279593	0,0318664014339447
23,380110	0,0234456956386566
23,481394	0,0159102976322174
23,582115	0,00748932361602783
23,682327	0,00130617618560791
23,784201	-0,00132018327713013
23,885073	-0,0010552704334259
23,986108	0,0029834508895874
24,086806	0,00874015688896179
24,187314	0,0172975361347198
24,288293	0,0263765454292297
24,389257	0,0331344902515411
24,489725	0,0390464961528778
24,590636	0,0418699383735657
24,691094	0,0413686633110046
24,792831	0,0383022427558899
24,893368	0,0319522619247437
24,993475	0,0234940946102142
25,094420	0,0158587992191315
25,195438	0,00753584504127502
25,296156	0,00134608149528503
25,396692	-0,00129300355911255
25,498700	-0,000920951366424561
25,599590	0,00310158729553223
25,700466	0,00878915190696716
25,801149	0,0174295008182526
25,901272	0,026382714509964
26,001351	0,0330708920955658
26,102282	0,0382561683654785
26,202683	0,0416760742664337
26,303234	0,0411263406276703
26,403489	0,0381094515323639
26,504306	0,0316173732280731
26,605218	0,023187130689621
26,705958	0,0156695246696472
26,806192	0,00729545950889587
26,906277	0,00122496485710144
27,007023	-0,00135019421577454
27,108075	-0,00104051828384399
27,209602	0,0021723210811615
27,310414	0,00883102416992188
27,410547	0,0173642337322235
27,511207	0,0249450504779816
27,611758	0,0330353379249573
27,712736	0,0380614697933197
27,813469	0,0413353741168976
27,915406	0,0409134924411774
28,015927	0,0378169119358063
28,116677	0,0314186215400696
28,217870	0,0229361355304718
28,319636	0,0153577029705048
28,419935	0,00710216164588928
28,521767	0,00100070238113403
28,622343	-0,00155371427536011
28,723571	-0,00107192993164063
28,824234	0,00299674272537231
28,924438	0,0087144672870636
29,025207	0,0158464014530182
29,125985	0,0248208045959473
29,226774	0,0329409241676331
29,327669	0,03807333111763
29,429452	0,0412090122699738
29,529864	0,0408293902873993
29,630664	0,0377523303031921
29,731155	0,0312023162841797
29,831308	0,0228227078914642
29,932136	0,0153038203716278
30,033050	0,006969153881073
30,134874	0,00103300809860229
30,235913	-0,00149509310722351
30,336708	-0,00109100341796875
30,437166	0,00316756963729858
30,537857	0,00888383388519287
30,638121	0,0159531831741333
30,738293	0,0250659883022308
30,838962	0,0330647230148315
30,938975	0,0380795300006866
31,039883	0,0413044989109039
31,140379	0,0407324731349945
31,241413	0,0375980138778687
31,342029	0,0311468243598938
31,442070	0,0240960717201233
31,542995	0,015082061290741
31,644407	0,00685802102088928
31,744649	0,00160634517669678
31,845266	-0,00158423185348511
31,945762	-0,00140070915222168
32,047481	0,0021727979183197
32,148205	0,00897279381752014
32,248209	0,0161052644252777
32,349830	0,0250929892063141
32,451688	0,0332236886024475
32,552612	0,0382124781608582
32,653784	0,0413078367710114
32,754397	0,0408274829387665
32,854605	0,0376198291778564
32,955762	0,031082808971405
33,056332	0,0226328670978546
33,157995	0,0150720477104187
33,259203	0,00683808326721191
33,359806	0,000941306352615356
33,459896	-0,00151178240776062
33,561446	-0,00133112072944641
33,661569	0,00240159034729004
33,762385	0,00911509990692139
33,863149	0,0162506401538849
33,963464	0,0252945423126221
34,064096	0,0332649648189545
34,164397	0,0382476150989532
34,265307	0,0413401424884796
34,366297	0,040690153837204
34,467817	0,0375201106071472
34,567929	0,0309627950191498
34,669017	0,0224244892597198
34,769290	0,0149461627006531
34,870182	0,00798735022544861
34,970458	0,00157976150512695
35,071136	-0,00153273344039917
35,171581	-0,0013006329536438
35,271802	0,00236883759498596
35,372653	0,00918126106262207
35,472873	0,016272097826004
35,574229	0,0252366960048676
35,675319	0,0332426428794861
35,776219	0,0381146669387817
35,876920	0,0411025881767273
35,978855	0,0404930114746094
36,080894	0,0372138917446136
36,182135	0,0306663513183594
36,282821	0,0222275257110596
36,383479	0,0147353708744049
36,483535	0,00782811641693115
36,583950	0,00158068537712097
36,685219	-0,00150653719902039
36,785593	-0,00115865468978882
36,886057	0,00265741348266602
36,986424	0,00945210456848145
37,087699	0,0166338384151459
37,189494	0,0255605578422546
37,290189	0,0334462225437164
37,390616	0,038310319185257
37,490891	0,0412047207355499
37,592781	0,040473073720932
37,693080	0,0371924936771393
37,794927	0,0318222939968109
37,895628	0,0220485627651215
37,995659	0,0145889818668365
38,096973	0,00775066018104553
38,197793	0,00154459476470947
38,298954	-0,0013602077960968
38,400102	-0,000948101282119751
38,500557	0,00290989875793457
38,601745	0,00983825325965881
38,702049	0,0169897973537445
38,803609	0,0259299278259277
38,905517	0,0338656604290009
39,006481	0,0386570394039154
39,107526	0,0414489507675171
39,207586	0,0406616628170013
39,308445	0,0372361838817596
39,408769	0,0318341553211212
39,509265	0,0220523476600647
39,611127	0,0145279169082642
39,713078	0,00769791007041931
39,813444	0,000811100006103516
39,915392	-0,00141310691833496
40,015662	-0,000924289226531982
40,116200	0,00396797060966492
40,217187	0,00989300012588501
40,318185	0,0170836448669434
40,418418	0,0259939432144165
40,520040	0,033792108297348
40,620057	0,0385416150093079
40,720122	0,0410702526569366
40,821042	0,0403618812561035
40,922171	0,0369707643985748
41,022961	0,0315196216106415
41,123756	0,0216563940048218
41,224246	0,0141907334327698
41,324755	0,00735107064247131
41,426592	0,00051116943359375
41,527726	-0,00158613920211792
41,628171	-0,0010828971862793
41,728588	0,00290563702583313
41,829889	0,00989633798599243
41,930729	0,0170588791370392
42,032032	0,0259830355644226
42,132315	0,0338210463523865
42,232771	0,038513571023941
42,333993	0,0410104095935822
42,435441	0,0403462052345276
42,535638	0,0368762910366058
42,635806	0,0314167141914368
42,736040	0,0216388404369354
42,836707	0,014163076877594
42,938056	0,00742515921592712
43,038728	0,00143250823020935
43,139520	-0,00139451026916504
43,239709	-0,00077664852142334
43,340500	0,00326862931251526
43,440801	0,0102011561393738
43,541528	0,0174213945865631
43,643110	0,0262769758701324
43,743967	0,0339800119400024
43,844177	0,0386646091938019
43,944382	0,0410716831684113
44,045274	0,0402141213417053
44,146128	0,0367538034915924
44,246667	0,0312122702598572
44,347502	0,0228454768657684
44,449502	0,0139641761779785
44,550206	0,00715914368629456
44,651774	0,00120547413825989
44,752055	-0,0014631450176239
44,853387	-0,000882387161254883
44,955011	0,00322118401527405
45,055695	0,0102826058864594
45,156034	0,0174461603164673
45,257173	0,0248981118202209
45,357964	0,034086287021637
45,458217	0,0386556088924408
45,558971	0,0410716831684113
45,659424	0,040226012468338
45,760709	0,0366650223731995
45,861464	0,0311914384365082
45,961524	0,0213439166545868
46,062380	0,0139188766479492
46,163238	0,007261723279953
46,264720	0,00135365128517151
46,366670	-0,0013287365436554
46,466869	-0,000584810972213745
46,567743	0,00354716181755066
46,668593	0,0105617940425873
46,768749	0,0177928805351257
46,869653	0,0251518189907074
46,969940	0,0342329442501068
47,070173	0,0388170778751373
47,170913	0,041094034910202
47,271238	0,040147602558136
47,372025	0,036609947681427
47,472194	0,0309827327728271
47,572841	0,022634744644165
47,674109	0,0137753188610077
47,774907	0,00704753398895264
47,875681	0,00125345587730408
47,975860	-0,0013163685798645
48,077662	-0,00060763955116272
48,177753	0,002703458070755
48,278378	0,0106770992279053
48,379315	0,0178357064723969
48,479683	0,0252679884433746
48,580615	0,0342860817909241
48,680793	0,0387866795063019
48,782122	0,0411101877689362
48,883393	0,0400744676589966
48,985168	0,0364637076854706
49,085794	0,0309400260448456
49,186651	0,0225759148597717
49,286702	0,0137333571910858
49,387611	0,00717481970787048
49,488217	0,00212198495864868
49,588341	-0,00111958384513855
49,688853	-0,000289261341094971
49,789632	0,00297585129737854
49,890378	0,0110049545764923
49,990712	0,0182013511657715
50,091124	0,0254922807216644
50,192486	0,0333484709262848
50,293262	0,0389116108417511
50,394615	0,0410479307174683
50,496213	0,0404274463653564
50,597464	0,0362690985202789
50,697712	0,030603289604187
50,798521	0,0222787857055664
50,899301	0,0133761167526245
50,999637	0,00675925612449646
51,100813	0,00182858109474182
51,201282	-0,00139498710632324
51,302809	-0,000533878803253174
51,403153	0,00287905335426331
51,503755	0,0108658075332642
51,604821	0,0180552303791046
51,705103	0,0254240036010742
51,805242	0,0331876277923584
51,905427	0,038704514503479
52,005625	0,0408892333507538
52,105998	0,040120542049408
52,206659	0,0359832942485809
52,307478	0,0303780138492584
52,407790	0,0219635963439941
52,508548	0,0146380960941315
52,608868	0,00668185949325562
52,709081	0,00173598527908325
52,809891	-0,00112625956535339
52,910511	-0,000333517789840698
53,010667	0,00304040312767029
53,111429	0,00984871387481689
53,211641	0,0168692469596863
53,312466	0,0256359577178955
53,413277	0,0334571301937103
53,513448	0,0381792187690735
53,615047	0,0409671664237976
53,715794	0,0402416884899139
53,816437	0,0368843674659729
53,916973	0,0303339064121246
54,018865	0,0234879553318024
54,120130	0,014627605676651
54,220833	0,00673553347587585
54,321495	0,00190028548240662
54,422187	-0,00103384256362915
54,523459	-0,000182658433914185
54,624193	0,00328096747398376
54,724196	0,00998777151107788
54,825807	0,0170417129993439
54,926568	0,0258066356182098
55,027249	0,0334561765193939
55,128151	0,0381568968296051
55,228855	0,0408697426319122
55,329686	0,0399656593799591
55,430480	0,0366887748241425
55,531813	0,0300721228122711
55,633522	0,0231225788593292
55,734645	0,0143772065639496
55,835112	0,00647437572479248
55,935345	0,00163722038269043
56,035996	-0,00110957026481628
56,136699	-0,000220268964767456
56,237108	0,0032733678817749
56,337854	0,0101078152656555
56,438821	0,0171250998973846
56,539493	0,0258701741695404
56,640962	0,033583790063858
56,741084	0,0381849110126495
56,841915	0,0408341288566589
56,943402	0,0403846800327301
57,045330	0,036588579416275
57,147127	0,029964953660965
57,247560	0,0230945944786072
57,348724	0,0142847001552582
57,450269	0,00647628307342529
57,551458	0,00174930691719055
57,651919	-0,0010262131690979
57,752210	-7,15255737304688E-6
57,853193	0,0035514235496521
57,953563	0,0103316903114319
58,053655	0,0189042091369629
58,155545	0,026138573884964
58,257233	0,0336886644363403
58,357738	0,0389932990074158
58,458837	0,0408863723278046
58,560075	0,0402863323688507
58,660247	0,0355580151081085
58,761181	0,0297491848468781
58,862042	0,0227937400341034
58,963214	0,0126674175262451
59,063826	0,00623038411140442
59,165045	0,00152656435966492
59,266654	-0,00121724605560303
59,367234	-0,000146538019180298
59,467544	0,00342190265655518
59,568304	0,0102983415126801
59,669124	0,0187672078609467
59,769326	0,0260365903377533
59,869857	0,0325234234333038
59,971724	0,0387748181819916
60,072014	0,0406887531280518
60,173529	0,0400849282741547
60,274765	0,0352053642272949
60,375288	0,0295300781726837
60,475672	0,022612452507019
60,577051	0,0124623477458954
60,677127	0,00619050860404968
60,777636	0,0015123188495636
60,877710	-0,00112864375114441
60,979612	3,28123569488525E-5
61,080466	0,00359553098678589
61,181257	0,0104555487632751
61,281508	0,0189751088619232
61,382188	0,0261281132698059
61,484109	0,0325058698654175
61,585950	0,0387643575668335
61,686873	0,0405101180076599
61,787158	0,039852112531662
61,887730	0,0350055396556854
61,988978	0,02920001745224
62,089426	0,022328644990921
62,190434	0,0122682750225067
62,290826	0,00598117709159851
62,392230	0,00142920017242432
62,493156	-0,00105717778205872
62,593186	8,55922698974609E-5
62,694355	0,00378105044364929
62,795113	0,0106666088104248
62,895450	0,0191330313682556
62,995913	0,0263608992099762
63,096866	0,0326941907405853
63,197678	0,0388185083866119
63,297818	0,0406089425086975
63,398586	0,0398658812046051
63,499946	0,0349334180355072
63,601727	0,0292047560214996
63,702018	0,022250771522522
63,802540	0,0136035978794098
63,903462	0,00601109862327576
64,004805	0,0014386773109436
64,105192	-0,000969052314758301
64,205654	0,000278681516647339
64,305681	0,00393524765968323
64,406590	0,00956109166145325
64,507926	0,0193784236907959
64,608524	0,0264879763126373
64,708693	0,0328213572502136
64,809502	0,0388983190059662
64,909992	0,0405828058719635
65,010906	0,0398587584495544
65,112501	0,034862220287323
65,213001	0,0290388166904449
65,313421	0,0221772193908691
65,414320	0,0135282576084137
65,515115	0,00596743822097778
65,616864	0,00155457854270935
65,717164	-0,000691443681716919
65,818596	0,000476479530334473
65,920252	0,00424882769584656
66,021109	0,00988206267356873
66,121370	0,0196751356124878
66,222653	0,0268459618091583
66,323337	0,0330761075019836
66,424031	0,0391153693199158
66,525262	0,040748119354248
66,626179	0,0398692190647125
66,727149	0,0358257293701172
66,827759	0,0290350317955017
66,928569	0,0221036076545715
67,029827	0,0135206282138824
67,130484	0,00598877668380737
67,230571	0,00152608752250671
67,332441	-0,000739067792892456
67,432698	0,000628113746643066
67,532850	0,00439068675041199
67,633779	0,0101182758808136
67,734159	0,0199095010757446
67,834190	0,0269862711429596
67,934284	0,0332492887973785
68,035489	0,0391785502433777
68,136344	0,0407381653785706
68,237467	0,0399062931537628
68,338160	0,0357198715209961
68,438864	0,0288846790790558
68,539048	0,0219673812389374
68,639726	0,0147053301334381
68,739961	0,00579515099525452
68,841454	0,00143250823020935
68,942083	-0,000719547271728516
69,042161	0,000568687915802002
69,142792	0,00440633296966553
69,244690	0,0100725591182709
69,345261	0,0199004709720612
69,446098	0,0269791483879089
69,546675	0,0331382751464844
69,647714	0,0384508669376373
69,748654	0,040566623210907
69,849323	0,0396022498607635
69,950936	0,0354521572589874
70,051144	0,0286134779453278
70,151238	0,0216540396213531
70,252359	0,0144811868667603
70,353026	0,00565513968467712
70,453385	0,00131043791770935
70,553851	-0,000721454620361328
70,655577	0,000636667013168335
70,755590	0,00445711612701416
70,855886	0,010204017162323
70,956019	0,0185169279575348
71,056725	0,0269729793071747
71,157826	0,0331553518772125
71,258899	0,0383331179618835
71,360434	0,040376603603363
71,460571	0,0394283831119537
71,561094	0,0351768732070923
71,661667	0,0283417999744415
71,762025	0,0214336812496185
71,862656	0,0142785012722015
71,964322	0,00556355714797974
72,064737	0,00133749842643738
72,166752	-0,00064384937286377
72,267579	0,000330984592437744
72,368210	0,00475361943244934
72,468433	0,010486513376236
72,570265	0,0188238024711609
72,671790	0,0272821187973022
72,772150	0,0333887934684753
72,872362	0,038539707660675
72,973076	0,0405200719833374
73,073474	0,0394511818885803
73,174832	0,0360753834247589
73,275303	0,028279185295105
73,375506	0,0213387012481689
73,476102	0,0142155289649963
73,577985	0,00555121898651123
73,679420	0,0013289749622345
73,780219	-0,000577658414840698
73,881026	0,000964581966400146
73,981778	0,00488740205764771
74,083758	0,0107123553752899
74,184560	0,0190355181694031
74,285197	0,0274523198604584
74,386046	0,0335477590560913
74,486139	0,0385862588882446
74,587922	0,0404754281044006
74,688695	0,0394236147403717
74,788965	0,0359923243522644
74,889753	0,0281521379947662
74,990850	0,0212399065494537
75,092732	0,0140691101551056
75,193595	0,00546106696128845
75,294408	0,00132325291633606
75,395721	-0,000571012496948242
75,496064	0,00108954310417175
75,598061	0,00506201386451721
75,699970	0,0108162462711334
75,800263	0,019208163022995
75,901523	0,0275784432888031
76,002355	0,0335842669010162
76,103089	0,0386309027671814
76,203846	0,0404074788093567
76,304078	0,0392479002475739
76,404811	0,0348864197731018
76,505804	0,027917891740799
76,606426	0,0209862589836121
76,707426	0,0138916969299316
76,807789	0,00529640913009644
76,908756	0,00119835138320923
77,010668	-0,000586718320846558
77,111312	0,000545412302017212
77,211554	0,00511848926544189
77,313051	0,0109596848487854
77,413712	0,0192519128322601
77,514248	0,0276234745979309
77,615144	0,0336089432239532
77,716296	0,0385207235813141
77,818040	0,0402668714523315
77,919436	0,0390712022781372
78,020098	0,0346163809299469
78,121043	0,0276509821414948
78,221701	0,0207155048847198
78,321809	0,0122449100017548
78,422636	0,00515645742416382
78,523148	0,00112423300743103
78,623977	-0,000664800405502319
78,724393	0,000673741102218628
78,825166	0,00529453158378601
78,925783	0,0111279189586639
79,025856	0,0195077657699585
79,126664	0,027838259935379
79,227962	0,0337584316730499
79,328396	0,0386565625667572
79,428679	0,0402953624725342
79,529906	0,0390393733978271
79,630454	0,035516232252121
79,731375	0,0275082886219025
79,832165	0,0205724835395813
79,933791	0,0121667087078094
80,033923	0,00604620575904846
80,134536	0,00105533003807068
80,235768	-0,000573873519897461
80,337418	0,000676125288009644
80,438110	0,00537422299385071
80,538366	0,011251837015152
80,638682	0,0195505619049072
80,739019	0,0279022753238678
80,839782	0,0337830781936646
80,940216	0,0385572612285614
81,041571	0,0402103066444397
81,142402	0,038856029510498
81,242926	0,0352366864681244
81,343441	0,0273077189922333
81,444750	0,0203230381011963
81,545975	0,0132769048213959
81,647520	0,0059560239315033
81,748260	0,000968366861343384
81,849019	-0,000624775886535645
81,949753	0,000787794589996338
82,050012	0,00547909736633301
82,150659	0,0114339292049408
82,251881	0,0197649896144867
82,352508	0,0280364453792572
82,453407	0,0339216589927673
82,553649	0,0386394560337067
82,654147	0,0401860773563385
82,755797	0,0388469994068146
82,857604	0,0342547595500946
82,958234	0,0284878313541412
83,058391	0,020255982875824
83,159223	0,0132130086421967
83,260866	0,00587630271911621
83,361479	0,00103345513343811
83,463079	-0,000482469797134399
83,564775	0,000936061143875122
83,664874	0,00574341416358948
83,765377	0,0116269886493683
83,867065	0,0199427902698517
83,967860	0,0282322466373444
84,068182	0,0339890420436859
84,169139	0,0386641621589661
84,270250	0,0401770770549774
84,370721	0,0387097597122192
84,471005	0,0340872406959534
84,571338	0,0283052921295166
84,672095	0,020028829574585
84,772508	0,0130618214607239
84,873312	0,00580224394798279
84,974750	0,000998795032501221
85,076490	-0,000437706708908081
85,177244	0,00108480453491211
85,278408	0,00590050220489502
85,379112	0,0118634700775146
85,480998	0,0202360451221466
85,582229	0,0284371078014374
85,683073	0,0342082679271698
85,783530	0,0388408303260803
85,884240	0,040226012468338
85,986274	0,0381920635700226
86,088086	0,0340668559074402
86,188910	0,0282327234745026
86,288939	0,0200416743755341
86,389820	0,0116975605487823
86,489997	0,0057704746723175
86,590301	0,0011076033115387
86,690311	-0,000371575355529785
86,790584	0,00121212005615234
86,892098	0,00614020228385925
86,992441	0,0120498836040497
87,093065	0,0204413235187531
87,193908	0,0286504626274109
87,294057	0,0343250036239624
87,394893	0,0389372408390045
87,495812	0,0402697026729584
87,595877	0,0386888384819031
87,697853	0,0340231955051422
87,799158	0,0281720459461212
87,899672	0,0199228227138519
88,000726	0,011678010225296
88,102357	0,00578424334526062
88,204111	0,00113087892532349
88,304267	-0,000173658132553101
88,404879	0,00142207741737366
88,505135	0,00638940930366516
88,606232	0,0124065577983856
88,706784	0,0206998288631439
88,807239	0,0276011824607849
88,907254	0,0345599055290222
89,008035	0,0389989912509918
89,108975	0,040324330329895
89,209421	0,0386888384819031
89,311421	0,0338661372661591
89,412016	0,0280393064022064
89,512281	0,0197640359401703
89,613948	0,0114711225032806
89,714279	0,00571730732917786
89,814980	0,00109192728996277
89,916070	-0,000204086303710938
90,016100	0,0015602707862854
90,116891	0,00646442174911499
90,217544	0,0124952495098114
90,317803	0,0208694338798523
90,418539	0,0276623666286469
90,519340	0,0345883667469025
90,619758	0,0390170514583588
90,719826	0,0401879847049713
90,820669	0,0385207235813141
90,921190	0,0346723794937134
91,021633	0,027767151594162
91,121883	0,0195510387420654
91,223056	0,0126192569732666
91,324015	0,00551658868789673
91,424759	0,00106531381607056
91,524973	-0,000202655792236328
91,625309	0,000999748706817627
91,725674	0,00557258725166321
91,826348	0,0126173496246338
91,927595	0,0195125341415405
92,028191	0,0277993679046631
92,128981	0,0346139967441559
92,230539	0,0384632349014282
92,331765	0,0401998460292816
92,433702	0,0383877158164978
92,533937	0,034531444311142
92,635882	0,0276747047901154
92,737053	0,0193575024604797
92,837983	0,0124985873699188
92,939678	0,00549617409706116
93,040844	0,000968366861343384
93,141928	-0,000163167715072632
93,243921	0,00166237354278564
93,344370	0,00563332438468933
93,444561	0,0127789974212646
93,546201	0,0210774540901184
93,647020	0,0278681218624115
93,747456	0,0347630381584167
93,849155	0,0390341579914093
93,950315	0,0401580631732941
94,050725	0,0384162068367004
94,151737	0,0334779918193817
94,252301	0,0275642275810242
94,352616	0,019368439912796
94,452622	0,0124799907207489
94,553615	0,00552985072135925
94,653784	0,00168231129646301
94,754055	-3,4719705581665E-5
94,855037	0,00188508629798889
94,955299	0,00598117709159851
95,056597	0,013018399477005
95,157458	0,021342009305954
95,257473	0,0281521379947662
95,358301	0,0348716974258423
95,459012	0,0391300916671753
95,559245	0,0402174592018127
95,660032	0,0383283793926239
95,760639	0,034420371055603
95,860678	0,0274675190448761
95,962031	0,0192000865936279
96,062815	0,0123960673809052
96,163922	0,00547340512275696
96,265110	0,00159731507301331
96,365637	6,65783882141113E-5
96,466583	0,00202706456184387
96,567668	0,00608086585998535
96,668121	0,0132840573787689
96,768349	0,0201500058174133
96,868538	0,0282863080501556
96,969473	0,0350748300552368
97,070279	0,0387078523635864
97,170860	0,0402136445045471
97,271570	0,0383583009243011
97,371879	0,0342979431152344
97,472267	0,0273518264293671
97,573003	0,019162505865097
97,673900	0,012247771024704
97,775788	0,00540697574615479
97,876465	0,0016343891620636
97,977614	2,99811363220215E-5
98,078061	0,00153416395187378
98,179476	0,0062275230884552
98,280772	0,0132988393306732
98,381385	0,0202840566635132
98,483105	0,0283906161785126
98,583783	0,03502357006073
98,684332	0,038733959197998
98,785831	0,0401371717453003
98,887369	0,0381588041782379
98,987713	0,034203052520752
99,088835	0,0271745026111603
99,189534	0,0203534364700317
99,290325	0,0122091472148895
99,390899	0,00528550148010254
99,491106	0,00155505537986755
99,591627	0,000149339437484741
99,692277	0,0021243691444397
99,793566	0,00634288787841797
99,895352	0,0135234892368317
99,996153	0,0217247605323792
100,097920	0,0284778773784637
100,198791	0,0350838601589203
100,299420	0,0390844941139221
100,399486	0,0400587618350983
100,499505	0,0379845201969147
100,600168	0,0339069366455078
100,701877	0,0269658863544464
100,802007	0,0201010704040527
100,902568	0,0119168758392334
101,003111	0,00521668791770935
101,103861	0,00150328874588013
101,204815	0,00012555718421936
101,305292	0,00229954719543457
101,406200	0,00645443797111511
101,506719	0,0136503577232361
101,607338	0,0205867290496826
101,708715	0,028597354888916
101,808907	0,035168319940567
101,909418	0,0387035608291626
102,009804	0,0399319529533386
102,109980	0,0384133756160736
102,210792	0,0337750315666199
102,311920	0,0280042290687561
102,413564	0,0199185311794281
102,514504	0,0118038654327393
102,616006	0,0050264298915863
102,716477	0,00145816802978516
102,818190	0,000184029340744019
102,918639	0,00172412395477295
103,020083	0,0066562294960022
103,121456	0,0138311088085175
103,223214	0,0220490396022797
103,323501	0,0287566781044006
103,423674	0,0351631343364716
103,524176	0,0386052429676056
103,625711	0,0398820340633392
103,727394	0,0382352769374847
103,828294	0,0335396826267242
103,930265	0,0265851616859436
104,030464	0,019724577665329
104,131822	0,0116412937641144
104,232237	0,00502738356590271
104,332283	0,00142920017242432
104,433131	0,000251084566116333
104,533660	0,00249511003494263
104,634342	0,00670561194419861
104,736160	0,0139141082763672
104,837677	0,0220870077610016
104,938675	0,0285722315311432
105,039555	0,0340554416179657
105,140314	0,0387092530727386
105,241040	0,0393481254577637
105,341251	0,037687748670578
105,442745	0,0328820645809174
105,544177	0,0257677733898163
105,644696	0,019022673368454
105,745283	0,0109501481056213
105,845565	0,00438737869262695
105,946464	0,000959813594818115
106,046635	-0,000228345394134521
106,148479	0,00212341547012329
106,248571	0,00647389888763428
106,349330	0,0136579871177673
106,450968	0,0218899846076965
106,551599	0,0284413695335388
106,653606	0,0338395535945892
106,754240	0,0384760499000549
106,854580	0,0390849709510803
106,955767	0,0373111665248871
107,056934	0,0313863754272461
107,157937	0,0252741277217865
107,258108	0,0183727145195007
107,358768	0,0102750062942505
107,459391	0,00366148352622986
107,560531	0,000122696161270142
107,662341	-0,00104433298110962
107,762579	0,00118884444236755
107,863184	0,00538372993469238
107,964046	0,0124909579753876
108,065188	0,0205287635326385
108,165704	0,0270289182662964
108,266162	0,0325067937374115
108,367853	0,037202000617981
108,469732	0,0380401015281677
108,571666	0,0365881025791168
108,671944	0,0311093628406525
108,772235	0,0254647731781006
108,872495	0,0190402567386627
108,973334	0,0103302597999573
109,074443	0,00540697574615479
109,176156	0,00221267342567444
109,276310	0,00127625465393066
109,377989	0,00369659066200256
109,478629	0,00792887806892395
109,580439	0,0150062441825867
109,681988	0,0230428874492645
109,782012	0,0294314324855804
109,882432	0,0348413288593292
109,983594	0,0395537912845612
110,084178	0,0403333604335785
110,184918	0,0389044880867004
110,285911	0,0335164368152618
110,387537	0,0278211832046509
110,488063	0,0213776528835297
110,588350	0,0124718844890594
110,689070	0,00725415349006653
110,789431	0,00378057360649109
110,889811	0,00242438912391663
110,990240	0,00430861115455627
111,090337	0,00822648406028748
111,191289	0,0136780142784119
111,291896	0,0225835144519806
111,392556	0,0289169549942017
111,493146	0,0343107581138611
111,594441	0,0393034517765045
111,695127	0,0405599772930145
111,795706	0,0396150648593903
111,896026	0,035868912935257
111,997615	0,0298435389995575
112,097710	0,0237014293670654
112,197964	0,0161924958229065
112,298199	0,00970253348350525
112,399638	0,00581413507461548
112,500118	0,0037473738193512
112,601627	0,00470048189163208
112,702348	0,00758859515190125
112,802520	0,0121166408061981
112,904072	0,0199456512928009
113,005870	0,0256326496601105
113,106848	0,0307308733463287
113,207360	0,0355598926544189
113,307537	0,0368696451187134
113,408065	0,0362477004528046
113,508563	0,0329617559909821
113,609225	0,0274618268013
113,710049	0,0219009220600128
113,810205	0,0149170756340027
113,911139	0,00883385539054871
114,011925	0,00527316331863403
114,112339	0,00348404049873352
114,213325	0,00443005561828613
114,314270	0,00748029351234436
114,414278	0,0120465457439423
114,514500	0,0187919437885284
114,615164	0,0258156359195709
114,715902	0,030899703502655
114,817164	0,035355806350708
114,917450	0,0372466146945953
115,018659	0,036609947681427
115,119908	0,0333655476570129
115,220529	0,0279406607151031
115,322178	0,0223442912101746
115,423822	0,0154177844524384
115,524147	0,00932452082633972
115,625761	0,00567272305488586
115,726289	0,00391721725463867
115,826568	0,00481674075126648
115,927642	0,00776490569114685
116,028007	0,012315958738327
116,129376	0,0201267302036285
116,230387	0,0257976353168488
116,330557	0,0308674871921539
116,431321	0,03566575050354
116,532175	0,0369707643985748
116,632741	0,0363578498363495
116,732901	0,0330623686313629
116,833458	0,0276149213314056
116,934010	0,0220756232738495
117,034298	0,0162287056446075
117,135125	0,00897756218910217
117,235548	0,00531822443008423
117,335637	0,00334930419921875
117,436139	0,00358128547668457
117,536341	0,00655272603034973
117,637024	0,0106842517852783
117,737695	0,0170517265796661
117,838103	0,0237412750720978
117,938760	0,0287571549415588
118,038949	0,033324271440506
118,139599	0,0353790819644928
118,240130	0,0354227125644684
118,341537	0,032930463552475
118,442361	0,0292019248008728
118,543021	0,0233788192272186
118,643301	0,0181294679641724
118,743358	0,0121395289897919
118,844375	0,00756105780601501
118,946005	0,00543069839477539
119,047571	0,00521385669708252
119,148556	0,00752303004264832
119,248779	0,0111894011497498
119,350123	0,0168725848197937
119,451718	0,0230846405029297
119,552911	0,0278965830802917
119,653743	0,0323312878608704
119,754392	0,0347321629524231
119,855581	0,0348479747772217
119,956146	0,033192366361618
120,056412	0,0292550325393677
120,157272	0,0238147974014282
120,257763	0,0186910629272461
120,359447	0,0129015743732452
120,460062	0,00838008522987366
120,560263	0,00615915656089783
120,660602	0,00584307312965393
120,761327	0,00799638032913208
120,862812	0,0114644467830658
120,963405	0,017034113407135
121,064508	0,0230566561222076
121,165231	0,0277315676212311
121,265483	0,0321358442306519
121,366021	0,0342101752758026
121,466671	0,034513384103775
121,567846	0,0329181253910065
121,669074	0,0289857089519501
121,769161	0,0235856473445892
121,869831	0,0185811519622803
121,970339	0,0128023624420166
122,070516	0,00750070810317993
122,172164	0,0034807026386261
122,273080	-0,000607162714004517
122,373602	-0,00352168083190918
122,473692	-0,00493836402893066
122,574667	-0,0055370032787323
122,674973	-0,00523170828819275
122,776769	-0,00430208444595337
122,877622	-0,00334674119949341
122,978394	-0,0023040771484375
123,079644	-0,000933825969696045
123,181418	0,000588655471801758
123,281532	0,00275185704231262
123,383527	0,00491634011268616
123,484436	0,00646203756332397
123,584916	0,00784951448440552
123,685714	0,0084109902381897
123,785872	0,00821936130523682
123,886973	0,00718289613723755
123,988304	0,00540223717689514
124,089777	0,00361594557762146
124,190217	0,0014021098613739
124,291079	-0,000568151473999023
124,391135	-0,00174349546432495
124,492335	-0,00236755609512329
124,593111	-0,00230026245117188
124,694306	-0,00129967927932739
124,795853	0,000135540962219238
124,897174	0,00265929102897644
124,997719	0,00456574559211731
125,097891	0,00628119707107544
125,199504	0,00778248906135559
125,300271	0,00849232077598572
125,401326	0,0083325207233429
125,501837	0,00723418593406677
125,603564	0,00540223717689514
125,703691	0,00347408652305603
125,804397	0,00138643383979797
125,904923	-0,00113722681999207
126,005197	-0,00252223014831543
126,106771	-0,0032927393913269
126,208488	-0,00308963656425476
126,310387	-0,0022367537021637
126,411056	-0,000737637281417847
126,511267	0,00200283527374268
126,611828	0,00401350855827332
126,712725	0,00585874915122986
126,813656	0,00752967596054077
126,914406	0,00827926397323608
127,016261	0,00819939374923706
127,116776	0,00718098878860474
127,217817	0,0052807629108429
127,318799	0,00338819622993469
127,418969	0,00129097700119019
127,519368	-0,00139260292053223
127,620889	-0,00273424386978149
127,722895	-0,00350639224052429
127,823703	-0,00341653823852539
127,925378	-0,00242531299591064
128,026125	-0,000898092985153198
128,127050	0,001801997423172
128,228579	0,00389871001243591
128,328843	0,00574293732643127
128,429601	0,00742372870445251
128,530322	0,0083063542842865
128,632305	0,00817891955375671
128,732713	0,00714775919914246
128,832731	0,00534150004386902
128,933514	0,00335642695426941
129,035116	0,000905662775039673
129,135683	-0,00123962759971619
129,236234	-0,00264015793800354
129,336994	-0,00336393713951111
129,437845	-0,00314745306968689
129,537879	-0,0022386908531189
129,638855	-0,00064241886138916
129,740163	0,00210112333297729
129,841669	0,00412026047706604
129,942411	0,00604763627052307
130,043069	0,00770267844200134
130,143733	0,00845000147819519
130,244653	0,00838577747344971
130,344993	0,00730067491531372
130,446922	0,00539273023605347
130,547324	0,00347501039505005
130,649267	0,000934630632400513
130,749718	-0,00129061937332153
130,850282	-0,00261580944061279
130,950288	-0,00350111722946167
131,051333	-0,00323683023452759
131,151630	-0,00226253271102905
131,251672	-0,000764280557632446
131,352866	0,00158736109733582
131,453781	0,0040709376335144
131,554133	0,00589624047279358
131,656109	0,00757104158401489
131,757893	0,00835201144218445
131,858578	0,00817275047302246
131,958756	0,00713112950325012
132,058903	0,00524231791496277
132,160782	0,00323066115379333
132,260811	0,000797778367996216
132,360899	-0,00144502520561218
132,461089	-0,0028207004070282
132,561351	-0,00351211428642273
132,662755	-0,00335249304771423
132,764085	-0,00239142775535583
132,865090	-0,000832855701446533
132,965157	0,00142920017242432
133,066043	0,00382611155509949
133,167055	0,00567033886909485
133,268313	0,00721472501754761
133,368995	0,00792363286018372
133,469350	0,00777488946914673
133,570414	0,00687038898468018
133,672242	0,00480106472969055
133,774028	0,00288000702857971
133,874090	0,000847220420837402
133,974797	-0,00158661603927612
134,074930	-0,00283071398735046
134,175165	-0,00346529483795166
134,275622	-0,00326645374298096
134,376245	-0,00210505723953247
134,476458	-0,000566244125366211
134,576681	0,00174075365066528
134,678187	0,00408041477203369
134,778680	0,00578376650810242
134,879482	0,00708267092704773
134,980704	0,00781765580177307
135,082475	0,00753870606422424
135,183969	0,00636330246925354
135,284610	0,00441297888755798
135,386024	0,00247326493263245
135,486024	0,000498324632644653
135,586611	-0,00192663073539734
135,688023	-0,00308296084403992
135,789486	-0,00355991721153259
135,890671	-0,00325927138328552
135,991682	-0,00194570422172546
136,092784	-0,000275462865829468
136,193088	0,00209447741508484
136,293556	0,00453111529350281
136,395305	0,00628972053527832
136,495599	0,00777202844619751
136,596465	0,0083339512348175
136,697147	0,00803393125534058
136,797461	0,00674882531166077
136,898214	0,00474795699119568
136,998826	0,00273048877716064
137,099785	0,000263452529907227
137,201208	-0,00147697329521179
137,301460	-0,00298741459846497
137,402020	-0,00354129076004028
137,502165	-0,00323492288589478
137,602335	-0,00196525454521179
137,703025	-0,000346332788467407
137,804020	0,00201281905174255
137,904876	0,00440302491188049
138,006126	0,00612026453018188
138,106727	0,00739189982414246
138,207983	0,00805437564849854
138,309815	0,00771215558052063
138,410974	0,00644496083259583
138,511173	0,00441107153892517
138,612747	0,00243481993675232
138,714405	3,66270542144775E-5
138,815377	-0,00171008706092834
138,916501	-0,00315940380096436
139,017478	-0,00364598631858826
139,118447	-0,0032922625541687
139,219052	-0,00195571780204773
139,320052	8,79764556884766E-5
139,420228	0,00206646323204041
139,522054	0,0044727623462677
139,622237	0,00617152452468872
139,722439	0,0075581967830658
139,822600	0,00805485248565674
139,923139	0,00766274333000183
140,025077	0,00634333491325378
140,126083	0,00430813431739807
140,226467	0,00228291749954224
140,326531	-0,000126063823699951
140,426964	-0,00184124708175659
140,527886	-0,00327315926551819
140,628538	-0,00371241569519043
140,728794	-0,00331759452819824
140,828894	-0,00196763873100281
140,928979	-0,000247865915298462
141,029736	0,0021604597568512
141,130889	0,00459516048431396
141,231522	0,00634476542472839
141,333456	0,00758954882621765
141,435386	0,00825881958007813
141,536103	0,00787708163261414
141,637132	0,006561279296875
141,739020	0,00488314032554626
141,839301	0,00250884890556335
141,939935	9,89139080047607E-5
142,040603	-0,00161761045455933
142,141687	-0,00303471088409424
142,243666	-0,00351929664611816
142,345422	-0,00313264131546021
142,445848	-0,00178974866867065
142,547775	0,000269651412963867
142,648171	0,00226870179176331
142,749157	0,00465306639671326
142,850461	0,00633528828620911
142,950547	0,00767841935157776
143,050623	0,00811520218849182
143,150879	0,00767365097999573
143,251314	0,00632628798484802
143,351731	0,00463405251502991
143,451772	0,00222787261009216
143,551977	0,000205457210540771
143,652514	-0,00191041827201843
143,754238	-0,00328126549720764
143,854978	-0,00369474291801453
143,956479	-0,00326454639434814
144,057379	-0,00188559293746948
144,159109	-0,000178873538970947
144,260518	0,00221836566925049
144,360946	0,00458851456642151
144,461993	0,0062640905380249
144,562502	0,00760665535926819
144,663533	0,00802108645439148
144,763962	0,00756770372390747
144,865579	0,00617673993110657
144,965832	0,00447654724121094
145,066412	0,002065509557724
145,166802	-0,00034254789352417
145,266868	-0,00205400586128235
145,367801	-0,00340649485588074
145,468511	-0,00382623076438904
145,570133	-0,00339069962501526
145,670693	-0,0019843578338623
145,771398	-0,000276893377304077
145,871865	0,00214004516601563
145,972103	0,00452682375907898
146,073910	0,0062042772769928
146,174806	0,0075715184211731
146,275227	0,00798830389976501
146,376088	0,00753301382064819
146,477184	0,00618812441825867
146,578089	0,00451546907424927
146,678453	0,00212579965591431
146,778575	0,000155061483383179
146,879867	-0,00190374255180359
146,980513	-0,00325497984886169
147,080637	-0,0036359429359436
147,180858	-0,00317707657814026
147,281282	-0,00175970792770386
147,381754	-2,56896018981934E-5
147,482220	0,00195774435997009
147,582436	0,00435084104537964
147,683483	0,00640791654586792
147,784162	0,0075458288192749
147,884382	0,00809192657470703
147,984893	0,00765892863273621
148,085652	0,0065251886844635
148,186340	0,00457382202148438
148,287838	0,00219511985778809
148,388097	0,000180721282958984
148,489708	-0,00182980298995972
148,590702	-0,00316944718360901
148,691751	-0,00354990363121033
148,792701	-0,00304090976715088
148,892792	-0,00163096189498901
148,993377	9,08374786376953E-5
149,093405	0,00209921598434448
149,194807	0,0044722855091095
149,296796	0,00648006796836853
149,397421	0,00765940546989441
149,498089	0,00813233852386475
149,599625	0,00764325261116028
149,700105	0,0065133273601532
149,801757	0,004484623670578
149,901775	0,00212293863296509
150,002183	0,000143140554428101
150,103035	-0,00189179182052612
150,203663	-0,00314649939537048
150,303678	-0,00348773598670959
150,404737	-0,00315415859222412
150,506487	-0,00179117918014526
150,607881	0,000250130891799927
150,707911	0,00223925709724426
150,808314	0,00469526648521423
150,909225	0,00666525959968567
151,009831	0,00779673457145691
151,110596	0,00834110379219055
151,212422	0,00776824355125427
151,314219	0,00664719939231873
151,414395	0,00465211272239685
151,515057	0,00218895077705383
151,615982	0,000252038240432739
151,716438	-0,00177305936813354
151,816565	-0,00312307476997375
151,916923	-0,00342082977294922
152,017515	-0,00307101011276245
152,118049	-0,00180405378341675
152,219028	0,000296264886856079
152,319681	0,00224021077156067
152,420499	0,00462314486503601
152,520650	0,00666192173957825
152,620965	0,00770929455757141
152,721187	0,00818225741386414
152,821907	0,00767034292221069
152,922459	0,00648149847984314
153,022774	0,00485706329345703
153,123574	0,00213244557380676
153,225157	0,000110357999801636
153,326065	-0,00155562162399292
153,426299	-0,00288945436477661
153,527583	-0,00334006547927856
153,628574	-0,00282213091850281
153,729542	-0,00136592984199524
153,830490	0,000735044479370117
153,932286	0,00284439325332642
154,033497	0,00526842474937439
154,134800	0,00722327828407288
154,235644	0,00836962461471558
154,336103	0,00876012444496155
154,436326	0,00808814167976379
154,537295	0,00690740346908569
154,638295	0,00508052110671997
154,739476	0,00214052200317383
154,839945	0,000128418207168579
154,941133	-0,00170484185218811
155,041651	-0,00313454866409302
155,143455	-0,00353220105171204
155,245413	-0,00301465392112732
155,347325	-0,00175827741622925
155,447644	0,000406116247177124
155,548616	0,00238165259361267
155,649284	0,00483998656272888
155,751943	0,00686469674110413
155,852703	0,00800731778144836
155,953624	0,00833585858345032
156,055009	0,00768363475799561
156,155867	0,00606569647789001
156,257126	0,00432568788528442
156,357890	0,00226536393165588
156,459612	-0,000600039958953857
156,559654	-0,00213989615440369
156,660177	-0,00323587656021118
156,760882	-0,003671795129776
156,861293	-0,00288897752761841
156,961984	-0,00167053937911987
157,061986	0,000464588403701782
157,162544	0,00302377343177795
157,264341	0,00493058562278748
157,364789	0,00690218806266785
157,466335	0,00813138484954834
157,568225	0,00823837518692017
157,669977	0,00757104158401489
157,771442	0,00597074627876282
157,871444	0,00400781631469727
157,973285	0,00196295976638794
158,074431	-0,000869512557983398
158,175371	-0,00261199474334717
158,276298	-0,00360867381095886
158,378075	-0,00396394729614258
158,479340	-0,00338593125343323
158,579412	-0,00197768211364746
158,679750	0,000596731901168823
158,780745	0,00269538164138794
158,882743	0,00485280156135559
158,983720	0,00683856010437012
159,084445	0,00803014636039734
159,184525	0,00840860605239868
159,285265	0,00789323449134827
159,385476	0,00610268115997314
159,486002	0,00437644124031067
159,586097	0,00218990445137024
159,687488	-0,000654786825180054
159,787873	-0,00225299596786499
159,887989	-0,00349777936935425
159,988085	-0,00389125943183899
160,089552	-0,0031852126121521
160,189942	-0,00204923748970032
160,291894	0,000157415866851807
160,393536	0,00266215205192566
160,494267	0,00454249978065491
160,594427	0,00661680102348328
160,694772	0,00778248906135559
160,795673	0,00790843367576599
160,897416	0,00753062963485718
160,997482	0,00571304559707642
161,098339	0,00381094217300415
161,199892	0,00187751650810242
161,300312	-0,00101670622825623
161,400602	-0,00265496969223022
161,501196	-0,00359338521957397
161,601727	-0,00402754545211792
161,702987	-0,00333911180496216
161,803605	-0,00191280245780945
161,903643	0,000159800052642822
162,004246	0,0026915967464447
162,104398	0,00480058789253235
162,205354	0,00635379552841187
162,305961	0,00784474611282349
162,406426	0,00811710953712463
162,507082	0,00748881697654724
162,607964	0,00608465075492859
162,708138	0,00398978590965271
162,809594	0,00179675221443176
162,909943	-0,000520557165145874
163,011624	-0,00247210264205933
163,113538	-0,00365790724754333
163,213750	-0,00385347008705139
163,315279	-0,00318235158920288
163,416104	-0,00199151039123535
163,517479	0,000330030918121338
163,618151	0,00270631909370422
163,719297	0,00462931394577026
163,819793	0,00642025470733643
163,921058	0,00769504904747009
164,021448	0,00785428285598755
164,121594	0,007485032081604
164,221602	0,00587961077690125
164,323182	0,00371697545051575
164,423216	0,0018133819103241
164,523255	-0,000746190547943115
164,623420	-0,00261819362640381
164,724195	-0,00356420874595642
164,826070	-0,00404092669487
164,926789	-0,0031847357749939
165,027750	-0,00182551145553589
165,128005	-0,000191241502761841
165,228779	0,00279790163040161
165,328867	0,0047607421875
165,429068	0,00623321533203125
165,529266	0,0076194703578949
165,631173	0,00785520672798157
165,731866	0,0072009265422821
165,833056	0,00586917996406555
165,934815	0,00358080863952637
166,035499	0,00145721435546875
166,135664	-0,000766187906265259
166,236523	-0,00284460186958313
166,337554	-0,00383484363555908
166,439194	-0,00396299362182617
166,539839	-0,00334388017654419
166,639946	-0,00196048617362976
166,741625	-3,71038913726807E-5
166,841795	0,0027020275592804
166,942674	0,00479063391685486
167,043336	0,00653466582298279
167,143625	0,00777679681777954
167,245371	0,00808385014533997
167,345487	0,00756913423538208
167,446143	0,0059455931186676
167,546782	0,00391674041748047
167,647606	0,00186657905578613
167,748279	-0,000631928443908691
167,848464	-0,00239428877830505
167,950222	-0,00342369079589844
168,050682	-0,00379323959350586
168,151702	-0,00284555554389954
168,251771	-0,00157612562179565
168,351863	0,000158846378326416
168,452489	0,00277179479598999
168,552599	0,00505632162094116
168,653358	0,00663533806800842
168,754550	0,00800588726997375
168,854692	0,00810143351554871
168,956263	0,00749927759170532
169,057775	0,006085604429245
169,158504	0,00367239117622375
169,258826	0,00162440538406372
169,359813	-0,000691443681716919
169,460649	-0,00254467129707336
169,561638	-0,00373825430870056
169,663375	-0,00397351384162903
169,763760	-0,00336968898773193
169,864585	-0,00186842679977417
169,965508	-2,52127647399902E-5
170,065971	0,00230050086975098
170,166888	0,00487270951271057
170,267829	0,00649812817573547
170,368067	0,00760617852210999
170,468173	0,0080619752407074
170,568920	0,00739476084709167
170,669591	0,00577238202095032
170,770255	0,0037364661693573
170,870435	0,0015232264995575
170,971327	-0,000916182994842529
171,071397	-0,00243580341339111
171,172288	-0,00383579730987549
171,273921	-0,00412368774414063
171,374082	-0,00334769487380981
171,475763	-0,00192663073539734
171,576035	-5,65946102142334E-5
171,677605	0,00259333848953247
171,778358	0,00482431054115295
171,879542	0,00656697154045105
171,980263	0,00790086388587952
172,080496	0,00795882940292358
172,180923	0,0075092613697052
172,281623	0,00596317648887634
172,382093	0,00398647785186768
172,482194	0,00163817405700684
172,582437	-0,00040772557258606
172,682983	-0,00260818004608154
172,784708	-0,00367513298988342
172,886638	-0,00401607155799866
172,988530	-0,00350111722946167
173,088740	-0,00172820687294006
173,188975	-9,05990600585938E-6
173,289697	0,002420574426651
173,390340	0,0049908459186554
173,492662	0,00646963715553284
173,593370	0,00767937302589417
173,694086	0,00802063941955566
173,794155	0,00722754001617432
173,895728	0,00569596886634827
173,996350	0,00354951620101929
174,097749	0,00132137537002563
174,198294	-0,000615745782852173
174,299193	-0,00251170992851257
174,400219	-0,00388216972351074
174,500248	-0,00397589802742004
174,600432	-0,00322058796882629
174,701223	-0,00169530510902405
174,801979	0,000354290008544922
174,902587	0,00288331508636475
175,004598	0,00518962740898132
175,105456	0,00695773959159851
175,206169	0,00808385014533997
175,306861	0,00823599100112915
175,407108	0,00770550966262817
175,507821	0,00634241104125977
175,608920	0,00410696864128113
175,709492	0,00175973773002625
175,810985	-0,000375866889953613
175,911617	-0,00236612558364868
176,012589	-0,00341701507568359
176,112908	-0,00371959805488586
176,212943	-0,00294250249862671
176,313566	-0,0011686384677887
176,413830	0,000619560480117798
176,514658	0,00321975350379944
176,616538	0,00533768534660339
176,716879	0,00715345144271851
176,817680	0,00841480493545532
176,919315	0,00864261388778687
177,019724	0,00776064395904541
177,120724	0,00655603408813477
177,221474	0,00435557961463928
177,322984	0,00167375802993774
177,423558	-0,000270694494247437
177,523855	-0,00235274434089661
177,623882	-0,00368517637252808
177,724154	-0,00378081202507019
177,824400	-0,00320100784301758
177,924568	-0,00197574496269226
178,024656	0,000383764505386353
178,125402	0,00275710225105286
178,227121	0,00477448105812073
178,327547	0,00691786408424377
178,427866	0,00785377621650696
178,528635	0,00827544927597046
178,630045	0,00772735476493835
178,731986	0,00631773471832275
178,832583	0,00426924228668213
178,932766	0,0018385648727417
179,034156	-0,000314950942993164
179,135183	-0,00222006440162659
179,237045	-0,0034356415271759
179,337352	-0,00381952524185181
179,439267	-0,00305810570716858
179,540026	-0,00181978940963745
179,640153	0,000178813934326172
179,740514	0,00275424122810364
179,840929	0,00464925169944763
179,942063	0,00647106766700745
180,042245	0,00760713219642639
180,143461	0,00783145427703857
180,245132	0,00709027051925659
180,346657	0,00594368577003479
180,447834	0,00368902087211609
180,547835	0,00125440955162048
180,649720	-0,000620990991592407
180,749897	-0,00269794464111328
180,850091	-0,00375595688819885
180,951658	-0,00386017560958862
181,052000	-0,00324305891990662
181,152540	-0,00148651003837585
181,252656	0,000402301549911499
181,353227	0,00275042653083801
181,454854	0,00482004880905151
181,556668	0,00670939683914185
181,657565	0,00756675004959106
181,758201	0,00793600082397461
181,858279	0,00711068511009216
181,959470	0,00568646192550659
182,060060	0,00360408425331116
182,160461	0,00103965401649475
182,260758	-0,00101384520530701
182,362327	-0,00282594561576843
182,462482	-0,00398832559585571
182,562507	-0,00413897633552551
182,663692	-0,00318810343742371
182,764321	-0,00188702344894409
182,865534	0,000368088483810425
182,966081	0,00260570645332336
183,066522	0,00489738583564758
183,166626	0,00686183571815491
183,267322	0,00791794061660767
183,367558	0,00797879695892334
183,468151	0,00742897391319275
183,568273	0,00591757893562317
183,668583	0,00349259376525879
183,770264	0,00146859884262085
183,870492	-0,000960469245910645
183,971156	-0,00304138660430908
184,072891	-0,00391325354576111
184,174074	-0,00418874621391296
184,275881	-0,00344902276992798
184,377202	-0,00191518664360046
184,478094	0,000264406204223633
184,578875	0,00232279300689697
184,679175	0,00488883256912231
184,780023	0,00665813684463501
184,881528	0,00760617852210999
184,982543	0,00792935490608215
185,083273	0,0069572925567627
185,184640	0,0055939257144928
185,285610	0,0034237802028656
185,386429	0,000750273466110229
185,487118	-0,00119724869728088
185,587784	-0,003062903881073
185,688176	-0,00414040684700012
185,789464	-0,00425282120704651
185,890041	-0,00355944037437439
185,991975	-0,00169292092323303
186,093841	0,000374257564544678
186,195755	0,00249463319778442
186,296688	0,00516736507415771
186,398418	0,00681197643280029
186,499225	0,00769981741905212
186,600072	0,00773733854293823
186,700074	0,00707697868347168
186,800829	0,00557827949523926
186,901551	0,00325772166252136
187,002300	0,000842452049255371
187,102513	-0,00128060579299927
187,203248	-0,00317612290382385
187,304045	-0,00411123037338257
187,404274	-0,00428628921508789
187,504849	-0,00357091426849365
187,605525	-0,00145360827445984
187,707343	0,000383764505386353
187,808689	0,0025976300239563
187,909880	0,00509381294250488
188,010453	0,00683903694152832
188,111400	0,0078856348991394
188,212124	0,00806578993797302
188,313566	0,00709882378578186
188,413879	0,00580179691314697
188,515787	0,00345271825790405
188,617073	0,000837236642837524
188,717611	-0,00105288624763489
188,818350	-0,00275862216949463
188,920230	-0,00413516163825989
189,022218	-0,00412321090698242
189,122889	-0,00337302684783936
189,223228	-0,00158947706222534
189,325046	0,000439882278442383
189,425749	0,00243911147117615
189,526009	0,00523188710212708
189,627833	0,00677680969238281
189,729724	0,00757008790969849
189,830589	0,00773590803146362
189,930698	0,00695109367370605
190,032660	0,00544729828834534
190,134156	0,00324916839599609
190,234327	0,000742673873901367
190,335278	-0,00132539868354797
190,436473	-0,00311782956123352
190,537820	-0,00414040684700012
190,638071	-0,00426524877548218
190,738103	-0,00326406955718994
190,838479	-0,00153654813766479
190,939108	0,000351428985595703
191,039245	0,0025615394115448
191,139442	0,00521242618560791
191,239455	0,00667807459831238
191,340241	0,00766700506210327
191,441984	0,00774207711219788
191,542985	0,00683525204658508
191,643036	0,00552889704704285
191,743473	0,00317278504371643
191,843673	0,000718414783477783
191,944938	-0,00117006897926331
192,046071	-0,00287896394729614
192,147541	-0,00405290722846985
192,247763	-0,00407347083091736
192,348498	-0,00327745079994202
192,449162	-0,00138401985168457
192,549381	0,000559180974960327
192,650301	0,00252881646156311
192,752145	0,00531491637229919
192,852897	0,00672459602355957
192,954504	0,00750496983528137
193,056479	0,00770503282546997
193,157478	0,0067402720451355
193,258011	0,00527411699295044
193,358518	0,00310066342353821
193,458602	0,000533968210220337
193,558904	-0,00144025683403015
193,659379	-0,00317946076393127
193,759627	-0,00419974327087402
193,861168	-0,00420260429382324
193,961393	-0,00315222144126892
194,062116	-0,00143405795097351
194,163250	0,00052306056022644
194,263738	0,00267261266708374
194,364530	0,00490260124206543
194,466026	0,00673744082450867
194,566097	0,00761282444000244
194,666942	0,00758576393127441
194,767281	0,00670751929283142
194,867624	0,00525036454200745
194,967882	0,00329568982124329
195,068310	0,000466972589492798
195,168881	-0,00148937106132507
195,269663	-0,0031144917011261
195,369815	-0,00417438149452209
195,470361	-0,00418347120285034
195,571240	-0,00348344445228577
195,673018	-0,00130397081375122
195,773091	0,000601500272750854
195,873708	0,00268638134002686
195,975428	0,00509950518608093
196,075819	0,00682669878005981
196,175879	0,00765466690063477
196,276252	0,00784000754356384
196,376574	0,00671985745429993
196,477465	0,00526082515716553
196,577979	0,00344464182853699
196,679353	0,000411808490753174
196,779957	-0,00146171450614929
196,880168	-0,00294536352157593
196,980554	-0,00411027669906616
197,080948	-0,00411507487297058
197,181417	-0,00333717465400696
197,281510	-0,00170055031776428
197,383074	0,000689417123794556
197,483332	0,00279790163040161
197,585075	0,00505301356315613
197,685812	0,0069088339805603
197,787193	0,00766795873641968
197,887704	0,00768885016441345
197,987820	0,00673696398735046
198,088794	0,0052105188369751
198,189434	0,00329282879829407
198,289578	0,000882834196090698
198,389836	-0,00151750445365906
198,490514	-0,00307628512382507
198,592306	-0,00404953956604004
198,692898	-0,00415429472923279
198,794496	-0,00336536765098572
198,895465	-0,00153130292892456
198,997420	0,000691324472427368
199,098861	0,00281071662902832
199,198929	0,00482907891273499
199,300230	0,00680863857269287
199,400320	0,00766652822494507
199,501749	0,00778058171272278
199,603128	0,00659593939781189
199,704064	0,00517871975898743
199,804746	0,00327053666114807
199,905403	0,00025823712348938
200,005661	-0,00158756971359253
200,105924	-0,00312453508377075
200,207199	-0,00425472855567932
200,307876	-0,00416001677513123
200,408071	-0,00343897938728333
200,509479	-0,001750648021698
200,609912	0,000661402940750122
200,710376	0,00266596674919128
200,810815	0,0045875608921051
200,911274	0,00677350163459778
201,012188	0,00745555758476257
201,113924	0,0075334906578064
201,215393	0,00656223297119141
201,316303	0,00498753786087036
201,418247	0,00315093994140625
201,519742	0,000342398881912231
201,620134	-0,00162142515182495
201,720944	-0,0030447244644165
201,821324	-0,00398117303848267
201,922074	-0,0040619969367981
202,022075	-0,00317183136940002
202,123723	-0,00172868371009827
202,224726	0,000807285308837891
202,325690	0,00296968221664429
202,426767	0,00488930940628052
202,527523	0,00684189796447754
202,628856	0,00769218802452087
202,730796	0,00769457221031189
202,831267	0,0065360963344574
202,932074	0,00514647364616394
203,033152	0,00320267677307129
203,134475	0,000704646110534668
203,236472	-0,00145122408866882
203,337012	-0,00298836827278137
203,438886	-0,00396683812141418
203,539804	-0,00382095575332642
203,639923	-0,00310733914375305
203,740345	-0,00132066011428833
203,840966	0,00107195973396301
203,942691	0,00302189588546753
204,043280	0,00534668564796448
204,143564	0,00703328847885132
204,244535	0,00763851404190063
204,344902	0,00771549344062805
204,445474	0,00659498572349548
204,545680	0,00499039888381958
204,646542	0,00317800045013428
204,747005	0,000711768865585327
204,847347	-0,00167718529701233
204,948991	-0,00303038954734802
205,050737	-0,00402754545211792
205,150814	-0,00402325391769409
205,251687	-0,00308772921562195
205,353365	-0,0014045238494873
205,453687	0,000876188278198242
205,554135	0,00303801894187927
205,654616	0,00489118695259094
205,754774	0,00685188174247742
205,855808	0,00765988230705261
205,956262	0,00755962729454041
206,056299	0,00643497705459595
206,156572	0,004945307970047
206,257921	0,00291606783866882
206,358870	0,000496417284011841
206,459157	-0,00169959664344788
206,560042	-0,00324735045433044
206,661233	-0,00405001640319824
206,761783	-0,00397923588752747
206,862623	-0,00324878096580505
206,963244	-0,00168195366859436
207,063687	0,00101494789123535
207,163969	0,00300857424736023
207,264911	0,00504162907600403
207,365124	0,00697627663612366
207,466298	0,00759762525558472
207,566476	0,00771406292915344
207,667893	0,00670844316482544
207,769716	0,00488787889480591
207,870831	0,0030997097492218
207,971469	0,000509738922119141
208,072413	-0,00175493955612183
208,172965	-0,00308534502983093
208,273132	-0,00401654839515686
208,373475	-0,00396585464477539
208,473615	-0,00300747156143188
208,574508	-0,00167149305343628
208,674719	0,00107291340827942
208,774774	0,00315520167350769
208,875754	0,0049116313457489
208,976567	0,00673124194145203
209,077202	0,0076327919960022
209,177528	0,00746983289718628
209,278391	0,00659829378128052
209,378611	0,00478586554527283
209,479270	0,00277465581893921
209,580423	0,000837236642837524
209,680711	-0,0018278956413269
209,781478	-0,00330707430839539
209,882296	-0,00397351384162903
209,982602	-0,00397494435310364
210,083134	-0,00312548875808716
210,183772	-0,00149604678153992
210,284808	0,000701308250427246
210,384864	0,00314429402351379
210,486757	0,00514647364616394
210,588199	0,00673314929008484
210,688368	0,00759810209274292
210,789356	0,00763091444969177
210,890372	0,00649908185005188
210,990528	0,00474843382835388
211,091376	0,00288617610931396
211,191730	0,000666141510009766
211,293331	-0,00189608335494995
211,393401	-0,00328508019447327
211,495193	-0,00422412157058716
211,596825	-0,00401464104652405
211,697446	-0,00313553214073181
211,797663	-0,00178736448287964
211,898540	0,000626206398010254
211,999137	0,00304275751113892
212,101100	0,00483381748199463
212,202706	0,00669276714324951
212,304477	0,00746840238571167
212,406252	0,0073610246181488
212,507486	0,00653943419456482
212,607656	0,0046103298664093
212,708939	0,00267308950424194
212,809890	0,000381380319595337
212,911117	-0,00199007987976074
213,011307	-0,00333240628242493
213,111586	-0,00399169325828552
213,212863	-0,0040438175201416
213,314515	-0,0030609667301178
213,414730	-0,00150415301322937
213,515611	0,000624775886535645
213,617171	0,00317704677581787
213,718828	0,00509998202323914
213,819248	0,00663915276527405
213,920805	0,00761854648590088
214,021071	0,0075334906578064
214,122347	0,00642073154449463
214,222512	0,00476738810539246
214,322830	0,00281688570976257
214,423691	0,000310063362121582
214,525545	-0,00173059105873108
214,625937	-0,00315079092979431
214,726726	-0,00396251678466797
214,826736	-0,00364503264427185
214,927267	-0,00283166766166687
215,027965	-0,0013454258441925
215,128067	0,00106722116470337
215,228282	0,00336542725563049
215,329717	0,00523093342781067
215,430965	0,00698387622833252
215,531278	0,00763231515884399
215,632104	0,00756913423538208
215,732346	0,00683999061584473
215,832450	0,00458946824073792
215,932628	0,00274142622947693
216,034124	0,000749319791793823
216,135454	-0,0019838809967041
216,236404	-0,00322011113166809
216,336887	-0,00394243001937866
216,437883	-0,00402179360389709
216,538322	-0,00283408164978027
216,639104	-0,00136592984199524
216,740124	0,000815361738204956
216,840476	0,00338298082351685
216,940802	0,00514316558837891
217,041198	0,00648054480552673
217,141631	0,00762519240379333
217,241940	0,00740474462509155
217,343332	0,00655129551887512
217,444295	0,00463217496871948
217,544722	0,00259524583816528
217,645470	0,000579148530960083
217,746609	-0,00183171033859253
217,847423	-0,00327840447425842
217,948422	-0,00392043590545654
218,049983	-0,00371769070625305
218,150227	-0,00279298424720764
218,251522	-0,00118198990821838
218,351711	0,000776857137680054
218,451814	0,00342237949371338
218,552199	0,00534859299659729
218,653956	0,00678202509880066
218,755863	0,00756296515464783
218,856514	0,00755771994590759
218,957250	0,00671365857124329
219,058034	0,00447845458984375
219,158387	0,00270962715148926
219,260067	0,000626683235168457
219,360729	-0,00167053937911987
219,461888	-0,00312882661819458
219,562838	-0,00391995906829834
219,663391	-0,00385203957557678
219,764354	-0,00259527564048767
219,864664	-0,00119820237159729
219,964849	0,0006827712059021
220,065560	0,00364819169044495
220,166959	0,00530070066452026
220,267787	0,00670227408409119
220,369078	0,00771358609199524
220,469422	0,00740236043930054
220,569432	0,00662395358085632
220,670717	0,00455817580223083
220,771426	0,00249746441841125
220,871564	0,000565379858016968
220,971597	-0,00160473585128784
221,072568	-0,00333863496780396
221,173505	-0,00388458371162415
221,275140	-0,00383627414703369
221,376521	-0,0027519166469574
221,478361	-0,00108480453491211
221,578655	0,00114747881889343
221,679613	0,00348737835884094
221,779617	0,0054202675819397
221,879954	0,0067284107208252
221,980431	0,00752919912338257
222,080619	0,00745555758476257
222,180982	0,00650668144226074
222,281845	0,00466868281364441
222,382168	0,00253024697303772
222,482429	0,000379025936126709
222,583873	-0,0017973780632019
222,684537	-0,00326597690582275
222,785094	-0,00407156348228455
222,885976	-0,00397732853889465
222,987672	-0,00260627269744873
223,088090	-0,00119104981422424
223,188843	0,000780671834945679
223,289559	0,00365486741065979
223,390232	0,00528216361999512
223,492067	0,00672650337219238
223,593988	0,0075962245464325
223,694548	0,00728169083595276
223,795845	0,00653132796287537
223,897543	0,00470378994941711
223,999499	0,00227436423301697
224,100622	0,000380903482437134
224,202325	-0,00188559293746948
224,302456	-0,00353363156318665
224,404154	-0,00401893258094788
224,505703	-0,00396057963371277
224,607367	-0,00283932685852051
224,708252	-0,00115197896957397
224,808721	0,00100213289260864
224,909646	0,00343421101570129
225,009869	0,00532013177871704
225,110709	0,00671461224555969
225,212606	0,00737908482551575
225,312899	0,00731873512268066
225,414102	0,00602960586547852
225,515149	0,00456386804580688
225,616005	0,00232657790184021
225,716898	-0,000235497951507568
225,817802	-0,00192901492118835
225,918146	-0,00352552533149719
226,019883	-0,0043259859085083
226,121554	-0,00397208333015442
226,222508	-0,00282928347587585
226,322725	-0,000946670770645142
226,423001	0,00117078423500061
226,523601	0,00358840823173523
226,623608	0,0053727924823761
226,723690	0,00715011358261108
226,824135	0,00779864192008972
226,925565	0,00764754414558411
227,026121	0,00672316551208496
227,126390	0,00513556599617004
227,227886	0,00281688570976257
227,328758	0,00092276930809021
227,428804	-0,00137877464294434
227,529385	-0,00298789143562317
227,631268	-0,00355944037437439
227,731909	-0,00356709957122803
227,832048	-0,00240954756736755
227,933094	-0,000785708427429199
228,034302	0,00135508179664612
228,134597	0,00343897938728333
228,235173	0,00571969151496887
228,336970	0,00713017582893372
228,437653	0,0078984797000885
228,538783	0,00783857703208923
228,639770	0,00661396980285645
228,740644	0,00526699423789978
228,841553	0,00299578905105591
228,943375	0,00052875280380249
229,043530	-0,00107240676879883
229,143710	-0,00269556045532227
229,243811	-0,00337973237037659
229,345268	-0,00301513075828552
229,446330	-0,00199341773986816
229,548012	-0,000477701425552368
229,649605	0,00199428200721741
229,750312	0,0038616955280304
229,851187	0,00599068403244019
229,952277	0,00765466690063477
230,054249	0,00808337330818176
230,154664	0,00790369510650635
230,255353	0,00682100653648376
230,356341	0,00506582856178284
230,456790	0,00282305479049683
230,557101	0,000425130128860474
230,657754	-0,00156468152999878
230,757813	-0,00299933552742004
230,858065	-0,00362062454223633
230,958972	-0,00363785028457642
231,059648	-0,00258907675743103
231,159739	-0,000767141580581665
231,260771	0,00140306353569031
231,361243	0,00358223915100098
231,463220	0,00568172335624695
231,563272	0,00713586807250977
231,663422	0,00791937112808228
231,764728	0,00761663913726807
231,865779	0,00645065307617188
231,966466	0,00508052110671997
232,068002	0,00263321399688721
232,168473	0,000656157732009888
232,269569	-0,00129681825637817
232,370990	-0,00297832489013672
232,472100	-0,00348106026649475
232,574162	-0,00308963656425476
232,674625	-0,00229212641716003
232,776424	5,75482845306396E-5
232,878062	0,00207024812698364
232,978528	0,00392195582389832
233,079170	0,00618717074394226
233,179564	0,00771072506904602
233,280879	0,00810903310775757
233,382099	0,00802537798881531
233,483255	0,00676259398460388
233,583345	0,00503355264663696
233,683792	0,00289615988731384
233,785064	0,00035664439201355
233,885376	-0,00149556994438171
233,986462	-0,00266119837760925
234,086814	-0,00360867381095886
234,187550	-0,00337636470794678
234,287582	-0,00227305293083191
234,387831	-0,000551015138626099
234,488253	0,00176355242729187
234,588765	0,00392195582389832
234,689372	0,00587677955627441
234,789568	0,00742372870445251
234,890832	0,00810381770133972
234,991640	0,0076574981212616
235,091784	0,00656887888908386
235,192641	0,00506296753883362
235,294126	0,0025506317615509
235,395323	0,000319570302963257
235,495379	-0,00140976905822754
235,596070	-0,00289759039878845
235,696774	-0,00350877642631531
235,797138	-0,00325354933738708
235,897559	-0,00244486331939697
235,999597	-0,000391095876693726
236,100210	0,00185328722000122
236,202091	0,00373551249504089
236,302430	0,00605905055999756
236,403161	0,00736770033836365
236,503488	0,00783810019493103
236,604078	0,00775209069252014
236,704967	0,0063343346118927
236,805741	0,00473037362098694
236,906055	0,0025506317615509
237,006077	0,000378549098968506
237,106895	-0,00173681974411011
237,207684	-0,00290665030479431
237,308330	-0,00381618738174438
237,409268	-0,00341463088989258
237,510312	-0,00233224034309387
237,612201	-0,000626683235168457
237,713173	0,00185376405715942
237,813708	0,00392717123031616
237,915271	0,00586727261543274
238,015463	0,0074840784072876
238,115726	0,00802823901176453
238,215831	0,00758719444274902
238,316159	0,00675880908966064
238,417140	0,00483712553977966
238,517604	0,00276657938957214
238,618194	0,000522106885910034
238,718561	-0,00170913338661194
238,819541	-0,00310924649238586
238,919584	-0,0036359429359436
239,020204	-0,00346958637237549
239,120615	-0,00252890586853027
239,221843	-0,000441044569015503
239,322547	0,00138121843338013
239,424105	0,0037592351436615
239,525187	0,006063312292099
239,626025	0,00717052817344666
239,726346	0,00792649388313293
239,827252	0,00776490569114685
239,928074	0,00661063194274902
240,028591	0,00482764840126038
240,128646	0,00297632813453674
240,229170	0,000363320112228394
240,330703	-0,00135067105293274
240,431572	-0,00286704301834106
240,531889	-0,00376549363136292
240,633732	-0,00343373417854309
240,735180	-0,00229021906852722
240,836632	-0,00055578351020813
240,937078	0,00198906660079956
241,038581	0,00392526388168335
241,139318	0,00590050220489502
241,239578	0,00733250379562378
241,341161	0,0079227089881897
241,441216	0,00763565301895142
241,542354	0,00671130418777466
241,643143	0,00466394424438477
241,744925	0,00268733501434326
241,846897	0,00046887993812561
241,947987	-0,00185698270797729
242,049696	-0,00310876965522766
242,150149	-0,00361776351928711
242,250626	-0,00351640582084656
242,351592	-0,00243151187896729
242,452855	-0,000402987003326416
242,553533	0,00171983242034912
242,654765	0,00385978817939758
242,754822	0,00598403811454773
242,856226	0,00721517205238342
242,956408	0,00790321826934814
243,057163	0,00769743323326111
243,158362	0,00611835718154907
243,258737	0,0047142505645752
243,359646	0,00271818041801453
243,460258	0,000181198120117188
243,560405	-0,00169339776039124
243,660407	-0,00307244062423706
243,761101	-0,00381043553352356
243,863104	-0,00328937172889709
243,964070	-0,00243151187896729
244,065946	-0,000519126653671265
244,167710	0,0019700825214386
244,269049	0,00376871228218079
244,369774	0,00591000914573669
244,470821	0,00741803646087646
244,571571	0,00770837068557739
244,673401	0,00758007168769836
244,773969	0,00627264380455017
244,874350	0,00448128581047058
244,974579	0,00267499685287476
245,075232	-7,61151313781738E-5
245,175377	-0,00192853808403015
245,275725	-0,00301128625869751
245,377037	-0,00369903445243835
245,477409	-0,00351592898368835
245,578479	-0,0023365318775177
245,679890	-0,000536262989044189
245,780552	0,00167518854141235
245,881511	0,0038275420665741
245,982236	0,00547626614570618
246,083139	0,00707933306694031
246,183148	0,00772830843925476
246,284689	0,00736626982688904
246,385090	0,0059787929058075
246,486172	0,00452733039855957
246,587097	0,00246423482894897
246,687693	-0,000187903642654419
246,788008	-0,00175923109054565
246,888195	-0,00315845012664795
246,988616	-0,00367993116378784
247,089987	-0,00323012471199036
247,191687	-0,00241145491600037
247,293098	-0,000357300043106079
247,393171	0,00195297598838806
247,493695	0,00369471311569214
247,594564	0,00554221868515015
247,695405	0,0071391761302948
247,797202	0,00739997625350952
247,897461	0,0073363184928894
247,997734	0,00579798221588135
248,098719	0,00409132242202759
248,199365	0,00239875912666321
248,300986	-6,6608190536499E-5
248,401991	-0,00212126970291138
248,502364	-0,0030796229839325
248,603013	-0,00381380319595337
248,704479	-0,00336536765098572
248,805193	-0,00212174654006958
248,907113	-0,000424891710281372
249,008228	0,0019591748714447
249,109035	0,00403249263763428
249,209245	0,00551137328147888
249,309621	0,00721517205238342
249,410934	0,00768458843231201
249,511467	0,00717863440513611
249,611819	0,00591093301773071
249,712467	0,00427919626235962
249,813009	0,00219178199768066
249,913411	8,03768634796143E-5
250,013664	-0,00192996859550476
250,115098	-0,0032382607460022
250,215187	-0,00353938341140747
250,317063	-0,003204345703125
250,417651	-0,00226253271102905
250,519138	-0,000467240810394287
250,619930	0,00205695629119873
250,721847	0,00393238663673401
250,822162	0,00581556558609009
250,923800	0,00717052817344666
251,025573	0,00756105780601501
251,126439	0,00744369626045227
251,227707	0,00570973753929138
251,328468	0,00415441393852234
251,428572	0,00237786769866943
251,529461	-0,000185996294021606
251,630902	-0,00206783413887024
251,731482	-0,00312069058418274
251,832019	-0,00391468405723572
251,932033	-0,0033089816570282
252,032572	-0,00220239162445068
252,132766	-0,000846207141876221
252,233390	0,00201898813247681
252,334181	0,003907710313797
252,435460	0,00540363788604736
252,537320	0,00719240307807922
252,638077	0,00747030973434448
252,738302	0,00701144337654114
252,839786	0,00604432821273804
252,941086	0,00399786233901978
253,041907	0,00200045108795166
253,142566	-7,18533992767334E-5
253,242741	-0,00224965810775757
253,343496	-0,00340458750724792
253,444794	-0,00371193885803223
253,545641	-0,00349301099777222
253,647401	-0,00236803293228149
253,747560	-0,000264525413513184
253,849306	0,00179010629653931
253,951190	0,00381994247436523
254,051806	0,00586161017417908
254,151833	0,00689366459846497
254,252098	0,00743654370307922
254,353859	0,0071890652179718
254,453937	0,00576335191726685
254,554067	0,00406950712203979
254,654816	0,00217422842979431
254,754944	-0,00029832124710083
254,856587	-0,00201725959777832
254,956765	-0,00318953394889832
255,058649	-0,00382000207901001
255,159217	-0,00312259793281555
255,259315	-0,00214609503746033
255,360288	-0,000671923160552979
255,460302	0,00221267342567444
255,560483	0,0039423406124115
255,661236	0,00554126501083374
255,761512	0,00726315379142761
255,862399	0,00741186738014221
255,962515	0,00710833072662354
256,063553	0,00605905055999756
256,163907	0,00393238663673401
256,264653	0,00211438536643982
256,365236	0,000330030918121338
256,465515	-0,00219285488128662
256,565925	-0,00315079092979431
256,666849	-0,00351211428642273
256,767098	-0,00328794121742249
256,868510	-0,00201678276062012
256,969299	-0,000441044569015503
257,069703	0,0019700825214386
257,170467	0,00400876998901367
257,270810	0,00553840398788452
257,371516	0,00665861368179321
257,471612	0,00727552175521851
257,572198	0,00676402449607849
257,672596	0,00560387969017029
257,773289	0,00360643863677979
257,874169	0,0015350878238678
257,974693	-0,000457704067230225
258,075328	-0,00221005082130432
258,176078	-0,00370237231254578
258,277327	-0,00407251715660095
258,378917	-0,00340601801872253
258,480409	-0,00224155187606812
258,581223	-0,000465810298919678
258,682224	0,00204131007194519
258,783094	0,00414732098579407
258,883217	0,00592139363288879
258,984418	0,00729545950889587
259,084778	0,00744986534118652
259,185054	0,00713256001472473
259,286902	0,00603196024894714
259,388543	0,00339436531066895
259,490895	0,00152513384819031
259,591328	-0,000522464513778687
259,691438	-0,00305142998695374
