0,100961	0,0135468542575836
0,201702	0,0190064907073975
0,302550	0,0246344208717346
0,403490	0,0288316011428833
0,504418	0,0318626165390015
0,605246	0,0337432324886322
0,705876	0,0332051813602448
0,806327	0,0309988558292389
0,906557	0,026716023683548
1,006837	0,0213201642036438
1,107289	0,0164865553379059
1,207728	0,0113662481307983
1,308351	0,00774303078651428
1,408614	0,00627073645591736
1,509087	0,00681623816490173
1,609929	0,00901848077774048
1,710455	0,013319343328476
1,810541	0,0179252326488495
1,911255	0,0236572921276093
2,011424	0,0286794006824493
2,113315	0,0318417251110077
2,214084	0,0336749255657196
2,314303	0,0331847965717316
2,414655	0,0310856401920319
2,514678	0,0267942547798157
2,615658	0,0222939848899841
2,716770	0,0166338384151459
2,817685	0,0114758908748627
2,918309	0,00827687978744507
3,019254	0,00643926858901978
3,121410	0,0068964958190918
3,221520	0,00911128520965576
3,322011	0,0135344564914703
3,422631	0,0180485546588898
3,523032	0,0237725675106049
3,623376	0,0288377702236176
3,724390	0,0318640172481537
3,825515	0,0337010025978088
3,927332	0,0334765911102295
4,029040	0,0310235321521759
4,129088	0,0267937779426575
4,229523	0,0223248302936554
4,330181	0,0165642499923706
4,431759	0,0115140080451965
4,532800	0,00833919644355774
4,633306	0,00647011399269104
4,733990	0,00684472918510437
4,834340	0,0092812180519104
4,934625	0,0136479735374451
5,036186	0,0182265937328339
5,137086	0,0238280892372131
5,237538	0,0288173854351044
5,339084	0,0318825244903564
5,439383	0,0335738360881805
5,541377	0,0332701802253723
5,641522	0,030854195356369
5,742085	0,0264818370342255
5,843263	0,0220499634742737
5,944019	0,016379326581955
6,044813	0,0112742483615875
6,145470	0,0082550048828125
6,245532	0,00647628307342529
6,346373	0,00677680969238281
6,447343	0,00936403870582581
6,547499	0,0137328803539276
6,647713	0,0182727873325348
6,748110	0,0240064561367035
6,848320	0,0281900763511658
6,949185	0,031925231218338
7,049259	0,0336559116840363
7,150567	0,0332402884960175
7,251488	0,0307911038398743
7,352852	0,0264927446842194
7,453475	0,0219768583774567
7,554086	0,0163288116455078
7,654144	0,0120699107646942
7,754614	0,00821363925933838
7,855455	0,00661015510559082
7,955795	0,00685709714889526
8,057104	0,0093478262424469
8,157112	0,0129850208759308
8,258934	0,0183669924736023
8,359501	0,0239741802215576
8,461201	0,028210461139679
8,562686	0,0318683087825775
8,662717	0,0334874987602234
8,763663	0,0331145524978638
8,864810	0,0305767357349396
8,965715	0,0262252986431122
9,066370	0,0218092799186707
9,166527	0,0170364677906036
9,268186	0,0118205547332764
9,368591	0,00810477137565613
9,470303	0,00647059082984924
9,570949	0,00678345561027527
9,671605	0,00940924882888794
9,772398	0,0129788219928741
9,873087	0,0183964967727661
9,973522	0,0240078866481781
10,075349	0,028121292591095
10,175604	0,0318118631839752
10,275988	0,0334348082542419
10,376545	0,0329892933368683
10,476723	0,0304932296276093
10,578170	0,0269838869571686
10,679156	0,021635502576828
10,779689	0,0160642564296722
10,880689	0,0118176937103271
10,980962	0,00808575749397278
11,081751	0,00662630796432495
11,182349	0,00694921612739563
11,283125	0,0095849335193634
11,385064	0,0132749974727631
11,485885	0,0186387598514557
11,586204	0,024245947599411
11,687122	0,0284290313720703
11,787361	0,0319968461990356
11,889349	0,0335880815982819
11,990348	0,0331776738166809
12,090939	0,0305387675762177
12,191188	0,0270061790943146
12,291819	0,0216834545135498
12,392063	0,0168959200382233
12,493002	0,0117924213409424
12,593310	0,00809383392333984
12,693941	0,00655558705329895
12,794139	0,00696393847465515
12,894280	0,00963443517684937
12,995059	0,0132435262203217
13,095673	0,0177433490753174
13,197468	0,0242734849452972
13,298033	0,0283636152744293
13,398073	0,0315514206886292
13,498877	0,0335254371166229
13,598934	0,033051460981369
13,699164	0,031032532453537
13,799783	0,0268435776233673
13,900321	0,0214835405349731
14,001017	0,0168320834636688
14,101808	0,0116727650165558
14,202078	0,00800350308418274
14,302860	0,00664389133453369
14,403417	0,00677728652954102
14,503594	0,00978061556816101
14,603613	0,0134562253952026
14,703924	0,0179300010204315
14,805159	0,0245167911052704
14,905852	0,0286879241466522
15,007807	0,0317648947238922
15,108300	0,0336284041404724
15,208462	0,033212274312973
15,308894	0,0310420095920563
15,409851	0,0276490747928619
15,510151	0,0214659571647644
15,610913	0,0166948437690735
15,711442	0,0123817622661591
15,813295	0,00797548890113831
15,914926	0,00650620460510254
16,016495	0,00676733255386353
16,116495	0,00978299975395203
16,217401	0,0134538412094116
16,317683	0,017992377281189
16,418305	0,0236283838748932
16,518899	0,0285532474517822
16,619200	0,0316795110702515
16,720677	0,0334352850914001
16,822537	0,0329048633575439
16,923772	0,0308276116847992
17,025414	0,0265197455883026
17,125456	0,0211548805236816
17,225677	0,0165113508701324
17,326513	0,0121509730815887
17,426835	0,00785142183303833
17,527354	0,00651711225509644
17,628603	0,00674217939376831
17,729316	0,00982299447059631
17,829650	0,0135644972324371
17,930477	0,0179571211338043
18,030580	0,0235889852046967
18,130750	0,0285101234912872
18,231170	0,0314261913299561
18,332055	0,0332099199295044
18,432963	0,0326301455497742
18,533397	0,030419260263443
18,634364	0,0269981324672699
18,736180	0,0208081305027008
18,836493	0,0160370767116547
18,938359	0,0118544101715088
19,040232	0,00756391882896423
19,140487	0,00627642869949341
19,241345	0,0067165195941925
19,341789	0,00979346036911011
19,442932	0,013543039560318
19,543275	0,0181237459182739
19,643996	0,0237056910991669
19,745391	0,0286381244659424
19,846657	0,0316804647445679
19,948146	0,0331634283065796
20,048484	0,0326690673828125
20,148653	0,030513197183609
20,250607	0,0269293785095215
20,350996	0,0207520723342896
20,452521	0,0160723626613617
20,552706	0,0117032825946808
20,653400	0,00755628943443298
20,754238	0,00627738237380981
20,854967	0,00659641623497009
20,956229	0,00924217700958252
21,057153	0,0136298537254333
21,157365	0,0180528461933136
21,259191	0,0237355530261993
21,360020	0,0285836160182953
21,460343	0,0314489901065826
21,561280	0,0331719815731049
21,661861	0,0324138402938843
21,762825	0,0300858616828918
21,863364	0,0266192853450775
21,964961	0,0202664434909821
22,066324	0,0155627131462097
22,167555	0,0114220082759857
22,267991	0,00711402297019958
22,368370	0,00591570138931274
22,468957	0,00641977787017822
22,570129	0,00891619920730591
22,670690	0,0134223699569702
22,770927	0,0180685520172119
22,871665	0,0235846936702728
22,973297	0,0285869240760803
23,074135	0,0315500199794769
23,174721	0,0330637991428375
23,274881	0,0324977934360504
23,375546	0,0302409529685974
23,476349	0,0266344547271729
23,576728	0,0205121338367462
23,677990	0,0157477259635925
23,778100	0,011401504278183
23,879099	0,00779673457145691
23,980027	0,00607660412788391
24,081328	0,00648626685142517
24,181963	0,00921311974525452
24,282058	0,0135716497898102
24,382859	0,0180771052837372
24,483424	0,0228345692157745
24,584187	0,028489738702774
24,684461	0,0313730835914612
24,785241	0,0329655706882477
24,885310	0,0322103202342987
24,985342	0,029990553855896
25,085369	0,026495099067688
25,185778	0,0210522711277008
25,286801	0,015483558177948
25,387764	0,0113281011581421
25,488475	0,00753253698348999
25,588953	0,0060276985168457
25,689947	0,00654891133308411
25,790908	0,00852510333061218
25,892186	0,0136541724205017
25,992853	0,0181932747364044
26,093758	0,022772878408432
26,195733	0,028613954782486
26,296819	0,0314669907093048
26,397809	0,0328332185745239
26,498477	0,0323056578636169
26,598907	0,0299108922481537
26,700006	0,0262812674045563
26,800470	0,0211073756217957
26,901812	0,0154325664043427
27,002218	0,0112523138523102
27,103599	0,00773116946220398
27,204737	0,00609225034713745
27,306319	0,0065968930721283
27,407460	0,00878962874412537
27,507918	0,0137443244457245
27,608071	0,0183137059211731
27,709598	0,0230818092823029
27,810056	0,0286518633365631
27,910473	0,0315637588500977
28,010539	0,0329850316047668
28,111335	0,032147228717804
28,212185	0,0298786461353302
28,312642	0,026340514421463
28,413312	0,0209335386753082
28,514423	0,0154339969158173
28,614668	0,011279970407486
28,714891	0,00805962085723877
28,815309	0,00616106390953064
28,915889	0,00670513510704041
29,017434	0,00873968005180359
29,117888	0,0139470100402832
29,217901	0,0183784067630768
29,317937	0,0229024291038513
29,418756	0,0279700458049774
29,519625	0,0314015448093414
29,620037	0,0327995121479034
29,721034	0,0324508547782898
29,822611	0,0296993553638458
29,923203	0,0260465443134308
30,025333	0,020788162946701
30,126870	0,0150968432426453
30,227858	0,0110340416431427
30,328579	0,00804391503334045
30,428949	0,00596791505813599
30,529151	0,00661727786064148
30,629496	0,00879865884780884
30,729693	0,0138077437877655
30,829818	0,018383651971817
30,930533	0,0230779945850372
31,030850	0,0279326140880585
31,131407	0,0314978361129761
31,232237	0,0328270494937897
31,332919	0,0322459042072296
31,433413	0,0296913087368011
31,533897	0,0261376202106476
31,634093	0,0216416716575623
31,734110	0,0161352753639221
31,834403	0,0110902786254883
31,934737	0,00795170664787292
32,034904	0,00624889135360718
32,135622	0,00671938061714172
32,236672	0,00884243845939636
32,338265	0,0132144391536713
32,439499	0,0184426605701447
32,541175	0,0230101346969604
32,641811	0,027988076210022
32,743022	0,0313275456428528
32,844735	0,0326790511608124
32,945968	0,0321970283985138
33,046455	0,0293911397457123
33,146844	0,0258066356182098
33,247526	0,0214816331863403
33,347900	0,0158273279666901
33,448922	0,0109034478664398
33,549261	0,00791272521018982
33,650958	0,00604432821273804
33,752397	0,00668233633041382
33,852791	0,00890240073204041
33,953489	0,0130975842475891
34,054252	0,0185825824737549
34,155079	0,0231909155845642
34,257071	0,027991384267807
34,357380	0,0314878821372986
34,457381	0,0327131748199463
34,557492	0,0323440730571747
34,657868	0,0300635695457458
34,759275	0,0257942974567413
34,860576	0,0213282406330109
34,961038	0,0158564150333405
35,061787	0,0107904970645905
35,163509	0,00776872038841248
35,263723	0,00613498687744141
35,365407	0,00663104653358459
35,465884	0,00886335968971252
35,566644	0,0132358968257904
35,668251	0,0185097754001617
35,768572	0,023162454366684
35,868932	0,0280900299549103
35,969196	0,0313569605350494
36,069592	0,0326828360557556
36,169945	0,0323735177516937
36,270597	0,029855877161026
36,370997	0,0256809890270233
36,472220	0,0212812125682831
36,572671	0,0156471133232117
36,673097	0,010805755853653
36,774101	0,00782954692840576
36,874850	0,00604620575904846
36,975172	0,00676542520523071
37,075847	0,00897899270057678
37,176579	0,0132530629634857
37,276679	0,0178347527980804
37,377673	0,0233342051506042
37,477847	0,0273854732513428
37,579832	0,0311288237571716
37,680058	0,0326908826828003
37,780989	0,0322895348072052
37,882761	0,0299359858036041
37,983107	0,0256013572216034
38,083869	0,0211781561374664
38,185423	0,015727698802948
38,285679	0,0106852054595947
38,386486	0,00772309303283691
38,486686	0,00614967942237854
38,588287	0,00669658184051514
38,688729	0,00904276967048645
38,789266	0,0134543180465698
38,891304	0,0187262892723083
38,991993	0,0234205722808838
39,092709	0,0275528430938721
39,193473	0,031058132648468
39,294449	0,0327701270580292
39,395684	0,0324181020259857
39,495715	0,0298326313495636
39,595859	0,0257174968719482
39,696353	0,0212978422641754
39,796614	0,0156599879264832
39,897341	0,0116036236286163
39,997623	0,00784191489219666
40,098626	0,00614681839942932
40,199731	0,00665149092674255
40,300473	0,00905418395996094
40,401049	0,0125324428081512
40,501241	0,0178833305835724
40,601975	0,023234099149704
40,702018	0,0272944569587708
40,802511	0,0309533178806305
40,903137	0,0323910713195801
41,003241	0,0320381224155426
41,105036	0,029654324054718
41,206936	0,0261228978633881
41,308408	0,0210318565368652
41,408986	0,0155789256095886
41,509914	0,0106323063373566
41,610510	0,00783666968345642
41,712471	0,00623607635498047
41,814184	0,00685280561447144
41,914935	0,00926357507705688
42,015914	0,0127608776092529
42,116815	0,0178709626197815
42,217516	0,0234362185001373
42,317760	0,0273977816104889
42,419495	0,0308631956577301
42,519863	0,0325447618961334
42,620646	0,0320551991462708
42,722120	0,0295296013355255
42,823190	0,0253846347332001
42,923672	0,0208884179592133
43,024294	0,0154416263103485
43,125881	0,0107128322124481
43,225992	0,00773495435714722
43,326774	0,00630679726600647
43,427484	0,00697723031044006
43,527570	0,00913318991661072
43,628188	0,0126717090606689
43,728456	0,0179290473461151
43,829119	0,0232426524162292
43,930708	0,0273191034793854
44,031067	0,0308228731155396
44,132413	0,0322368741035461
44,234021	0,0318588316440582
44,335804	0,0293546319007874
44,436369	0,0250465273857117
44,536557	0,0208199918270111
44,637360	0,0153586566448212
44,737604	0,0105403363704681
44,838119	0,00780817866325378
44,939017	0,0063566267490387
45,039155	0,00667330622673035
45,141103	0,00937545299530029
45,242258	0,0128529369831085
45,342880	0,0180418789386749
45,443511	0,0235097408294678
45,543900	0,0273541808128357
45,644658	0,030779242515564
45,744812	0,0323123037815094
45,845435	0,0317293107509613
45,945742	0,0292289555072784
46,046665	0,0258706510066986
46,147503	0,0206166803836823
46,247592	0,0152604281902313
46,349259	0,011258989572525
46,449888	0,00768125057220459
46,550609	0,00638562440872192
46,652366	0,0068608820438385
46,752628	0,00938639044761658
46,852837	0,012990266084671
46,953255	0,0181889832019806
47,055114	0,0234518945217133
47,155864	0,027481734752655
47,256107	0,0308489799499512
47,357419	0,0322008430957794
47,457785	0,0317777097225189
47,557811	0,0291663706302643
47,658530	0,0256610810756683
47,758640	0,0206228494644165
47,859900	0,0160742700099945
47,960038	0,0112099051475525
48,060508	0,00789323449134827
48,162290	0,00650051236152649
48,262743	0,00698339939117432
48,363506	0,0097096860408783
48,464762	0,0131929814815521
48,565430	0,0184193551540375
48,665708	0,0229849815368652
48,765769	0,0276647508144379
48,865994	0,031038224697113
48,966178	0,0323554575443268
49,066916	0,0317682325839996
49,167586	0,0292090475559235
49,269382	0,0257611274719238
49,370989	0,0205306708812714
49,472036	0,016084760427475
49,573024	0,0112332701683044
49,674983	0,00774160027503967
49,775045	0,00650715827941895
49,876713	0,0070061981678009
49,976872	0,00964349508285522
50,078500	0,0132749974727631
50,179160	0,0184464752674103
50,279638	0,0237374603748322
50,380240	0,0276988744735718
50,480723	0,0309841334819794
50,582585	0,0322155356407166
50,684496	0,0317715406417847
50,785562	0,0296737849712372
50,886287	0,0248155891895294
50,986792	0,0205449163913727
51,087566	0,0159951448440552
51,188452	0,011189877986908
51,289401	0,00786375999450684
51,389723	0,00654131174087524
51,490917	0,00712019205093384
51,591600	0,00987395644187927
51,692197	0,0133908987045288
51,793407	0,0186201632022858
51,894117	0,0239428579807281
51,994280	0,0277315676212311
52,094590	0,0310671329498291
52,195365	0,0323213338851929
52,296370	0,0317236185073853
52,396977	0,0296955704689026
52,497253	0,0256165266036987
52,597830	0,0204375088214874
52,699789	0,0160289704799652
52,799978	0,0112685263156891
52,901379	0,00793030858039856
53,002174	0,00678110122680664
53,102489	0,00733441114425659
53,203114	0,0100316107273102
53,304394	0,0136393904685974
53,404722	0,0187729299068451
53,505086	0,0231899619102478
53,605741	0,0279093682765961
53,707644	0,0306729972362518
53,809145	0,0322363972663879
53,910896	0,0316799879074097
54,011694	0,02946937084198
54,112350	0,02460977435112
54,214194	0,0203092396259308
54,315506	0,0158115923404694
54,416150	0,01046222448349
54,516798	0,00786328315734863
54,617409	0,00661489367485046
54,718782	0,00727218389511108
54,819481	0,010010153055191
54,921307	0,0135459005832672
55,023090	0,0187648236751556
55,123635	0,0239955186843872
55,224314	0,0277590751647949
55,325327	0,0305430591106415
55,426119	0,0320903062820435
55,527226	0,0313465297222137
55,629150	0,0292403399944305
55,729632	0,0242829620838165
55,831350	0,019951343536377
55,932372	0,0155565142631531
56,033479	0,0101673305034637
56,134137	0,00758481025695801
56,235042	0,00646299123764038
56,335477	0,00711402297019958
56,436984	0,00989633798599243
56,537664	0,0135702192783356
56,638369	0,0186977386474609
56,738483	0,0239580571651459
56,839162	0,0277529060840607
56,940645	0,0308257341384888
57,040966	0,031989723443985
57,141932	0,0312763154506683
57,242045	0,0290762484073639
57,342841	0,0241895318031311
57,443292	0,0198824107646942
57,543385	0,015428751707077
57,643560	0,010805755853653
57,744703	0,0076337456703186
57,845413	0,00649431347846985
57,946224	0,00728312134742737
58,047439	0,010112076997757
58,147853	0,0137209296226501
58,249442	0,0180680751800537
58,350243	0,0241529941558838
58,450941	0,0278818905353546
58,551185	0,0306141972541809
58,651498	0,032077968120575
58,752930	0,0313118994235992
58,854198	0,0291734635829926
58,954608	0,0241871476173401
59,054694	0,0198943018913269
59,155544	0,0155069231987
59,255877	0,0108333826065063
59,357463	0,00770172476768494
59,458937	0,00663059949874878
59,559312	0,00735914707183838
59,660245	0,0102525949478149
59,761754	0,0139346122741699
59,863736	0,0191006660461426
59,964335	0,0243370234966278
60,064342	0,0280288755893707
60,165783	0,0306473970413208
60,266524	0,0321215987205505
60,367821	0,0313218533992767
60,469621	0,0291331708431244
60,570679	0,0249962508678436
60,670816	0,0198381841182709
60,770928	0,0154416263103485
60,872918	0,0108462572097778
60,974384	0,00772261619567871
61,076006	0,00668421387672424
61,176695	0,00751921534538269
61,277264	0,0104140937328339
61,377619	0,014095813035965
61,477620	0,0192790329456329
61,579279	0,0244532525539398
61,679586	0,02810138463974
61,779688	0,031080424785614
61,879975	0,0320514142513275
61,980487	0,0312042236328125
62,081313	0,0289477705955505
62,182950	0,0247586667537689
62,283665	0,0195881128311157
62,383965	0,0151817500591278
62,485760	0,010606586933136
62,585963	0,00754868984222412
62,687064	0,00661015510559082
62,787689	0,00748029351234436
62,888325	0,010442703962326
62,989156	0,0141478180885315
63,090735	0,0193422734737396
63,192031	0,0245120525360107
63,293794	0,028193861246109
63,395737	0,0311549007892609
63,496332	0,0320926606655121
63,596935	0,0312473773956299
63,697477	0,0283503234386444
63,799331	0,0247406661510468
63,899539	0,0196166634559631
64,000075	0,0143929421901703
64,100825	0,0107009410858154
64,201057	0,00771167874336243
64,302075	0,0067293643951416
64,403580	0,00766178965568542
64,503625	0,010640412569046
64,604307	0,0143209397792816
64,706115	0,0195320248603821
64,806505	0,0246685445308685
64,907776	0,0282607078552246
65,008294	0,0311999619007111
65,109251	0,0320969521999359
65,209605	0,0311843156814575
65,310226	0,0282867848873138
65,410384	0,0246443748474121
65,510780	0,0194825828075409
65,611102	0,015144556760788
65,711538	0,0106351673603058
65,812192	0,00766322016716003
65,913704	0,00678202509880066
66,014350	0,00773069262504578
66,115087	0,0107366740703583
66,215965	0,0144845247268677
66,316754	0,0196689665317535
66,417216	0,0248245894908905
66,517784	0,0284375846385956
66,618925	0,0309191644191742
66,720807	0,0321315824985504
66,822288	0,03121417760849
66,924114	0,0282261073589325
67,024618	0,0246268212795258
67,125514	0,0194934904575348
67,226483	0,014263242483139
67,326674	0,0105970501899719
67,427405	0,00766938924789429
67,527478	0,00679013133049011
67,628277	0,00781908631324768
67,728502	0,0108720064163208
67,830176	0,0145484209060669
67,932033	0,0197630822658539
68,033543	0,0240629017353058
68,135064	0,02839395403862
68,236910	0,0312881767749786
68,337260	0,032130628824234
68,438796	0,0310937166213989
68,540226	0,0281592607498169
68,641730	0,0244200229644775
68,742238	0,0192248225212097
68,842988	0,0141406655311584
68,944703	0,0104708075523376
69,046583	0,00757721066474915
69,146585	0,00682288408279419
69,246747	0,00776490569114685
69,347049	0,0102030634880066
69,448982	0,0154397189617157
69,549911	0,0197412371635437
69,651689	0,0240576863288879
69,752446	0,0290463864803314
69,853462	0,0311857163906097
69,955115	0,0320034921169281
70,055876	0,0305999517440796
70,156424	0,0279122292995453
70,257799	0,0243133306503296
70,360141	0,0182680189609528
70,460318	0,013969898223877
70,561144	0,0104202926158905
70,662778	0,00755059719085693
70,764231	0,00670704245567322
70,866008	0,0078214704990387
70,966098	0,0108686685562134
71,067139	0,0154335200786591
71,169139	0,0198686420917511
71,270074	0,0248810052871704
71,371023	0,0290046632289886
71,472668	0,0312350690364838
71,572669	0,0318877398967743
71,674038	0,0305018126964569
71,774230	0,0279354453086853
71,874810	0,0233555734157562
71,975253	0,0190435945987701
72,075772	0,0139589309692383
72,176637	0,0102945268154144
72,277245	0,00754109025001526
72,378507	0,00682905316352844
72,478750	0,00783145427703857
72,579097	0,0110202133655548
72,679961	0,0156037211418152
72,780726	0,0198472440242767
72,881004	0,024968296289444
72,982498	0,0290435552597046
73,082740	0,031149685382843
73,184054	0,0319570004940033
73,284646	0,0304752290248871
73,385079	0,0277353823184967
73,485624	0,0241397321224213
73,586207	0,018951803445816
73,686818	0,0138110816478729
73,787197	0,0103650391101837
73,887741	0,00753870606422424
73,989161	0,00681671500205994
74,090892	0,00799494981765747
74,191885	0,0110392868518829
74,293090	0,0156499743461609
74,394205	0,0200782716274261
74,495031	0,0249952971935272
74,595154	0,0290871560573578
74,695705	0,0312360227108002
74,796377	0,0317563414573669
74,897918	0,0307247042655945
74,998990	0,027677059173584
75,099179	0,0238636434078217
75,199977	0,0187810063362122
75,300883	0,0136985182762146
75,402530	0,0100720822811127
75,502580	0,00745034217834473
75,604022	0,00677588582038879
75,704114	0,00783666968345642
75,804698	0,0111283957958221
75,905195	0,015669047832489
76,006833	0,0199603736400604
76,107653	0,025106281042099
76,207797	0,0290407240390778
76,308978	0,0311231315135956
76,410007	0,0319024622440338
76,511166	0,0306563973426819
76,612105	0,0275376737117767
76,713269	0,0239149034023285
76,813800	0,0186820328235626
76,914707	0,0136455893516541
77,016253	0,0102182924747467
77,116989	0,00742658972740173
77,217269	0,00687465071678162
77,317503	0,00809764862060547
77,418799	0,011197030544281
77,518899	0,0158793032169342
77,620268	0,0202317833900452
77,721514	0,0251238346099854
77,822146	0,0286059081554413
77,923266	0,0312720239162445
78,023809	0,031764417886734
78,123824	0,0307190120220184
78,224087	0,0275841057300568
78,324690	0,0237872898578644
78,425225	0,0187710225582123
78,525797	0,0136899352073669
78,626411	0,0101540088653564
78,727313	0,00761568546295166
78,828178	0,00697866082191467
78,929110	0,00814279913902283
79,029588	0,0108319520950317
79,131282	0,0160485208034515
79,231963	0,0203767120838165
79,332737	0,0254557430744171
79,433441	0,0287514626979828
79,534167	0,0313379764556885
79,635579	0,0320148766040802
79,736016	0,0306772589683533
79,836401	0,0275680124759674
79,937068	0,0239300727844238
80,037807	0,018701046705246
80,138641	0,0137657821178436
80,240492	0,010354071855545
80,341308	0,00764137506484985
80,441932	0,00719857215881348
80,542847	0,00841051340103149
80,643091	0,0115683674812317
80,744146	0,0154969096183777
80,844325	0,0206760466098785
80,944871	0,0247695744037628
81,046725	0,0289965867996216
81,146837	0,0314669907093048
81,247692	0,031922847032547
81,349047	0,0307503044605255
81,450638	0,0274869501590729
81,551206	0,0237156450748444
81,651444	0,0186748802661896
81,752614	0,0135478079319
81,853480	0,0100620687007904
81,953952	0,00754916667938232
82,054135	0,00692451000213623
82,155429	0,00819557905197144
82,257052	0,011555016040802
82,358284	0,0152532756328583
82,460039	0,0204346776008606
82,560250	0,0254386961460114
82,660558	0,0286789238452911
82,761466	0,0312682390213013
82,861952	0,0318593084812164
82,963420	0,0304429829120636
83,065062	0,0273361504077911
83,165536	0,0235823392868042
83,265818	0,0183603465557098
83,366225	0,0134877264499664
83,466582	0,0100749433040619
83,568353	0,00746792554855347
83,669431	0,00701001286506653
83,770912	0,00832444429397583
83,872370	0,0115707516670227
83,974005	0,0154950022697449
84,074165	0,0205971896648407
84,174225	0,0255012810230255
84,274512	0,0288903713226318
84,375413	0,0312857925891876
84,476883	0,0317164957523346
84,577393	0,0305482447147369
84,678344	0,0272659957408905
84,778644	0,0235154330730438
84,879769	0,0184459984302521
84,980216	0,0133727788925171
85,080249	0,0100049078464508
85,181715	0,00756439566612244
85,282890	0,00699529051780701
85,384276	0,00840196013450623
85,485813	0,0117709636688232
85,586813	0,0154721140861511
85,688074	0,020658940076828
85,789384	0,0255809426307678
85,891096	0,0288268625736237
85,991162	0,0313654839992523
86,091723	0,0317691564559937
86,192793	0,0303955674171448
86,292898	0,0272347033023834
86,393564	0,0225972533226013
86,494299	0,018268495798111
86,594787	0,0142112374305725
86,695042	0,0100706517696381
86,795326	0,00755152106285095
86,896216	0,00712493062019348
86,996309	0,00848373770713806
87,096450	0,0117895603179932
87,197238	0,0157338976860046
87,298804	0,0208152532577515
87,400767	0,0256871581077576
87,501390	0,02901890873909
87,602117	0,0313242077827454
87,703932	0,0316932499408722
87,804909	0,0304453670978546
87,905131	0,0270991027355194
88,006559	0,0233906805515289
88,107984	0,018356055021286
88,207985	0,0140948593616486
88,308168	0,0100363790988922
88,408604	0,00766274333000183
88,509224	0,00715580582618713
88,611104	0,00869020819664001
88,711575	0,0120813548564911
88,813113	0,0158278048038483
88,913952	0,0210484862327576
89,014851	0,0258621275424957
89,115818	0,0290150940418243
89,216330	0,0314759910106659
89,317328	0,0317326486110687
89,417510	0,0303827524185181
89,518371	0,0271981954574585
89,619248	0,0225274860858917
89,719249	0,0182218253612518
89,820781	0,0141668915748596
89,921008	0,0100549161434174
90,022473	0,00766557455062866
90,122639	0,00733914971351624
90,222907	0,00873586535453796
90,323423	0,0121466815471649
90,424855	0,0160628259181976
90,525383	0,0211054980754852
90,625577	0,0259882509708405
90,726682	0,0292019248008728
90,827630	0,0314062833786011
90,927933	0,0318189561367035
91,027944	0,0303851366043091
91,128367	0,0276628434658051
91,229105	0,0232772827148438
91,329401	0,0181804001331329
91,430084	0,0139484405517578
91,530199	0,00998252630233765
91,631071	0,0078851580619812
91,731426	0,0071885883808136
91,831715	0,00882816314697266
91,931788	0,0115688443183899
92,032354	0,0160370767116547
92,133439	0,0212394297122955
92,233528	0,0252414345741272
92,333782	0,0285840928554535
92,434388	0,0315054059028625
92,534636	0,0318303406238556
92,635633	0,0306976735591888
92,736510	0,0277149975299835
92,837690	0,0231786072254181
92,937702	0,01891228556633
93,038342	0,0140452682971954
93,138574	0,00998681783676147
93,239724	0,00794693827629089
93,340085	0,00738385319709778
93,440478	0,00892093777656555
93,541214	0,0116999447345734
93,643033	0,015483558177948
93,743696	0,0213078260421753
93,845149	0,0254367887973785
93,946333	0,0288358628749847
94,046801	0,0312862694263458
94,148641	0,0318977236747742
94,249556	0,0307659804821014
94,349944	0,0275822281837463
94,450494	0,0231947302818298
94,551495	0,0189498960971832
94,652369	0,0139122009277344
94,753177	0,0100316107273102
94,854035	0,00794410705566406
94,955008	0,00732871890068054
95,055559	0,00901752710342407
95,156210	0,0117228329181671
95,256603	0,0154106318950653
95,356811	0,0213985443115234
95,457047	0,0253447890281677
95,558250	0,0286457240581512
95,659499	0,0312156081199646
95,761290	0,0316387116909027
95,862452	0,0304543673992157
95,963426	0,0273977816104889
96,064212	0,0228450000286102
96,166253	0,0186558663845062
96,267643	0,0137872397899628
96,368948	0,00977632403373718
96,469885	0,00782763957977295
96,570256	0,00736531615257263
96,670407	0,00893187522888184
96,771972	0,0117967128753662
96,872023	0,016384094953537
96,972154	0,0205786526203156
97,073590	0,0255041420459747
97,173927	0,0288026630878448
97,274778	0,031194269657135
97,375606	0,0317459106445313
97,476545	0,0305226743221283
97,577059	0,0273063182830811
97,677241	0,0229271054267883
97,777579	0,0186510980129242
97,877579	0,0136980414390564
97,978987	0,00990206003189087
98,079668	0,00785568356513977
98,181176	0,00730544328689575
98,281662	0,00913271307945251
98,382151	0,0118744373321533
98,482613	0,0156475901603699
98,583332	0,0207853317260742
98,684355	0,0255297422409058
98,785145	0,0288334786891937
98,885622	0,0313237309455872
98,986444	0,0316548347473145
99,088023	0,0304889678955078
99,188345	0,0273285806179047
99,288817	0,0227443873882294
99,389523	0,0185901820659637
99,490092	0,0136880278587341
99,591116	0,00977015495300293
99,692332	0,00792127847671509
99,793043	0,00740140676498413
99,894719	0,00869020819664001
99,995479	0,0120494067668915
100,096672	0,0157448649406433
100,196815	0,0207805633544922
100,297532	0,0256667733192444
100,399147	0,0288287699222565
100,499440	0,0312146544456482
100,600184	0,031644880771637
100,700479	0,0303030908107758
100,800491	0,0277443826198578
100,901375	0,0226319134235382
101,002079	0,0183108448982239
101,103692	0,0142484307289124
101,203929	0,00967395305633545
101,304527	0,00772640109062195
101,404854	0,00732633471488953
101,505483	0,0087263286113739
101,607293	0,0119602382183075
101,707404	0,0157939493656158
101,808170	0,0208318829536438
101,908788	0,0256122648715973
102,009811	0,028887540102005
102,110188	0,0312065780162811
102,211671	0,0315457284450531
102,312037	0,0302888453006744
102,413762	0,0276874899864197
102,514034	0,022517055273056
102,615507	0,0183479487895966
102,716713	0,0142326951026917
102,817442	0,0102192461490631
102,917860	0,00787755846977234
103,018483	0,00741851329803467
103,119099	0,00888192653656006
103,219741	0,0122253596782684
103,321222	0,0159898996353149
103,421756	0,0210480093955994
103,522522	0,025849312543869
103,623356	0,0290018022060394
103,724234	0,0313118994235992
103,824626	0,0316320657730103
103,925405	0,0302618145942688
104,025633	0,0276879668235779
104,126158	0,0224975943565369
104,226800	0,0182846784591675
104,327334	0,0142450928688049
104,429160	0,0102488100528717
104,530480	0,00786805152893066
104,631700	0,00746271014213562
104,732882	0,00893092155456543
104,834350	0,0122720897197723
104,934962	0,0160990655422211
105,036561	0,0211311280727386
105,136876	0,0258573889732361
105,237769	0,028977632522583
105,338576	0,0312312543392181
105,440291	0,0314575135707855
105,541980	0,0301143229007721
105,643260	0,0268478393554688
105,743864	0,0222792625427246
105,845620	0,0181194841861725
105,946618	0,0132931172847748
106,047577	0,0100215971469879
106,147847	0,00774019956588745
106,248832	0,00746840238571167
106,350123	0,0088743269443512
106,452041	0,0122635066509247
106,552560	0,016861617565155
106,653967	0,0210850536823273
106,755968	0,0258255898952484
106,857929	0,0294077396392822
106,958161	0,031125009059906
107,058458	0,0313664376735687
107,158967	0,0295561552047729
107,260497	0,0267221927642822
107,361457	0,0229636430740356
107,462085	0,0170969665050507
107,562126	0,013111412525177
107,663420	0,00993824005126953
107,763473	0,00768506526947021
107,864367	0,00745269656181335
107,964879	0,00889477133750916
108,065299	0,0122539699077606
108,166655	0,0168449282646179
108,268144	0,021073192358017
108,368851	0,0257725119590759
108,469505	0,0293868482112885
108,570365	0,0311572551727295
108,670542	0,0313365757465363
108,770573	0,0299810767173767
108,871559	0,0267079770565033
108,971730	0,0229422748088837
109,072927	0,0179909467697144
109,173836	0,0132649838924408
109,275702	0,0100792348384857
109,377377	0,00787991285324097
109,477857	0,00763183832168579
109,578810	0,00907036662101746
109,679057	0,0125162303447723
109,780532	0,01705601811409
109,880860	0,0212261378765106
109,981056	0,0259242355823517
110,082743	0,0294210016727448
110,183581	0,0311069786548615
110,283942	0,031465083360672
110,384078	0,0298724472522736
110,485082	0,0265481770038605
110,585519	0,0227552950382233
110,686108	0,0177290439605713
110,787252	0,0130518078804016
110,889253	0,00990206003189087
110,990741	0,00763756036758423
111,091528	0,00742468237876892
111,192119	0,00881388783454895
111,292423	0,0121357142925262
111,393179	0,0166724324226379
111,493436	0,0208204686641693
111,595098	0,0254524350166321
111,695351	0,028980940580368
111,795998	0,030550628900528
111,896015	0,0307688117027283
111,996304	0,0292886793613434
112,097130	0,02608922123909
112,197666	0,0225621461868286
112,298428	0,0177871584892273
112,399123	0,0132621228694916
112,500934	0,0102883279323578
112,602568	0,00826737284660339
112,702936	0,00825834274291992
112,803897	0,00978824496269226
112,904359	0,0131409764289856
113,005119	0,0175842940807343
113,105670	0,0215505063533783
113,205901	0,0252660810947418
113,307324	0,0287376940250397
113,407735	0,0306118130683899
113,508430	0,0306919813156128
113,608441	0,0289814174175262
113,708817	0,0256079733371735
113,810325	0,0219312906265259
113,911028	0,0170779228210449
114,011093	0,0125438868999481
114,111429	0,00958302617073059
114,212429	0,00753918290138245
114,312899	0,00732919573783875
114,414580	0,00890952348709106
114,515211	0,0122096240520477
114,616665	0,0158626139163971
114,718218	0,0206218957901001
114,820111	0,0243337154388428
114,920436	0,0283010303974152
115,021004	0,0298084616661072
115,121362	0,0299820005893707
115,221406	0,0283991396427155
115,322942	0,0251470506191254
115,423277	0,0215015709400177
115,523564	0,0166567265987396
115,623640	0,0120899379253387
115,725369	0,00904750823974609
115,825889	0,00690218806266785
115,927449	0,00662773847579956
116,027879	0,00784999132156372
116,128030	0,0102845132350922
116,228900	0,0143543183803558
116,329384	0,018992692232132
116,429887	0,0227814018726349
116,531853	0,026540607213974
116,632167	0,0289169549942017
116,732457	0,0295523703098297
116,832501	0,028597354888916
116,932585	0,0260877907276154
117,033312	0,0231059789657593
117,133891	0,0189774930477142
117,235028	0,0156261324882507
117,336171	0,0123235881328583
117,437848	0,0103269219398499
117,539314	0,00999921560287476
117,640337	0,0112313628196716
117,741110	0,0134758055210114
117,842259	0,0172818303108215
117,942967	0,0215766131877899
118,044574	0,0250550806522369
118,145714	0,0285356938838959
118,246886	0,030627965927124
118,348394	0,0311150550842285
118,449199	0,0300540924072266
118,549343	0,0273802578449249
118,649382	0,0243166387081146
118,749840	0,0201638042926788
118,851346	0,0161610245704651
118,953333	0,0135535299777985
119,055283	0,0117314159870148
119,157115	0,0116517841815948
119,257269	0,013016015291214
119,357343	0,0154463946819305
119,457810	0,0200430750846863
119,558183	0,0230504870414734
119,658226	0,0245376527309418
119,758735	0,023950457572937
119,859089	0,0207221508026123
119,959269	0,0163364410400391
120,059497	0,00964921712875366
120,161247	0,00198954343795776
120,262134	-0,00449532270431519
120,363089	-0,0113833844661713
120,463904	-0,0164612233638763
120,564687	-0,0181402564048767
120,665981	-0,0167237520217896
120,766211	-0,01150181889534
120,866344	-0,00318330526351929
120,967197	0,00476264953613281
121,069149	0,0139703750610352
121,170646	0,0216858088970184
121,271189	0,0259711742401123
121,372684	0,0276808440685272
121,473452	0,0257450044155121
121,573847	0,0213923752307892
121,675462	0,0135263502597809
121,776902	0,00436791777610779
121,876959	-0,00346192717552185
121,977538	-0,0116415917873383
122,079178	-0,0167784094810486
122,180772	-0,0184223353862762
122,282134	-0,0173320472240448
122,382933	-0,0113572478294373
122,484031	-0,00485846400260925
122,585708	0,00268542766571045
122,687018	0,0133322179317474
122,787832	0,0195187032222748
122,887834	0,0238631665706635
122,989547	0,0259773433208466
123,090676	0,0241658389568329
123,190778	0,0200131237506866
123,291690	0,0124542415142059
123,392503	0,00312626361846924
123,493883	-0,00461974740028381
123,594524	-0,0127712488174438
123,694743	-0,0181953608989716
123,795660	-0,0198260545730591
123,896517	-0,0181317925453186
123,997308	-0,0128760039806366
124,097407	-0,00618788599967957
124,199339	0,00145009160041809
124,299525	0,0120222270488739
124,400202	0,0184693336486816
124,501798	0,0228127241134644
124,603452	0,02487912774086
124,704181	0,0232582986354828
124,805191	0,0191149413585663
124,906012	0,0114920735359192
125,006860	0,00234797596931458
125,107739	-0,00553989410400391
125,209073	-0,0135882794857025
125,310210	-0,0188004672527313
125,411928	-0,0204750895500183
125,512188	-0,0187138020992279
125,612576	-0,0132905244827271
125,713751	-0,00674253702163696
125,814358	0,00263702869415283
125,914748	0,01181960105896
126,015602	0,0182332396507263
126,117592	0,0234504640102386
126,218962	0,0250066816806793
126,319330	0,0232962369918823
126,421105	0,0181723237037659
126,521660	0,0116660892963409
126,621951	0,00246092677116394
126,722655	-0,00519344210624695
126,823151	-0,013323187828064
126,923608	-0,0186219811439514
127,023952	-0,0201995074748993
127,124136	-0,0185537338256836
127,225853	-0,013131856918335
127,327147	-0,00634869933128357
127,427710	0,00283491611480713
127,528540	0,0104807913303375
127,630064	0,0183846056461334
127,730773	0,0233626663684845
127,831025	0,0249426662921906
127,931776	0,0233375430107117
128,032594	0,019177258014679
128,132926	0,011668473482132
128,234550	0,00252547860145569
128,334568	-0,00532406568527222
128,435521	-0,0132213830947876
128,535782	-0,0183823108673096
128,637640	-0,0199013948440552
128,738342	-0,0180258452892303
128,839431	-0,0126242637634277
128,940165	-0,00603523850440979
129,041888	0,00324347615242004
129,142152	0,0108329057693481
129,242642	0,0185659229755402
129,343866	0,0236084163188934
129,444600	0,0249744355678558
129,545410	0,0232046842575073
129,645566	0,0190378725528717
129,745961	0,0114053189754486
129,846244	0,00235745310783386
129,946854	-0,0052412748336792
130,047857	-0,0131626427173615
130,148329	-0,0181896984577179
130,248813	-0,0196343958377838
130,349059	-0,0178124904632568
130,449564	-0,0134150385856628
130,549665	-0,00559255480766296
130,650242	0,00200092792510986
130,750391	0,0111455619335175
130,851390	0,0187567472457886
130,952335	0,0229536592960358
131,053593	0,0248862504959106
131,154343	0,0229807198047638
131,256172	0,0186877250671387
131,357202	0,0111183822154999
131,457499	0,00195583701133728
131,558102	-0,00572943687438965
131,659541	-0,0123690664768219
131,759630	-0,018537700176239
131,861296	-0,019866555929184
131,962108	-0,0183818340301514
132,062316	-0,0134221315383911
132,164167	-0,00551643967628479
132,264818	0,00219225883483887
132,366124	0,0112446844577789
132,467510	0,018894225358963
132,568824	0,0231629312038422
132,670232	0,0249772965908051
132,770246	0,0231249630451202
132,871058	0,0188519060611725
132,971667	0,0111474692821503
133,071807	0,00211724638938904
133,171842	-0,0055585503578186
133,273264	-0,0133515894412994
133,374008	-0,0175906419754028
133,474987	-0,0194644033908844
133,575297	-0,0180371403694153
133,675835	-0,0129357278347015
133,776305	-0,00509342551231384
133,878134	0,00254729390144348
133,978405	0,0116761028766632
134,079434	0,0192053020000458
134,180423	0,0233788192272186
134,281246	0,0251816809177399
134,381293	0,0230875015258789
134,483043	0,0187600553035736
134,583206	0,011082649230957
134,683452	0,00192257761955261
134,785270	-0,00565475225448608
134,885492	-0,013394683599472
134,987060	-0,0177178084850311
135,087755	-0,0195030272006989
135,188317	-0,0179952085018158
135,289873	-0,0129503905773163
135,390342	-0,00501397252082825
135,490456	0,00263795256614685
135,591865	0,0116517841815948
135,692293	0,0191848874092102
135,794115	0,0232398211956024
135,894556	0,0249189436435699
135,994939	0,0228872299194336
136,096521	0,0185002386569977
136,198532	0,0107633471488953
136,299053	0,00167423486709595
136,400284	-0,00596681237220764
136,500405	-0,0136407911777496
136,601160	-0,0178233087062836
136,701373	-0,0195698738098145
136,801556	-0,0179820358753204
136,901647	-0,0128077566623688
137,002238	-0,00495848059654236
137,103304	0,00265979766845703
137,204300	0,0117066204547882
137,304773	0,0190821290016174
137,406407	0,0231525003910065
137,507515	0,0248359739780426
137,607545	0,0226770043373108
137,709220	0,0183022916316986
137,809669	0,0105879902839661
137,910108	0,00301238894462585
138,011387	-0,00598785281181335
138,111500	-0,0124772489070892
138,211885	-0,0177328884601593
138,313204	-0,0193005204200745
138,414897	-0,0177474915981293
138,516434	-0,012582540512085
138,616452	-0,00460824370384216
138,718441	0,00296163558959961
138,819362	0,01186203956604
138,919595	0,0192062556743622
139,021192	0,0230723023414612
139,123154	0,0245822370052338
139,223239	0,0223741829395294
139,323828	0,017877608537674
139,424653	0,0101720988750458
139,525382	0,00261187553405762
139,626071	-0,00648030638694763
139,727682	-0,0139610767364502
139,828054	-0,0180225372314453
139,928687	-0,0195496082305908
140,029211	-0,017172783613205
140,129577	-0,0125308334827423
140,230396	-0,00458863377571106
140,331861	0,00461509823799133
140,433404	0,0120041072368622
140,533995	0,0192676186561584
140,634143	0,0231994688510895
140,735069	0,0246367752552032
140,835509	0,022986888885498
140,935573	0,0178900063037872
141,037203	0,0101087689399719
141,137428	0,00257387757301331
141,238945	-0,00636830925941467
141,339932	-0,0138343274593353
141,439989	-0,0178332030773163
141,541347	-0,0191983282566071
141,642889	-0,0168128311634064
141,743550	-0,0120923817157745
141,843738	-0,00404667854309082
141,944437	0,00350302457809448
142,045170	0,0124079883098602
142,145438	0,019626647233963
142,245794	0,0234224498271942
142,346299	0,0248359739780426
142,446672	0,0231273472309113
142,547461	0,0178704857826233
142,647857	0,0115130543708801
142,749176	0,00254306197166443
142,849814	-0,00645875930786133
142,950533	-0,0127589106559753
143,050579	-0,0177851915359497
143,152529	-0,0191691517829895
143,253031	-0,0173268616199493
143,354555	-0,0119712650775909
143,455355	-0,00394865870475769
143,555635	0,00371035933494568
143,657110	0,0125486552715302
143,757407	0,0186825096607208
143,858288	0,0235496163368225
143,959687	0,0248226821422577
144,060498	0,0231301784515381
144,161120	0,0179071426391602
144,261822	0,0100001692771912
144,362254	0,00241345167160034
144,463511	-0,00663629174232483
144,564808	-0,0140844881534576
144,665974	-0,0179674327373505
144,766050	-0,0193057060241699
144,867207	-0,0174992382526398
144,967874	-0,0121104121208191
145,069725	-0,00412893295288086
145,169761	0,00340813398361206
145,271591	0,012278288602829
145,371718	0,0184502899646759
145,472435	0,0232307910919189
145,572788	0,0245177447795868
145,674269	0,0226931273937225
145,774666	0,0174013674259186
145,875298	0,00957062840461731
145,975629	0,00204035639762878
146,075642	-0,00689181685447693
146,176497	-0,0131034255027771
146,276588	-0,0180037021636963
146,377124	-0,0192769765853882
146,477705	-0,0173617005348206
146,577775	-0,0130082070827484
146,678642	-0,00529870390892029
146,779594	0,00376680493354797
146,879913	0,0111527144908905
146,980730	0,0186587274074554
147,082616	0,0233878195285797
147,184385	0,0246358513832092
147,284860	0,0227244794368744
147,385689	0,0174199640750885
147,487559	0,0109496712684631
147,588719	0,00197529792785645
147,689338	-0,00698032975196838
147,789395	-0,0132398307323456
147,889661	-0,018047958612442
147,990460	-0,0192157626152039
148,091712	-0,0172853767871857
148,192565	-0,011782705783844
148,293478	-0,00518912076950073
148,395444	0,00381854176521301
148,495978	0,012624979019165
148,596683	0,0186425447463989
148,697740	0,0232744514942169
148,798150	0,0244627296924591
148,898559	0,022582083940506
148,999395	0,0172260999679565
149,100122	0,0107866823673248
149,200754	0,00180912017822266
149,301567	-0,00705498456954956
149,401687	-0,0131948590278625
149,501772	-0,0179697871208191
149,602675	-0,0190547108650208
149,704651	-0,0170550048351288
149,804696	-0,011582612991333
149,906377	-0,00497475266456604
150,007149	0,00401255488395691
150,108077	0,0126373767852783
150,208689	0,018627792596817
150,309210	0,0231107175350189
150,410020	0,0241719782352448
150,510258	0,0221121609210968
150,611308	0,0166266858577728
150,711792	0,010142594575882
150,812855	0,00126293301582336
150,913469	-0,00752189755439758
151,014737	-0,0135423541069031
151,114944	-0,0180550217628479
151,216588	-0,019110769033432
151,317185	-0,01679727435112
151,417753	-0,0121645331382751
151,518419	-0,00427910685539246
151,618670	0,00482621788978577
151,719313	0,0121900737285614
151,820466	0,0194216966629028
151,921274	0,0238048434257507
152,021289	0,0247506201267242
152,123271	0,0224140584468842
152,223558	0,016743928194046
152,324081	0,0100454092025757
152,425770	0,000882357358932495
152,526467	-0,00804364681243896
152,627680	-0,0141677260398865
152,728145	-0,0187481939792633
152,828479	-0,019713968038559
152,928507	-0,017344743013382
153,028739	-0,0127048790454865
153,129179	-0,00467619299888611
153,230654	0,00453492999076843
153,331838	0,011980265378952
153,433541	0,0193384885787964
153,533941	0,0237820446491241
153,634728	0,0247581899166107
153,735138	0,0225336849689484
153,835374	0,0168968737125397
153,936115	0,0102716684341431
154,036584	0,00273904204368591
154,137545	-0,00627833604812622
154,239035	-0,0137401819229126
154,339322	-0,0177159309387207
154,440014	-0,0191658437252045
154,541160	-0,0167755782604218
154,641466	-0,0120918750762939
154,742214	-0,00416672229766846
154,843476	0,00492441654205322
154,944174	0,0122682750225067
155,044839	0,0193798542022705
155,145088	0,0236800611019135
155,246760	0,024540513753891
155,347879	0,0221026539802551
155,448775	0,0163917243480682
155,549965	0,00970825552940369
155,651794	0,000641435384750366
155,753714	-0,00671860575675964
155,854646	-0,0139984488487244
155,954932	-0,0183413326740265
156,055358	-0,019039660692215
156,156658	-0,0164819359779358
156,258390	-0,0105308294296265
156,359710	-0,003671795129776
156,461483	0,0053737461566925
156,563323	0,0139727592468262
156,663515	0,0197031795978546
156,764373	0,0237360298633575
156,865562	0,0242013931274414
156,966048	0,0217428207397461
157,066856	0,0169102251529694
157,167381	0,00891715288162231
157,267500	-0,00021931529045105
157,367593	-0,00767016410827637
157,467883	-0,0149048268795013
157,568924	-0,019140899181366
157,669591	-0,0199254155158997
157,771107	-0,0172156691551208
157,871210	-0,0111531317234039
157,972898	-0,00423368811607361
158,073368	0,00497850775718689
158,174253	0,0135587751865387
158,275587	0,0192248225212097
158,376040	0,0232938826084137
158,476851	0,0238181054592133
158,577652	0,0210959911346436
158,677888	0,0163412094116211
158,778707	0,0082811713218689
158,879865	-0,00087428092956543
158,980608	-0,00829127430915833
159,080951	-0,0155472457408905
159,182152	-0,0196687579154968
159,283807	-0,0202583968639374
159,383964	-0,0174436867237091
159,485811	-0,0111464858055115
159,586409	-0,00407299399375916
159,687494	0,00520530343055725
159,788241	0,0139718055725098
159,888473	0,0197136700153351
159,989013	0,023747444152832
160,089083	0,024354100227356
160,189269	0,0216122269630432
160,289888	0,0167515277862549
160,390074	0,00868162512779236
160,491466	-0,000569581985473633
160,591813	-0,00805512070655823
160,692605	-0,0152768492698669
160,793235	-0,0190222263336182
160,893493	-0,0201039016246796
160,993737	-0,0172373652458191
161,094263	-0,0122680068016052
161,196005	-0,00399550795555115
161,297029	0,00526794791221619
161,397618	0,0125128924846649
161,499345	0,0195325016975403
161,599871	0,0230803787708282
161,700459	0,0239481031894684
161,800840	0,0211648643016815
161,902236	0,0163226127624512
162,003253	0,00819891691207886
162,103960	-0,000971436500549316
162,204144	-0,00836870074272156
162,304371	-0,0155359208583832
162,405569	-0,0191154778003693
162,506373	-0,0200563371181488
162,607703	-0,0171087384223938
162,708385	-0,0119717419147491
162,809269	-0,00370189547538757
162,909613	0,00551658868789673
163,010411	0,0128600895404816
163,110586	0,0197878181934357
163,210908	0,0232678055763245
163,311776	0,0241942703723907
163,413133	0,0220305025577545
163,515024	0,0164088904857635
163,616049	0,0083339512348175
163,717739	-0,000864297151565552
163,818669	-0,0081598162651062
163,920641	-0,0151484310626984
164,021639	-0,0191220641136169
164,122205	-0,0194879472255707
164,223642	-0,0164743959903717
164,325490	-0,0102315247058868
164,426111	-0,00315940380096436
164,526724	0,00450074672698975
164,627727	0,0144320726394653
164,727763	0,0199888944625854
164,829189	0,0233133435249329
164,929992	0,0237365067005157
165,030399	0,0210024118423462
165,130556	0,0159603357315063
165,231412	0,00780007243156433
165,332540	-0,0013001561164856
165,432978	-0,00857898592948914
165,533655	-0,015537828207016
165,634488	-0,0193066596984863
165,734659	-0,0196240246295929
165,835401	-0,0164706408977509
165,936597	-0,0112630426883698
166,037173	-0,002958744764328
166,137563	0,00469717383384705
166,238320	0,0134133100509644
166,339038	0,020052582025528
166,440085	0,0233204662799835
166,540719	0,0239371955394745
166,640991	0,0207568109035492
166,742860	0,0156771540641785
166,843508	0,00748360157012939
166,943830	-0,00175350904464722
167,045527	-0,00897172093391418
167,145994	-0,0158722996711731
167,246906	-0,0196800529956818
167,347724	-0,0198745727539063
167,449069	-0,0174365937709808
167,550966	-0,0101857781410217
167,651967	-0,00298407673835754
167,752707	0,004646897315979
167,853812	0,0145989954471588
167,954605	0,0199902951717377
168,056340	0,0231287479400635
168,157673	0,0234357416629791
168,258601	0,0205933749675751
168,359320	0,0154754519462585
168,459861	0,00728502869606018
168,561449	-0,001811683177948
168,662271	-0,00911402702331543
168,762324	-0,0158854722976685
168,862744	-0,0194869935512543
168,963897	-0,0196217000484467
169,065677	-0,0170790553092957
169,166606	-0,00969308614730835
169,267001	-0,00259575247764587
169,367781	0,00509807467460632
169,468144	0,0150114893913269
169,568167	0,0203197002410889
169,668857	0,0235078632831573
169,770228	0,0236406922340393
169,871236	0,0206765234470367
169,972069	0,0155465006828308
170,072731	0,00726267695426941
170,173012	-0,0019061267375946
170,273864	-0,00909543037414551
170,374936	-0,0149596035480499
170,475729	-0,0195100605487823
170,576607	-0,0195632874965668
170,676864	-0,0170234441757202
170,778685	-0,00961625576019287
170,880634	-0,00244247913360596
170,981351	0,00515121221542358
171,083246	0,0150133967399597
171,183417	0,0202997028827667
171,284134	0,0233769118785858
171,384191	0,0235192477703094
171,484957	0,0205691456794739
171,585976	0,0153829753398895
171,687186	0,00717243552207947
171,787937	-0,0018889307975769
171,889059	-0,00907346606254578
171,990057	-0,0156689584255219
172,090925	-0,0191526710987091
172,191064	-0,0191997587680817
172,293021	-0,0165375769138336
172,393834	-0,00912407040596008
172,495710	-0,00194379687309265
172,596919	0,00718477368354797
172,698351	0,0153844058513641
172,799241	0,0205492079257965
172,899942	0,0235633552074432
173,000648	0,0238195359706879
173,100788	0,0204575061798096
173,201430	0,015276163816452
173,302133	0,00695538520812988
173,403091	-0,00212174654006958
173,503415	-0,00926968455314636
173,604677	-0,0159010589122772
173,706025	-0,0192346274852753
173,806953	-0,0191324055194855
173,908201	-0,0156392455101013
174,009052	-0,00890961289405823
174,109182	-0,00172629952430725
174,209292	0,00736340880393982
174,309994	0,0156175494194031
174,410679	0,0207535028457642
174,512762	0,0237066447734833
174,613527	0,0239680409431458
174,714278	0,0205178558826447
174,814852	0,0151946246623993
174,915066	0,00691547989845276
175,015451	-0,00225967168807983
175,116667	-0,00937473773956299
175,218492	-0,0158953964710236
175,320113	-0,0192731916904449
175,420458	-0,0191526710987091
175,522209	-0,015556663274765
175,622433	-0,0089057981967926
175,724073	-0,00172725319862366
175,824844	0,00735345482826233
175,925819	0,0142789781093597
176,025957	0,0206931531429291
176,127499	0,0236202776432037
176,227735	0,0237189829349518
176,328217	0,0202683508396149
176,429100	0,0149280428886414
176,529942	0,00660350918769836
176,630863	-0,00241383910179138
176,732589	-0,00948596000671387
176,833928	-0,0159845352172852
176,935681	-0,0192035138607025
177,036436	-0,0187486708164215
177,136923	-0,0154764652252197
177,237526	-0,00869560241699219
177,338217	-0,00155037641525269
177,439582	0,00752684473991394
177,541072	0,0144397020339966
177,641690	0,0206641852855682
177,742265	0,0237759053707123
177,844168	0,0235510170459747
177,944926	0,0199289917945862
178,045610	0,0133589506149292
178,146003	0,00629588961601257
178,247799	-0,00282546877861023
178,349556	-0,01108318567276
178,451498	-0,0162598788738251
178,553384	-0,0194375514984131
178,654361	-0,0187641978263855
178,754674	-0,015430212020874
178,855276	-0,00991252064704895
178,956233	0,000148862600326538
179,057115	0,00766417384147644
179,158089	0,0145450830459595
179,259856	0,0215471684932709
179,360345	0,0237958133220673
179,460383	0,0235268473625183
179,561893	0,0190131664276123
179,662273	0,0132673680782318
179,762718	0,00621327757835388
179,864460	-0,00428196787834167
179,965285	-0,0110517740249634
180,065510	-0,0160854458808899
180,167177	-0,0191159546375275
180,267314	-0,0183903276920319
180,368240	-0,0149440169334412
180,468568	-0,0093594491481781
180,570455	0,000691324472427368
180,671048	0,00826263427734375
180,771836	0,0151397883892059
180,872014	0,0219669044017792
180,973758	0,0242179930210114
181,075512	0,0238181054592133
181,175770	0,0191734433174133
181,276240	0,013333648443222
181,377015	0,00623276829719543
181,477877	-0,00282403826713562
181,578087	-0,0109799206256866
181,679375	-0,0160316824913025
181,779944	-0,018822580575943
181,880629	-0,0182203352451324
181,982273	-0,0148155689239502
182,083168	-0,00916275382041931
182,183608	0,000944614410400391
182,283767	0,00845474004745483
182,385719	0,0152728259563446
182,487554	0,0220480859279633
182,588327	0,0241420865058899
182,689875	0,023741751909256
182,790296	0,0189836621284485
182,890843	0,0131362080574036
182,991389	0,00603243708610535
183,092121	-0,00304904580116272
183,193227	-0,0112649500370026
183,293884	-0,0162236094474792
183,393922	-0,0189299583435059
183,495635	-0,0182773172855377
183,596451	-0,0147281587123871
183,697578	-0,00912070274353027
183,798395	0,00101256370544434
183,898697	0,00853225588798523
184,000331	0,0152966678142548
184,101331	0,022022932767868
184,203225	0,0241183936595917
184,303555	0,023585170507431
184,404087	0,0197573900222778
184,505560	0,0129406750202179
184,605823	0,00579658150672913
184,706681	-0,00317755341529846
184,807461	-0,0112915933132172
184,907923	-0,0162447988986969
185,008189	-0,0188376605510712
185,109997	-0,0181044638156891
185,210219	-0,0145434737205505
185,310869	-0,00880357623100281
185,412875	0,00122779607772827
185,512898	0,00868639349937439
185,613920	0,0154053866863251
185,714094	0,0219151377677917
185,814787	0,0239115655422211
185,915330	0,0233816802501678
186,016229	0,0193969905376434
186,117102	0,0125691592693329
186,217377	0,00541076064109802
186,318762	-0,00365456938743591
186,419394	-0,0116505920886993
186,520177	-0,0164795815944672
186,621919	-0,0192190706729889
186,722546	-0,0181073248386383
186,822551	-0,0144966840744019
186,923600	-0,00879734754562378
187,024434	0,00134795904159546
187,124463	0,00876012444496155
187,224493	0,0154244601726532
187,326469	0,0212812125682831
187,428151	0,0238138437271118
187,528389	0,0231876075267792
187,629992	0,0191996097564697
187,731041	0,0122668445110321
187,832096	0,00515741109848022
187,932825	-0,00378605723381042
188,034115	-0,0117869675159454
188,134399	-0,0165474712848663
188,234430	-0,0189685523509979
188,334582	-0,018028199672699
188,434816	-0,0143015086650848
188,536795	-0,00850921869277954
188,637980	0,00158688426017761
188,739490	0,00903704762458801
188,840048	0,0156499743461609
188,940683	0,0213686227798462
189,041323	0,0238731503486633
189,141979	0,023170530796051
189,242529	0,0190759599208832
189,343273	0,0121571719646454
189,443635	0,00502786040306091
189,544496	-0,00394579768180847
189,645200	-0,0118035972118378
189,746666	-0,0165008008480072
189,846863	-0,0189092457294464
189,947869	-0,0177630186080933
190,048395	-0,0140357911586761
190,148722	-0,00819423794746399
190,249410	0,00046887993812561
190,350170	0,0093207061290741
190,451506	0,0158478319644928
190,551877	0,0215167701244354
190,653504	0,0238731503486633
190,754261	0,02309650182724
190,854760	0,0189641714096069
190,956180	0,0119221210479736
191,057175	0,00476312637329102
191,158187	-0,00417724251747131
191,259903	-0,0120677053928375
191,360443	-0,0166469216346741
191,461611	-0,0190782845020294
191,563384	-0,0177691578865051
191,664488	-0,0139327049255371
191,765956	-0,00673821568489075
191,867753	0,000476479530334473
191,968391	0,00935259461402893
192,069411	0,0169812142848969
192,170501	0,0214569270610809
192,271423	0,0238380432128906
192,372411	0,022486686706543
192,473134	0,0186934471130371
192,574988	0,0116718113422394
192,676396	0,00298723578453064
192,777220	-0,00438913702964783
192,878711	-0,0121293962001801
192,978775	-0,0174154043197632
193,080680	-0,01914182305336
193,181230	-0,018219381570816
193,282846	-0,0128797888755798
193,383459	-0,00661763548851013
193,483774	0,000652849674224854
193,585599	0,00943401455879211
193,685823	0,0170493423938751
193,787518	0,0213994979858398
193,887781	0,0235922932624817
193,989433	0,0222332179546356
194,089836	0,0184198319911957
194,190923	0,0113190412521362
194,291920	0,00267830491065979
194,393076	-0,00473311543464661
194,494907	-0,0124445259571075
194,595628	-0,0175336599349976
194,695939	-0,0192209482192993
194,797740	-0,0182443261146545
194,897975	-0,0127593874931335
194,998589	-0,00655063986778259
195,099365	0,000760704278945923
195,199550	0,0109225213527679
195,300216	0,0170364677906036
195,400435	0,0213349163532257
195,502341	0,0234698951244354
195,602442	0,0219815969467163
195,704053	0,0182023048400879
195,805476	0,0111288726329803
195,905578	0,00246140360832214
196,006968	-0,00489962100982666
196,108741	-0,0125692486763
196,208949	-0,0176066756248474
196,309162	-0,0191295742988586
196,409387	-0,0180432498455048
196,511266	-0,0125018954277039
196,611915	-0,00621804594993591
196,713894	0,00102350115776062
196,814088	0,0111121833324432
196,915579	0,0172056257724762
197,017410	0,0214659571647644
197,118153	0,023473709821701
197,218460	0,0219483971595764
197,319456	0,018002837896347
197,419739	0,0107838213443756
197,521156	0,00214859843254089
197,621285	-0,00517717003822327
197,722003	-0,0116724669933319
197,823656	-0,0176433920860291
197,923838	-0,0192067921161652
198,024519	-0,0181237757205963
198,125267	-0,0124179422855377
198,226765	-0,00619077682495117
198,327114	0,00113514065742493
198,427591	0,0112127661705017
198,529486	0,0172513425350189
198,630459	0,0214412808418274
198,730670	0,0233830809593201
198,831885	0,0216682851314545
198,933203	0,0177352428436279
199,033782	0,0105513036251068
199,134483	0,00187891721725464
199,234989	-0,00537574291229248
199,336643	-0,0129513442516327
199,436822	-0,0178680717945099
199,537089	-0,0192708671092987
199,637702	-0,0181007087230682
199,738671	-0,0124122500419617
199,839483	-0,00603044033050537
199,939630	0,00125867128372192
200,040409	0,0112995207309723
200,142362	0,0172784924507141
200,242659	0,0213529467582703
200,343236	0,0232246220111847
200,444192	0,0215637981891632
200,545619	0,0175433158874512
200,645779	0,0103183388710022
200,747419	0,00169464945793152
200,848208	-0,00568297505378723
200,949699	-0,0131517350673676
201,050429	-0,0179010331630707
201,150617	-0,0192393064498901
201,251364	-0,0179231762886047
201,352142	-0,012102335691452
201,453297	-0,00580933690071106
201,553619	0,00149664282798767
201,654081	0,0101916193962097
201,754890	0,0174199640750885
201,854969	0,0215462148189545
201,955693	0,0233185589313507
202,056821	0,0214816331863403
202,157214	0,0174452066421509
202,258694	0,0101197063922882
202,359976	0,00143536925315857
202,460187	-0,00581651926040649
202,560920	-0,0122191309928894
202,662081	-0,0179980397224426
202,762816	-0,0192492008209229
202,863470	-0,0179556608200073
202,963777	-0,0120985209941864
203,064308	-0,00569590926170349
203,164636	0,00153130292892456
203,265025	0,0101716220378876
203,365327	0,0173751711845398
203,466523	0,0213258564472198
203,566775	0,023044764995575
203,667610	0,0212095081806183
203,769347	0,0170593559741974
203,870103	0,0111403167247772
203,971273	0,00110617280006409
204,071829	-0,00617018342018127
204,172498	-0,0124003887176514
204,273269	-0,0180974006652832
204,374044	-0,0192976891994476
204,474207	-0,0178586542606354
204,574915	-0,0130389928817749
204,675287	-0,0055394172668457
204,775884	0,00178775191307068
204,876502	0,0103550255298615
204,977602	0,0175004601478577
205,078727	0,021446019411087
205,178930	0,0230371654033661
205,279528	0,0211107134819031
205,380276	0,0169940590858459
205,481597	0,0109525322914124
205,583156	0,000983595848083496
205,684272	-0,00624722242355347
205,785938	-0,0125208795070648
205,886646	-0,0180554986000061
205,987619	-0,019178569316864
206,088770	-0,0177371203899384
206,189384	-0,012811541557312
206,291260	-0,00532358884811401
206,392149	0,00190263986587524
206,492546	0,0105255842208862
206,593620	0,0175980925559998
206,693952	0,0214977860450745
206,794504	0,0231164395809174
206,895609	0,0210447013378143
206,996146	0,0168273150920868
207,097194	0,0108972489833832
207,199104	0,000828176736831665
207,299536	-0,00628888607025146
207,400783	-0,0124729871749878
207,501238	-0,017521858215332
207,601967	-0,0190886259078979
207,703347	-0,0175713300704956
207,803917	-0,0126821100711823
207,905120	-0,00506806373596191
208,005803	0,00222262740135193
208,107578	0,0107276141643524
208,207754	0,0177852511405945
208,309580	0,0215424299240112
208,409656	0,0229973196983337
208,511501	0,020924985408783
208,613180	0,0166743397712708
208,715095	0,00928550958633423
208,815145	0,000630468130111694
208,916268	-0,00659036636352539
209,017083	-0,0137714147567749
209,117595	-0,0176532864570618
209,218636	-0,019193172454834
209,318664	-0,0169857442378998
209,418806	-0,0125792026519775
209,519108	-0,00504127144813538
209,619184	0,00222358107566833
209,721008	0,0107333362102509
209,821689	0,0176814198493958
209,922574	0,0214388966560364
210,023913	0,0228298008441925
210,124442	0,0206385254859924
210,226065	0,0163664519786835
210,326590	0,0089399516582489
210,428202	0,00173741579055786
210,528295	-0,00683727860450745
210,628324	-0,0139672160148621
210,728545	-0,017805427312851
210,828833	-0,0191696286201477
210,930188	-0,0175100862979889
211,030896	-0,0124378800392151
211,131415	-0,00480392575263977
211,231550	0,0024324357509613
211,332848	0,010899156332016
211,433046	0,0178200006484985
211,534143	0,0214944779872894
211,634967	0,0228264927864075
211,735400	0,0206166803836823
211,836160	0,0162463486194611
211,936506	0,010123997926712
212,036851	0,00157642364501953
212,137677	-0,00702914595603943
212,237744	-0,0130555927753448
212,337921	-0,0178068280220032
212,438284	-0,019145131111145
212,538747	-0,0174375474452972
212,639102	-0,0133515894412994
212,740753	-0,00465849041938782
212,841114	0,00261470675468445
212,941433	0,00975584983825684
213,042022	0,0179295241832733
213,143780	0,0215837359428406
213,244940	0,0228805840015411
213,345313	0,0211078524589539
213,446869	0,0161324143409729
213,547847	0,010010153055191
213,648026	0,00143203139305115
213,748887	-0,00711908936500549
213,849680	-0,0131413340568542
213,950683	-0,0178332030773163
214,051639	-0,0190650820732117
214,151653	-0,0172868072986603
214,251995	-0,0131630897521973
214,352957	-0,00438675284385681
214,453316	0,00283631682395935
214,554744	0,00992873311042786
214,656069	0,0180828273296356
214,758146	0,0216478407382965
214,858260	0,0228910446166992
214,959013	0,0211045444011688
215,059205	0,0160346925258636
215,160386	0,00991064310073853
215,260399	0,00135034322738647
215,361922	-0,00717458128929138
215,462315	-0,0131214261054993
215,563658	-0,0171784460544586
215,664855	-0,0189035832881927
215,765660	-0,0170441567897797
215,865773	-0,0128807425498962
215,967042	-0,00412032008171082
216,067251	0,00313577055931091
216,168767	0,0101920962333679
216,269274	0,0182104110717773
216,369462	0,0217451751232147
216,470932	0,0228815376758575
216,571385	0,0209924280643463
216,671869	0,0158673822879791
216,772060	0,00966015458106995
216,873793	0,00109952688217163
216,974012	-0,00740325450897217
217,074599	-0,0133141577243805
217,176435	-0,0173075497150421
217,276955	-0,018904060125351
217,378305	-0,0170248448848724
217,478450	-0,012834757566452
217,579834	-0,00399982929229736
217,679917	0,00323018431663513
217,780394	0,0102907121181488
217,881418	0,0173742473125458
217,981901	0,0217622518539429
218,081901	0,0228416621685028
218,181981	0,0214550197124481
218,282732	0,0157224535942078
218,383516	0,00955349206924438
218,483755	0,00249132513999939
218,584115	-0,00744056701660156
218,685823	-0,0132730007171631
218,787163	-0,0172213315963745
218,887770	-0,0187543332576752
218,988884	-0,0167850255966187
219,089787	-0,0124857723712921
219,190542	-0,00366127490997314
219,291735	0,00361213088035583
219,392630	0,0105894207954407
219,493664	0,017552375793457
219,594044	0,0218634009361267
219,694311	0,0229052901268005
219,794609	0,021461695432663
219,895460	0,0156700015068054
219,996488	0,00939068198204041
220,096741	0,00224542617797852
220,196989	-0,00762856006622314
220,297422	-0,013431578874588
220,398181	-0,0172839760780334
220,498506	-0,0187020599842072
220,599913	-0,0166983008384705
220,700391	-0,0124345421791077
220,801802	-0,00492879748344421
220,902343	0,00367429852485657
221,002877	0,0107166469097137
221,103601	0,0166681408882141
221,205583	0,0218676626682281
221,307883	0,0227771401405334
221,409444	0,0212408602237701
221,510053	0,0153367221355438
221,611794	0,00913223624229431
221,711959	0,00205174088478088
221,813353	-0,00783661007881165
221,915342	-0,0135821402072906
222,015342	-0,0174323618412018
222,116008	-0,0187675058841705
222,216670	-0,0166412591934204
222,317968	-0,012264221906662
222,419734	-0,00476038455963135
222,521480	0,00388967990875244
222,621544	0,0108162462711334
222,721993	0,0177233517169952
222,823722	0,0218985378742218
222,923942	0,0227866172790527
223,024782	0,0206437408924103
223,125738	0,0152642428874969
223,227034	0,00897708535194397
223,327569	0,000443190336227417
223,428079	-0,00793221592903137
223,528366	-0,013592541217804
223,628565	-0,0173673629760742
223,729556	-0,0187496244907379
223,829733	-0,0164786279201508
223,931567	-0,0120410919189453
224,032781	-0,00446233153343201
224,133672	0,00420042872428894
224,235306	0,0111531913280487
224,336770	0,0179914236068726
224,438355	0,0220794379711151
224,539274	0,0229009985923767
224,639345	0,0206865072250366
224,740940	0,0152914226055145
224,842423	0,00764945149421692
224,942899	0,000447958707809448
225,044130	-0,00791597366333008
225,146019	-0,0135461390018463
225,246758	-0,0177569091320038
225,347537	-0,0185617208480835
225,448858	-0,0162297189235687
225,550071	-0,0106780230998993
225,651186	-0,00421026349067688
225,752924	0,0043925940990448
225,852952	0,0125653445720673
225,953471	0,0180990099906921
226,055461	0,0221088528633118
226,156317	0,022729218006134
226,257283	0,0205529928207397
226,358716	0,0150558352470398
226,459208	0,00738906860351563
226,559704	0,000250637531280518
226,659849	-0,00673249363899231
226,760616	-0,014529287815094
226,861239	-0,0177522003650665
226,961481	-0,0185236036777496
227,062026	-0,0161245763301849
227,162097	-0,0104927122592926
227,263014	-0,00401178002357483
227,363052	0,00459942221641541
227,464169	0,0127503871917725
227,564173	0,0181471109390259
227,664500	0,0220737159252167
227,764580	0,0227624475955963
227,866214	0,020380049943924
227,966448	0,014906108379364
228,067926	0,00861075520515442
228,168333	3,71038913726807E-5
228,269723	-0,00693583488464355
228,370417	-0,0137874782085419
228,470793	-0,0178205072879791
228,571609	-0,0184826254844666
228,671967	-0,0160279273986816
228,773926	-0,0103749930858612
228,874039	-0,0038740336894989
228,974217	0,00468054413795471
229,074628	0,0127823352813721
229,175844	0,0181632936000824
229,276009	0,021993488073349
229,376694	0,0226352214813232
229,478081	0,0201932489871979
229,578995	0,015756756067276
229,679956	0,00834536552429199
229,780699	-0,000182658433914185
229,881984	-0,00710999965667725
229,982170	-0,0138797163963318
230,083156	-0,0178007185459137
230,184774	-0,0184341073036194
230,285669	-0,0158595442771912
230,386534	-0,0101376175880432
230,487210	-0,00365599989891052
230,587754	0,00492063164710999
230,688222	0,0117252171039581
230,788307	0,018296092748642
230,888557	0,0220884382724762
230,989594	0,0226494669914246
231,090894	0,0201043784618378
231,191711	0,0156189799308777
231,292542	0,00816228985786438
231,393278	-0,000350147485733032
231,494238	-0,00720664858818054
231,594670	-0,0139232575893402
231,695206	-0,0177677571773529
231,795783	-0,0183173418045044
231,896532	-0,0156722664833069
231,996572	-0,0110156238079071
232,097411	-0,00330084562301636
232,197908	0,00524565577507019
232,298428	0,0120212733745575
232,398673	0,018547385931015
232,499148	0,0218268632888794
232,599555	0,022729218006134
232,699787	0,0208252370357513
232,800175	0,0156247019767761
232,901728	0,00809857249259949
233,003657	0,000995010137557983
233,104246	-0,00734248757362366
233,204958	-0,0139875710010529
233,306348	-0,0173560380935669
233,406618	-0,0182627141475677
233,507347	-0,0155614018440247
233,608001	-0,0109180212020874
233,709661	-0,00325402617454529
233,809970	0,00530639290809631
233,910277	0,0120641887187958
234,012100	0,0185116827487946
234,113672	0,0217641592025757
234,215008	0,0225925147533417
234,315874	0,0199494361877441
234,416432	0,0154282748699188
234,516814	0,00793647766113281
234,617486	0,000871449708938599
234,718041	-0,00735399127006531
234,818482	-0,0139554142951965
234,920038	-0,0172825753688812
235,021994	-0,0180507898330688
235,123655	-0,0153051316738129
235,224394	-0,0105679929256439
235,326055	-0,0028727650642395
235,426658	0,00416436791419983
235,527450	0,0122945010662079
235,627809	0,0186263620853424
235,728346	0,021799772977829
235,828914	0,0225559771060944
235,928920	0,0198168158531189
236,030724	0,0152365863323212
236,131537	0,00772592425346375
236,232426	-0,000777602195739746
236,333656	-0,00759890675544739
236,435204	-0,014103889465332
236,536580	-0,0177526772022247
236,638268	-0,0180719792842865
236,738424	-0,0152348279953003
236,839416	-0,0093446671962738
236,940024	-0,0027700662612915
237,040490	0,00427255034446716
237,140789	0,0123030841350555
237,242611	0,0186059176921844
237,343917	0,0217038691043854
237,444553	0,0223627984523773
237,545240	0,0195995271205902
237,647164	0,0149843096733093
237,747576	0,00738954544067383
237,847863	-0,00108814239501953
237,948737	-0,00789588689804077
238,049642	-0,0143742859363556
238,149900	-0,0179212689399719
238,251328	-0,0181727707386017
238,351933	-0,0159779489040375
238,453415	-0,009309321641922
238,553801	-0,00279393792152405
238,655346	0,00423887372016907
238,756426	0,0134853422641754
238,857682	0,0184897780418396
238,957875	0,0215766131877899
239,059107	0,021921306848526
239,159899	0,0193394422531128
239,260961	0,0146571695804596
239,362255	0,00572681427001953
239,462518	-0,00139975547790527
239,562599	-0,00811341404914856
239,664139	-0,014471173286438
239,765892	-0,0179302394390106
239,866475	-0,0181120336055756
239,966675	-0,0158746540546417
240,067405	-0,0091431736946106
240,167919	-0,0025675892829895
240,268474	0,0045073926448822
240,369052	0,0136823058128357
240,469851	0,0187253355979919
240,571167	0,0217385292053223
240,671758	0,0219987034797668
240,773284	0,0193594098091125
240,873843	0,0146223604679108
240,974682	0,00701284408569336
241,075428	-0,00143596529960632
241,176245	-0,00814211368560791
241,276638	-0,0144787430763245
241,377488	-0,0178840756416321
241,478368	-0,0180588066577911
241,578939	-0,0157982110977173
241,679847	-0,0090084969997406
241,781187	-0,00249692797660828
241,881841	0,0045647919178009
241,981958	0,0137099623680115
242,082957	0,0186382830142975
242,183291	0,0215965509414673
242,283528	0,0220366716384888
242,385060	0,0190845131874084
242,485120	0,0142985284328461
242,585619	0,00670704245567322
242,686568	-0,00177210569381714
242,787140	-0,00838398933410645
242,887206	-0,0137439668178558
242,987301	-0,0179189145565033
243,088066	-0,0179716646671295
243,188514	-0,0156590640544891
243,288710	-0,0100064873695374
243,389271	-0,00219762325286865
243,490218	0,00493723154067993
243,590926	0,0128958523273468
243,691439	0,0190321803092957
243,792418	0,0218971073627472
243,893178	0,0222635865211487
243,993465	0,019979864358902
244,093638	0,0144706964492798
244,194331	0,00686848163604736
244,294394	-8,0406665802002E-5
244,394547	-0,00814881920814514
244,495107	-0,013556569814682
244,597108	-0,0173037648200989
244,698981	-0,017671674489975
244,800560	-0,0152225494384766
244,901556	-0,00947114825248718
245,001722	-0,00169530510902405
245,103234	0,00536996126174927
245,203759	0,0132788121700287
245,304010	0,0192481279373169
245,404845	0,0220808386802673
245,505130	0,0224060118198395
245,605559	0,0200359523296356
245,706169	0,0144845247268677
245,806622	0,00816845893859863
245,907594	-0,000314950942993164
246,008614	-0,00830703973770142
246,109574	-0,013614296913147
246,209701	-0,0174012780189514
246,309717	-0,0178732573986053
246,410015	-0,0152669250965118
246,510457	-0,00958713889122009
246,610863	-0,00313934683799744
246,711281	0,00525939464569092
246,812247	0,0130799412727356
