0,100058	0,0428074896335602
0,200625	0,0368292927742004
0,301482	0,0275006890296936
0,402328	0,0190507173538208
0,502674	0,00918790698051453
0,603575	0,00170797109603882
0,704205	-0,00169482827186584
0,804938	-0,00214800238609314
0,904960	0,000962197780609131
1,005246	0,0081275999546051
1,105529	0,0175361931324005
1,205973	0,0262200832366943
1,306797	0,035798192024231
1,407131	0,0428820848464966
1,507756	0,0463025569915771
1,608149	0,0465662777423859
1,709085	0,0434855818748474
1,809897	0,0367760956287384
1,910043	0,0290971100330353
2,010817	0,0187419950962067
2,111607	0,0091569721698761
2,212364	0,00267070531845093
2,313766	-0,00185698270797729
2,414418	-0,0019361674785614
2,515905	0,0011080801486969
2,617683	0,00819653272628784
2,718210	0,0178961753845215
2,818250	0,0263822376728058
2,920067	0,0358969271183014
3,020175	0,0431424677371979
3,121171	0,0463068187236786
3,223058	0,0465382635593414
3,324486	0,043589174747467
3,425916	0,0365506112575531
3,527424	0,0272731184959412
3,628760	0,0187405645847321
3,729363	0,00887954235076904
3,831335	0,00163769721984863
3,932835	-0,0017964243888855
4,033059	-0,00208598375320435
4,133357	0,00219890475273132
4,234571	0,00832635164260864
4,335344	0,0178333222866058
4,435771	0,028233677148819
4,537637	0,0359505712985992
4,638211	0,0420058369636536
4,740041	0,0466869473457336
4,841671	0,0463605225086212
4,942990	0,0433083474636078
5,043194	0,0351166129112244
5,144329	0,0270469784736633
5,244849	0,0185478329658508
5,345048	0,00756961107254028
5,445733	0,00155696272850037
5,545953	-0,00171723961830139
5,647211	-0,00172248482704163
5,747426	0,00231331586837769
5,847515	0,00863549113273621
5,948054	0,0182303786277771
6,048766	0,0283119380474091
6,149370	0,0361694097518921
6,249981	0,0422025620937347
6,349982	0,0461647808551788
6,451489	0,0463139712810516
6,552234	0,0431505441665649
6,653065	0,0360872745513916
6,754356	0,0268321931362152
6,854952	0,018217533826828
6,955350	0,00856032967567444
7,055760	0,00145769119262695
7,156545	-0,00192186236381531
7,256570	-0,00191041827201843
7,358320	0,00244954228401184
7,459007	0,00855556130409241
7,559316	0,0164675116539001
7,661381	0,0267753005027771
7,761631	0,035997062921524
7,863334	0,042010098695755
7,964060	0,0463358461856842
8,064996	0,0458506643772125
8,165113	0,0427257418632507
8,265787	0,0357412397861481
8,365869	0,0262352526187897
8,466418	0,0178271532058716
8,566971	0,00829970836639404
8,667828	0,00108575820922852
8,769051	-0,0020134449005127
8,870584	-0,00190231204032898
8,971459	0,00240680575370789
9,072677	0,00886288285255432
9,173413	0,0168010890483856
9,273864	0,0269445478916168
9,374015	0,0364067554473877
9,474810	0,0423237383365631
9,576242	0,0465130507946014
9,676367	0,0462383925914764
9,777986	0,0429395735263824
9,879604	0,0358641743659973
9,980536	0,026543915271759
10,080728	0,0178933143615723
10,181310	0,00838291645050049
10,281724	0,00137457251548767
10,383223	-0,00188177824020386
10,483861	-0,00203251838684082
10,585704	0,00275519490242004
10,686311	0,00892901420593262
10,786349	0,0169259309768677
10,888296	0,0287666320800781
10,988508	0,0362681448459625
11,088803	0,042255312204361
11,188915	0,0461314916610718
11,289738	0,0458388030529022
11,390406	0,042677253484726
11,490423	0,0355750918388367
11,590840	0,0261119902133942
11,690844	0,0177366733551025
11,792164	0,00823459029197693
11,892918	0,00208970904350281
11,993006	-0,00176256895065308
12,093520	-0,00192376971244812
12,193804	0,00181671977043152
12,295306	0,009307861328125
12,397044	0,0171298682689667
12,498442	0,0272721648216248
12,599951	0,0365937948226929
12,700807	0,0423032939434052
12,800998	0,0461110770702362
12,901402	0,045938104391098
13,001448	0,0425161719322205
13,101731	0,0354825258255005
13,201961	0,0277841985225677
13,303070	0,0174999833106995
13,403208	0,00961682200431824
13,504546	0,00218656659126282
13,604890	-0,0018879771232605
13,705369	-0,00181502103805542
13,805656	0,00202611088752747
13,905850	0,00784048438072205
14,006497	0,0172823071479797
14,106778	0,0273537039756775
14,207165	0,0349969863891602
14,307862	0,0422709882259369
14,409361	0,0458896458148956
14,510995	0,0458354651927948
14,612350	0,0422752797603607
14,712417	0,0350136160850525
14,812663	0,0272408723831177
14,912990	0,017263263463974
15,013060	0,00923407077789307
15,113559	0,00184378027915955
15,214431	-0,00152367353439331
15,315970	-0,00200724601745605
15,416604	0,00193542242050171
15,516933	0,00801348686218262
15,617282	0,0172280073165894
15,719090	0,0274186432361603
15,819799	0,0351688265800476
15,919909	0,0421203672885895
16,021843	0,0459010303020477
16,121890	0,0458682477474213
16,222161	0,0428911149501801
16,323161	0,0363440811634064
16,423194	0,0272015035152435
16,524111	0,0186896324157715
16,624293	0,00926834344863892
16,726225	0,00190454721450806
16,826936	-0,00158852338790894
16,927329	-0,00168099999427795
17,027713	0,00219985842704773
17,127717	0,00817322731018066
17,228699	0,0160065889358521
17,329032	0,0276339054107666
17,429937	0,0353206992149353
17,530203	0,0415188074111938
17,631670	0,0458910763263702
17,732762	0,0457960069179535
17,834385	0,0429405272006989
17,935358	0,0360521376132965
18,035622	0,0269099473953247
18,136246	0,0185673534870148
18,236451	0,00885480642318726
18,338052	0,00169134140014648
18,438701	-0,00164574384689331
18,538818	-0,00197049975395203
18,639566	0,00220650434494019
18,739750	0,008268803358078
18,840285	0,0159050524234772
18,941628	0,0278074443340302
19,041829	0,0354179739952087
19,142325	0,0413344204425812
19,242818	0,0456216335296631
19,343264	0,0456624925136566
19,443799	0,0426150262355804
19,544316	0,0359947085380554
19,644952	0,0266619920730591
19,745021	0,0182346701622009
19,846544	0,0103359818458557
19,948399	0,00157928466796875
20,050378	-0,00165289640426636
20,150544	-0,00186890363693237
20,250748	0,00245049595832825
20,351488	0,0086740255355835
20,451836	0,0165694952011108
20,552088	0,0281848609447479
20,653585	0,0359372794628143
20,755208	0,0419488251209259
20,855820	0,0458511412143707
20,956499	0,0459447503089905
21,056543	0,04283407330513
21,158059	0,035798192024231
21,259741	0,0265984237194061
21,360214	0,018100917339325
21,460703	0,00994348526000977
21,562312	0,00143250823020935
21,663550	-0,00188320875167847
21,764049	-0,00225633382797241
21,864486	0,00237831473350525
21,965234	0,00849565863609314
22,065692	0,0162678062915802
22,166141	0,0264988839626312
22,268738	0,0356325209140778
22,369561	0,0415615439414978
22,471413	0,04563969373703
22,571878	0,0454524457454681
22,673313	0,0423175394535065
22,774685	0,0354312658309937
22,876372	0,0259721279144287
22,976891	0,0175485610961914
23,078532	0,00812378525733948
23,180069	0,000918030738830566
23,281604	-0,00214800238609314
23,382050	-0,00204303860664368
23,483778	0,00217705965042114
23,587371	0,00854131579399109
23,688157	0,0180990099906921
23,788695	0,0265415608882904
23,889549	0,0372836589813232
23,989907	0,0427461862564087
24,091510	0,0457413494586945
24,192046	0,045781284570694
24,294007	0,0416252315044403
24,394599	0,0355850756168365
24,495086	0,0247188210487366
24,595968	0,0162020325660706
24,696406	0,00844380259513855
24,797926	0,00149139761924744
24,898156	-0,00200295448303223
24,999349	-0,00155037641525269
25,101320	0,00188225507736206
25,202645	0,0104746222496033
25,303614	0,0185625851154327
25,404329	0,0270564556121826
25,505826	0,0374531745910645
25,606453	0,0429885387420654
25,707017	0,0459756553173065
25,807264	0,0452671349048615
25,907891	0,041616678237915
26,008410	0,0355404615402222
26,108964	0,0261285901069641
26,209258	0,0161462426185608
26,309825	0,00836724042892456
26,410669	0,00128811597824097
26,512064	-0,00197768211364746
26,612559	-0,00162714719772339
26,713268	0,00168231129646301
26,814782	0,0104817450046539
26,915099	0,0184184014797211
27,015691	0,0267866551876068
27,116592	0,0373168885707855
27,217502	0,0425883829593658
27,318367	0,0455061793327332
27,420039	0,0448960065841675
27,520363	0,0410275161266327
27,620934	0,0349969863891602
27,721174	0,0257355272769928
27,822574	0,0155555605888367
27,923617	0,00792887806892395
28,025627	0,00101116299629211
28,127195	-0,00236231088638306
28,228108	-0,0017516016960144
28,328351	0,00165337324142456
28,429103	0,0103388130664825
28,529212	0,0184793174266815
28,629852	0,0268307626247406
28,729951	0,0371891856193542
28,830740	0,0426069498062134
28,932309	0,0453949570655823
29,034229	0,0450575649738312
29,134801	0,0408887565135956
29,234968	0,034704178571701
29,335627	0,0253760814666748
29,437154	0,0153987109661102
29,538592	0,00767460465431213
29,639255	0,000871449708938599
29,740082	-0,00227448344230652
29,840824	-0,00174301862716675
29,941478	0,00281211733818054
30,042213	0,0106599628925323
30,142579	0,0186786949634552
30,243942	0,027126133441925
30,345602	0,0375372171401978
30,447314	0,042755663394928
30,547479	0,045631617307663
30,648221	0,0452714264392853
30,748324	0,040912538766861
30,849027	0,034862220287323
30,949687	0,0254951417446136
31,049794	0,0154578387737274
31,151377	0,0079103410243988
31,252601	0,00108054280281067
31,353264	-0,00203970074653625
31,455077	-0,00129777193069458
31,555295	0,00319364666938782
31,655326	0,0110769271850586
31,756146	0,0192110240459442
31,857477	0,0275035500526428
31,957611	0,0365463197231293
32,058183	0,0431058704853058
32,159018	0,0457789301872253
32,260888	0,0453759729862213
32,361487	0,0410227477550507
32,462246	0,0347810685634613
32,562353	0,0254756510257721
32,662649	0,0154806971549988
32,764499	0,00782480835914612
32,864927	0,00117173790931702
32,965776	-0,00189608335494995
33,066911	-0,00124296545982361
33,168543	0,00343278050422668
33,269106	0,0112694799900055
33,370485	0,0193080604076385
33,472112	0,0293133854866028
33,573305	0,036634624004364
33,675021	0,0430507957935333
33,775026	0,0459989309310913
33,875764	0,0452252924442291
33,976830	0,0407927930355072
34,078412	0,0332013666629791
34,179209	0,0252167880535126
34,279521	0,0152647197246552
34,380092	0,00776442885398865
34,480140	0,00105628371238708
34,580902	-0,00186842679977417
34,681476	-0,00105908513069153
34,782072	0,00354525446891785
34,882820	0,00998967885971069
34,984172	0,0195676684379578
35,084799	0,0293940007686615
35,185623	0,0367547571659088
35,286608	0,0431220531463623
35,388102	0,0458340346813202
35,488940	0,0451212525367737
35,590425	0,0405775606632233
35,690735	0,0342889428138733
35,791209	0,024965912103653
35,891788	0,0149714350700378
35,992691	0,00747933983802795
36,093546	0,00100591778755188
36,193636	-0,00191470980644226
36,294841	-0,00106337666511536
36,395468	0,00375306606292725
36,496228	0,0101535320281982
36,597834	0,0197402834892273
36,698182	0,0296747088432312
36,799017	0,0368895828723907
36,899917	0,0431980788707733
37,001013	0,0459171831607819
37,102975	0,0450091063976288
37,204555	0,0404740273952484
37,305017	0,0327478349208832
37,406646	0,0247653126716614
37,507272	0,0148984789848328
37,608645	0,00744509696960449
37,710165	0,000876665115356445
37,810689	-0,00183886289596558
37,910773	-0,000926673412322998
38,011769	0,00383132696151733
38,112011	0,0103802680969238
38,212740	0,0199408829212189
38,312837	0,0297652781009674
38,413766	0,037038654088974
38,515182	0,043228954076767
38,615944	0,0458326041698456
38,716016	0,0449848473072052
38,816507	0,0402678251266479
38,918273	0,0324864089488983
39,019627	0,0245580673217773
39,121450	0,0145431756973267
39,222071	0,00712588429450989
39,322474	0,000707477331161499
39,423015	-0,00190994143486023
39,523210	-0,00110766291618347
39,623374	0,00376731157302856
39,725088	0,0102035403251648
39,826113	0,0198192000389099
39,927956	0,0296633541584015
40,028250	0,03680220246315
40,129077	0,0430379509925842
40,230702	0,0455859899520874
40,332365	0,0445752441883087
40,433003	0,0399504601955414
40,533892	0,0321363210678101
40,634760	0,0241672396659851
40,734958	0,0143395364284515
40,835534	0,0056760311126709
40,936083	0,000595301389694214
41,036360	-0,00182074308395386
41,136538	-0,000967621803283691
41,237578	0,00395706295967102
41,337873	0,0105570256710052
41,439754	0,0201139152050018
41,541497	0,0299317538738251
41,641885	0,0370918214321136
41,741976	0,0431296527385712
41,842336	0,0456050038337708
41,942935	0,0446037352085114
42,044270	0,0397889614105225
42,146089	0,0319830775260925
42,247614	0,0240515172481537
42,348088	0,0141220390796661
42,448995	0,00684425234794617
42,549990	0,000576794147491455
42,651814	-0,00186556577682495
42,752231	-0,000248342752456665
42,853246	0,00417670607566833
42,953988	0,0107252299785614
43,054063	0,0204099714756012
43,155140	0,03019779920578
43,255277	0,0372760593891144
43,356660	0,0433938503265381
43,457400	0,0457684695720673
43,558154	0,0446774065494537
43,658261	0,0399433374404907
43,758883	0,0320163071155548
43,860839	0,0240657329559326
43,962578	0,0158707201480865
44,062685	0,00565657019615173
44,162876	0,000711768865585327
44,263695	-0,00158709287643433
44,364622	-0,000623375177383423
44,465431	0,00444382429122925
44,565605	0,0110645294189453
44,667395	0,0206038355827332
44,767760	0,0303870141506195
44,868647	0,0374408364295959
44,968965	0,0433648824691772
45,070391	0,0457209348678589
45,170649	0,0445714294910431
45,270974	0,0396340787410736
45,370977	0,0317606031894684
45,472685	0,0237782597541809
45,572901	0,0154930949211121
45,674061	0,00669467449188232
45,774236	0,000515937805175781
45,875084	-0,00182026624679565
45,976831	-0,000671446323394775
46,078814	0,00438359379768372
46,180364	0,0109873116016388
46,281548	0,0206504166126251
46,382225	0,0303405225276947
46,482804	0,0373406410217285
46,583954	0,0433069169521332
46,684810	0,0454985499382019
46,786756	0,0442934334278107
46,887084	0,0404868423938751
46,987605	0,03143709897995
47,089066	0,023510217666626
47,190008	0,0153162181377411
47,290928	0,00523853302001953
47,392628	0,000409930944442749
47,493338	-0,00178259611129761
47,593486	-6,13629817962646E-5
47,693518	0,00455009937286377
47,793665	0,0112556517124176
47,894445	0,0208010077476501
47,995211	0,0305643975734711
48,096182	0,0375291407108307
48,196814	0,0433282852172852
48,297679	0,0455916821956635
48,398758	0,0443162322044373
48,499019	0,0403822958469391
48,599111	0,0314446985721588
48,699162	0,0234442949295044
48,800292	0,0152122676372528
48,901485	0,00534194707870483
49,001585	0,000502139329910278
49,102981	-0,00163859128952026
49,203218	-0,000305920839309692
49,303806	0,00483050942420959
49,404980	0,0115612149238586
49,505277	0,0211971700191498
49,605949	0,0308053493499756
49,706429	0,0377675294876099
49,807239	0,0428222119808197
49,907844	0,0455822050571442
50,008399	0,0443015098571777
50,109134	0,040344774723053
50,209315	0,0327022671699524
50,311212	0,0232967138290405
50,411775	0,0151082873344421
50,512984	0,00640413165092468
50,614322	0,000518769025802612
50,714502	-0,00156515836715698
50,815139	-0,000217407941818237
50,915497	0,00512275099754333
51,015688	0,0118577480316162
51,115711	0,0214512348175049
51,215736	0,0296291708946228
51,317609	0,0380510091781616
51,418572	0,0430136919021606
51,519454	0,0457684695720673
51,620382	0,0444013178348541
51,721924	0,0403770804405212
51,822774	0,0328009426593781
51,923001	0,0232473909854889
52,023431	0,0150763392448425
52,123478	0,0064881443977356
52,224359	0,000519722700119019
52,324919	-0,00148221850395203
52,425985	-2,33054161071777E-5
52,526531	0,00407993793487549
52,627899	0,0120088756084442
52,728647	0,0199860334396362
52,829792	0,0296438932418823
52,929850	0,0380913913249969
53,030047	0,0429966151714325
53,130162	0,0455313324928284
53,230478	0,04421266913414
53,330934	0,0401314795017242
53,431825	0,0324294865131378
53,532056	0,0246756970882416
53,632440	0,0148507952690125
53,734275	0,0062389075756073
53,834877	0,00121781229972839
53,935745	-0,00152605772018433
54,037438	-0,000575751066207886
54,138382	0,00426068902015686
54,238867	0,0121133029460907
54,339783	0,0200887024402618
54,440218	0,0298397243022919
54,540737	0,0381080210208893
54,642033	0,0429966151714325
54,742901	0,0455935895442963
54,842918	0,0440677106380463
54,943198	0,0400188565254211
55,043625	0,0323673486709595
55,143995	0,0244674682617188
55,245057	0,0147463381290436
55,345729	0,00622043013572693
55,446043	0,00114986300468445
55,547582	-0,00140118598937988
55,647908	-0,000379174947738647
55,748584	0,00439450144767761
55,849775	0,0124256312847137
55,951318	0,0203767120838165
56,052017	0,0300180315971375
56,153746	0,0383967459201813
56,254061	0,04317906498909
56,354222	0,0456282794475555
56,454453	0,0447159111499786
56,554704	0,0400041341781616
56,655744	0,0322980880737305
56,756066	0,0245148837566376
56,856637	0,0147201120853424
56,957451	0,00627312064170837
57,057668	0,00135937333106995
57,157787	-0,00111624598503113
57,258336	-0,000152707099914551
57,359230	0,004783034324646
57,460004	0,0111865401268005
57,560383	0,0206926763057709
57,661129	0,0303443372249603
57,761505	0,0372889041900635
57,863195	0,0432945489883423
57,964018	0,0456458628177643
58,064300	0,0445234477519989
58,165032	0,0398549735546112
58,266177	0,0320419073104858
58,367275	0,0241383016109467
58,468610	0,0144864320755005
58,570082	0,00722801685333252
58,670871	0,00104725360870361
58,772234	-0,00134971737861633
58,873108	-0,000284522771835327
58,973133	0,00466394424438477
59,075115	0,011225163936615
59,175180	0,0206214189529419
59,275685	0,0302537679672241
59,376249	0,0372651517391205
59,476593	0,0430788099765778
59,577309	0,045404464006424
59,678062	0,0442991256713867
59,778535	0,0394283831119537
59,878770	0,0317179262638092
59,979580	0,0238660275936127
60,081418	0,0156809687614441
60,182678	0,00702044367790222
60,283394	0,000944137573242188
60,383616	-0,00136926770210266
60,484484	-0,000201225280761719
60,586084	0,00482338666915894
60,686835	0,0113343000411987
60,787525	0,0208879411220551
60,889513	0,0304372906684875
60,990332	0,0373387336730957
61,090579	0,0432432293891907
61,191029	0,0454011261463165
61,291517	0,0442411601543427
61,391600	0,039463073015213
61,492045	0,0330353379249573
61,593043	0,0237213373184204
61,693828	0,0156723856925964
61,794562	0,00692877173423767
61,895975	0,000960767269134521
61,996317	-0,00119581818580627
62,096429	-0,000129878520965576
62,197244	0,00502786040306091
62,297632	0,0115955471992493
62,398752	0,0209957659244537
62,500332	0,0306563973426819
62,600719	0,0375035107135773
62,701926	0,0432166159152985
62,802434	0,0453526675701141
62,904104	0,0441765487194061
63,006528	0,0392759144306183
63,106780	0,0329504013061523
63,208606	0,0235633552074432
63,309388	0,0139284133911133
63,409604	0,00691834092140198
63,510255	0,000898510217666626
63,610361	-0,00120770931243896
63,711133	5,32567501068115E-5
63,812450	0,00511467456817627
63,913380	0,0117166340351105
64,014236	0,0211957395076752
64,114966	0,0306938886642456
64,215454	0,0375514626502991
64,316847	0,0432380139827728
64,418354	0,0452015697956085
64,520152	0,0440211296081543
64,621517	0,0390540957450867
64,723154	0,0326140224933624
64,823384	0,0233465433120728
64,923590	0,0137061476707458
65,024002	0,0066794753074646
65,124247	0,000843405723571777
65,224899	-0,00131064653396606
65,324978	4,65810298919678E-5
65,425265	0,00525748729705811
65,525518	0,0118448734283447
65,626039	0,021277904510498
65,726358	0,0292996168136597
65,828226	0,0375528931617737
65,928797	0,0431743264198303
66,030217	0,0451426208019257
66,130647	0,0438111126422882
66,231468	0,0388327538967133
66,331627	0,0324327945709229
66,433627	0,0230794250965118
66,534216	0,0135339796543121
66,634737	0,00661110877990723
66,734945	0,000774949789047241
66,835258	-0,0011838972568512
66,935768	0,000201195478439331
67,037699	0,00540316104888916
67,138290	0,0120846927165985
67,239917	0,0215030014514923
67,341740	0,0294120013713837
67,442927	0,0376616418361664
67,544603	0,0431514978408813
67,645302	0,0449872314929962
67,746171	0,0436480939388275
67,846838	0,0385525226593018
67,947799	0,0320665538311005
68,048531	0,0227790176868439
68,148865	0,0131882131099701
68,249326	0,00627738237380981
68,349944	0,00062146782875061
68,450508	-0,00139021873474121
68,550540	0,000141233205795288
68,651083	0,00435274839401245
68,752885	0,0120837390422821
68,853582	0,0215528905391693
68,954045	0,0294954776763916
69,054765	0,0376070141792297
69,155415	0,0430940091609955
69,256714	0,0448955297470093
69,358436	0,0433862507343292
69,460146	0,0383112728595734
69,560737	0,0317961871623993
69,661117	0,0224259197711945
69,762762	0,0129483044147491
69,863177	0,00606140494346619
69,963951	0,000418931245803833
70,064889	-0,00141692161560059
70,166145	0,000133633613586426
70,267236	0,00437170267105103
70,368640	0,0137366950511932
70,469356	0,021659255027771
70,570346	0,0295699238777161
70,670823	0,0388531982898712
70,772173	0,0431130230426788
70,873302	0,0448746383190155
70,974327	0,042763739824295
71,075049	0,0381854176521301
71,175882	0,0316842496395111
71,276021	0,0223608911037445
71,377009	0,0128371715545654
71,477141	0,00605857372283936
71,578340	0,00118836760520935
71,679649	-0,00133731961250305
71,780665	0,000320523977279663
71,882420	0,00459468364715576
71,983550	0,0139198303222656
72,084058	0,0219132602214813
72,184896	0,0297937393188477
72,285277	0,0389728844165802
72,385938	0,0432156622409821
72,487724	0,0448751151561737
72,589289	0,0426492393016815
72,689487	0,0380752384662628
72,791299	0,0314926207065582
72,891309	0,0221563279628754
72,991448	0,012678861618042
73,092511	0,00585970282554626
73,193729	0,00103965401649475
73,295211	-0,0013592541217804
73,395623	0,000292450189590454
73,496458	0,00460654497146606
73,597445	0,0139961540699005
73,698295	0,0219089686870575
73,799650	0,0297828316688538
73,899806	0,038905918598175
74,000696	0,0430536270141602
74,101975	0,0446959435939789
74,202031	0,0430336594581604
74,302514	0,0377242863178253
74,403294	0,0311852395534515
74,503876	0,0218406021595001
74,605174	0,0123827159404755
74,705225	0,00568693876266479
74,805660	0,00090375542640686
74,905928	-0,00141263008117676
75,007827	0,000357598066329956
75,109704	0,00471329689025879
75,211166	0,0141463875770569
75,311693	0,022106945514679
75,412473	0,0299194157123566
75,512808	0,0390037596225739
75,613126	0,0431158840656281
75,714597	0,0446674227714539
75,815469	0,0429690182209015
75,917298	0,037658303976059
76,017707	0,0310567021369934
76,117864	0,0217333137989044
76,218506	0,0123221576213837
76,319398	0,0056290328502655
76,420940	0,000292927026748657
76,521569	-0,0012715756893158
76,622728	0,00053444504737854
76,723127	0,00496238470077515
76,824420	0,0144416093826294
76,924582	0,0223760902881622
77,025250	0,03021439909935
77,125780	0,0381621420383453
77,226815	0,0432821810245514
77,328949	0,0448119044303894
77,430716	0,0430441200733185
77,530976	0,0376526117324829
77,631007	0,0310576558113098
77,731107	0,0217219293117523
77,831396	0,0123245418071747
77,932832	0,00570261478424072
78,033309	0,000394701957702637
78,134389	-0,00112530589103699
78,234812	0,000762134790420532
78,335398	0,00519818067550659
78,436592	0,0146752893924713
78,538252	0,022626668214798
78,639462	0,0303775370121002
78,741180	0,0382395684719086
78,841680	0,0433197319507599
78,942980	0,0447258651256561
79,044524	0,0428982377052307
79,146312	0,0374887883663177
79,247752	0,0308205187320709
79,348638	0,0214992165565491
79,449569	0,0121466815471649
79,550639	0,00553366541862488
79,652079	0,000357151031494141
79,752210	-0,00106954574584961
79,852230	0,000826776027679443
79,953556	0,00652897357940674
80,053934	0,0133618116378784
80,154494	0,0227899551391602
80,254870	0,0320381224155426
80,355025	0,0383957922458649
80,455042	0,0433620512485504
80,555505	0,0447753071784973
80,655566	0,0428269505500793
80,756675	0,037331610918045
80,857393	0,0307085812091827
80,958124	0,0213092565536499
81,059061	0,0119940936565399
81,159217	0,00547245144844055
81,259789	0,000896155834197998
81,360560	-0,00103574991226196
81,462052	0,000953644514083862
81,562316	0,0054667592048645
81,662316	0,0135273039340973
81,762562	0,0229631662368774
81,864065	0,0306592285633087
81,964776	0,0384722650051117
82,065407	0,0433720052242279
82,165900	0,0446764528751373
82,267187	0,0427167117595673
82,367222	0,0371753871440887
82,467694	0,0304827988147736
82,568978	0,02276811003685
82,669372	0,0118582248687744
82,769969	0,0053609311580658
82,871676	0,000923246145248413
82,973146	-0,00103336572647095
83,073538	0,00107100605964661
83,173701	0,00570070743560791
83,273916	0,0137352645397186
83,374734	0,0231776535511017
83,476307	0,0309267640113831
83,578303	0,038610965013504
83,678879	0,0434832274913788
83,779676	0,0447729229927063
83,881224	0,0426976978778839
83,981986	0,037162572145462
84,082343	0,0304932296276093
84,182530	0,0211420655250549
84,283271	0,0119369029998779
84,383572	0,0054895281791687
84,483667	0,00104960799217224
84,583756	-0,000768572092056274
84,684853	0,00138881802558899
84,786308	0,00599685311317444
84,886309	0,0126264095306396
84,987596	0,0235097408294678
85,088101	0,0311544239521027
85,188787	0,0377233326435089
85,288991	0,0435701608657837
85,390576	0,0447638928890228
85,492601	0,043288379907608
85,592892	0,0370082557201385
85,693291	0,0302940607070923
85,794578	0,0225735306739807
85,896029	0,0117228329181671
85,997556	0,00535619258880615
86,099037	0,000450789928436279
86,199306	-0,000781893730163574
86,299658	0,00147241353988647
86,400008	0,00612738728523254
86,500608	0,0142021775245667
86,602410	0,0236378610134125
86,703338	0,0312649309635162
86,803715	0,0388346612453461
86,905518	0,0435620844364166
87,005966	0,0446731150150299
87,106753	0,0424705743789673
87,207073	0,0368302464485168
87,307694	0,0300815999507904
87,407759	0,0223471522331238
87,509006	0,0130408406257629
87,609731	0,00524422526359558
87,709773	0,00096362829208374
87,810397	-0,000726670026779175
87,911594	0,00156217813491821
88,011818	0,00628736615180969
88,113550	0,0144468545913696
88,214529	0,0238204896450043
88,316076	0,0314466059207916
88,417055	0,0390008985996246
88,518696	0,0436143577098846
88,619094	0,0447007119655609
88,719445	0,0424653589725494
88,820425	0,0367362201213837
88,921821	0,0300038158893585
89,023168	0,0222759544849396
89,123332	0,0129673779010773
89,224824	0,00526082515716553
89,325106	0,00102254748344421
89,426019	-0,000639557838439941
89,526111	0,00174975395202637
89,626971	0,00647154450416565
89,726972	0,0145980417728424
89,828052	0,0239865183830261
89,928185	0,031531035900116
90,028961	0,0379151999950409
90,129821	0,0435644686222076
90,230249	0,0445462465286255
90,330317	0,0428744852542877
90,430893	0,037668764591217
90,531795	0,0297064781188965
90,632116	0,0220053493976593
90,732137	0,0127756595611572
90,832888	0,00507816672325134
90,933808	0,000944614410400391
91,034992	-0,000630974769592285
91,136084	0,00180530548095703
91,237483	0,00661918520927429
91,338971	0,0132931172847748
91,440845	0,0241203010082245
91,542132	0,0317022502422333
91,642976	0,0380377173423767
91,744683	0,0435601770877838
91,845163	0,0445367395877838
91,946096	0,0427922606468201
92,046124	0,0375082492828369
92,147770	0,0295718014240265
92,248803	0,0218287408351898
92,350757	0,0126116275787354
92,452418	0,0050150454044342
92,552920	0,000353813171386719
92,654496	-0,000595271587371826
92,755792	0,00192496180534363
92,857017	0,00672081112861633
92,957730	0,0149042010307312
93,059352	0,0242753922939301
93,160667	0,0331325829029083
93,261482	0,0391229689121246
93,361522	0,0430450737476349
93,463409	0,0444041788578033
93,564112	0,0420015752315521
93,665889	0,0373168885707855
93,767304	0,02931147813797
93,868096	0,0200720727443695
93,969330	0,0124351680278778
94,069545	0,00484472513198853
94,170188	0,000327199697494507
94,271006	-0,000604778528213501
94,372288	0,00195109844207764
94,473751	0,00804391503334045
94,574213	0,0150038599967957
94,674799	0,0243626534938812
94,775642	0,0332018435001373
94,877498	0,0390830934047699
94,978367	0,0429533421993256
95,079255	0,0440924465656281
95,180273	0,0417064726352692
95,281979	0,0370035171508789
95,382057	0,0274850428104401
95,484055	0,0196732580661774
95,584583	0,0120746791362762
95,685065	0,00356897711753845
95,785821	4,70578670501709E-5
95,886070	-0,000771433115005493
95,986485	0,00186562538146973
96,086563	0,00800302624702454
96,187440	0,015049159526825
96,289137	0,0244119763374329
96,390954	0,0332720577716827
96,491195	0,0392056107521057
96,591378	0,0430422127246857
96,691472	0,0441518425941467
96,791978	0,0418052971363068
96,892759	0,0370614528656006
96,993283	0,0290535092353821
97,095266	0,0197935104370117
97,195667	0,0121900737285614
97,296832	0,00473323464393616
97,398411	0,000311017036437988
97,499349	-0,000500082969665527
97,600731	0,00220698118209839
97,701686	0,00837057828903198
97,802641	0,0153729617595673
97,903021	0,024725466966629
98,004471	0,0335330367088318
98,104532	0,0393785238265991
98,206078	0,0431757569313049
98,306227	0,0441912710666656
98,407152	0,0417387783527374
98,508958	0,0369684100151062
98,609797	0,0273973345756531
98,711771	0,0196052491664886
98,811961	0,0120799243450165
98,912463	0,00465968251228333
99,013749	0,000272512435913086
99,114217	-0,000453919172286987
99,215860	0,0022909939289093
99,317164	0,00847899913787842
99,417496	0,0155364871025085
99,518221	0,0248520970344543
99,619157	0,0336355268955231
99,720626	0,0394407212734222
99,821961	0,0435706377029419
99,922198	0,0440691411495209
100,022450	0,0415758192539215
100,122998	0,0367376506328583
100,223414	0,0271887183189392
100,324522	0,0194183886051178
100,425980	0,0118753910064697
100,526061	0,0045306384563446
100,626629	0,00022733211517334
100,728435	-0,000458180904388428
100,828759	0,00237500667572021
100,930273	0,00859218835830688
101,031589	0,0156351923942566
101,131620	0,0249564349651337
101,231827	0,033644050359726
101,332868	0,0393851697444916
101,433652	0,0430422127246857
101,533861	0,0438804626464844
101,634782	0,041341096162796
101,735380	0,0365040898323059
101,835474	0,026902824640274
101,936126	0,0191629827022552
102,036476	0,0116846859455109
102,136521	0,00438025593757629
102,236742	0,000178813934326172
102,338683	-0,000423461198806763
102,440128	0,00169941782951355
102,540990	0,00872015953063965
102,642305	0,0157691538333893
102,742597	0,0234675109386444
102,842647	0,0336730182170868
102,944156	0,0393533408641815
103,044752	0,0429106056690216
103,144855	0,0437003672122955
103,245409	0,0410982966423035
103,345822	0,0362026393413544
103,446650	0,0281407535076141
103,546974	0,0188861489295959
103,648155	0,011432021856308
103,749102	0,00427207350730896
103,849203	0,000125080347061157
103,949666	-0,000399172306060791
104,050333	0,00184378027915955
104,150798	0,00888478755950928
104,251811	0,0159794092178345
104,352386	0,0237123370170593
104,454291	0,0338196158409119
104,555630	0,0395025014877319
104,656605	0,0430336594581604
104,757988	0,0436846911907196
104,857999	0,0410911738872528
104,958076	0,0361475646495819
105,059940	0,0280189216136932
105,160715	0,0188271403312683
105,261100	0,0113843679428101
105,361831	0,00524279475212097
105,461875	0,000218778848648071
105,562212	-0,000295460224151611
105,663753	0,00196626782417297
105,764501	0,00910702347755432
105,865289	0,0161305069923401
105,966737	0,0238536894321442
106,068475	0,0339467823505402
106,168820	0,0394977629184723
106,269685	0,042979508638382
106,369739	0,0437864065170288
106,471595	0,040844589471817
106,572292	0,0359116494655609
106,672746	0,027771383523941
106,773602	0,0185559391975403
106,875094	0,0112194418907166
106,976526	0,00512179732322693
107,076637	0,000164568424224854
107,176853	-0,000214070081710815
107,278435	0,00209686160087585
107,379903	0,00929263234138489
107,480482	0,0164036452770233
107,580734	0,0240880250930786
107,682374	0,0341688692569733
107,783983	0,0396986901760101
107,885905	0,04306361079216
107,986008	0,0438182353973389
108,086463	0,0408317446708679
108,186823	0,0358081758022308
108,287302	0,027660459280014
108,387559	0,0184402763843536
108,487578	0,0110859870910645
108,588486	0,0050487220287323
108,688954	0,000175505876541138
108,789501	-0,000164121389389038
108,890650	0,00224542617797852
108,991245	0,00949826836585999
109,091692	0,0166219174861908
109,192133	0,0243678689002991
109,292251	0,0344237089157104
109,393006	0,0399267375469208
109,493995	0,0433159172534943
109,594751	0,0440154373645782
109,695902	0,0409676134586334
109,795910	0,0359586477279663
109,896332	0,0292592942714691
109,998192	0,0185754597187042
110,098558	0,0112732946872711
110,200583	0,00524610280990601
110,301289	0,000422269105911255
110,402087	0,000155538320541382
110,502962	0,00254398584365845
110,603001	0,00856509804725647
110,703058	0,016967386007309
110,803801	0,0246216058731079
110,904074	0,0332834720611572
111,004768	0,0399955809116364
111,106330	0,0432522594928741
111,206360	0,0438686013221741
111,306423	0,0407642722129822
111,406838	0,0356387197971344
111,507300	0,0288823246955872
111,607606	0,0197573900222778
111,707747	0,0109229981899261
111,809548	0,00507244467735291
111,911467	0,000749796628952026
112,012386	0,000133633613586426
112,112899	0,00257673859596252
112,213939	0,00860646367073059
112,314206	0,0169521570205688
112,415672	0,0246510207653046
112,516559	0,0332592725753784
112,616805	0,0399072468280792
112,716807	0,0431567430496216
112,818270	0,0437664091587067
112,919107	0,0404393076896667
113,019691	0,0353434681892395
113,120154	0,0286813080310822
113,221072	0,0196485221385956
113,322544	0,0109787285327911
113,422861	0,00510236620903015
113,523777	0,000850558280944824
113,625239	0,000344306230545044
113,725322	0,00280120968818665
113,826994	0,00880959630012512
113,928286	0,0170698165893555
114,028449	0,0245220065116882
114,128971	0,0329281091690063
114,230590	0,0393086969852448
114,332094	0,042305201292038
114,433058	0,0428820848464966
114,534937	0,0393842160701752
114,636390	0,0342153906822205
114,737415	0,02754145860672
114,838632	0,0170064568519592
114,939546	0,00988537073135376
115,041252	0,00422132015228271
115,142121	-0,000229299068450928
115,242313	-0,000261664390563965
115,343045	0,00235366821289063
115,443710	0,00839051604270935
115,544500	0,0166752934455872
115,645192	0,0241890549659729
115,746235	0,032468855381012
115,846620	0,0387914478778839
115,947334	0,0417525768280029
116,047848	0,0421607494354248
116,148657	0,0385909974575043
116,248952	0,0333840548992157
116,350205	0,0265695154666901
116,450739	0,0160475671291351
116,551880	0,00896567106246948
116,652575	0,00327005982398987
116,754405	-0,000639557838439941
116,854488	-0,000880002975463867
116,955277	0,00183713436126709
117,055936	0,0081917941570282
117,156866	0,0167019665241241
117,258828	0,0244461297988892
117,359293	0,0318379402160645
117,460065	0,0397652089595795
117,562052	0,042938619852066
117,663060	0,0433852970600128
117,764446	0,0400198101997375
117,865872	0,0348398983478546
117,966710	0,02654629945755
118,066769	0,0172751545906067
118,167482	0,0100325644016266
118,269060	0,00414350628852844
118,369639	-0,000155091285705566
118,470451	-0,000543415546417236
118,572155	0,00212910771369934
118,672849	0,00840717554092407
118,773804	0,0171517729759216
118,874899	0,0250432193279266
118,976357	0,0339012444019318
119,077293	0,0407794713973999
119,178059	0,0440529882907867
119,278126	0,0445400774478912
119,378829	0,0412864685058594
119,480501	0,0359638631343842
119,580553	0,0274627506732941
119,681873	0,0180461704730988
119,782372	0,0105084478855133
119,882733	0,00346365571022034
119,983594	7,18235969543457E-5
120,085544	-0,000523895025253296
120,185697	0,00213387608528137
120,285714	0,00851133465766907
120,386026	0,0171975195407867
120,487225	0,025174081325531
120,588696	0,0341271162033081
120,689005	0,0409457683563232
120,789434	0,0443110167980194
120,890231	0,0448518097400665
120,992188	0,0415401756763458
121,092984	0,0363426804542542
121,193750	0,027877151966095
121,294904	0,019977480173111
121,395848	0,010837197303772
121,496518	0,00299814343452454
121,596943	-0,00170055031776428
121,698120	-0,00451305508613586
121,798721	-0,00432360172271729
121,899524	-0,00200438499450684
122,000092	0,00261613726615906
122,100305	0,00703802704811096
122,201630	0,0122639834880829
122,302321	0,0162482559680939
122,404126	0,0180009305477142
122,504371	0,018303245306015
122,605883	0,0164541602134705
122,707853	0,0134967863559723
122,808381	0,00897851586341858
122,908428	0,00476786494255066
123,008544	-3,4719705581665E-5
123,108566	-0,00312116742134094
123,209024	-0,00535133481025696
123,310838	-0,00558009743690491
123,411219	-0,00410932302474976
123,512780	-0,000862389802932739
123,613892	0,00353005528450012
123,714055	0,00754821300506592
123,814420	0,0119245052337646
123,915173	0,0152723491191864
124,016819	0,0168411135673523
124,117755	0,0168378055095673
124,218687	0,0153686702251434
124,319325	0,0120875537395477
124,420321	0,00755298137664795
124,520494	0,00350159406661987
124,621154	-0,00106620788574219
124,722520	-0,00419589877128601
124,823469	-0,00636160373687744
124,923687	-0,00658750534057617
125,024170	-0,00528433918952942
125,124852	-0,00201201438903809
125,225494	0,00239068269729614
125,326419	0,00637945532798767
125,427004	0,0109506249427795
125,527393	0,0144459009170532
125,628339	0,016094297170639
125,729497	0,0163783729076385
125,830395	0,0150715708732605
125,930627	0,0119140148162842
126,031332	0,0084114670753479
126,132568	0,00362685322761536
126,233484	-0,000921905040740967
126,334232	-0,00438579916954041
126,434871	-0,00611752271652222
126,535250	-0,00637021660804749
126,635692	-0,00500297546386719
126,736387	-0,00190374255180359
126,837951	0,00239971280097961
126,939341	0,00633245706558228
127,039863	0,0106423199176788
127,141371	0,0135416090488434
127,241411	0,0155593752861023
127,343287	0,0155960917472839
127,443760	0,0142555832862854
127,543942	0,0110621452331543
127,645198	0,0074726939201355
127,746174	0,0028073787689209
127,847684	-0,00167053937911987
127,947693	-0,00463980436325073
128,048853	-0,00665399432182312
128,150488	-0,00678271055221558
128,251620	-0,00534942746162415
128,352522	-0,00207117199897766
128,454004	0,00223878026008606
128,554201	0,00615489482879639
128,654355	0,0105317831039429
128,754558	0,0133389234542847
128,855541	0,0153119266033173
128,957206	0,0153805911540985
129,057337	0,013941764831543
129,159238	0,0107381045818329
129,259585	0,00641551613807678
129,360301	0,00247517228126526
129,460924	-0,00187939405441284
129,561560	-0,00474074482917786
129,661979	-0,00671428442001343
129,763789	-0,0066693127155304
129,863958	-0,00516232848167419
129,964255	-0,00181645154953003
130,064767	0,0026555061340332
130,165033	0,00660684704780579
130,266602	0,0110168755054474
130,368254	0,0138998031616211
130,468838	0,0158382952213287
130,570680	0,0158754885196686
130,672243	0,0144473314285278
130,772563	0,0111731886863708
130,874122	0,00681814551353455
130,975940	0,00287145376205444
131,077018	-0,00156038999557495
131,178162	-0,00488477945327759
131,279719	-0,00640901923179626
131,380446	-0,00642672181129456
131,480500	-0,00447669625282288
131,580732	-0,00161761045455933
131,682684	0,00198480486869812
131,782714	0,00746506452560425
131,883207	0,0110349953174591
131,983678	0,0138363540172577
132,084324	0,015720546245575
132,184331	0,0156914591789246
132,286048	0,0141931176185608
132,386405	0,0109101235866547
132,487369	0,00654703378677368
132,588464	0,00262182950973511
132,689962	-0,00175589323043823
132,790137	-0,00503790378570557
132,890798	-0,00651189684867859
132,992207	-0,00646209716796875
133,093581	-0,00445419549942017
133,195040	-0,00154322385787964
133,296662	0,00210773944854736
133,397589	0,00759479403495789
133,498620	0,0111765265464783
133,599198	0,0139784812927246
133,700337	0,0159932374954224
133,800844	0,0158144533634186
133,900845	0,01434525847435
134,002025	0,011085033416748
134,103775	0,00672224164009094
134,204169	0,00282353162765503
134,304613	-0,00150462985038757
134,405552	-0,00475654006004333
134,506293	-0,00615918636322021
134,606394	-0,0062166154384613
134,706400	-0,0040624737739563
134,807685	-0,00117245316505432
134,908032	0,00240585207939148
135,008713	0,00783905386924744
135,110529	0,0113600492477417
135,212448	0,0140796005725861
135,312855	0,0159627199172974
135,414677	0,0157238841056824
135,516465	0,0141206085681915
135,618371	0,0107786059379578
135,719913	0,00637993216514587
135,820250	0,00246375799179077
135,920481	-0,00184077024459839
136,022037	-0,00506758689880371
136,123762	-0,00646737217903137
136,223893	-0,00633624196052551
136,324160	-0,00430735945701599
136,424752	-0,00138020515441895
136,525413	0,00304275751113892
136,626001	0,00767651200294495
136,727887	0,0111589133739471
136,828622	0,0138473212718964
136,930293	0,0156614184379578
137,031596	0,0153810679912567
137,132007	0,0138106048107147
137,232268	0,0104183852672577
137,332503	0,00603672862052917
137,432921	0,00213956832885742
137,534314	-0,00217998027801514
137,635755	-0,00531354546546936
137,736053	-0,00662577152252197
137,837343	-0,00643911957740784
137,937505	-0,00427767634391785
138,037822	-0,00132018327713013
138,138200	0,00230097770690918
138,238493	0,00776967406272888
138,339780	0,0112370848655701
138,440623	0,0138974189758301
138,541930	0,0156199336051941
138,642263	0,0153734385967255
138,742549	0,0137300193309784
138,842835	0,0103502571582794
138,944637	0,00591522455215454
139,044951	0,00202658772468567
139,146838	-0,00224059820175171
139,247379	-0,00537097454071045
139,347733	-0,00666645169258118
139,448560	-0,00660759210586548
139,549940	-0,00430592894554138
139,650983	-0,00131922960281372
139,751312	0,0023503303527832
139,852096	0,00774207711219788
139,953383	0,0112060904502869
140,054735	0,0138330161571503
140,155519	0,0154630839824677
140,255847	0,0152041614055634
140,357724	0,0135439932346344
140,457999	0,0101106762886047
140,558340	0,00572347640991211
140,659969	0,00182193517684937
140,760235	-0,00243580341339111
140,860689	-0,00549972057342529
140,961939	-0,00679564476013184
141,062252	-0,00668367743492126
141,164006	-0,00429633259773254
141,264264	-0,0013163685798645
141,366075	0,00236266851425171
141,466349	0,00775301456451416
141,567662	0,0111646354198456
141,669507	0,0137729346752167
141,770755	0,015360563993454
141,872529	0,015053927898407
141,973858	0,0129173099994659
142,075825	0,00995445251464844
142,176156	0,0055820643901825
142,276506	0,00172460079193115
142,378219	-0,0024835467338562
142,478541	-0,00546476244926453
142,578888	-0,00666069984436035
142,680701	-0,00629416108131409
142,781999	-0,00401511788368225
142,882791	-0,000983357429504395
142,984066	0,00347453355789185
143,084380	0,00733345746994019
143,186164	0,0114491879940033
143,286434	0,0143834054470062
143,388156	0,0155174136161804
143,488457	0,0151039958000183
143,589759	0,0128615200519562
143,690557	0,00984060764312744
143,790829	0,00538516044616699
143,892621	0,000755012035369873
143,992937	-0,00269079208374023
144,093395	-0,00565618276596069
144,194176	-0,00685688853263855
144,294455	-0,00633910298347473
144,395259	-0,00399169325828552
144,496630	-0,000900954008102417
144,596946	0,0036206841468811
144,698132	0,00751829147338867
144,798407	0,011670857667923
144,899870	0,0145889818668365
145,000183	0,0157081484794617
145,100465	0,0152799785137177
145,201204	0,0130074322223663
145,301520	0,00996348261833191
145,403330	0,00549095869064331
145,503640	0,000860065221786499
145,603961	-0,00258955359458923
145,705793	-0,00555232167243958
145,806015	-0,00668129324913025
145,907829	-0,00624626874923706
146,008098	-0,00441929697990417
146,109091	-0,000846683979034424
146,210339	0,00360739231109619
146,311652	0,00745174288749695
146,412435	0,011522114276886
146,512698	0,0143490731716156
146,613539	0,0154244601726532
146,713874	0,0149304270744324
146,814158	0,0125882625579834
146,915960	0,00953969359397888
147,016235	0,00505819916725159
147,117023	0,000430375337600708
147,218342	-0,00295922160148621
147,318551	-0,00585386157035828
147,420311	-0,00694254040718079
147,521906	-0,00633624196052551
147,623302	-0,00445228815078735
147,723620	-0,000781416893005371
147,823925	0,00375685095787048
147,924730	0,00762423872947693
148,025888	0,011739045381546
148,127637	0,0145779848098755
148,227926	0,0156294703483582
148,328222	0,0151068568229675
148,429992	0,0127074718475342
148,530368	0,00960871577262878
148,632258	0,00510710477828979
148,732544	0,000443190336227417
148,833890	-0,00295013189315796
148,934376	-0,0054796040058136
149,036109	-0,00695642828941345
149,136119	-0,00634869933128357
149,236347	-0,0044422447681427
149,336652	-4,61339950561523E-5
149,436835	0,00379148125648499
149,538158	0,00766322016716003
149,638859	0,0117542743682861
149,739238	0,0145808458328247
149,840173	0,0155860781669617
149,941250	0,015030562877655
150,042221	0,012648344039917
150,142384	0,00954541563987732
150,243058	0,00503164529800415
150,343169	0,000400394201278687
150,444697	-0,00299409031867981
150,545112	-0,0054987370967865
150,645291	-0,00687220692634583
150,745754	-0,00628551840782166
150,846766	-0,00432887673377991
150,948309	-0,000592440366744995
151,049329	0,00394710898399353
151,150082	0,00784286856651306
151,251532	0,011946439743042
151,352013	0,0147396624088287
151,452542	0,0157553255558014
151,554489	0,0151683986186981
151,656454	0,012737512588501
151,757086	0,00961920619010925
151,857396	0,00583928823471069
151,958115	0,00037616491317749
152,058422	-0,00300556421279907
152,159964	-0,00553509593009949
152,261563	-0,00699087977409363
152,363315	-0,00636351108551025
152,464821	-0,00447383522987366
152,565377	-8,3237886428833E-5
152,666922	0,00369992852210999
152,767302	0,00751876831054688
152,867458	0,0121385753154755
152,968239	0,0143433511257172
153,068658	0,015301913022995
153,169495	0,014714390039444
153,270495	0,0122987926006317
153,370628	0,00917172431945801
153,471307	0,00548383593559265
153,571934	0,000132203102111816
153,672975	-0,00318282842636108
153,774940	-0,0055786669254303
153,875401	-0,00691238045692444
153,976721	-0,00623047351837158
154,077027	-0,00422939658164978
154,177589	0,00019499659538269
154,278373	0,00398978590965271
154,378468	0,00785332918167114
154,478649	0,0118415355682373
154,579179	0,0145312547683716
154,680142	0,0154540240764618
154,780286	0,0147358477115631
154,881271	0,0122582614421844
154,983122	0,00912317633628845
155,083979	0,00535145401954651
155,185231	2,83122062683105E-6
155,286205	-0,00328937172889709
155,386289	-0,00572320818901062
155,486780	-0,0069635808467865
155,587037	-0,00622856616973877
155,688221	-0,00423845648765564
155,788714	-0,000456273555755615
155,889122	0,00406855344772339
155,990786	0,00786948204040527
156,091210	0,0119049549102783
156,191318	0,014539361000061
156,292290	0,0154020488262177
156,393807	0,0149824023246765
156,494736	0,0121824443340302
156,595840	0,00901469588279724
156,697516	0,00528928637504578
156,797626	-9,79900360107422E-5
156,897676	-0,0033816397190094
156,998131	-0,00572991371154785
157,098296	-0,00702482461929321
157,198905	-0,00625967979431152
157,300350	-0,00422891974449158
157,400965	-0,000554352998733521
157,501854	0,00397273898124695
157,602223	0,00777062773704529
157,702896	0,0110878944396973
157,803115	0,0142856538295746
157,904075	0,0151106715202332
158,004142	0,0145670175552368
158,104200	0,0123445689678192
158,204768	0,00863927602767944
158,305477	0,00490924715995789
158,405653	0,000398039817810059
158,506568	-0,00355467200279236
158,606569	-0,00585195422172546
158,707682	-0,00692960619926453
158,809036	-0,00612136721611023
158,909644	-0,00402325391769409
159,010736	-0,000191241502761841
159,111698	0,00433281064033508
159,211964	0,00813090801239014
159,312089	0,0114687383174896
159,412252	0,0142393708229065
159,512258	0,0153124034404755
159,612311	0,0147663652896881
159,713347	0,0124013125896454
159,815099	0,00865402817726135
159,915842	0,00492206215858459
160,016078	0,000312447547912598
160,116191	-0,00303852558135986
160,216656	-0,00586485862731934
160,318021	-0,00697651505470276
160,418802	-0,00634917616844177
160,519930	-0,00392758846282959
160,621635	-0,000135093927383423
160,723180	0,00367763638496399
160,823988	0,00822553038597107
160,924685	0,0115016102790833
161,025671	0,0143156945705414
161,125699	0,0153343379497528
161,226473	0,014712005853653
161,326936	0,0123836696147919
161,427853	0,00858363509178162
161,528637	0,00483712553977966
161,628709	0,000298649072647095
161,729144	-0,00305858254432678
161,829931	-0,00586149096488953
161,931073	-0,00688990950584412
162,032142	-0,00628456473350525
162,132344	-0,00385013222694397
162,232646	-0,000727623701095581
162,333270	0,00370228290557861
162,433446	0,00822934508323669
162,534844	0,0115039944648743
162,635304	0,0141883492469788
162,737091	0,0151402652263641
162,837365	0,0145498514175415
162,937772	0,0121447741985321
163,038294	0,00908273458480835
163,138798	0,00465542078018188
163,239150	0,000114142894744873
163,340578	-0,00314506888389587
163,441423	-0,00589022040367126
163,542743	-0,00689423084259033
163,643235	-0,00618502497673035
163,744692	-0,00372582674026489
163,844989	-0,000616222620010376
163,945888	0,00386881828308105
164,046157	0,00834870338439941
164,146925	0,0115531086921692
164,247119	0,0142503380775452
164,347129	0,0151431262493134
164,447557	0,0144864320755005
164,548604	0,0121056735515594
164,648728	0,0089813768863678
164,750135	0,00455436110496521
164,850296	8,41915607452393E-5
164,950499	-0,00319954752922058
165,051449	-0,00586628913879395
165,152198	-0,00674444437026978
165,252977	-0,00609028339385986
165,354017	-0,00410312414169312
165,454492	-0,000408679246902466
165,555003	0,00399881601333618
165,656169	0,00779008865356445
165,756825	0,0116937458515167
165,856949	0,0142780244350433
165,957193	0,0151574313640594
166,058333	0,0146767199039459
166,158641	0,0119335651397705
166,259108	0,00883862376213074
166,360728	0,00513938069343567
166,461590	-0,00015413761138916
166,563070	-0,0033620297908783
166,664201	-0,00572991371154785
166,764275	-0,0069444477558136
166,865371	-0,00618407130241394
166,966313	-0,0041944682598114
167,066400	-0,000480562448501587
167,166476	0,00399881601333618
167,267344	0,00774303078651428
167,368164	0,0110759735107422
167,469012	0,0142393708229065
167,570080	0,0150400996208191
167,671464	0,0145684480667114
167,772308	0,0117971897125244
167,873195	0,00862932205200195
167,974244	0,00496286153793335
168,075850	0,000437021255493164
168,177581	-0,00351306796073914
168,278513	-0,00579449534416199
168,379254	-0,0069449245929718
168,480795	-0,00616014003753662
168,581732	-0,00408926606178284
168,682403	-0,000373482704162598
168,782968	0,00412264466285706
168,883575	0,00789704918861389
168,984656	0,0117280781269073
169,084760	0,0142531991004944
169,184989	0,015030562877655
169,285425	0,0141902565956116
169,386146	0,0116489231586456
169,486417	0,00848755240440369
169,587102	0,00475981831550598
169,687441	0,000241607427597046
169,788398	-0,00364837050437927
169,889364	-0,00592994689941406
169,989743	-0,00698798894882202
170,090579	-0,00612998008728027
170,190867	-0,00404524803161621
170,291628	-0,000267386436462402
170,391775	0,00420281291007996
170,492494	0,00792363286018372
170,592822	0,0112113356590271
170,694044	0,0142202973365784
170,794758	0,0149313807487488
170,895100	0,014347642660141
170,996417	0,0119750201702118
171,097915	0,00822457671165466
171,198455	0,00451451539993286
171,299273	-2,99513339996338E-5
171,399436	-0,00388839840888977
171,500999	-0,00609603524208069
171,602678	-0,00715258717536926
171,704646	-0,00621995329856873
171,804958	-0,00406822562217712
171,906389	-0,000282138586044312
172,006979	0,00424078106880188
172,107923	0,00797548890113831
172,209750	0,0117604732513428
172,310098	0,0142274498939514
172,410331	0,0149185061454773
172,511151	0,0142856538295746
172,611501	0,0119326114654541
172,712105	0,00818511843681335
172,812447	0,00446519255638123
172,913633	2,83122062683105E-6
173,016096	-0,00383245944976807
173,116113	-0,0059945285320282
173,216263	-0,00691190361976624
173,317045	-0,00594812631607056
173,417746	-0,00375452637672424
173,519620	9,70065593719482E-5
173,620457	0,00458711385726929
173,721793	0,00831446051597595
173,823674	0,0120918452739716
173,924013	0,0141869187355042
174,025454	0,0151312053203583
174,126176	0,0141587853431702
174,226565	0,0119983851909637
174,326763	0,00822457671165466
174,427984	0,00448888540267944
174,528022	-3,37660312652588E-5
174,628653	-0,00383675098419189
174,729947	-0,00597971677780151
174,830343	-0,00691238045692444
174,930550	-0,00588926672935486
175,032373	-0,00369903445243835
175,133748	0,000150769948959351
175,234876	0,00468149781227112
175,336642	0,00838577747344971
175,436887	0,0121376216411591
175,537267	0,0142398476600647
175,637917	0,0151288211345673
175,739258	0,0141482949256897
175,840572	0,0120074450969696
175,942451	0,00820177793502808
176,043107	0,00372648239135742
176,143770	3,51965427398682E-5
176,244683	-0,00372245907783508
176,345478	-0,0058169960975647
176,446846	-0,00666549801826477
176,547805	-0,00560212135314941
176,648153	-0,00336107611656189
176,749556	0,000531613826751709
176,850279	0,00505775213241577
176,951103	0,00876918435096741
177,052084	0,0124666392803192
177,152459	0,0144830942153931
177,252516	0,0153438746929169
177,354094	0,0142804086208344
177,454539	0,0120660960674286
177,555079	0,00825121998786926
177,656209	0,00374120473861694
177,756973	8,55326652526855E-6
177,857730	-0,00371435284614563
177,957911	-0,00604096055030823
178,058099	-0,00659564137458801
178,159572	-0,00547483563423157
178,260340	-0,00321772694587708
178,362281	0,000710338354110718
178,463738	0,00447133183479309
178,564733	0,00957491993904114
178,665758	0,0125596225261688
178,766442	0,0145465135574341
178,868291	0,0152871310710907
178,968441	0,0141473412513733
179,069329	0,0118944644927979
179,169584	0,00800064206123352
179,270228	0,0034697949886322
179,371043	-0,000238358974456787
179,472202	-0,00395819544792175
179,572861	-0,0062357485294342
179,673781	-0,00671237707138062
179,774110	-0,00552648305892944
179,874687	-0,00319859385490417
179,974917	0,00077781081199646
180,075475	0,00453254580497742
180,176113	0,00899088382720947
180,276758	0,0126516819000244
180,378721	0,014594703912735
180,479543	0,0153429210186005
180,580174	0,0141845345497131
180,681422	0,0118963718414307
180,783107	0,00801777839660645
180,883920	0,00349780917167664
180,984129	-0,00019410252571106
181,084952	-0,00381332635879517
181,186287	-0,00605341792106628
181,287034	-0,00652527809143066
181,387773	-0,00560691952705383
181,489040	-0,00294536352157593
181,590307	0,00102159380912781
181,691276	0,0047948956489563
181,791889	0,0091707706451416
181,892634	0,0127880573272705
181,993051	0,0147115290164948
182,094651	0,0153166949748993
182,195007	0,014130175113678
182,295575	0,0118386745452881
182,396957	0,00790464878082275
182,497047	0,00344276428222656
182,597933	-0,000234067440032959
182,699808	-0,00385922193527222
182,800660	-0,00603476166725159
182,901769	-0,00645685195922852
183,003121	-0,00552362203598022
183,103838	-0,00219380855560303
183,204903	0,00114986300468445
183,305607	0,00489786267280579
183,405857	0,00929549336433411
183,506509	0,0128271579742432
183,607134	0,0147277414798737
183,707531	0,0153443515300751
183,808127	0,0140834152698517
183,909973	0,0117647647857666
184,010489	0,00785616040229797
184,111888	0,00333932042121887
184,212793	-0,00026547908782959
184,313289	-0,0033094584941864
184,413317	-0,00596153736114502
184,513419	-0,00629988312721252
184,615240	-0,00534990429878235
184,715398	-0,00201582908630371
184,816137	0,001365065574646
184,917570	0,00509807467460632
185,018292	0,0101139843463898
185,118943	0,0129707157611847
185,219089	0,0147682726383209
185,320733	0,0153052508831024
185,420853	0,0140152275562286
185,521195	0,0116331875324249
185,621280	0,00769218802452087
185,721661	0,0032036304473877
185,822324	-0,00041535496711731
185,923582	-0,00343993306159973
186,024373	-0,005796879529953
186,125036	-0,00635874271392822
186,226092	-0,00534799695014954
186,326749	-0,00258094072341919
186,427967	0,00137218832969666
186,528806	0,00510472059249878
186,629501	0,00941163301467896
186,730321	0,0128247737884521
186,831053	0,0145875513553619
186,931323	0,0150591731071472
187,031802	0,0140319168567657
187,132638	0,0112732946872711
187,234489	0,00802633166313171
187,335042	0,00283160805702209
187,435795	-0,000752866268157959
187,536682	-0,00376790761947632
187,638070	-0,0060558021068573
187,738625	-0,00651475787162781
187,839931	-0,00546190142631531
187,940795	-0,00265687704086304
188,041400	0,00134748220443726
188,142275	0,00506913661956787
188,242342	0,00935307145118713
188,344256	0,0127408504486084
188,446047	0,0144444704055786
188,547085	0,0148670077323914
188,647122	0,0134342908859253
188,747501	0,0109625458717346
188,847727	0,00768932700157166
188,948868	0,00247851014137268
189,049706	-0,00111767649650574
189,151331	-0,00409594178199768
189,252636	-0,00653195381164551
189,353556	-0,00674349069595337
189,454870	-0,00562509894371033
189,556049	-0,00213417410850525
189,657257	0,00128337740898132
189,757937	0,00503593683242798
189,859548	0,00933024287223816
189,960397	0,0127193927764893
190,060498	0,0144225358963013
190,161000	0,0148889422416687
190,261321	0,013331264257431
190,363147	0,0108596086502075
190,463503	0,00757056474685669
190,564193	0,00232753157615662
190,664672	-0,00120627880096436
190,766018	-0,00411650538444519
190,867792	-0,00650900602340698
190,968401	-0,00664731860160828
191,069404	-0,00550258159637451
191,170122	-0,00261771678924561
191,271749	0,00149425864219666
191,372495	0,00522807240486145
191,472785	0,00950351357460022
191,573630	0,0128791630268097
191,673811	0,0144845247268677
191,773862	0,0148727297782898
191,875306	0,0132926404476166
191,975403	0,0107538104057312
192,076736	0,00747790932655334
192,178222	0,00226679444313049
192,278418	-0,00129586458206177
192,378439	-0,00418537855148315
192,479449	-0,0065138041973114
192,581070	-0,00664395093917847
192,682348	-0,00541356205940247
192,784082	-0,00248783826828003
192,885455	0,00160160660743713
192,987226	0,00537091493606567
193,087653	0,00959351658821106
193,188122	0,0128996670246124
193,288404	0,0145169496536255
193,389379	0,0147673189640045
193,490267	0,0132101476192474
193,591179	0,010692834854126
193,692467	0,00662487745285034
193,793378	0,00214195251464844
193,893737	-0,00137734413146973
193,994664	-0,0042705237865448
194,094792	-0,00634580850601196
194,195274	-0,00660184025764465
194,295799	-0,00540065765380859
194,396947	-0,00239476561546326
194,497052	0,00168231129646301
194,597520	0,00541552901268005
194,697751	0,00969061255455017
194,798069	0,0129287540912628
194,898699	0,0144954919815063
194,999134	0,0148412585258484
195,100286	0,0131357312202454
195,200626	0,0106151401996613
195,302358	0,00733155012130737
195,402992	0,00210016965866089
195,503340	-0,00135686993598938
195,603955	-0,00420069694519043
195,705207	-0,00626301765441895
195,805815	-0,00645110011100769
195,906478	-0,00519677996635437
196,006773	-0,00222054123878479
196,108104	0,00190263986587524
196,209392	0,00559869408607483
196,310864	0,00978299975395203
196,411444	0,0130188763141632
196,512682	0,0145136117935181
196,614181	0,0147992670536041
196,715188	0,0130780339241028
196,815375	0,0104941427707672
196,916068	0,00716057419776917
197,016278	0,00196295976638794
197,118175	-0,00154751539230347
197,218556	-0,00432887673377991
197,319862	-0,00633719563484192
197,420722	-0,00652289390563965
197,521710	-0,00523123145103455
197,622589	-0,00222960114479065
197,722777	0,00184187293052673
197,824432	0,0055597722530365
197,924669	0,00907418131828308
198,025268	0,0129111111164093
198,125696	0,0144101083278656
198,225912	0,0146414339542389
198,326836	0,012901097536087
198,428742	0,0103192925453186
198,530056	0,00701853632926941
198,631132	0,00262418389320374
198,731471	-0,00153034925460815
198,832256	-0,00426909327507019
198,932538	-0,00621375441551208
199,033418	-0,00632187724113464
199,134026	-0,00496804714202881
199,234335	-0,00252842903137207
199,335161	0,00215193629264832
199,435381	0,00583690404891968
199,536228	0,00927215814590454
199,637159	0,0130327343940735
199,737312	0,0144411325454712
199,838688	0,0145889818668365
199,940402	0,0127689838409424
200,041733	0,0101325809955597
200,143080	0,00675216317176819
200,243137	0,00235602259635925
200,343788	-0,00179404020309448
200,444688	-0,004498690366745
200,545404	-0,00632858276367188
200,646123	-0,00635442137718201
200,748081	-0,00493982434272766
200,849170	-0,00178784132003784
200,950676	0,00233277678489685
201,052153	0,0060751736164093
201,152624	0,0102201998233795
201,253153	0,013270229101181
201,353630	0,0146853029727936
201,455214	0,014681488275528
201,555760	0,0132659375667572
201,657079	0,0102083086967468
201,757927	0,0060524046421051
201,858492	0,00233560800552368
201,958787	-0,00180119276046753
202,060304	-0,00456473231315613
202,162225	-0,00641760230064392
202,262468	-0,00638937950134277
202,363314	-0,0050048828125
202,465196	-0,00186604261398315
202,566603	0,0022682249546051
202,668372	0,00666904449462891
202,769648	0,0100458860397339
202,871163	0,0130603909492493
202,972882	0,0145212411880493
203,074571	0,014380544424057
203,175294	0,0129511654376984
203,276215	0,00919932126998901
203,376929	0,00572726130485535
203,477790	0,00200900435447693
203,578917	-0,00210791826248169
203,679599	-0,00517860054969788
203,780905	-0,00653389096260071
203,881565	-0,00645732879638672
203,981823	-0,00453123450279236
204,082427	-0,00178354978561401
204,182784	0,00239637494087219
204,283527	0,00684806704521179
204,384354	0,0102006793022156
204,484532	0,0132196843624115
204,586347	0,0146748125553131
204,687388	0,014466404914856
204,788200	0,0130040943622589
204,888510	0,00990349054336548
204,988817	0,00574579834938049
205,090266	0,00204601883888245
205,190462	-0,00201535224914551
205,290807	-0,00509005784988403
205,392505	-0,00638985633850098
205,492762	-0,00627163052558899
205,593359	-0,00436234474182129
205,694968	-0,00157564878463745
205,795704	0,00258290767669678
205,896466	0,00696393847465515
205,997536	0,0103102624416351
206,097945	0,0128629505634308
206,199141	0,0145966112613678
206,299984	0,0143872201442719
206,400688	0,0128524601459503
206,500939	0,00968870520591736
206,601496	0,0055711567401886
206,701798	0,0018627941608429
206,802527	-0,002189040184021
206,902985	-0,00516662001609802
207,003071	-0,00647217035293579
207,104324	-0,00628122687339783
207,205662	-0,00427910685539246
207,306071	-0,00153988599777222
207,406451	0,00266262888908386
207,506687	0,00633290410041809
207,607445	0,0102978646755219
207,707665	0,0128366947174072
207,808337	0,0144315958023071
207,909744	0,0142026543617249
208,010441	0,0126984119415283
208,111643	0,00948682427406311
208,211698	0,0053044855594635
208,312352	0,00166285037994385
208,412519	-0,00239238142967224
208,513192	-0,00496229529380798
208,614008	-0,00654825568199158
208,714279	-0,00634199380874634
208,814468	-0,00476229190826416
208,916239	-0,00145885348320007
209,016491	0,00197529792785645
209,117206	0,00639274716377258
209,217500	0,00980347394943237
209,318431	0,0128772556781769
209,420157	0,0144544839859009
209,520504	0,0142226815223694
209,621016	0,0126450061798096
209,722046	0,00944352149963379
209,822500	0,00603100657463074
209,923689	0,00160065293312073
210,023855	-0,00239095091819763
210,125359	-0,00489914417266846
210,226001	-0,00649753212928772
210,326387	-0,00621184706687927
210,427155	-0,00460347533226013
210,528034	-0,00133684277534485
210,629762	0,00214526057243347
210,729902	0,00652801990509033
210,830600	0,00985109806060791
210,931883	0,0129330456256866
211,032874	0,0144449472427368
211,134672	0,0141368508338928
211,235897	0,0125786960124969
211,336637	0,00931644439697266
211,436833	0,00589102506637573
211,538362	0,00154983997344971
211,640250	-0,00242912769317627
211,741439	-0,00527861714363098
211,842264	-0,0063946545124054
211,943420	-0,00627020001411438
212,043436	-0,00444415211677551
212,143628	-0,00109574198722839
212,244404	0,00234085321426392
212,344725	0,00673553347587585
212,445330	0,010642796754837
212,546120	0,0130212604999542
212,646969	0,0144897699356079
212,747674	0,0143404901027679
212,848322	0,0124838054180145
212,950097	0,00922742486000061
213,050861	0,00577759742736816
213,152799	0,00134700536727905
213,254580	-0,00256806612014771
213,355532	-0,00542169809341431
213,456076	-0,00654107332229614
213,556953	-0,00634101033210754
213,657779	-0,00401511788368225
213,757867	-0,00113770365715027
213,858231	0,00235840678215027
213,958884	0,00672364234924316
214,060522	0,0106265842914581
214,161927	0,013050377368927
214,263499	0,0144592523574829
214,364435	0,0141020119190216
214,464719	0,012468546628952
214,565433	0,00916317105293274
214,667339	0,00499752163887024
214,768142	0,00137314200401306
214,868430	-0,00196954607963562
214,969684	-0,00532212853431702
215,069694	-0,00637117028236389
215,170522	-0,0061764121055603
215,271759	-0,00376501679420471
215,372501	-0,000856667757034302
215,473106	0,00261422991752625
215,573925	0,00772640109062195
215,673963	0,0109034478664398
215,775197	0,0132430493831635
215,875769	0,014660507440567
215,976082	0,0142279267311096
216,076367	0,0125190913677216
216,176424	0,00924310088157654
216,276585	0,00577855110168457
216,378352	0,00139689445495605
216,478519	-0,00188082456588745
216,580251	-0,00523936748504639
216,680990	-0,00627115368843079
216,781223	-0,00596919655799866
216,881859	-0,00404715538024902
216,982307	-0,000654309988021851
217,083967	0,00286194682121277
217,184719	0,00715962052345276
217,286178	0,0110125839710236
217,387024	0,0133455991744995
217,488509	0,0146156847476959
217,589123	0,0141554474830627
217,689909	0,0124294459819794
217,790055	0,00965204834938049
217,890804	0,00484851002693176
217,991948	0,00119978189468384
218,092892	-0,00214037299156189
218,193384	-0,00504317879676819
218,294618	-0,00640133023262024
218,395160	-0,00614577531814575
218,496458	-0,00413134694099426
218,596639	-0,000747144222259521
218,697946	0,00270441174507141
218,797991	0,00708267092704773
218,898668	0,0108543634414673
218,999686	0,0131376385688782
219,100449	0,0144702196121216
219,201858	0,0138802528381348
219,302495	0,0121404826641083
219,403308	0,00945731997489929
219,504485	0,00456100702285767
219,606412	0,000981688499450684
219,707081	-0,0022214949131012
219,808888	-0,00551405549049377
219,910173	-0,00640755891799927
220,011014	-0,00604766607284546
220,111828	-0,00357809662818909
220,212075	-0,000544816255569458
220,313404	0,00294739007949829
220,414826	0,0072498619556427
220,516388	0,0111007392406464
220,616603	0,0133260190486908
220,716629	0,0145226716995239
220,817882	0,0140271484851837
220,918392	0,0121948421001434
221,018637	0,00942972302436829
221,118940	0,00464120507240295
221,219143	0,000985026359558105
221,319937	-0,00224298238754272
221,420567	-0,00537478923797607
221,520698	-0,00631853938102722
221,622627	-0,00592276453971863
221,723034	-0,00333240628242493
221,823687	-0,000408679246902466
221,923937	0,00312578678131104
222,024232	0,00745412707328796
222,124935	0,0111531913280487
222,225225	0,0134061574935913
222,326045	0,0145097970962524
222,427767	0,0139093399047852
222,528058	0,0121252238750458
222,628576	0,00935545563697815
222,728963	0,00519058108329773
222,829737	0,000926107168197632
222,930578	-0,00230836868286133
223,030803	-0,00513553619384766
223,132386	-0,00626063346862793
223,233265	-0,00587537884712219
223,333731	-0,00376549363136292
223,434422	-0,000228822231292725
223,536051	0,00323590636253357
223,637830	0,00752541422843933
223,738985	0,0112818777561188
223,839332	0,0134052038192749
223,939843	0,0144788026809692
224,041742	0,0139040946960449
224,142643	0,0120088756084442
224,243741	0,00922790169715881
224,345658	0,00436791777610779
224,446548	0,000746458768844604
224,547443	-0,00240907073020935
224,648035	-0,00548964738845825
224,748050	-0,00632381439208984
224,849601	-0,00581124424934387
224,951074	-0,0036914050579071
225,052727	-0,000197410583496094
225,153404	0,00334930419921875
225,254814	0,00759810209274292
225,354959	0,0112713873386383
225,455700	0,0134438276290894
225,557468	0,0144354104995728
225,658070	0,0137591063976288
225,758286	0,0118958950042725
225,859814	0,00902038812637329
225,960005	0,00417670607566833
226,060176	0,000620037317276001
226,161522	-0,00257998704910278
226,262283	-0,00526615977287292
226,362302	-0,00630131363868713
226,464292	-0,00581219792366028
226,564538	-0,00360438227653503
226,664912	-5,85019588470459E-5
226,765203	0,00339579582214355
226,865577	0,00701949000358582
226,966137	0,0113166868686676
227,066204	0,0134037733078003
227,166790	0,0144067704677582
227,267100	0,0136417746543884
227,367842	0,0116751492023468
227,469314	0,00882339477539063
227,569789	0,00466394424438477
227,669790	0,00036284327507019
227,770000	-0,002717524766922
227,870447	-0,00540736317634583
227,971599	-0,00643959641456604
228,072333	-0,00587967038154602
228,173040	-0,0041370689868927
228,273245	-8,13603401184082E-5
228,374821	0,00347501039505005
228,475208	0,00701665878295898
228,575313	0,0113266706466675
228,675541	0,0133856534957886
228,776509	0,0142761170864105
228,877822	0,0137800872325897
228,977989	0,0115688443183899
229,078992	0,00867688655853271
229,179122	0,00451168417930603
229,280136	0,000204026699066162
229,381761	-0,00296065211296082
229,482436	-0,00556334853172302
229,583416	-0,00654631853103638
229,684512	-0,00594285130500793
229,785701	-0,00412893295288086
229,885805	-4,99486923217773E-5
229,987707	0,00346744060516357
230,088083	0,00704562664031982
230,189995	0,0113409757614136
230,290078	0,0134094953536987
230,390399	0,014382928609848
230,490852	0,0138082206249237
230,591707	0,0115616917610168
230,692308	0,00866734981536865
230,793245	0,00446042418479919
230,893977	0,000218302011489868
230,995436	-0,00280874967575073
231,096203	-0,00508767366409302
231,196308	-0,00634819269180298
231,297255	-0,00577104091644287
231,397713	-0,00402083992958069
231,498181	-0,000569581985473633
231,599058	0,00362876057624817
231,699491	0,00721472501754761
231,799662	0,0109792053699493
231,901040	0,0134638547897339
232,002702	0,0142847001552582
232,103568	0,0136794447898865
232,204796	0,0114105641841888
232,305540	0,00855082273483276
232,406072	0,00437551736831665
232,506091	0,000103205442428589
232,606669	-0,00295159220695496
232,706817	-0,00520780682563782
232,808419	-0,00642144680023193
232,909956	-0,00579833984375
233,010427	-0,00398403406143188
233,111401	0,000108927488327026
233,211622	0,0036202073097229
233,312191	0,00714823603630066
233,413033	0,010834813117981
233,513669	0,013353705406189
233,613979	0,0142126679420471
233,714662	0,0135764181613922
233,814707	0,0113271474838257
233,916388	0,00844857096672058
234,017237	0,00433042645454407
234,117277	0,000809669494628906
234,218821	-0,00287753343582153
234,319131	-0,00507569313049316
234,419162	-0,00618740916252136
234,519958	-0,00553557276725769
234,621412	-0,00364980101585388
234,722911	-0,000174134969711304
234,823848	0,00396701693534851
234,924655	0,00745221972465515
235,025677	0,0110750198364258
235,125973	0,0135020315647125
235,226838	0,0143185555934906
235,328709	0,0136584639549255
235,429695	0,0113652944564819
235,531518	0,00846806168556213
235,631922	0,0049794614315033
235,732264	0,00010034441947937
235,833100	-0,00292101502418518
235,934368	-0,00506711006164551
236,034554	-0,00614577531814575
236,135170	-0,0054188072681427
236,236435	-0,00355085730552673
236,337375	-0,000105112791061401
236,438991	0,00402301549911499
236,539248	0,0074978768825531
236,639815	0,0111264884471893
236,740365	0,0135211050510406
236,841701	0,0142885148525238
236,942343	0,0135926306247711
237,043605	0,0112208724021912
237,145595	0,00829020142555237
237,247238	0,00487840175628662
237,347512	3,13818454742432E-5
237,447891	-0,00291812419891357
237,548422	-0,00502163171768188
237,648471	-0,00608453154563904
237,748813	-0,00530540943145752
237,848876	-0,00336632132530212
237,949067	0,000106066465377808
238,050090	0,00426828861236572
238,150126	0,00775587558746338
238,251073	0,0113138258457184
238,351369	0,013633668422699
238,451447	0,0143299996852875
238,552004	0,013792484998703
238,652049	0,0116665661334991
238,752086	0,00819605588912964
238,852805	0,00472941994667053
238,953791	0,00054207444190979
239,055055	-0,00308534502983093
239,155105	-0,00518384575843811
239,255401	-0,00616970658302307
239,355474	-0,00563225150108337
239,455737	-0,00344422459602356
239,556528	8,41915607452393E-5
239,658487	0,00351962447166443
239,760291	0,00769028067588806
239,860543	0,0112628042697906
239,961024	0,0132559239864349
240,061037	0,0142160058021545
240,161451	0,0136741995811462
240,262091	0,0115106701850891
240,363103	0,00870352983474731
240,464411	0,00463739037513733
240,564705	0,000415623188018799
240,666185	-0,00261199474334717
240,767016	-0,00515034794807434
240,867734	-0,00612854957580566
240,968164	-0,00551357865333557
241,069807	-0,00326311588287354
241,169911	0,000248253345489502
241,270337	0,00371366739273071
241,371980	0,00786423683166504
241,472901	0,0108329057693481
241,572979	0,01335608959198
241,673713	0,0142102837562561
241,774566	0,0135888159275055
241,875627	0,0113905370235443
241,975780	0,00852036476135254
242,076182	0,00442105531692505
242,177122	0,000282943248748779
242,278482	-0,00274094939231873
242,380475	-0,00524318218231201
242,481222	-0,0060955286026001
242,582548	-0,00546380877494812
242,683128	-0,00313839316368103
242,783667	0,000432729721069336
242,884109	0,00388780236244202
242,985420	0,00804820656776428
243,086229	0,0110278427600861
243,186972	0,0134495496749878
243,287751	0,0142808854579926
243,388603	0,01363605260849
243,489216	0,0113362073898315
243,590697	0,00781813263893127
243,691086	0,00435939431190491
243,792035	0,000176906585693359
243,892764	-0,00281018018722534
243,992945	-0,0052628219127655
244,093379	-0,0060979425907135
244,194323	-0,00538867712020874
244,294492	-0,00302276015281677
244,395056	-0,000110357999801636
244,496387	0,00405052304267883
244,597056	0,00818082690238953
244,697778	0,0111064612865448
244,798708	0,0135082304477692
244,900156	0,0142512917518616
245,000354	0,0135311186313629
245,100569	0,01119464635849
245,201406	0,00825169682502747
245,302257	0,00407376885414124
245,403071	-8,56220722198486E-5
245,503580	-0,00308963656425476
245,604333	-0,00551167130470276
245,704964	-0,00622999668121338
245,804974	-0,00547289848327637
245,905864	-0,00300651788711548
246,006875	2,90274620056152E-5
246,106930	0,00424551963806152
246,207516	0,00781908631324768
246,308297	0,0115178227424622
246,408626	0,0138969421386719
246,510605	0,0146643221378326
246,612542	0,0139312744140625
246,713403	0,0115078091621399
246,814503	0,00852891802787781
246,916045	0,00428488850593567
247,016303	2,33054161071777E-5
247,118004	-0,00299456715583801
247,218312	-0,0054982602596283
247,319586	-0,00627738237380981
247,420426	-0,00546956062316895
247,520908	-0,00303280353546143
247,620970	1,09374523162842E-5
247,721968	0,00429627299308777
247,823244	0,00853225588798523
247,923454	0,0115349888801575
248,025435	0,0139646530151367
248,125903	0,0147024691104889
248,226509	0,0139594078063965
248,326955	0,011559784412384
248,427228	0,00855225324630737
248,529195	0,00433850288391113
248,630600	8,27610492706299E-5
248,732517	-0,00294250249862671
248,833989	-0,00538149476051331
248,935509	-0,00612807273864746
249,036215	-0,00538435578346252
249,138118	-0,00289377570152283
249,238563	0,000129848718643188
249,340041	0,00505301356315613
249,441573	0,00858315825462341
249,542469	0,0115564465522766
249,643352	0,0141692757606506
249,744588	0,0146805346012115
249,844761	0,0139131546020508
249,944985	0,011493980884552
250,045513	0,00786709785461426
250,146309	0,00430387258529663
250,246927	0,000755965709686279
250,348581	-0,00337302684783936
250,448733	-0,00532835721969604
250,550069	-0,00605770945549011
250,650455	-0,00493022799491882
250,750489	-0,00279822945594788
250,851913	0,000228285789489746
250,953374	0,00445902347564697
251,055207	0,00863167643547058
251,155276	0,0115926861763
251,256546	0,013916015625
251,356626	0,0145741701126099
251,456925	0,0138067901134491
251,558752	0,011351466178894
251,659397	0,0076831579208374
251,760217	0,00415867567062378
251,860943	0,000623852014541626
251,961001	-0,00352504849433899
252,062470	-0,00538292527198792
252,163280	-0,00608500838279724
252,263931	-0,0049264132976532
252,364408	-0,00269269943237305
252,465276	0,0003509521484375
252,566098	0,00457760691642761
252,666141	0,00875204801559448
252,766449	0,0116546452045441
252,867577	0,0139517784118652
252,967862	0,0146090090274811
253,069295	0,0137676894664764
253,169552	0,0117952823638916
253,269632	0,00759288668632507
253,369694	0,0040244460105896
253,470384	0,000510215759277344
253,572276	-0,00309634208679199
253,672385	-0,0054609477519989
253,772528	-0,00608310103416443
253,872914	-0,00518912076950073
253,974073	-0,00264063477516174
254,074737	0,000447005033493042
254,174928	0,00467154383659363
254,277047	0,00883719325065613
254,377303	0,0117714405059814
254,477934	0,0140390694141388
254,578991	0,0146595537662506
254,680391	0,013792484998703
254,781309	0,0117819309234619
254,882000	0,0075715184211731
254,983571	0,00403487682342529
255,084988	0,000495940446853638
255,186154	-0,00353890657424927
255,287020	-0,00534895062446594
255,387546	-0,00598737597465515
255,487753	-0,00502115488052368
255,588745	-0,00243866443634033
255,689672	0,000649511814117432
255,789798	0,00494292378425598
255,890468	0,00906988978385925
255,991224	0,0119349956512451
256,091567	0,0142088532447815
256,192192	0,014721542596817
256,292456	0,0138306319713593
256,393004	0,0118215084075928
256,494116	0,00820460915565491
256,594756	0,00397226214408875
256,695767	0,000462204217910767
256,795909	-0,00315174460411072
256,896121	-0,00541642308235168
256,996826	-0,00601464509963989
257,097128	-0,00508430600166321
257,197890	-0,00298932194709778
257,298810	0,000616222620010376
