0,100241	-0,00408637523651123
0,201191	-0,00575733184814453
0,301852	-0,00727546215057373
0,402248	-0,00809669494628906
0,502772	-0,00847494602203369
0,603391	-0,00803911685943604
0,703558	-0,00684356689453125
0,803690	-0,00522047281265259
0,904816	-0,00353419780731201
1,004983	-0,00165098905563354
1,105262	-0,000225722789764404
1,206050	0,000639617443084717
1,306214	0,000889897346496582
1,406532	0,000272393226623535
1,506950	-0,000653386116027832
1,607045	-0,00205332040786743
1,707083	-0,0043405294418335
1,807501	-0,00581628084182739
1,907635	-0,00717329978942871
2,008018	-0,00819635391235352
2,108795	-0,00832200050354004
2,209726	-0,00796717405319214
2,310129	-0,00701898336410522
2,410251	-0,00495755672454834
2,512113	-0,00346100330352783
2,612676	-0,00187700986862183
2,712763	-9,16123390197754E-5
2,814660	0,000570952892303467
2,915148	0,000846028327941895
3,015870	0,000208914279937744
3,116014	-0,000914037227630615
3,216348	-0,00227653980255127
3,317158	-0,00422751903533936
3,417914	-0,00619137287139893
3,519575	-0,00738376379013062
3,619942	-0,00827258825302124
3,720355	-0,00865477323532104
3,821863	-0,00810575485229492
3,922368	-0,00718146562576294
4,024149	-0,00519895553588867
4,124764	-0,00350260734558105
4,224996	-0,00198400020599365
4,325678	-0,000171780586242676
4,427033	0,000618159770965576
4,527940	0,000757873058319092
4,629122	0,000321030616760254
4,730426	-0,000796616077423096
4,831131	-0,00227177143096924
4,931131	-0,00413042306900024
5,032093	-0,00600022077560425
5,132245	-0,00737416744232178
5,232656	-0,00815224647521973
5,333261	-0,00849026441574097
5,434299	-0,00808274745941162
5,535056	-0,00707793235778809
5,635149	-0,0051807165145874
5,736077	-0,00366288423538208
5,837158	-0,00203949213027954
5,937200	-0,000555515289306641
6,038050	0,000360608100891113
6,138520	0,000695407390594482
6,239438	0,000177919864654541
6,339510	-0,000952720642089844
6,440435	-0,00221920013427734
6,541871	-0,00381886959075928
6,643142	-0,00589770078659058
6,743563	-0,00708514451980591
6,845125	-0,00803095102310181
6,945601	-0,00834596157073975
7,046082	-0,00794947147369385
7,147060	-0,00720691680908203
7,248053	-0,00535023212432861
7,349026	-0,00387722253799438
7,450040	-0,00251936912536621
7,550873	-0,000920236110687256
7,652538	-1,72257423400879E-5
7,753730	0,000205099582672119
7,855277	8,24928283691406E-5
7,955530	-0,00104010105133057
8,056273	-0,00226080417633057
8,156493	-0,00355720520019531
8,256609	-0,00558829307556152
8,356814	-0,00676310062408447
8,457543	-0,00747579336166382
8,558019	-0,00797677040100098
8,659421	-0,00762778520584106
8,759527	-0,00679951906204224
8,860448	-0,00554990768432617
8,960787	-0,00383079051971436
9,062309	-0,0024256706237793
9,162853	-0,00132524967193604
9,263934	-0,000159859657287598
9,364264	0,000134050846099854
9,464582	-0,000174164772033691
9,566166	-0,0011146068572998
9,666616	-0,00229090452194214
9,767823	-0,00372940301895142
9,868244	-0,00550258159637451
9,969835	-0,00669306516647339
10,070103	-0,00752806663513184
10,170578	-0,00777781009674072
10,271513	-0,0074959397315979
10,371628	-0,00674676895141602
10,473088	-0,00526022911071777
10,574242	-0,00365668535232544
10,674756	-0,00227367877960205
10,775294	-0,000954627990722656
10,875496	8,15391540527344E-5
10,975796	0,000387787818908691
11,075927	0,000261902809143066
11,176879	-0,000911176204681396
11,277457	-0,00200223922729492
11,377710	-0,00330460071563721
11,478096	-0,00504618883132935
11,579915	-0,00639307498931885
11,680220	-0,00718915462493896
11,781054	-0,00764071941375732
11,882187	-0,00724905729293823
11,982499	-0,00645923614501953
12,084028	-0,00540482997894287
12,184805	-0,00339645147323608
12,285282	-0,00204998254776001
12,385982	-0,000934123992919922
12,486957	0,000186502933502197
12,587696	0,000489413738250732
12,688636	0,000234723091125488
12,789393	-0,000521600246429443
12,890812	-0,00195348262786865
12,991564	-0,00330507755279541
13,093219	-0,00487136840820313
13,194515	-0,00637638568878174
13,294650	-0,00717568397521973
13,395093	-0,0074724555015564
13,495996	-0,00725722312927246
13,596533	-0,00642907619476318
13,696830	-0,0052415132522583
13,797368	-0,00342273712158203
13,897832	-0,00194245576858521
13,997907	-0,000737369060516357
14,099890	0,000218451023101807
14,200743	0,000687777996063232
14,301537	0,000473678112030029
14,401616	-0,000426173210144043
14,502798	-0,00169402360916138
14,603640	-0,003074049949646
14,704591	-0,00453579425811768
14,806060	-0,00611615180969238
14,907616	-0,0070146918296814
15,008112	-0,00740242004394531
15,108725	-0,00702953338623047
15,209552	-0,00632989406585693
15,310168	-0,00520038604736328
15,411053	-0,00324857234954834
15,511164	-0,00192385911941528
15,611690	-0,00070112943649292
15,712492	0,000386357307434082
15,814458	0,000685393810272217
15,914669	0,000504672527313232
16,015571	-0,000303983688354492
16,116976	-0,0017814040184021
16,218944	-0,00308072566986084
16,320442	-0,00477898120880127
16,420991	-0,00626516342163086
16,522614	-0,0070343017578125
16,624121	-0,00750362873077393
16,724958	-0,00725340843200684
16,825042	-0,00644868612289429
16,926719	-0,00508254766464233
17,028452	-0,00342893600463867
17,130179	-0,00191330909729004
17,230623	-0,000545501708984375
17,331123	0,000275254249572754
17,432507	0,000768840312957764
17,533175	0,000392556190490723
17,634069	-0,000299215316772461
17,734770	-0,00161707401275635
17,835275	-0,0030367374420166
17,936491	-0,0047028660774231
18,037244	-0,00611615180969238
18,137575	-0,00704109668731689
18,237656	-0,00741589069366455
18,338574	-0,0071258544921875
18,439180	-0,00646257400512695
18,539755	-0,00499927997589111
18,640774	-0,00366336107254028
18,741023	-0,00207149982452393
18,842719	-0,00079035758972168
18,943564	0,000202715396881104
19,043575	0,000575244426727295
19,143597	0,000440239906311035
19,245127	-0,000433802604675293
19,345700	-0,00183403491973877
19,445725	-0,00313574075698853
19,546659	-0,00487858057022095
19,647602	-0,00629538297653198
19,747640	-0,00704443454742432
19,849548	-0,00756067037582397
19,950000	-0,00731521844863892
20,051588	-0,00641804933547974
20,152572	-0,0053713321685791
20,253742	-0,00369393825531006
20,353852	-0,00200271606445313
20,455663	-0,000631392002105713
20,556161	0,000233292579650879
20,656685	0,000657737255096436
20,758431	0,000394463539123535
20,858773	-0,000339269638061523
20,958791	-0,0017317533493042
21,059754	-0,00316780805587769
21,160078	-0,00474929809570313
21,260726	-0,00626564025878906
21,362055	-0,00713211297988892
21,462676	-0,00746238231658936
21,563674	-0,00736653804779053
21,663675	-0,00655651092529297
21,763767	-0,00540339946746826
21,863989	-0,0038830041885376
21,964563	-0,00220006704330444
22,065548	-0,000935554504394531
22,166335	-5,7220458984375E-6
22,266809	0,000481784343719482
22,367866	0,000318169593811035
22,468483	-0,000577449798583984
22,570020	-0,00183165073394775
22,670367	-0,00319552421569824
22,772196	-0,00464832782745361
22,872940	-0,00608503818511963
22,974712	-0,00716567039489746
23,075264	-0,00759994983673096
23,175663	-0,00738662481307983
23,276626	-0,00660347938537598
23,378081	-0,00526070594787598
23,479071	-0,00382077693939209
23,579698	-0,00223875045776367
23,679994	-0,000994265079498291
23,780449	0,000100195407867432
23,881844	0,000471770763397217
23,983365	0,000333428382873535
24,084837	-0,000446677207946777
24,185606	-0,00155305862426758
24,287545	-0,00313860177993774
24,388835	-0,00477039813995361
24,489835	-0,00604140758514404
24,591244	-0,00706261396408081
24,691885	-0,00750982761383057
24,793835	-0,00739288330078125
24,893912	-0,00652772188186646
24,994743	-0,00521326065063477
25,094918	-0,00387722253799438
25,196569	-0,00218623876571655
25,297875	-0,000793278217315674
25,398782	6,19888305664063E-6
25,498988	0,000465095043182373
25,599451	0,000184595584869385
25,700460	-0,000531673431396484
25,801336	-0,00155496597290039
25,901980	-0,00317305326461792
26,002079	-0,00481438636779785
26,102494	-0,00598108768463135
26,203085	-0,00706982612609863
26,304548	-0,00748729705810547
26,406494	-0,00730323791503906
26,508145	-0,00653493404388428
26,608266	-0,00519365072250366
26,708286	-0,00382792949676514
26,809926	-0,00224018096923828
26,911009	-0,000811398029327393
27,011338	2,6702880859375E-5
27,111892	0,000365853309631348
27,213195	0,000206053256988525
27,314664	-0,00051349401473999
27,414814	-0,00158840417861938
27,516787	-0,00337398052215576
27,617817	-0,00473976135253906
27,718665	-0,00599926710128784
27,819450	-0,00711488723754883
27,921488	-0,00744891166687012
28,021691	-0,00729608535766602
28,122013	-0,00643289089202881
28,222802	-0,00514477491378784
28,323216	-0,00385570526123047
28,423924	-0,00245386362075806
28,524077	-0,000834345817565918
28,624723	-8,58306884765625E-6
28,725283	0,000454127788543701
28,826311	0,000175535678863525
28,927056	-0,00049203634262085
29,027925	-0,00154256820678711
29,128817	-0,00344520807266235
29,229601	-0,00478953123092651
29,329736	-0,00593316555023193
29,431349	-0,00703674554824829
29,531420	-0,00738948583602905
29,631734	-0,00723177194595337
29,732407	-0,00666671991348267
29,832521	-0,00508350133895874
29,933216	-0,00375282764434814
30,033270	-0,00240463018417358
30,133910	-0,00086820125579834
30,233966	0,0001412034034729
30,335198	0,000508487224578857
30,436483	0,000438332557678223
30,537692	-0,000414252281188965
30,638533	-0,00147330760955811
30,740210	-0,00296211242675781
30,841255	-0,00468564033508301
30,942746	-0,00588476657867432
31,042907	-0,00688862800598145
31,144618	-0,00739288330078125
31,245020	-0,0071948766708374
31,346379	-0,00651144981384277
31,446635	-0,00505715608596802
31,548175	-0,00366437435150146
31,649094	-0,00224930047988892
31,750516	-0,000627100467681885
31,852067	0,00023806095123291
31,953077	0,00062483549118042
32,054033	0,000301480293273926
32,154584	-0,000360310077667236
32,256319	-0,00149190425872803
32,356459	-0,00317639112472534
32,456603	-0,0048058032989502
32,557221	-0,00608599185943604
32,658565	-0,00704824924468994
32,758636	-0,00753813982009888
32,858850	-0,00736171007156372
32,959762	-0,00667250156402588
33,061117	-0,00500452518463135
33,161586	-0,00366389751434326
33,262668	-0,00221967697143555
33,363035	-0,000443816184997559
33,463634	0,000339627265930176
33,564128	0,000755012035369873
33,664411	0,000559508800506592
33,765689	-0,000395119190216064
33,866126	-0,00152492523193359
33,967869	-0,00322616100311279
34,068596	-0,00497192144393921
34,168834	-0,00615167617797852
34,270304	-0,00705784559249878
34,370898	-0,00759422779083252
34,471508	-0,00730466842651367
34,573437	-0,00661784410476685
34,674707	-0,0050346851348877
34,775502	-0,00358724594116211
34,876826	-0,00218623876571655
34,978130	-0,000737369060516357
35,078464	0,000272870063781738
35,180350	0,000541865825653076
35,280530	0,000281453132629395
35,382149	-0,000597536563873291
35,482758	-0,00177949666976929
35,582795	-0,00342226028442383
35,684524	-0,00503182411193848
35,785443	-0,00628626346588135
35,886587	-0,00727498531341553
35,986881	-0,00760185718536377
36,088187	-0,00742834806442261
36,188953	-0,00649183988571167
36,289101	-0,00508636236190796
36,390534	-0,00374853610992432
36,490890	-0,00233632326126099
36,592724	-0,000891149044036865
36,693446	2,76565551757813E-5
36,793785	0,000418305397033691
36,895079	0,000227987766265869
36,995939	-0,000678181648254395
37,096621	-0,00169205665588379
37,197147	-0,00331175327301025
37,297315	-0,00496470928192139
37,397589	-0,00613003969192505
37,498903	-0,00718051195144653
37,599791	-0,00755774974822998
37,700365	-0,00730705261230469
37,801304	-0,00661832094192505
37,901910	-0,00534212589263916
38,002677	-0,00369679927825928
38,102993	-0,00238794088363647
38,203695	-0,000973224639892578
38,304015	2,95639038085938E-5
38,405757	0,000331521034240723
38,507420	0,000145971775054932
38,608518	-0,000688672065734863
38,708956	-0,00181823968887329
38,809045	-0,00342321395874023
38,909645	-0,005057692527771
39,010469	-0,00632989406585693
39,111882	-0,00733059644699097
39,212357	-0,00769871473312378
39,312684	-0,00756353139877319
39,413343	-0,0068589448928833
39,514896	-0,00556766986846924
39,616323	-0,00402700901031494
39,716392	-0,00262933969497681
39,817177	-0,0011829137802124
39,917612	-0,000209987163543701
40,017739	0,000195562839508057
40,117977	0
40,218870	-0,000834345817565918
40,318919	-0,00186169147491455
40,419556	-0,00318354368209839
40,520843	-0,00509977340698242
40,622008	-0,00625461339950562
40,722700	-0,00719153881072998
40,822842	-0,00768864154815674
40,924384	-0,00746810436248779
41,025082	-0,0068364143371582
41,126407	-0,00555473566055298
41,226623	-0,00394707918167114
41,326747	-0,00261402130126953
41,427503	-0,00116044282913208
41,529148	-0,000151753425598145
41,629387	0,000163614749908447
41,730045	3,00407409667969E-5
41,830330	-0,000777482986450195
41,932189	-0,00190043449401855
42,032782	-0,00316494703292847
42,133852	-0,0048072338104248
42,234673	-0,00630879402160645
42,336233	-0,00716185569763184
42,437906	-0,00768911838531494
42,538257	-0,00756257772445679
42,638846	-0,00687330961227417
42,739373	-0,00563234090805054
42,839379	-0,00406479835510254
42,940007	-0,00263220071792603
43,040194	-0,00125026702880859
43,142111	-0,00022810697555542
43,242219	0,00020986795425415
43,342416	6,62803649902344E-5
43,443243	-0,000641942024230957
43,544072	-0,00184881687164307
43,644207	-0,00319361686706543
43,745497	-0,00480151176452637
43,845928	-0,00623214244842529
43,946793	-0,00718480348587036
44,048570	-0,00765895843505859
44,149467	-0,0074925422668457
44,251150	-0,00691545009613037
44,352336	-0,00559067726135254
44,452975	-0,00403177738189697
44,553524	-0,00269627571105957
44,654474	-0,00117957592010498
44,755626	-0,000318765640258789
44,857216	0,00018078088760376
44,958561	8,34465026855469E-5
45,059544	-0,000561237335205078
45,160509	-0,00182539224624634
45,260510	-0,00333034992218018
45,361231	-0,00475072860717773
45,462539	-0,00623595714569092
45,563274	-0,00722265243530273
45,664897	-0,00770211219787598
45,766609	-0,00755631923675537
45,866916	-0,00676262378692627
45,967412	-0,00576740503311157
46,067423	-0,00417536497116089
46,168843	-0,00280243158340454
46,269235	-0,00143313407897949
46,369611	-0,000526368618011475
46,470726	1,43051147460938E-5
46,570978	-0,000205695629119873
46,671609	-0,00077509880065918
46,772075	-0,00200557708740234
46,873071	-0,00361025333404541
46,973777	-0,0048900842666626
47,075708	-0,00638401508331299
47,176459	-0,0073084831237793
47,277179	-0,00775527954101563
47,378485	-0,00765562057495117
47,478821	-0,00706547498703003
47,579128	-0,00576263666152954
47,679996	-0,00454968214035034
47,780424	-0,00295686721801758
47,880548	-0,00145941972732544
47,982107	-0,000643372535705566
48,082389	-0,00011742115020752
48,182395	-0,000229060649871826
48,282866	-0,00106680393218994
48,383763	-0,00223684310913086
48,485371	-0,00343751907348633
48,586469	-0,0051155686378479
48,686806	-0,00642669200897217
48,788233	-0,0073094367980957
48,889233	-0,00786411762237549
48,990094	-0,00766611099243164
49,091091	-0,00689727067947388
49,191171	-0,00564336776733398
49,291489	-0,00416576862335205
49,391775	-0,00263124704360962
49,492482	-0,00152587890625
49,592547	-0,000417590141296387
49,693248	-9,25660133361816E-5
49,793721	-0,000206172466278076
49,895488	-0,000889718532562256
49,995963	-0,00224596261978149
50,096198	-0,00354039669036865
50,196871	-0,00511747598648071
50,297290	-0,00664710998535156
50,397859	-0,00741493701934814
50,499780	-0,0077965259552002
50,600003	-0,00766950845718384
50,700855	-0,00676065683364868
50,802319	-0,00541728734970093
50,902451	-0,00416100025177002
51,002534	-0,0025184154510498
51,104514	-0,00143605470657349
51,205317	-0,000536441802978516
51,306893	-0,000108301639556885
51,408232	-0,000341653823852539
51,509923	-0,00124788284301758
51,610124	-0,00249403715133667
51,710336	-0,00386333465576172
51,811534	-0,00550639629364014
51,913505	-0,00659632682800293
52,014895	-0,00754004716873169
52,115076	-0,00775671005249023
52,215326	-0,00732147693634033
52,316338	-0,00642240047454834
52,416489	-0,00499641895294189
52,517061	-0,00360113382339478
52,617247	-0,00207388401031494
52,717902	-0,000720202922821045
52,818159	2,6702880859375E-5
52,919873	0,000178873538970947
53,021471	-0,000178933143615723
53,122763	-0,00099712610244751
53,223488	-0,00223493576049805
53,323514	-0,00378584861755371
53,424163	-0,00539481639862061
53,524934	-0,00658911466598511
53,626905	-0,00738859176635742
53,728629	-0,00764024257659912
53,828650	-0,00737464427947998
53,928698	-0,00633037090301514
54,028921	-0,00495177507400513
54,130010	-0,0036461353302002
54,231791	-0,00195395946502686
54,333763	-0,000737369060516357
54,435393	-4,63128089904785E-5
54,536492	0,000303387641906738
54,637318	-0,000229060649871826
54,737623	-0,0010453462600708
54,838434	-0,00211310386657715
54,939040	-0,00409448146820068
55,039832	-0,00536990165710449
55,140073	-0,00640124082565308
55,241367	-0,0074920654296875
55,342243	-0,00757884979248047
55,442800	-0,00723516941070557
55,543653	-0,00642240047454834
55,644864	-0,00492644309997559
55,746619	-0,00357294082641602
55,847827	-0,0021049976348877
55,948919	-0,000721633434295654
56,050605	-6,20484352111816E-5
56,150649	7,10487365722656E-5
56,250939	-0,000251471996307373
56,351181	-0,00116568803787231
56,451738	-0,00238603353500366
56,551949	-0,00412321090698242
56,653373	-0,00551450252532959
56,754191	-0,0066523551940918
56,855493	-0,00749063491821289
56,955601	-0,00776582956314087
57,057214	-0,00743842124938965
57,157387	-0,00638401508331299
57,258864	-0,00509786605834961
57,358942	-0,00369876623153687
57,459072	-0,00229233503341675
57,560144	-0,000888288021087646
57,662097	-0,000123143196105957
57,763350	0,000155985355377197
57,863464	-0,000401794910430908
57,963915	-0,00110030174255371
58,064527	-0,00222301483154297
58,165033	-0,00418204069137573
58,265964	-0,00539284944534302
58,367816	-0,00655460357666016
58,468725	-0,00748395919799805
58,570243	-0,00762921571731567
58,670603	-0,00737661123275757
58,772308	-0,0064731240272522
58,873099	-0,00495517253875732
58,973646	-0,0036848783493042
59,074153	-0,00239986181259155
59,174612	-0,000783681869506836
59,275798	-0,000187993049621582
59,375821	7,96318054199219E-5
59,477252	-0,00027918815612793
59,578721	-0,00118339061737061
59,680677	-0,00229853391647339
59,780944	-0,00384896993637085
59,881727	-0,00552070140838623
59,983312	-0,00658911466598511
60,083858	-0,00743550062179565
60,185333	-0,00776773691177368
60,285853	-0,00739765167236328
60,386254	-0,00645351409912109
60,488216	-0,0051347017288208
60,589633	-0,00372791290283203
60,691602	-0,0021737813949585
60,791794	-0,000936985015869141
60,892771	-0,000184178352355957
60,994149	7,15255737304688E-6
61,095597	-0,00045478343963623
61,196345	-0,00119674205780029
61,296425	-0,00264132022857666
61,398318	-0,00401216745376587
61,498535	-0,00549393892288208
61,598637	-0,0068555474281311
61,698682	-0,00753766298294067
61,798702	-0,00770878791809082
61,899350	-0,00745809078216553
62,001309	-0,00648653507232666
62,102019	-0,005016028881073
62,202707	-0,00374329090118408
62,304284	-0,00212597846984863
62,404418	-0,000789880752563477
62,506115	-0,000191330909729004
62,607944	0,000126898288726807
62,709419	-0,000147461891174316
62,810273	-0,00118005275726318
62,910322	-0,0024639368057251
63,011094	-0,00381261110305786
63,112056	-0,00547045469284058
63,212757	-0,00666916370391846
63,313331	-0,00741732120513916
63,414286	-0,00772076845169067
63,515453	-0,00719970464706421
63,615835	-0,00644963979721069
63,717130	-0,00508254766464233
63,818803	-0,00338494777679443
63,919675	-0,00217330455780029
64,019762	-0,00107306241989136
64,120585	-0,000104963779449463
64,220867	6,05583190917969E-5
64,321943	-0,000193238258361816
64,422499	-0,00103104114532471
64,524448	-0,00248825550079346
64,625290	-0,0037461519241333
64,726641	-0,00525736808776855
64,826693	-0,00661450624465942
64,927581	-0,00723224878311157
65,028686	-0,00747817754745483
65,129366	-0,0071258544921875
65,229511	-0,00622349977493286
65,330240	-0,00509500503540039
65,431775	-0,00330793857574463
65,533737	-0,00192862749099731
65,633893	-0,000860095024108887
65,735681	5,91278076171875E-5
65,835777	0,000283360481262207
65,936260	-8,87513160705566E-5
66,037805	-0,00104200839996338
66,139510	-0,00233197212219238
66,239560	-0,00371932983398438
66,340515	-0,00528848171234131
66,441339	-0,00650572776794434
66,543298	-0,00727689266204834
66,644000	-0,00750166177749634
66,744518	-0,00707221031188965
66,844865	-0,00634902715682983
66,946712	-0,00517207384109497
67,046874	-0,00329887866973877
67,148681	-0,00206148624420166
67,248906	-0,000893533229827881
67,349538	6,91413879394531E-5
67,449620	0,000195086002349854
67,549959	-3,10540199279785E-5
67,650915	-0,000943183898925781
67,751705	-0,00235444307327271
67,852113	-0,00360065698623657
67,952988	-0,00520420074462891
68,053047	-0,00652730464935303
68,153422	-0,00716614723205566
68,253917	-0,00749015808105469
68,355407	-0,00708848237991333
68,457102	-0,00623786449432373
68,558704	-0,00518453121185303
68,660151	-0,00334042310714722
68,762102	-0,00202131271362305
68,862709	-0,000994265079498291
68,964430	1,9073486328125E-5
69,065478	0,000233292579650879
69,165940	-0,000133633613586426
69,267012	-0,00100952386856079
69,367861	-0,00234776735305786
69,468749	-0,00371551513671875
69,568964	-0,00522142648696899
69,670514	-0,00651240348815918
69,770727	-0,00728744268417358
69,872543	-0,00747770071029663
69,973183	-0,00711536407470703
70,073569	-0,00638353824615479
70,173954	-0,00492262840270996
70,275421	-0,00339406728744507
70,376868	-0,00211071968078613
70,477322	-0,000929355621337891
70,577590	-9,59038734436035E-5
70,677748	0,000148355960845947
70,778233	-6,49094581604004E-5
70,878753	-0,00102055072784424
70,979027	-0,00237452983856201
71,079135	-0,00363373756408691
71,179552	-0,00501936674118042
71,280273	-0,00652772188186646
71,381733	-0,00718963146209717
71,483589	-0,0075458288192749
71,584791	-0,00708895921707153
71,685859	-0,00628674030303955
71,787227	-0,00525063276290894
71,888633	-0,00363326072692871
71,989457	-0,00205767154693604
72,089468	-0,00100380182266235
72,189730	-7,4923038482666E-5
72,289766	0,000189363956451416
72,390513	-0,000160813331604004
72,490886	-0,000978052616119385
72,591160	-0,0023730993270874
72,691173	-0,00372314453125
72,792952	-0,00496041774749756
72,894350	-0,00656753778457642
72,994821	-0,00730228424072266
73,095377	-0,00750023126602173
73,196228	-0,00716710090637207
73,296324	-0,00637298822402954
73,396643	-0,00515866279602051
73,497180	-0,00365185737609863
73,597651	-0,00205141305923462
73,697660	-0,000876784324645996
73,798259	-0,00017845630645752
73,899490	0,00029146671295166
74,000774	6,29425048828125E-5
74,102179	-0,000700116157531738
74,202784	-0,0021546483039856
74,303023	-0,00343132019042969
74,403602	-0,00481921434402466
74,504912	-0,00626659393310547
74,605888	-0,00702667236328125
74,706244	-0,0074039101600647
74,808056	-0,0070386528968811
74,909019	-0,00620478391647339
75,010177	-0,00514763593673706
75,112139	-0,00349831581115723
75,213346	-0,00204235315322876
75,313720	-0,000949859619140625
75,414583	3,33786010742188E-5
75,515231	0,000214636325836182
75,617204	-2,19941139221191E-5
75,717568	-0,000841021537780762
75,817785	-0,00227797031402588
75,918302	-0,00356340408325195
76,020194	-0,00508064031600952
76,122058	-0,00628292560577393
76,223234	-0,00712060928344727
76,323622	-0,00739288330078125
76,423796	-0,00720787048339844
76,524509	-0,00623166561126709
76,625654	-0,00490826368331909
76,726267	-0,00365859270095825
76,826875	-0,00199985504150391
76,927847	-0,000937938690185547
77,028301	-8,58902931213379E-5
77,129348	0,000297188758850098
77,230242	-3,10540199279785E-5
77,331645	-0,000944137573242188
77,432181	-0,00218719244003296
77,533645	-0,00356483459472656
77,634537	-0,00512278079986572
77,735474	-0,00617223978042603
77,835754	-0,00718867778778076
77,935956	-0,00743120908737183
78,037271	-0,00712490081787109
78,138780	-0,00634133815765381
78,239270	-0,0049293041229248
78,339972	-0,00361216068267822
78,441255	-0,00217282772064209
78,543279	-0,000800430774688721
78,643750	-0,000118374824523926
78,745106	7,15255737304688E-5
78,846405	-8,82744789123535E-5
78,946436	-0,000988543033599854
79,047515	-0,00212502479553223
79,147906	-0,00356531143188477
79,249874	-0,00518691539764404
79,351646	-0,0063173770904541
79,452448	-0,00712680816650391
79,552801	-0,00748491287231445
79,652871	-0,00719684362411499
79,754529	-0,00620770454406738
79,854955	-0,00495851039886475
79,955583	-0,0036083459854126
80,056150	-0,00198400020599365
80,156212	-0,000799477100372314
80,256536	-5,24520874023438E-6
80,356605	0,000318169593811035
80,457290	-2,29477882385254E-5
80,558679	-0,000785589218139648
80,658999	-0,00190091133117676
80,759050	-0,00352317094802856
80,860140	-0,00499588251113892
80,960789	-0,00614249706268311
81,060909	-0,00707650184631348
81,161497	-0,00728023052215576
81,262599	-0,00708991289138794
81,364107	-0,00621819496154785
81,464638	-0,00505667924880981
81,565087	-0,00358963012695313
81,665993	-0,00198501348495483
81,766857	-0,000834345817565918
81,867280	-9,5367431640625E-6
81,967895	0,000316262245178223
82,067970	6,96182250976563E-5
82,168593	-0,000665783882141113
82,268650	-0,00187414884567261
82,368768	-0,00342178344726563
82,469747	-0,00476944446563721
82,570711	-0,00608164072036743
82,671606	-0,00702810287475586
82,772467	-0,00734972953796387
82,873151	-0,00705498456954956
82,973889	-0,00621676445007324
83,074549	-0,00513041019439697
83,174866	-0,00358247756958008
83,274935	-0,00229567289352417
83,375923	-0,000974178314208984
83,477302	-0,000186562538146973
83,577939	0,000207960605621338
83,678081	-7,25388526916504E-5
83,779831	-0,000778913497924805
83,880559	-0,00205570459365845
83,981626	-0,00363272428512573
84,083262	-0,00493359565734863
84,183768	-0,00628000497817993
84,283986	-0,00724571943283081
84,384000	-0,00752466917037964
84,484761	-0,00725913047790527
84,585776	-0,00662839412689209
84,686944	-0,00529754161834717
84,788338	-0,00376003980636597
84,888654	-0,0025031566619873
84,989472	-0,00106298923492432
85,090313	-0,00031733512878418
85,191348	4,62532043457031E-5
85,291412	-0,000101625919342041
85,392684	-0,000836730003356934
85,493667	-0,00209873914718628
85,595593	-0,00356149673461914
85,695692	-0,00495278835296631
85,796297	-0,00627285242080688
85,898066	-0,00700795650482178
86,000188	-0,00752037763595581
86,101463	-0,00717765092849731
86,201719	-0,00648033618927002
86,302627	-0,00529325008392334
86,403492	-0,00366818904876709
86,504057	-0,00239795446395874
86,604088	-0,00108975172042847
86,704465	-0,000108778476715088
86,805717	0,000134050846099854
86,907494	-0,00011211633682251
87,007746	-0,000912129878997803
87,108177	-0,00202274322509766
87,208354	-0,00351744890213013
87,309734	-0,00503134727478027
87,411421	-0,00614440441131592
87,513460	-0,00690972805023193
87,615307	-0,00730323791503906
87,716039	-0,00704109668731689
87,816182	-0,00634998083114624
87,917938	-0,00481581687927246
88,018580	-0,00352221727371216
88,119447	-0,00224453210830688
88,219496	-0,00087583065032959
88,320422	-6,67572021484375E-6
88,420724	0,000274777412414551
88,520813	9,20295715332031E-5
88,620925	-0,000812351703643799
88,721266	-0,00188511610031128
88,821832	-0,00310039520263672
88,922750	-0,00500214099884033
89,023183	-0,00606298446655273
89,123272	-0,00682967901229858
89,223843	-0,00733202695846558
89,324079	-0,00701755285263062
89,424173	-0,00634759664535522
89,524771	-0,00517302751541138
89,625630	-0,00354230403900146
89,726117	-0,00228846073150635
89,826234	-0,000973701477050781
89,926356	-7,92145729064941E-5
90,026925	0,000258088111877441
90,127589	0,000108301639556885
90,228210	-0,000544071197509766
90,329230	-0,00164240598678589
90,429269	-0,00310897827148438
90,529382	-0,00463008880615234
90,629801	-0,00585848093032837
90,730109	-0,00680911540985107
90,830554	-0,00723081827163696
90,930860	-0,00714409351348877
91,031589	-0,00633418560028076
91,131616	-0,00513660907745361
91,231790	-0,00390499830245972
91,332089	-0,00255239009857178
91,432841	-0,00118768215179443
91,534802	-0,00019228458404541
91,635383	0,000227034091949463
91,737345	6,96182250976563E-5
91,838434	-0,000676274299621582
91,939369	-0,0016639232635498
92,040168	-0,00317686796188354
92,140193	-0,00473880767822266
92,240900	-0,00590825080871582
92,341009	-0,00680047273635864
92,441355	-0,00736987590789795
92,541858	-0,00722604990005493
92,642251	-0,00662124156951904
92,743367	-0,00522094964981079
92,845316	-0,00393658876419067
92,945704	-0,00264084339141846
93,046562	-0,00127410888671875
93,148050	-0,000236690044403076
93,249063	0,000159323215484619
93,349735	2,09808349609375E-5
93,450108	-0,000673413276672363
93,550470	-0,00171881914138794
93,651317	-0,00297552347183228
93,751895	-0,00474405288696289
93,852581	-0,0059695839881897
93,954438	-0,00685650110244751
94,055330	-0,00737082958221436
94,155970	-0,00728356838226318
94,256927	-0,00669115781784058
94,357344	-0,00548624992370605
94,457864	-0,00409740209579468
94,558297	-0,00275033712387085
94,660139	-0,00133764743804932
94,760714	-0,000448107719421387
94,861109	3,62396240234375E-5
94,961678	-9,30428504943848E-5
95,062186	-0,00087583065032959
95,162720	-0,00177472829818726
95,263644	-0,00303006172180176
95,364584	-0,00487518310546875
95,465593	-0,00592690706253052
95,565966	-0,00686943531036377
95,666204	-0,00743311643600464
95,767058	-0,00721597671508789
95,867534	-0,00675493478775024
95,967737	-0,00557726621627808
96,068060	-0,00403225421905518
96,168526	-0,00286555290222168
96,270212	-0,00164002180099487
96,371721	-0,000390827655792236
96,472966	-8,6367130279541E-5
96,574414	-7,8737735748291E-5
96,675358	-0,000819504261016846
96,777306	-0,00187414884567261
96,879261	-0,00322091579437256
96,979534	-0,00481247901916504
97,080762	-0,00597578287124634
97,180859	-0,00687617063522339
97,281745	-0,00735211372375488
97,383208	-0,00724619626998901
97,484818	-0,00661784410476685
97,586650	-0,00554752349853516
97,687382	-0,00405001640319824
97,788235	-0,00248825550079346
97,888637	-0,0014040470123291
97,990056	-0,000397026538848877
98,091413	1,52587890625E-5
98,191636	-0,000136494636535645
98,292978	-0,000818073749542236
98,393042	-0,00179004669189453
98,493278	-0,00328445434570313
98,593877	-0,00453627109527588
98,694182	-0,00592786073684692
98,794367	-0,00694471597671509
98,894760	-0,0073171854019165
98,994797	-0,00718772411346436
99,095023	-0,00663125514984131
99,196188	-0,00545895099639893
99,296934	-0,00396907329559326
99,398443	-0,00270968675613403
99,498627	-0,00128841400146484
99,600175	-0,00028538703918457
99,701637	8,58306884765625E-5
99,803593	3,67164611816406E-5
99,903996	-0,000519216060638428
100,004468	-0,00167632102966309
100,105043	-0,00308263301849365
100,206995	-0,00437641143798828
100,307056	-0,00579231977462769
100,407158	-0,00672709941864014
100,507491	-0,00717329978942871
100,607970	-0,00708895921707153
100,708840	-0,00648128986358643
100,809951	-0,00541245937347412
100,910086	-0,00395810604095459
101,011705	-0,00265324115753174
101,112001	-0,00134623050689697
101,212701	-0,000483453273773193
101,313867	8,29696655273438E-5
101,414920	-9,73343849182129E-5
101,516904	-0,000606119632720947
101,617754	-0,00170117616653442
101,719079	-0,00321656465530396
101,820546	-0,00443005561828613
101,920945	-0,00583350658416748
102,021955	-0,00689435005187988
102,123597	-0,00723373889923096
102,223623	-0,00718677043914795
102,324050	-0,00650238990783691
102,424949	-0,00548005104064941
102,525159	-0,00408780574798584
102,626617	-0,00282680988311768
102,727708	-0,001384437084198
102,828043	-0,000559806823730469
102,929012	1,85966491699219E-5
103,029736	-3,62992286682129E-5
103,130477	-0,0006294846534729
103,230864	-0,0017121434211731
103,331865	-0,00311613082885742
103,432132	-0,00442957878112793
103,533853	-0,00575447082519531
103,635345	-0,00677984952926636
103,735997	-0,00729990005493164
103,836115	-0,0071948766708374
103,936742	-0,00652486085891724
104,038496	-0,00556766986846924
104,139589	-0,00434386730194092
104,239783	-0,00285404920578003
104,339958	-0,00152444839477539
104,441513	-0,000644326210021973
104,542150	-0,000101625919342041
104,643629	-0,000171780586242676
104,743804	-0,00061565637588501
104,844485	-0,0017130970954895
104,946176	-0,00313764810562134
105,046498	-0,004402756690979
105,147742	-0,00583875179290771
105,248179	-0,00685650110244751
105,348472	-0,00721836090087891
105,449026	-0,00722986459732056
105,549304	-0,00667488574981689
105,649463	-0,00557345151901245
105,750139	-0,00450706481933594
105,850168	-0,0030515193939209
105,950512	-0,00173413753509521
106,051006	-0,000955581665039063
106,151788	-0,000437140464782715
106,253361	-0,000567436218261719
106,353488	-0,00119674205780029
106,454817	-0,00228512287139893
106,555414	-0,00371170043945313
106,656170	-0,00497335195541382
106,756373	-0,00620192289352417
106,856924	-0,00700896978378296
106,957186	-0,00744462013244629
107,057279	-0,00723755359649658
107,157932	-0,00653880834579468
107,259037	-0,0053066611289978
107,361476	-0,00401455163955688
107,463074	-0,00249546766281128
107,563455	-0,00112080574035645
107,663979	-0,000284910202026367
107,764151	0,00010305643081665
107,864208	-9,35196876525879E-5
107,964723	-0,000746965408325195
108,065263	-0,00206911563873291
108,165733	-0,00332653522491455
108,265977	-0,00492024421691895
108,367314	-0,0061689019203186
108,467923	-0,0071987509727478
108,568113	-0,0076594352722168
108,669029	-0,00764119625091553
108,769429	-0,0069240927696228
108,869506	-0,00597673654556274
108,969513	-0,00455784797668457
109,069844	-0,00302237272262573
109,171768	-0,00195825099945068
109,271951	-0,00105726718902588
109,372069	-0,000664830207824707
109,472562	-0,000897824764251709
109,572993	-0,00151294469833374
109,674640	-0,00263172388076782
109,776204	-0,00412559509277344
109,876745	-0,00538086891174316
109,976795	-0,00663554668426514
110,077997	-0,00752466917037964
110,178887	-0,00773513317108154
110,279055	-0,00736558437347412
110,379820	-0,00646495819091797
110,480900	-0,00526785850524902
110,581943	-0,00362366437911987
110,682881	-0,00206387042999268
110,782952	-0,00085914134979248
110,883561	-4,15444374084473E-5
110,984142	0,000322937965393066
111,085071	8,67843627929688E-5
111,186642	-0,000672459602355957
111,287369	-0,00206530094146729
111,388016	-0,00365763902664185
111,489846	-0,00507628917694092
111,589992	-0,00657230615615845
111,690240	-0,0074734091758728
111,792202	-0,00782912969589233
111,892232	-0,00755345821380615
111,992855	-0,00656944513320923
112,094514	-0,0054781436920166
112,195111	-0,00383895635604858
112,295120	-0,00220340490341187
112,395570	-0,00114661455154419
112,496330	-0,000246703624725342
112,596550	-1,43647193908691E-5
112,697022	-0,0004844069480896
112,797870	-0,00130277872085571
112,898518	-0,00271874666213989
112,999054	-0,00446593761444092
113,100077	-0,00581580400466919
113,200355	-0,00719732046127319
113,300369	-0,00809812545776367
113,401230	-0,0082165002822876
113,501660	-0,00786173343658447
113,601925	-0,00666481256484985
113,702812	-0,00528889894485474
113,803685	-0,00379401445388794
113,905191	-0,00207626819610596
114,005590	-0,000504910945892334
114,105670	0,000326275825500488
114,206040	0,000719249248504639
114,306357	0,000549018383026123
114,407020	-0,00020521879196167
114,507571	-0,00129175186157227
114,607860	-0,00303816795349121
114,708686	-0,00445348024368286
114,808885	-0,00565963983535767
114,908917	-0,00677120685577393
115,009527	-0,00722318887710571
115,109617	-0,00717377662658691
115,210450	-0,00658529996871948
115,310538	-0,00574922561645508
115,410693	-0,0048067569732666
115,512023	-0,00372076034545898
115,612636	-0,00289469957351685
115,713428	-0,002299964427948
115,814291	-0,00201272964477539
115,914579	-0,00210016965866089
116,015290	-0,00234538316726685
116,115781	-0,00281482934951782
116,217215	-0,00352799892425537
116,318068	-0,00404137372970581
116,418748	-0,00436300039291382
116,519522	-0,00449705123901367
116,619813	-0,00420457124710083
116,720699	-0,00384563207626343
116,820770	-0,00322949886322021
116,921181	-0,00257956981658936
117,021259	-0,00194054841995239
117,122582	-0,00146853923797607
117,223345	-0,00101429224014282
117,324008	-0,000934600830078125
117,424767	-0,00103771686553955
117,524842	-0,00133335590362549
117,625273	-0,0019262433052063
117,725906	-0,00242519378662109
117,826644	-0,00297409296035767
117,926885	-0,00356626510620117
118,028297	-0,00381886959075928
118,128413	-0,00393754243850708
118,229648	-0,00393801927566528
118,330831	-0,00363081693649292
118,432463	-0,00320172309875488
118,533151	-0,00283348560333252
118,633439	-0,00228464603424072
118,734764	-0,00192767381668091
118,835158	-0,00171071290969849
118,936621	-0,00158172845840454
119,036890	-0,00146424770355225
119,137266	-0,000987589359283447
119,238209	-0,000819504261016846
119,338430	-0,00130230188369751
119,439341	-0,00351792573928833
119,539688	-0,00694853067398071
119,639897	-0,0129549503326416
119,740416	-0,0208150744438171
119,840458	-0,0283870697021484
119,941173	-0,0378156900405884
120,041187	-0,0458860993385315
120,141537	-0,0552806258201599
120,242791	-0,0613554120063782
120,343982	-0,0662375688552856
120,444442	-0,067033052444458
120,545268	-0,0644152760505676
120,646381	-0,0582877993583679
120,746544	-0,0494288206100464
120,847639	-0,0414714813232422
120,948386	-0,0330872535705566
121,048629	-0,0267202258110046
121,150096	-0,0237940549850464
121,251805	-0,0241722464561462
121,353205	-0,0270423889160156
121,453220	-0,0335938930511475
121,554502	-0,0425466895103455
121,655153	-0,050402045249939
121,755344	-0,0591922402381897
121,855820	-0,0646207928657532
121,957555	-0,0677093863487244
122,058232	-0,0668571591377258
122,159985	-0,0622898936271667
122,261377	-0,0559689402580261
122,361713	-0,0469259023666382
122,461994	-0,0393457412719727
122,562262	-0,0310913324356079
122,663207	-0,0257876515388489
122,764154	-0,0238355398178101
122,864189	-0,0248396396636963
122,964477	-0,0287312865257263
123,064607	-0,0359646081924438
123,165064	-0,0433002710342407
123,266057	-0,0528598427772522
123,366336	-0,0611531734466553
123,467011	-0,065966010093689
123,567604	-0,0689254403114319
123,667819	-0,0675477981567383
123,768037	-0,0635222196578979
123,869060	-0,0563276410102844
123,970547	-0,0468986630439758
124,071994	-0,0391873121261597
124,172787	-0,0312914252281189
124,273461	-0,026454746723175
124,375437	-0,0240398645401001
124,475980	-0,0250458717346191
124,576212	-0,0293776392936707
124,676885	-0,0368558168411255
124,777642	-0,0461568236351013
124,877860	-0,0539219975471497
124,979022	-0,0623420476913452
125,079966	-0,0672534108161926
125,180470	-0,0696646571159363
125,281060	-0,0683343410491943
125,381676	-0,0640888214111328
125,482391	-0,0563797950744629
125,582670	-0,0487039685249329
125,683908	-0,0392416715621948
125,784055	-0,0322867035865784
125,885610	-0,0264938473701477
125,987329	-0,023995578289032
126,087423	-0,0248119831085205
126,188395	-0,0295592546463013
126,288491	-0,036885678768158
126,388558	-0,0445366501808167
126,490367	-0,0541880130767822
126,591324	-0,0622481107711792
126,692247	-0,0670992136001587
126,793219	-0,0696680545806885
126,893791	-0,0680128335952759
126,995687	-0,0638925433158875
127,095887	-0,0563404560089111
127,196407	-0,0484566688537598
127,297504	-0,0391315221786499
127,398610	-0,0323657393455505
127,498635	-0,0263761281967163
127,599395	-0,0241984724998474
127,700304	-0,0251754522323608
127,801254	-0,0296440720558167
127,902115	-0,037236213684082
128,003142	-0,0447719097137451
128,104692	-0,0541727542877197
128,206417	-0,0623744130134583
128,306418	-0,0671144127845764
128,406842	-0,0694034099578857
128,507263	-0,0683974027633667
128,607886	-0,0635156631469727
128,708488	-0,0557728409767151
128,810367	-0,0481448173522949
128,910551	-0,0386674404144287
129,010668	-0,0319324731826782
129,110736	-0,0262865424156189
129,210756	-0,0239607691764832
129,311797	-0,0250391960144043
129,412760	-0,0298299789428711
129,513682	-0,0372916460037231
129,614458	-0,0449449419975281
129,715710	-0,0545540452003479
129,817698	-0,0612550377845764
129,918528	-0,0672377347946167
130,019425	-0,0695807933807373
130,119969	-0,0683343410491943
130,220627	-0,0636233687400818
130,321665	-0,0558307766914368
130,422752	-0,0479413270950317
130,523223	-0,0387213230133057
130,624135	-0,0308030843734741
130,724878	-0,026328444480896
130,825059	-0,0243618488311768
130,925954	-0,0254331827163696
131,027025	-0,0300644636154175
131,127365	-0,0363956689834595
131,228647	-0,0453474521636963
131,328990	-0,0549015998840332
131,429246	-0,061856210231781
131,529385	-0,0675673484802246
131,629415	-0,0697318315505981
131,730405	-0,068561315536499
131,830417	-0,0634987354278564
131,931075	-0,0571498870849609
132,031760	-0,0479585528373718
132,131880	-0,0384724736213684
132,232758	-0,0317705869674683
132,333083	-0,0261526703834534
132,433819	-0,0238940715789795
132,533942	-0,0252150297164917
132,634063	-0,02900630235672
132,734916	-0,0362671613693237
132,835002	-0,0454726219177246
132,935832	-0,0534842014312744
133,037953	-0,0618500709533691
133,138488	-0,0677552223205566
133,239806	-0,0699265599250793
133,339826	-0,0686613321304321
133,440736	-0,0638172030448914
133,542105	-0,0573794841766357
133,642858	-0,0496110916137695
133,743838	-0,0387629866600037
133,845214	-0,0319653153419495
133,946118	-0,0270657539367676
134,046841	-0,0244080424308777
134,148139	-0,0255199074745178
134,249636	-0,0303323268890381
134,349820	-0,0366895198822021
134,451706	-0,045693576335907
134,552832	-0,0536653995513916
134,653606	-0,0621288418769836
134,755302	-0,0677189230918884
134,855865	-0,0698719024658203
134,956968	-0,0686172842979431
135,058632	-0,0634695887565613
135,158975	-0,0571508407592773
135,259812	-0,0477867126464844
135,361777	-0,0398868322372437
135,463384	-0,0306673049926758
135,564114	-0,0262336730957031
135,664869	-0,0242108702659607
135,765469	-0,0255746841430664
135,865543	-0,0303789973258972
135,966482	-0,0366364717483521
136,066873	-0,045903205871582
136,167660	-0,0552511215209961
136,267899	-0,0620837807655334
136,369867	-0,0678243637084961
136,470786	-0,0698133707046509
136,571481	-0,0684633255004883
136,672817	-0,0634150505065918
136,774121	-0,0554671287536621
136,874336	-0,0476613640785217
136,974393	-0,0399345755577087
137,074442	-0,0317238569259644
137,174854	-0,0263670682907104
137,275283	-0,0245361924171448
137,375310	-0,02574622631073
137,475327	-0,0297637581825256
137,576309	-0,0371106863021851
137,676677	-0,0461978912353516
137,778058	-0,054182767868042
137,878943	-0,0624063014984131
137,978954	-0,0679360032081604
138,079539	-0,0699419379234314
138,180342	-0,0684838891029358
138,281264	-0,0643172264099121
138,381780	-0,0569053888320923
138,482166	-0,0474446415901184
138,583902	-0,0396413207054138
138,684840	-0,0316910147666931
138,784935	-0,0261278748512268
138,885220	-0,0243446826934814
138,985571	-0,0257405042648315
139,085877	-0,0295959711074829
139,186785	-0,0370116829872131
139,288738	-0,0462245941162109
139,389278	-0,0539941787719727
139,491270	-0,0622472167015076
139,591911	-0,0671377182006836
139,692759	-0,0695534348487854
139,792966	-0,0682535171508789
139,893212	-0,0641255378723145
139,993613	-0,0565053820610046
140,093759	-0,048921525478363
140,194125	-0,0395017862319946
140,294456	-0,0314957499504089
140,394857	-0,0269094109535217
140,494905	-0,0244723558425903
140,596248	-0,0258591175079346
140,697180	-0,0299467444419861
140,797505	-0,0372291207313538
140,897911	-0,0463467240333557
140,999648	-0,0542548894882202
141,099977	-0,0621876120567322
141,200767	-0,0670117139816284
141,301816	-0,0694714784622192
141,402203	-0,0683434009552002
141,503795	-0,0636920928955078
141,604801	-0,0560938119888306
141,705053	-0,0483258962631226
141,805548	-0,039074718952179
141,905848	-0,0312199592590332
142,007735	-0,0265352725982666
142,107881	-0,0243685245513916
142,208378	-0,0258719921112061
142,308867	-0,0298738479614258
142,410777	-0,0360822677612305
142,511405	-0,0449672937393188
142,613196	-0,0543842315673828
142,713729	-0,0613000392913818
142,814486	-0,0671629905700684
142,915305	-0,0694987773895264
143,016635	-0,0684891939163208
143,117716	-0,0636916160583496
143,218657	-0,0560382604598999
143,319746	-0,0484418272972107
143,420304	-0,0390255451202393
143,522202	-0,031224250793457
143,622934	-0,0267178416252136
143,723683	-0,0243494510650635
143,823700	-0,0254799127578735
143,924149	-0,0300749540328979
144,025695	-0,0374720096588135
144,126494	-0,0450344085693359
144,228003	-0,0544476509094238
144,328376	-0,0623161792755127
144,428746	-0,0670487880706787
144,528823	-0,0693334937095642
144,629669	-0,0681136250495911
144,730321	-0,0634850859642029
144,830347	-0,055765688419342
144,932328	-0,048113226890564
145,032707	-0,0389795899391174
145,132812	-0,0311108827590942
145,234347	-0,0266754031181335
145,335934	-0,0245881080627441
145,435940	-0,0256795287132263
145,537672	-0,0303465723991394
145,637882	-0,0379387736320496
145,737960	-0,0453645586967468
145,838190	-0,05478435754776
145,939533	-0,0615816116333008
146,039810	-0,0672491192817688
146,140395	-0,0695942044258118
146,241318	-0,0683577060699463
146,341430	-0,0634964108467102
146,441908	-0,055885374546051
146,542839	-0,0481749773025513
146,643711	-0,0389814972877502
146,744069	-0,0324219465255737
146,844245	-0,0268803238868713
146,945512	-0,0247339010238647
147,046273	-0,0259692072868347
147,146682	-0,0306068062782288
147,248426	-0,0367250442504883
147,348608	-0,0457083582878113
147,448796	-0,0549711585044861
147,549679	-0,061701774597168
147,650541	-0,0673519968986511
147,750676	-0,0694815516471863
147,851473	-0,0681709051132202
147,951850	-0,0643304586410522
148,052032	-0,0569971799850464
148,153705	-0,047824501991272
148,254228	-0,040158748626709
148,355128	-0,0320453643798828
148,455556	-0,0266063213348389
148,555768	-0,0246681571006775
148,656474	-0,0257924199104309
148,756621	-0,0305677056312561
148,857361	-0,0367283821105957
148,957491	-0,0440939664840698
149,059102	-0,054959237575531
149,160802	-0,0616844296455383
149,262524	-0,0665302872657776
149,363239	-0,069384753704071
149,464221	-0,0680486559867859
149,564847	-0,0630789399147034
149,665145	-0,0568751096725464
149,766670	-0,0477302074432373
149,866963	-0,0400802493095398
149,968333	-0,0321534276008606
150,068980	-0,0267269015312195
150,169167	-0,0248525142669678
150,270087	-0,0261021256446838
150,370755	-0,0309041142463684
150,472411	-0,0370585918426514
150,572899	-0,046051025390625
150,674012	-0,0552406311035156
150,774902	-0,0618820190429688
150,876852	-0,0673867464065552
150,977675	-0,0692726373672485
151,079001	-0,0679746866226196
151,179519	-0,0629318952560425
151,279714	-0,0566389560699463
151,380425	-0,0475000739097595
151,481476	-0,0398560762405396
151,582143	-0,0319262742996216
151,682260	-0,0265796184539795
151,784181	-0,0248029232025146
151,884899	-0,0261040329933167
151,986216	-0,0310313105583191
152,086619	-0,0372523069381714
152,186833	-0,0462360382080078
152,287774	-0,0540099143981934
152,388065	-0,0620955228805542
152,488206	-0,0668827891349792
152,589783	-0,0694417953491211
152,690927	-0,0680735111236572
152,791657	-0,0640219449996948
152,892399	-0,0566365718841553
152,993474	-0,04747474193573
153,094221	-0,0397648215293884
153,195716	-0,0318962931632996
153,297103	-0,0265181660652161
153,398277	-0,0247176885604858
153,498403	-0,0260602235794067
153,599717	-0,0298748016357422
153,701098	-0,037081778049469
153,801755	-0,0460376739501953
153,901911	-0,0537174940109253
154,002036	-0,0617027282714844
154,102146	-0,0664780139923096
154,203231	-0,068901538848877
154,304044	-0,0674939751625061
154,405053	-0,0635053515434265
154,506605	-0,056054413318634
154,608512	-0,0470396280288696
154,708646	-0,0394479036331177
154,809955	-0,0316352844238281
154,910088	-0,0265067219734192
155,011453	-0,0248310565948486
155,112150	-0,0262464880943298
155,212976	-0,0302208065986633
155,313654	-0,0375099182128906
155,414262	-0,0464307069778442
155,514439	-0,0542095303535461
155,614949	-0,0620852112770081
155,716085	-0,0674381852149963
155,816816	-0,0692184567451477
155,917349	-0,0676274299621582
156,018301	-0,0625251531600952
156,119107	-0,0561578273773193
156,219264	-0,047004759311676
156,320065	-0,0394407510757446
156,420319	-0,0316962599754333
156,520375	-0,0271353125572205
156,621004	-0,0248748660087585
156,721174	-0,0258781909942627
156,821338	-0,0302117466926575
156,922280	-0,037565290927887
157,023006	-0,0464645624160767
157,123009	-0,0541096925735474
157,223788	-0,0620448589324951
157,324439	-0,0666337609291077
157,425462	-0,06895512342453
157,527203	-0,0674343705177307
157,628725	-0,0633365511894226
157,728966	-0,0558825731277466
157,829275	-0,0484528541564941
157,930076	-0,0393741130828857
158,030762	-0,0317043662071228
158,131206	-0,0273569822311401
158,231928	-0,0251073837280273
158,332694	-0,0261969566345215
158,432876	-0,0307640433311462
158,533626	-0,0380362272262573
158,634208	-0,0454621315002441
158,734362	-0,0546923279762268
158,835930	-0,0624538064002991
158,936122	-0,067035436630249
159,036706	-0,0693215131759644
159,137213	-0,067589282989502
159,238189	-0,0635307431221008
159,339950	-0,0560610890388489
159,440786	-0,0484796762466431
159,541062	-0,0395259261131287
159,641535	-0,0329516530036926
159,742135	-0,0274308323860168
159,842994	-0,0253621935844421
159,943334	-0,0264128446578979
160,044169	-0,0309317111968994
160,144795	-0,0383031368255615
160,244947	-0,0456231236457825
160,345773	-0,0532469749450684
160,445977	-0,0625289082527161
160,547632	-0,0669246315956116
160,648383	-0,0691044926643372
160,748456	-0,0679321885108948
160,850202	-0,0631099939346313
160,950283	-0,0570443868637085
161,051798	-0,0480864644050598
161,152450	-0,0390524864196777
161,252472	-0,0325913429260254
161,353784	-0,0271844267845154
161,453992	-0,0250954627990723
161,554690	-0,0262665152549744
161,655456	-0,0299438834190369
161,756229	-0,0382728576660156
161,856880	-0,0457145571708679
161,957273	-0,0533871054649353
162,058996	-0,0614385008811951
162,160736	-0,0670449733734131
162,260948	-0,0690972805023193
162,362893	-0,0679345726966858
162,463232	-0,0631842017173767
162,563321	-0,0570955276489258
162,664919	-0,048089325428009
162,765027	-0,0391892194747925
162,865687	-0,0327455997467041
162,965955	-0,0273116827011108
163,066678	-0,0254164934158325
163,167595	-0,0265524387359619
163,268063	-0,0301902890205383
163,368822	-0,0386537313461304
163,469956	-0,0460000038146973
163,570694	-0,0536156892776489
163,672157	-0,0617107152938843
163,773308	-0,0671420097351074
163,874048	-0,0690972805023193
163,974357	-0,0679904222488403
164,075891	-0,0630333423614502
164,176710	-0,0569413304328918
164,277329	-0,0480356216430664
164,378053	-0,0389848351478577
164,479254	-0,032676100730896
164,579453	-0,0273383855819702
164,681095	-0,0253984332084656
164,781536	-0,0266973376274109
164,882183	-0,0304161906242371
164,983326	-0,037396252155304
165,083985	-0,0462346076965332
165,184320	-0,0538709163665771
165,285029	-0,0617749691009521
165,385778	-0,0672976970672607
165,486589	-0,0691518783569336
165,587240	-0,0678606033325195
165,687479	-0,0630080103874207
165,788048	-0,0568060278892517
165,888919	-0,04786616563797
165,989767	-0,0389484167098999
166,090528	-0,0325804352760315
166,190807	-0,0279232859611511
166,291412	-0,0255541801452637
166,391972	-0,0267864465713501
166,492053	-0,0305262207984924
166,592746	-0,0376978516578674
166,693326	-0,0464330911636353
166,793466	-0,0540744066238403
166,893841	-0,0620424747467041
166,995583	-0,0674319863319397
167,095926	-0,0692859888076782
167,196578	-0,068515419960022
167,298222	-0,0630587935447693
167,398519	-0,0568755865097046
167,500473	-0,0495588183403015
167,600996	-0,0389866828918457
167,702467	-0,0327451229095459
167,803497	-0,0281925797462463
167,904107	-0,0257052183151245
168,005385	-0,0270576477050781
168,105939	-0,0307921171188354
168,206907	-0,0378085970878601
168,307460	-0,0465767383575439
168,408150	-0,0541646480560303
168,508957	-0,0619382858276367
168,610686	-0,0673105716705322
168,711468	-0,0690456032752991
168,812558	-0,0675778388977051
168,913284	-0,0626941919326782
169,014918	-0,0564167499542236
169,115532	-0,0490270256996155
169,216828	-0,0400916337966919
169,318340	-0,0323638319969177
169,418588	-0,0272178053855896
169,518826	-0,02557373046875
169,619250	-0,0269079804420471
169,719426	-0,0307106375694275
169,820019	-0,0379179716110229
169,920693	-0,0465772151947021
170,022004	-0,0541532039642334
170,122469	-0,0619814395904541
170,223473	-0,0671034455299377
170,323719	-0,0688751935958862
170,424427	-0,0679250359535217
170,525455	-0,0633741617202759
170,627003	-0,0561156272888184
170,727146	-0,048723578453064
170,827883	-0,0396791696548462
170,929448	-0,032122015953064
171,029698	-0,0277073383331299
171,131104	-0,0253626704216003
171,232784	-0,0269504189491272
171,333497	-0,030756413936615
171,434488	-0,0378842949867249
171,534629	-0,0467338562011719
171,635300	-0,0542171597480774
171,737295	-0,0619739294052124
171,838121	-0,067249596118927
171,938535	-0,0689120292663574
172,039635	-0,067395806312561
172,140347	-0,0635128617286682
172,240878	-0,0561867952346802
172,341834	-0,0473283529281616
172,442444	-0,0400145053863525
172,542917	-0,0323452949523926
172,643690	-0,0280243158340454
172,744196	-0,0258362293243408
172,844937	-0,0272435545921326
172,946650	-0,0311527848243713
173,047361	-0,0383111834526062
173,149128	-0,046958863735199
173,249252	-0,0544872879981995
173,349997	-0,0622115135192871
173,450085	-0,0666295289993286
173,551032	-0,0690068006515503
173,652625	-0,0674201250076294
173,752919	-0,0633896589279175
173,854403	-0,0562124252319336
173,954588	-0,0487940311431885
174,055224	-0,039900541305542
174,156155	-0,0324195623397827
174,256259	-0,0280429124832153
174,357032	-0,0258329510688782
174,457328	-0,0273746252059937
174,559011	-0,0311813950538635
174,660009	-0,0382742881774902
174,760058	-0,0455169081687927
174,861402	-0,0543866157531738
174,962157	-0,0620574951171875
175,062278	-0,0665179491043091
175,163082	-0,06867516040802
175,264714	-0,0671039819717407
175,366388	-0,0631057024002075
175,466845	-0,0558117628097534
175,568536	-0,0469856262207031
175,669062	-0,0397350192070007
175,769116	-0,032209575176239
175,869773	-0,0274089574813843
175,969960	-0,0259396433830261
176,071529	-0,0274565815925598
176,172151	-0,0314843058586121
176,273011	-0,0386589169502258
176,374709	-0,0458751320838928
176,475770	-0,0548825263977051
176,577207	-0,0625157356262207
176,678003	-0,0669046640396118
176,778540	-0,0691461563110352
176,879340	-0,067502498626709
176,979777	-0,0633915662765503
177,080461	-0,0561754107475281
177,181203	-0,0472537875175476
177,281351	-0,0399303436279297
177,381959	-0,0325433015823364
177,483011	-0,0282140374183655
177,583155	-0,0261635780334473
177,683834	-0,027269721031189
177,784764	-0,0316838622093201
177,885509	-0,0388448238372803
177,985604	-0,0461320281028748
178,087302	-0,0549896955490112
178,187852	-0,0625622272491455
178,289110	-0,0669745802879333
178,389601	-0,0689924955368042
178,490533	-0,0678864121437073
178,590918	-0,0632895231246948
178,691243	-0,0559167265892029
178,792067	-0,04860520362854
178,892745	-0,0398101806640625
178,993403	-0,0323771834373474
179,094243	-0,0282092690467834
179,195497	-0,0262479186058044
179,296817	-0,0273164510726929
179,397176	-0,0319234132766724
179,499136	-0,0390799045562744
179,599403	-0,0462465286254883
179,700736	-0,0552573204040527
179,800807	-0,062726616859436
179,900955	-0,0670554637908936
180,001279	-0,0691514015197754
180,101757	-0,0679140686988831
180,203788	-0,0632091760635376
180,303851	-0,0559152960777283
180,404805	-0,0485084056854248
180,505273	-0,0397113561630249
180,605631	-0,033503532409668
180,706711	-0,0281420946121216
180,807321	-0,0262340903282166
180,907675	-0,0274327397346497
181,007683	-0,0318729877471924
181,109649	-0,0391253232955933
181,210585	-0,0463290214538574
181,311246	-0,0551411509513855
181,411375	-0,0615271925926208
181,511433	-0,0668922662734985
181,612956	-0,0687751173973083
181,713205	-0,0675806999206543
181,813641	-0,0628566741943359
181,913896	-0,0567870736122131
182,015999	-0,0481539368629456
182,116532	-0,039359450340271
182,217676	-0,0330953001976013
182,318109	-0,0280143022537231
182,419497	-0,0261150002479553
182,519586	-0,0273369550704956
182,620884	-0,0320067405700684
182,721993	-0,0378710627555847
182,823185	-0,0464058518409729
182,923347	-0,0553377270698547
183,025262	-0,0626519322395325
183,126206	-0,066900372505188
183,226552	-0,0688459873199463
183,327267	-0,0674410462379456
183,427386	-0,0627078413963318
183,528214	-0,0566787123680115
183,629397	-0,047873854637146
183,730218	-0,0391929745674133
183,830872	-0,0330016016960144
183,931153	-0,0278045535087585
184,031289	-0,0260964035987854
184,132967	-0,0273360013961792
184,233123	-0,031904399394989
184,333194	-0,0379108786582947
184,433482	-0,0464459657669067
184,533755	-0,0552706718444824
184,635043	-0,0616318583488464
184,736024	-0,0668385624885559
184,836897	-0,0686254501342773
184,937798	-0,0673762559890747
185,038058	-0,0625495314598083
185,138239	-0,0565105676651001
185,238881	-0,0478575825691223
185,339781	-0,0405257940292358
185,441030	-0,0329792499542236
185,541083	-0,0279656648635864
185,641651	-0,0262036323547363
185,742297	-0,0274847149848938
185,842705	-0,0322195887565613
185,943090	-0,0381105542182922
186,043659	-0,0451993942260742
186,145108	-0,0541331171989441
186,245845	-0,0617116093635559
186,345880	-0,066229522228241
186,445937	-0,0686637163162231
186,546851	-0,0671972036361694
186,647097	-0,0633934140205383
186,748036	-0,0563252568244934
186,848136	-0,047484278678894
186,948908	-0,0402542948722839
187,050542	-0,0338425636291504
187,151164	-0,0276367664337158
187,251281	-0,0260725617408752
187,351749	-0,026919424533844
187,452478	-0,0320696234703064
187,554401	-0,038125216960907
187,654699	-0,0451542139053345
187,755130	-0,0539870262145996
187,856131	-0,0617163181304932
187,956140	-0,0661190748214722
188,056600	-0,0682941675186157
188,157171	-0,0671034455299377
188,257506	-0,0631560087203979
188,358620	-0,0574342608451843
188,459666	-0,0474733114242554
188,560216	-0,0401710271835327
188,661146	-0,0339157581329346
188,763075	-0,0279642343521118
188,863671	-0,026328444480896
188,963893	-0,0273603200912476
189,064064	-0,0316567420959473
189,165655	-0,0385666489601135
189,266087	-0,0457497835159302
189,366135	-0,0531364679336548
189,467573	-0,062048614025116
189,569058	-0,0665321946144104
189,669930	-0,0686909556388855
189,770693	-0,0671548843383789
189,871005	-0,0632781982421875
189,971903	-0,0573879480361938
190,072493	-0,0473345518112183
190,172869	-0,040153980255127
190,273206	-0,0337674617767334
190,375056	-0,0284104347229004
190,477018	-0,0263494253158569
190,578693	-0,027242124080658
190,679112	-0,0316196084022522
190,779155	-0,0386603474617004
190,880023	-0,0456821322441101
190,981620	-0,0545735955238342
191,081747	-0,0620814561843872
191,182608	-0,0664026141166687
191,283621	-0,0686493515968323
191,383739	-0,0670535564422607
191,483841	-0,0630573630332947
191,584194	-0,0573166012763977
191,685618	-0,0472275018692017
191,786337	-0,0399847030639648
191,887005	-0,0338168740272522
191,988585	-0,0284490585327148
192,089894	-0,0263766050338745
192,190877	-0,0274694561958313
192,292589	-0,0317405462265015
192,394429	-0,0387473702430725
192,495231	-0,0458694100379944
192,596151	-0,0545654892921448
192,696382	-0,0620359182357788
192,797358	-0,0664268136024475
192,897791	-0,0684183835983276
192,997936	-0,066897988319397
193,098823	-0,0629464983940125
193,198964	-0,057034969329834
193,299170	-0,0485793352127075
193,399972	-0,0399473309516907
193,500541	-0,0336975455284119
193,601469	-0,0285429954528809
193,702264	-0,0265471935272217
193,802644	-0,0275681614875793
193,903688	-0,0320486426353455
194,003983	-0,039037823677063
194,104956	-0,0460453033447266
194,206633	-0,0534846782684326
194,307138	-0,0622077584266663
194,407481	-0,0664491653442383
194,508324	-0,0684685707092285
194,608980	-0,0672962665557861
194,709030	-0,0627548098564148
194,809993	-0,0569280982017517
194,910765	-0,04830002784729
195,012731	-0,0396711230278015
195,113766	-0,0335267782211304
195,214178	-0,0282650589942932
195,314757	-0,0263603925704956
195,414819	-0,0275285840034485
195,515261	-0,0309326648712158
195,616212	-0,0389999747276306
195,717947	-0,0460824370384216
195,818411	-0,0533598661422729
195,919096	-0,0621739625930786
196,019207	-0,066387414932251
196,120099	-0,0682463645935059
196,220595	-0,0671848654747009
196,320739	-0,062597930431366
196,421199	-0,0566858053207397
196,522471	-0,049673855304718
196,622950	-0,0395680665969849
196,723032	-0,0333940982818604
196,823636	-0,0289967656135559
196,925074	-0,0264390110969543
197,025452	-0,027599573135376
197,126843	-0,0311718583106995
197,227591	-0,0391565561294556
197,329141	-0,0462226867675781
197,429470	-0,0535827279090881
197,529774	-0,0611414313316345
197,630623	-0,0663869380950928
197,731983	-0,0682946443557739
197,833535	-0,0670173764228821
197,934147	-0,0624701976776123
198,035675	-0,0566180944442749
198,137447	-0,0480078458786011
198,238617	-0,0395344495773315
198,339021	-0,0334345102310181
198,440605	-0,0283394455909729
198,542148	-0,0265839099884033
198,643198	-0,0278016924858093
198,744546	-0,0322838425636292
198,844771	-0,0394322872161865
198,945388	-0,0464807748794556
199,046069	-0,0550997257232666
199,147558	-0,0613653063774109
199,247566	-0,0664818286895752
199,348451	-0,0682573318481445
199,448463	-0,0670682787895203
199,548889	-0,062337338924408
199,649486	-0,0564361810684204
199,750288	-0,0479193329811096
199,850334	-0,0393490791320801
199,951243	-0,0332638025283813
200,052998	-0,0283151268959045
200,153660	-0,0265033841133118
200,253916	-0,0277859568595886
200,354388	-0,0323938131332397
200,456352	-0,0381110310554504
200,558031	-0,0465524196624756
200,658299	-0,0538321733474731
200,758517	-0,0613197684288025
200,859856	-0,0664718747138977
200,961634	-0,0682693123817444
201,062618	-0,0668808817863464
201,163886	-0,0622345209121704
201,263966	-0,0563095808029175
201,365577	-0,0476962327957153
201,466128	-0,0393097996711731
201,566332	-0,0332309007644653
201,666480	-0,028269350528717
201,767845	-0,0266982913017273
201,869476	-0,0279175639152527
201,971326	-0,0325413942337036
202,072310	-0,0383982062339783
202,173015	-0,0467367172241211
202,273142	-0,0553677082061768
202,374514	-0,061521589756012
202,474946	-0,0664923191070557
202,575043	-0,0682435035705566
202,675145	-0,06687331199646
202,775244	-0,0620556473731995
202,876181	-0,0561720728874207
202,977786	-0,0476216077804565
203,078276	-0,039135754108429
203,178336	-0,0332180857658386
203,278496	-0,0283213257789612
203,380292	-0,0267354249954224
203,482154	-0,0281029939651489
203,583124	-0,0327755808830261
203,683471	-0,0386120676994324
203,784040	-0,0470515489578247
203,884341	-0,0556202530860901
203,984917	-0,0616656541824341
204,084991	-0,0666769742965698
204,186404	-0,0682506561279297
204,287981	-0,0668076872825623
204,388100	-0,0619988441467285
204,488433	-0,0559870004653931
204,590391	-0,0474211573600769
204,691637	-0,0403120517730713
204,792481	-0,033021092414856
204,893607	-0,0281854271888733
204,993815	-0,0266939997673035
205,095739	-0,028079628944397
205,196369	-0,0328112840652466
205,297837	-0,0387217998504639
205,398557	-0,0470917224884033
205,499406	-0,055681586265564
205,600199	-0,0617111921310425
205,700555	-0,0665972232818604
205,801348	-0,0681408047676086
205,902672	-0,0666214227676392
206,003412	-0,0627251863479614
206,104821	-0,0543388724327087
206,206257	-0,0471275448799133
206,307226	-0,0399922728538513
206,408941	-0,0318034291267395
206,509985	-0,0280338525772095
206,611966	-0,0265696048736572
206,712353	-0,0286864638328552
206,812616	-0,0328774452209473
206,913578	-0,0388051271438599
207,015475	-0,0472413301467896
207,115750	-0,0558117628097534
207,216278	-0,0617824792861938
207,317159	-0,0666409134864807
207,417633	-0,0681145787239075
207,518664	-0,0665075182914734
207,618756	-0,0626176595687866
207,720261	-0,0541388988494873
207,821085	-0,0469421148300171
207,921696	-0,0398896336555481
208,021738	-0,0317310094833374
208,121900	-0,0280357599258423
208,223690	-0,0266596674919128
208,324647	-0,0282559990882874
208,424919	-0,0330963134765625
208,526907	-0,0391106605529785
208,628126	-0,0475407838821411
208,728281	-0,0561084747314453
208,830152	-0,0620908141136169
208,930458	-0,06627357006073
209,030991	-0,0683184862136841
209,132697	-0,0667259693145752
209,233470	-0,0618017315864563
209,333648	-0,0544629096984863
209,434127	-0,0473264455795288
209,535308	-0,0403039455413818
209,636248	-0,0322405099868774
209,737754	-0,0285820960998535
209,838243	-0,0271605849266052
209,938341	-0,0287403464317322
210,039428	-0,0334920883178711
210,140952	-0,0393561720848083
210,241355	-0,047700047492981
210,342705	-0,0561412572860718
210,443818	-0,0620378255844116
210,545509	-0,0668471455574036
210,646098	-0,0683882832527161
210,746472	-0,0669218301773071
210,847251	-0,0632495880126953
210,947757	-0,0552411079406738
211,048562	-0,0483484268188477
211,150277	-0,0403190851211548
211,250562	-0,0346823930740356
211,351552	-0,0301879048347473
211,452140	-0,0288561582565308
211,553985	-0,0303742289543152
211,654201	-0,0350396037101746
211,755399	-0,0408573746681213
211,855887	-0,049092173576355
211,957514	-0,0574460029602051
212,059300	-0,0633736848831177
212,159643	-0,0681408047676086
212,261055	-0,0696694850921631
212,361202	-0,0681637525558472
212,462320	-0,0632491111755371
212,562681	-0,0572590231895447
212,663116	-0,0486152768135071
212,763631	-0,0412850975990295
212,863975	-0,0336694717407227
212,965440	-0,0283761024475098
213,065598	-0,0263180136680603
213,166597	-0,0271539092063904
213,266929	-0,031303346157074
213,367494	-0,0367639064788818
213,468024	-0,0449392795562744
213,568116	-0,0534965991973877
213,668658	-0,0597589612007141
213,769061	-0,0644962787628174
213,870999	-0,0674787163734436
213,971840	-0,0666522979736328
214,072687	-0,0635504722595215
214,173057	-0,0572831034660339
214,273804	-0,0492753386497498
214,374258	-0,0424515008926392
214,475220	-0,0351312756538391
214,576872	-0,0300139784812927
214,677722	-0,0280824899673462
214,778452	-0,0287484526634216
214,879014	-0,0327484607696533
214,979621	-0,0380784273147583
215,080086	-0,0458713173866272
215,181870	-0,05415940284729
215,282725	-0,0602154135704041
215,382990	-0,0653126835823059
215,483326	-0,0673024654388428
215,584844	-0,0664595365524292
215,686705	-0,0622021555900574
215,788631	-0,0567549467086792
215,888738	-0,0485894083976746
215,989224	-0,0415500998497009
216,089723	-0,0342466831207275
216,191090	-0,0290411114692688
216,293020	-0,0269137024879456
216,393193	-0,0278307795524597
216,494908	-0,0318362712860107
216,595007	-0,0371685028076172
216,696456	-0,0451751947402954
216,796764	-0,0521460771560669
216,897523	-0,0596030354499817
216,998245	-0,0649250149726868
217,098426	-0,0668671131134033
217,199863	-0,0660489201545715
217,300041	-0,0618862509727478
217,400424	-0,0562835335731506
217,500618	-0,0481324195861816
217,600629	-0,0411776900291443
217,701154	-0,0337717533111572
217,801299	-0,0286907553672791
217,903146	-0,0267964601516724
218,003154	-0,0275524258613586
218,103566	-0,0317386388778687
218,204664	-0,0372035503387451
218,306236	-0,0437636375427246
218,406873	-0,0523018836975098
218,507669	-0,059823751449585
218,607781	-0,0643610954284668
218,708389	-0,0670925378799438
218,809427	-0,0662522315979004
218,910979	-0,0629253387451172
219,012772	-0,0565910935401917
219,114195	-0,048462450504303
219,214986	-0,0414899587631226
219,315264	-0,0343093872070313
219,415296	-0,0292031764984131
219,515910	-0,0272887945175171
219,616637	-0,0282164216041565
219,717383	-0,0313748121261597
219,818070	-0,0376230478286743
219,918990	-0,0442273616790771
220,019970	-0,0525145530700684
220,121434	-0,0598825216293335
220,223045	-0,0644392967224121
220,323802	-0,0669336915016174
220,423872	-0,0660512447357178
220,524065	-0,0628097653388977
220,624997	-0,0562878251075745
220,725233	-0,0482808351516724
220,825784	-0,0414113998413086
220,927006	-0,0340822339057922
221,027931	-0,0292198657989502
221,128901	-0,02739417552948
221,229952	-0,028205931186676
221,330600	-0,0315366983413696
221,431604	-0,037837028503418
221,532414	-0,0456830859184265
221,632689	-0,0527621507644653
221,734366	-0,0600383877754211
221,835248	-0,0644124150276184
221,936104	-0,0670549869537354
222,036998	-0,0659626722335815
222,137555	-0,0626016855239868
222,238541	-0,0562469959259033
222,338870	-0,0479992628097534
222,439079	-0,0411242246627808
222,540679	-0,0340094566345215
222,641232	-0,0295616388320923
222,741900	-0,0271534323692322
222,842759	-0,0281373262405396
222,943509	-0,0312833189964294
223,044492	-0,0376921892166138
223,145397	-0,0456297397613525
223,246261	-0,0524795651435852
223,347875	-0,0598909258842468
223,448015	-0,0642865896224976
223,548775	-0,0666850805282593
223,649489	-0,0657879710197449
223,750437	-0,062418520450592
223,850912	-0,0559134483337402
223,952911	-0,049325704574585
224,054198	-0,0410736203193665
224,154545	-0,0338891744613647
224,255875	-0,029724657535553
224,357498	-0,0272978544235229
224,458338	-0,0282860398292542
224,559067	-0,0316881537437439
224,659215	-0,0379548668861389
224,760191	-0,0458903908729553
224,861170	-0,0529062747955322
224,961722	-0,0600910186767578
225,062446	-0,0644444823265076
225,162936	-0,0669788718223572
225,264919	-0,066258430480957
225,365242	-0,0616243481636047
225,465602	-0,0561668872833252
225,566881	-0,0494105815887451
225,667261	-0,041331946849823
225,767278	-0,03432697057724
225,867796	-0,0300387144088745
225,967885	-0,0278751254081726
226,069615	-0,0289467573165894
226,171577	-0,0321743488311768
226,271876	-0,0386025905609131
226,373382	-0,0464077591896057
226,474153	-0,0531412363052368
226,575620	-0,0603544116020203
226,677195	-0,0650439858436584
226,777677	-0,0666333436965942
226,878942	-0,0659593343734741
226,979402	-0,0609828233718872
227,079728	-0,0553929209709167
227,180682	-0,0488213300704956
227,281026	-0,0406113862991333
227,382552	-0,0336927771568298
227,484194	-0,0297146439552307
227,584551	-0,0274122953414917
227,684862	-0,0287451148033142
227,785127	-0,0322790741920471
227,885204	-0,0385794043540955
227,985318	-0,0466230511665344
228,087233	-0,0534861087799072
228,187919	-0,059406578540802
228,289701	-0,065287172794342
228,391666	-0,0668547749519348
228,491851	-0,065899670124054
228,593484	-0,0610916614532471
228,695188	-0,0554133653640747
228,795329	-0,0486037731170654
228,895811	-0,0393674969673157
228,996140	-0,0336024165153503
229,096313	-0,0294792056083679
229,197427	-0,0275614857673645
229,298059	-0,0286955237388611
229,398614	-0,032147228717804
229,498654	-0,0375155806541443
229,599857	-0,0465027689933777
229,701978	-0,0533350110054016
229,802543	-0,0594381093978882
229,902546	-0,064980685710907
230,003509	-0,0665388107299805
230,104515	-0,0657227039337158
230,205699	-0,0605463981628418
230,307287	-0,0549773573875427
230,407547	-0,0483120083808899
230,507920	-0,0400599241256714
230,607928	-0,0333213210105896
230,709309	-0,0293480753898621
230,809422	-0,0272426009178162
230,909438	-0,0287732481956482
231,010022	-0,0323043465614319
231,110148	-0,0374966263771057
231,210690	-0,045464038848877
231,311146	-0,0536175966262817
231,411893	-0,0595085620880127
231,512757	-0,0647579431533813
231,613664	-0,0666608810424805
231,713819	-0,0656470060348511
231,814495	-0,0616726875305176
231,916431	-0,0548739433288574
232,017462	-0,0481773614883423
232,117653	-0,0402448177337646
232,217878	-0,0332961082458496
232,318092	-0,0294358134269714
232,418616	-0,0277693271636963
232,519807	-0,0285062789916992
232,620310	-0,0326803922653198
232,721096	-0,0381119847297668
232,822663	-0,0457255244255066
232,923160	-0,0539951324462891
233,024836	-0,0598933100700378
233,126505	-0,064660370349884
233,227542	-0,0666385293006897
233,328077	-0,0655027031898499
233,428419	-0,0611043572425842
233,528629	-0,0544700622558594
233,629386	-0,0476201772689819
233,730300	-0,0394469499588013
233,830448	-0,0328465104103088
233,931186	-0,0288809537887573
234,032389	-0,027094841003418
234,133613	-0,0287994146347046
234,234461	-0,0323509573936462
234,334834	-0,037760317325592
234,435766	-0,0457764863967896
234,536667	-0,0538169145584106
234,637751	-0,0597363710403442
234,738012	-0,064765989780426
234,838657	-0,0664011836051941
234,939120	-0,065306544303894
235,039594	-0,0610532164573669
235,140513	-0,0540500283241272
235,242332	-0,0473566055297852
235,343232	-0,0405933856964111
235,443939	-0,033315122127533
235,544801	-0,0286025404930115
235,645076	-0,0268974900245667
235,746818	-0,0277717113494873
235,846960	-0,0321605801582336
235,947382	-0,0376055240631104
236,049368	-0,0453954935073853
236,149939	-0,0538422465324402
236,249953	-0,0597312450408936
236,350960	-0,0646358728408813
236,451115	-0,0667188167572021
236,552225	-0,0655012726783752
236,653622	-0,0620833039283752
236,753963	-0,0545445084571838
236,854124	-0,0475732684135437
236,955103	-0,0407258868217468
237,055417	-0,0337526798248291
237,155745	-0,028648316860199
237,256254	-0,0269227623939514
237,357904	-0,0280395746231079
237,458695	-0,0319653153419495
237,558947	-0,0375032424926758
237,660428	-0,0454878807067871
237,761879	-0,0535033345222473
237,862804	-0,0596105456352234
237,962936	-0,0645943284034729
238,064818	-0,0663323998451233
238,166293	-0,0654398202896118
238,266458	-0,062066912651062
238,367060	-0,054244339466095
238,467120	-0,0476580262184143
238,567468	-0,0407698750495911
238,667784	-0,0335781574249268
238,768177	-0,0289624929428101
238,869430	-0,0270938873291016
238,969489	-0,0280529260635376
239,070481	-0,0324500203132629
239,171084	-0,0376964211463928
239,272530	-0,0455973744392395
239,373348	-0,0539249181747437
239,473437	-0,0596429109573364
239,573758	-0,0639767646789551
239,674787	-0,0664747357368469
239,775690	-0,0651686191558838
239,876287	-0,0618454217910767
239,976872	-0,0554695129394531
240,077560	-0,0472169518470764
240,179095	-0,0405986309051514
240,279777	-0,0335748195648193
240,380543	-0,028627336025238
240,481954	-0,0271443724632263
240,582385	-0,0281968712806702
240,684132	-0,0323481559753418
240,784408	-0,0379964709281921
240,885991	-0,0444810390472412
240,986652	-0,0539273023605347
241,086936	-0,0599755048751831
241,187361	-0,0641090869903564
241,287850	-0,0663162469863892
241,388986	-0,0653089284896851
241,490354	-0,0616656541824341
241,590371	-0,0551406741142273
241,690607	-0,0471605658531189
241,790970	-0,0401979684829712
241,891428	-0,0332090258598328
241,992349	-0,0285162925720215
242,092580	-0,0266973376274109
242,194123	-0,0279261469841003
242,295940	-0,0322838425636292
242,396680	-0,0375979542732239
242,497133	-0,0442844033241272
242,598426	-0,0538780689239502
242,698793	-0,0596391558647156
242,799149	-0,064037024974823
242,900804	-0,0663082003593445
243,002764	-0,0649793148040771
243,104137	-0,0616520047187805
243,205940	-0,0550283193588257
243,306280	-0,0468518137931824
243,407879	-0,0402472019195557
243,509628	-0,0331124663352966
243,610796	-0,0283351540565491
243,712055	-0,0269017815589905
243,813282	-0,027901828289032
243,914064	-0,0322995781898499
244,015724	-0,0379685759544373
244,115778	-0,045754075050354
244,217395	-0,0540696382522583
244,318594	-0,0600252151489258
244,419139	-0,0640996694564819
244,520174	-0,0665317177772522
244,621344	-0,0653183460235596
244,722023	-0,0616219639778137
244,822134	-0,0549468398094177
244,922929	-0,0473809838294983
245,023633	-0,041639506816864
245,124595	-0,0372765064239502
245,224757	-0,0356249213218689
245,325586	-0,0363477468490601
245,425688	-0,0406795144081116
245,525988	-0,0469020009040833
245,626911	-0,0531661510467529
245,728624	-0,0598336458206177
245,828690	-0,0676426291465759
245,929397	-0,0708116888999939
246,030430	-0,0712510943412781
246,130742	-0,0672534108161926
246,231457	-0,0596922636032104
246,331956	-0,0523583889007568
246,432760	-0,0421635508537292
246,533082	-0,0337879061698914
246,633119	-0,0288394689559937
246,734717	-0,025483250617981
246,836200	-0,026597261428833
246,937757	-0,0305086374282837
247,037865	-0,037571907043457
247,138481	-0,0470315217971802
247,238537	-0,0554000735282898
247,338875	-0,0620359182357788
247,440405	-0,0680405497550964
247,541255	-0,0701233744621277
247,642169	-0,0681164860725403
247,743429	-0,0630159974098206
247,844308	-0,054537832736969
247,945167	-0,0461878776550293
248,046309	-0,0370150208473206
248,148302	-0,0290973782539368
248,249593	-0,0247162580490112
248,349675	-0,0234411358833313
248,450418	-0,0256257057189941
248,551107	-0,0302188992500305
248,652776	-0,0388864874839783
248,753497	-0,0481768846511841
248,853863	-0,0562275648117065
248,955664	-0,0642998218536377
249,056246	-0,0681718587875366
249,157682	-0,0696958303451538
249,258080	-0,0678062438964844
249,359023	-0,0616539120674133
249,459086	-0,0532000660896301
249,560154	-0,0454874038696289
249,660838	-0,0366653203964233
249,761340	-0,0307987928390503
249,861770	-0,0283194184303284
249,962183	-0,0282459855079651
250,062205	-0,032671332359314
250,162387	-0,0382359623908997
250,262944	-0,0452003479003906
250,363472	-0,054931104183197
250,465402	-0,0634705424308777
250,565565	-0,068448543548584
250,666167	-0,071281909942627
