0,100961	-0,00293007493019104
0,201816	-0,000740975141525269
0,302497	0,00448557734489441
0,403292	0,0152947604656219
0,503482	0,0243005156517029
0,604587	0,0331852734088898
0,706026	0,0419811308383942
0,806871	0,0476405620574951
0,907430	0,0492547452449799
1,007984	0,046983927488327
1,108811	0,0408089458942413
1,208877	0,0333024561405182
1,309553	0,0226219594478607
1,410137	0,0121118724346161
1,511091	0,00470712780952454
1,612050	-0,000522464513778687
1,713466	-0,00274094939231873
1,813900	-0,000390619039535522
1,914296	0,004738450050354
2,014378	0,0139756202697754
2,114987	0,0246618986129761
2,215608	0,0333821475505829
2,317395	0,0422576665878296
2,418939	0,0477488934993744
2,520071	0,0491859018802643
2,620577	0,0470029413700104
2,720717	0,040645033121109
2,822066	0,0330595076084137
2,922993	0,0225412547588348
3,023260	0,0135745108127594
3,123935	0,00454440712928772
3,225716	-0,000479608774185181
3,326038	-0,00268745422363281
3,426068	-0,000285476446151733
3,526615	0,00499704480171204
3,627477	0,0140843689441681
3,728398	0,0248691737651825
3,829958	0,0336141884326935
3,930109	0,0422619581222534
4,030929	0,0478087365627289
4,131579	0,0492120087146759
4,232833	0,0468142926692963
4,333021	0,0418670773506165
4,433728	0,032935231924057
4,534357	0,0240894556045532
4,634938	0,0135282576084137
4,735354	0,00450026988983154
4,837270	-0,000527709722518921
4,937739	-0,00252938270568848
5,038290	-0,000101804733276367
5,138322	0,00515455007553101
5,239033	0,0144239664077759
5,339822	0,025017112493515
5,440868	0,0337313711643219
5,541225	0,0424477458000183
5,641943	0,0471241176128387
5,742773	0,0491032302379608
5,843193	0,0467302203178406
5,943461	0,0415615439414978
6,043527	0,0326941907405853
6,144125	0,0239604413509369
6,245304	0,0132692754268646
6,345826	0,00444808602333069
6,446912	-0,000474840402603149
6,547823	-0,00257140398025513
6,648574	-0,000651925802230835
6,749045	0,00541600584983826
6,850444	0,0145379304885864
6,952082	0,0234865248203278
7,052617	0,0338623225688934
7,153166	0,0423864424228668
7,253272	0,047181099653244
7,353581	0,0489768981933594
7,454300	0,0471554696559906
7,554403	0,0414057075977325
7,656397	0,0323417186737061
7,757712	0,0235462784767151
7,858008	0,0130670666694641
7,958076	0,0041155219078064
8,058400	-0,000705242156982422
8,159119	-0,00257235765457153
8,259225	-0,000806182622909546
8,360466	0,00534006953239441
8,461333	0,0146037638187408
8,561694	0,0233427584171295
8,662057	0,033811092376709
8,763033	0,0423432290554047
8,864814	0,0468542277812958
8,965647	0,0487194359302521
9,066622	0,0468718111515045
9,167458	0,0408764183521271
9,268965	0,0320395529270172
9,370076	0,0232511758804321
9,470296	0,012624979019165
9,570995	0,00525844097137451
9,671478	-0,000846207141876221
9,771552	-0,00272995233535767
9,872127	-0,000608593225479126
9,973984	0,00547957420349121
10,075944	0,0147377550601959
10,176641	0,0236962139606476
10,277554	0,0339097678661346
10,377915	0,0411548316478729
10,479762	0,0470224320888519
10,579882	0,0485626757144928
10,680080	0,0467102527618408
10,781525	0,0408265292644501
10,882014	0,031670480966568
10,983997	0,0230082273483276
11,084768	0,0125524699687958
11,185743	0,00375446677207947
11,286237	-0,000794291496276855
11,387040	-0,0025322437286377
11,487677	-0,000583380460739136
11,588773	0,00583785772323608
11,690174	0,0150982737541199
11,791475	0,0239053964614868
11,892196	0,0344189703464508
11,994316	0,0415159463882446
12,094682	0,0471193492412567
12,195339	0,0488918423652649
12,296664	0,0467886626720428
12,396929	0,0407666563987732
12,497856	0,0318588316440582
12,598341	0,0229536592960358
12,699153	0,0125362575054169
12,799456	0,00398364663124084
12,900275	-0,000811904668807983
13,000883	-0,00232410430908203
13,100923	-0,00014844536781311
13,201087	0,00601205229759216
13,302452	0,0137557685375214
13,403646	0,0243455767631531
13,504100	0,0345091223716736
13,604985	0,0417587459087372
13,706372	0,0473317205905914
13,806885	0,0487312972545624
13,907145	0,0468005239963531
14,008589	0,0406326949596405
14,108719	0,0314693748950958
14,209336	0,022822231054306
14,309915	0,0122677981853485
14,411487	0,00488504767417908
14,512449	-0,000749528408050537
14,614308	-0,00242435932159424
14,714816	-0,000220745801925659
14,815405	0,00631821155548096
14,916047	0,0138687789440155
15,016577	0,0244551301002502
15,116864	0,0348389446735382
15,218752	0,0417853593826294
15,318752	0,0473768413066864
15,419278	0,0488586127758026
15,520867	0,0465843379497528
15,621492	0,0405210256576538
15,721570	0,0313835144042969
15,822166	0,0224657952785492
15,922566	0,0121800601482391
16,023719	0,00485989451408386
16,125339	-0,00101622939109802
16,226948	-0,00232508778572083
16,327419	-0,000137001276016235
16,428343	0,00619712471961975
16,529840	0,0140304863452911
16,630242	0,0245068371295929
16,730249	0,034692794084549
16,830364	0,0418609082698822
16,930782	0,047181099653244
17,031835	0,0485218167304993
17,132146	0,0464517772197723
17,233648	0,0400896668434143
17,333705	0,032615453004837
17,435123	0,0223063230514526
17,536797	0,0117471218109131
17,637023	0,00455865263938904
17,737355	-0,000978589057922363
17,838052	-0,00260290503501892
17,939871	-9,0867280960083E-5
18,040606	0,00647959113121033
18,142011	0,0140390694141388
18,242349	0,0247316360473633
18,343385	0,0349262654781342
18,444616	0,0417824983596802
18,546324	0,0473321974277496
18,647013	0,048537015914917
18,747304	0,0461970865726471
18,847458	0,0401257574558258
18,948241	0,0308257341384888
19,048268	0,0220158100128174
19,149871	0,0118606090545654
19,250526	0,00455626845359802
19,351056	-0,00101384520530701
19,452669	-0,00224536657333374
19,553365	0,000104635953903198
19,654106	0,00669988989830017
19,754132	0,0145908892154694
19,854522	0,0249725580215454
19,955338	0,0352181792259216
20,056394	0,0422353446483612
20,157539	0,0473440885543823
20,258182	0,0486562550067902
20,359248	0,0463909506797791
20,459389	0,0399062931537628
20,560385	0,0325087010860443
20,660416	0,0220727622509003
20,760635	0,0132244527339935
20,862208	0,00460988283157349
20,963517	-0,000927150249481201
21,065033	-0,0023689866065979
21,165552	0,000379472970962524
21,266572	0,00687941908836365
21,368110	0,0145684480667114
21,469136	0,0252831280231476
21,569694	0,0352305173873901
21,670180	0,0421060919761658
21,772170	0,0474885106086731
21,872680	0,0484039783477783
21,973727	0,0460963547229767
22,074297	0,0398473739624023
22,174893	0,0304239988327026
22,276594	0,021776020526886
22,377112	0,0132168233394623
22,478148	0,0031561553478241
22,578629	-0,000939071178436279
22,679201	-0,00217521190643311
22,780233	0,000304371118545532
22,880731	0,00714489817619324
22,981722	0,0149089694023132
23,082289	0,0252997577190399
23,182848	0,0355513691902161
23,282887	0,042305201292038
23,383438	0,0473312437534332
23,484586	0,0486534237861633
23,585821	0,0460202991962433
23,686335	0,0408265292644501
23,786447	0,0321201682090759
23,887006	0,0215543210506439
23,987062	0,0129092037677765
24,087232	0,00444099307060242
24,189237	-0,00105050206184387
24,289308	-0,00218856334686279
24,390863	0,000673264265060425
24,492025	0,00719761848449707
24,592225	0,0151011347770691
24,692849	0,025732696056366
24,792974	0,0355831682682037
24,894526	0,0424876809120178
24,994885	0,0475749671459198
25,095473	0,0485014021396637
25,196107	0,0460174381732941
25,296805	0,040820837020874
25,397356	0,031758725643158
25,497452	0,0214873254299164
25,598003	0,0128014087677002
25,698038	0,00409653782844543
25,798818	-0,000409632921218872
25,899368	-0,00222054123878479
26,000516	0,000511646270751953
26,101167	0,00605475902557373
26,202268	0,0151169002056122
26,302577	0,025626927614212
26,402965	0,0342020988464355
26,503428	0,0423522293567657
26,604124	0,0468086004257202
26,704364	0,0485365390777588
26,805216	0,0464408099651337
26,905865	0,0405590236186981
27,007158	0,0317297875881195
27,107224	0,0229617357254028
27,207338	0,0127365589141846
27,308067	0,00427684187889099
27,409483	-0,000449627637863159
27,509942	-0,00194236636161804
27,611219	0,000901848077774048
27,711867	0,00623086094856262
27,812994	0,0155922770500183
27,913682	0,0259877741336823
28,014564	0,0342932045459747
28,115371	0,0414570271968842
28,215637	0,0468836724758148
28,316293	0,0482928454875946
28,417055	0,0464047193527222
28,517245	0,0402697026729584
28,617824	0,0313028991222382
28,719124	0,0227743089199066
28,820339	0,0123388469219208
28,921271	0,00393712520599365
29,022189	-0,000470072031021118
29,122572	-0,00214084982872009
29,223671	0,00090518593788147
29,324390	0,00647816061973572
29,425146	0,0138888359069824
29,526160	0,0261456668376923
29,627714	0,0345224142074585
29,728183	0,0413658022880554
29,828195	0,0469202697277069
29,928473	0,0483213365077972
30,030355	0,0461262762546539
30,130851	0,0402202904224396
30,231007	0,0311904847621918
30,332727	0,0224729180335999
30,433577	0,0124017894268036
30,535365	0,00394046306610107
30,635668	-0,00052914023399353
30,736460	-0,00179022550582886
30,837426	0,00113227963447571
30,938329	0,00669658184051514
31,038938	0,0144153535366058
31,139657	0,0246756970882416
31,239809	0,034793883562088
31,341577	0,0418319404125214
31,442077	0,0470476150512695
31,542781	0,04847052693367
31,644116	0,0463966429233551
31,744797	0,0401462018489838
31,846171	0,0312545001506805
31,947737	0,0226418673992157
32,048348	0,0123030841350555
32,148420	0,00414159893989563
32,249363	-0,000234067440032959
32,349575	-0,00168290734291077
32,450398	0,00157025456428528
32,550565	0,00709691643714905
32,651099	0,0146185457706451
32,751973	0,0251432657241821
32,853725	0,0351085364818573
32,955668	0,0419530868530273
33,056499	0,0473664104938507
33,158060	0,0484980642795563
33,258079	0,0462925732135773
33,358141	0,0402516722679138
33,459340	0,0310761630535126
33,559623	0,0224809944629669
33,659734	0,0123889148235321
33,760294	0,00399550795555115
33,861086	-0,00022551417350769
33,962012	-0,00144979357719421
34,063019	0,000764995813369751
34,164131	0,00726839900016785
34,264849	0,0148865580558777
34,365643	0,0251100659370422
34,465941	0,0351887345314026
34,566604	0,0419721007347107
34,668253	0,0470148026943207
34,768382	0,0482766926288605
34,869032	0,0459257364273071
34,969204	0,0396051108837128
35,069844	0,0306616127490997
35,169945	0,0219488441944122
35,270607	0,0133594274520874
35,371454	0,00371649861335754
35,471658	-0,000609546899795532
35,572553	-0,00189894437789917
35,673588	0,000790655612945557
35,774054	0,00719287991523743
35,874352	0,0148946642875671
35,974578	0,0236131846904755
36,074978	0,0351934731006622
36,175641	0,0420219898223877
36,275922	0,0466099977493286
36,376564	0,0481322705745697
36,476783	0,0458711087703705
36,577130	0,0408654808998108
36,678644	0,0303528606891632
36,779048	0,0218092799186707
36,880329	0,0132492482662201
36,982084	0,0045866072177887
37,083718	-0,000600039958953857
37,185096	-0,0018584132194519
37,286747	0,000693231821060181
37,387488	0,00737670063972473
37,487769	0,014969527721405
37,589499	0,0253101885318756
37,691202	0,0353306531906128
37,792326	0,0419483482837677
37,893984	0,0469867885112762
37,994034	0,0480619370937347
38,094713	0,0455508232116699
38,195365	0,0405082106590271
38,295398	0,0301683843135834
38,396165	0,0214426815509796
38,497468	0,0130241215229034
38,598771	0,00457951426506042
38,699066	-0,00072479248046875
38,799078	-0,00177019834518433
38,899208	0,000954121351242065
38,999295	0,00751972198486328
39,099937	0,0153233706951141
39,200685	0,0239495038986206
39,301894	0,0355001091957092
39,402510	0,0422358214855194
39,503950	0,046606183052063
39,604293	0,0480248928070068
39,705020	0,0456206798553467
39,805903	0,0404497683048248
39,907395	0,029987245798111
40,008442	0,0214137434959412
40,109529	0,0128944218158722
40,210413	0,00445994734764099
40,311099	-0,000605255365371704
40,411299	-0,00173348188400269
40,511361	0,000300079584121704
40,612002	0,00784522294998169
40,712982	0,0154826045036316
40,813379	0,0241273939609528
40,914176	0,0357341170310974
41,014233	0,0422467291355133
41,114237	0,0466308891773224
41,214264	0,0479954481124878
41,315598	0,0453878343105316
41,416041	0,0403001010417938
41,516142	0,0314570367336273
41,617074	0,0211221277713776
41,718663	0,0127880573272705
41,818731	0,00558775663375854
41,920342	-0,000711917877197266
42,022007	-0,00161188840866089
42,122450	0,00041276216506958
42,222720	0,00791081786155701
42,324646	0,0157200694084167
42,425413	0,0242308080196381
42,527267	0,0357550084590912
42,627547	0,0423427522182465
42,729447	0,0465116202831268
42,830190	0,0478377044200897
42,931051	0,0452676117420197
43,031717	0,0399642288684845
43,132570	0,0311999619007111
43,232597	0,0209321081638336
43,332742	0,0124556720256805
43,434389	0,00427967309951782
43,535175	-0,000706195831298828
43,636613	-0,00167670845985413
43,737805	0,000582009553909302
43,838360	0,00810903310775757
43,938531	0,0158549845218658
44,039254	0,0245538055896759
44,139910	0,0359415411949158
44,240900	0,0424686670303345
44,341724	0,0467306673526764
44,443355	0,0479878485202789
44,543548	0,0452025234699249
44,644193	0,0399984419345856
44,744837	0,0310330092906952
44,846577	0,0208304524421692
44,948160	0,0124742686748505
45,048296	0,00415772199630737
45,149065	-0,000690490007400513
45,250235	-0,00157898664474487
45,350861	0,000569164752960205
45,450863	0,00824123620986938
45,551976	0,0159860849380493
45,652644	0,0245063602924347
45,752971	0,0360027849674225
45,854779	0,0423912107944489
45,956462	0,046480268239975
46,056539	0,0478524565696716
46,157298	0,0449634790420532
46,257343	0,0396739840507507
46,357474	0,0308878719806671
46,458793	0,0206090807914734
46,560426	0,0122954547405243
46,661090	0,00423699617385864
46,761925	-0,000638127326965332
46,862072	-0,0013740062713623
46,962554	0,000965982675552368
47,063864	0,00854939222335815
47,164792	0,0163707435131073
47,265736	0,0249744355678558
47,366460	0,0347450077533722
47,466827	0,0427038669586182
47,566937	0,046783447265625
47,667454	0,0478828549385071
47,767471	0,0450076758861542
47,867943	0,0396497547626495
47,967992	0,032311350107193
48,068837	0,0205620229244232
48,169339	0,0122296512126923
48,270081	0,00522711873054504
48,371285	-0,000541508197784424
48,471507	-0,00135019421577454
48,572357	0,000954598188400269
48,674334	0,00876441597938538
48,774538	0,0164803862571716
48,874690	0,0250380039215088
48,975511	0,0349296033382416
49,076207	0,0426292717456818
49,177259	0,0466537177562714
49,279399	0,0479640960693359
49,380464	0,0447282493114471
49,480726	0,0394397675991058
49,582375	0,0321737825870514
49,682729	0,0202621817588806
49,782745	0,0120799243450165
49,883069	0,00520056486129761
49,983145	-0,00067669153213501
50,083576	-0,00122487545013428
50,183683	0,00114086270332336
50,285284	0,00745412707328796
50,385604	0,0167129337787628
50,486223	0,0251722037792206
50,587695	0,0348759591579437
50,689656	0,0426824986934662
50,790497	0,046530157327652
50,891309	0,0476415157318115
50,991575	0,0445001721382141
51,092302	0,0389956831932068
51,192707	0,031667172908783
51,292893	0,0216492712497711
51,393977	0,0115984082221985
51,494226	0,00480249524116516
51,594963	-0,000326842069625854
51,695534	-0,00148460268974304
51,796272	0,00105342268943787
51,897930	0,00756201148033142
51,999243	0,0166962742805481
52,099267	0,0253092348575592
52,200219	0,0335544049739838
52,301902	0,042679637670517
52,403837	0,0466579794883728
52,504429	0,047745555639267
52,605225	0,0443965494632721
52,705489	0,0390351116657257
52,805761	0,0316316187381744
52,905996	0,0214711725711823
53,007609	0,0116651356220245
53,108018	0,0048186182975769
53,208445	-0,000330656766891479
53,308857	-0,00122487545013428
53,409109	0,00119596719741821
53,509807	0,00773212313652039
53,609930	0,0170117020606995
53,710465	0,025440126657486
53,812451	0,0336692035198212
53,914450	0,0428607165813446
54,015287	0,0465681850910187
54,115287	0,0476628839969635
54,216988	0,0442986488342285
54,318553	0,0387458503246307
54,418679	0,0314750373363495
54,519227	0,0196532905101776
54,620129	0,0114687383174896
54,720272	0,0048542320728302
54,821073	-0,000205516815185547
54,921669	-0,00112006068229675
55,022479	0,00155934691429138
55,124206	0,00676685571670532
55,224472	0,0173361301422119
55,326055	0,0259308516979218
55,426114	0,0340265035629272
55,527814	0,0431077778339386
55,628366	0,0469131171703339
55,729548	0,0477802455425262
55,830040	0,0443628132343292
55,930165	0,0388465523719788
56,030954	0,0313920676708221
56,132088	0,0213586390018463
56,232136	0,0115488171577454
56,333004	0,0048067569732666
56,434321	-7,80224800109863E-5
56,535829	-0,000892400741577148
56,637821	0,00168851017951965
56,739510	0,00707033276557922
56,840782	0,0176538228988647
56,941647	0,0261290669441223
57,042081	0,0358423292636871
57,142845	0,0432603359222412
57,243624	0,0468993484973907
57,343686	0,047847718000412
57,444356	0,0442178845405579
57,546236	0,0386385023593903
57,646696	0,0312919616699219
57,747585	0,0211088061332703
57,849476	0,0113285779953003
57,949527	0,00474700331687927
58,049548	-0,000240713357925415
58,151522	-0,00092238187789917
58,251689	0,00179484486579895
58,353117	0,00835821032524109
58,453406	0,0176880955696106
58,553522	0,0261764824390411
58,655492	0,0341736376285553
58,755606	0,0431154072284698
58,855642	0,0466741323471069
58,956333	0,0474125146865845
59,058267	0,0438443720340729
59,159329	0,0381611883640289
59,259888	0,0306725203990936
59,360136	0,0206750929355621
59,462136	0,0108567476272583
59,562305	0,00426307320594788
59,663757	-0,000449627637863159
59,764053	-0,00115293264389038
59,864055	0,00163009762763977
59,964445	0,00711402297019958
60,066005	0,017684280872345
60,166285	0,0262257754802704
60,267883	0,0343691408634186
60,368214	0,0431158840656281
60,468649	0,0467259287834167
60,568711	0,0475365221500397
60,668957	0,0445985198020935
60,769259	0,0381517112255096
60,869344	0,0307066738605499
60,969782	0,0205292403697968
61,071705	0,0108872354030609
61,172348	0,00433376431465149
61,272661	2,4259090423584E-5
61,373775	-0,000980496406555176
61,474294	0,00178393721580505
61,574605	0,00713017582893372
61,675522	0,0178900063037872
61,776468	0,0262774527072906
61,876787	0,0342457592487335
61,977582	0,0420799553394318
62,079157	0,0464641451835632
62,180895	0,0471431016921997
62,281769	0,0443219244480133
62,383595	0,0376625657081604
62,484123	0,0302224457263947
62,585074	0,0202237069606781
62,685081	0,0104369819164276
62,785151	0,00405433773994446
62,885574	-1,04904174804688E-5
62,987473	-0,00109431147575378
63,088073	0,00189408659934998
63,189036	0,00738003849983215
63,289259	0,0179742872714996
63,389786	0,0265301764011383
63,490702	0,0344882309436798
63,591041	0,042082816362381
63,691161	0,0465719699859619
63,791211	0,0471245944499969
63,891872	0,0440672338008881
63,993018	0,0375386476516724
64,093381	0,0299450159072876
64,193845	0,021568089723587
64,294841	0,0103359818458557
64,395226	0,00385883450508118
64,496995	-0,000178396701812744
64,598272	-0,000982880592346191
64,699553	0,0018865168094635
64,799864	0,0074465274810791
64,900792	0,01653853058815
65,000833	0,0265595614910126
65,101294	0,0345774590969086
65,201367	0,0421907007694244
65,301840	0,0464251637458801
65,403590	0,0470366775989532
65,504384	0,0447344481945038
65,604526	0,0372167229652405
65,705170	0,0297738313674927
65,806479	0,0214047133922577
65,908477	0,010087788105011
66,008942	0,00383085012435913
66,110833	-0,000204086303710938
66,211390	-0,000977635383605957
66,312313	0,00210964679718018
66,413365	0,00762090086936951
66,514498	0,0166833996772766
66,616468	0,026857316493988
66,718152	0,0347117781639099
66,818697	0,0422719419002533
66,920293	0,0465772151947021
67,021327	0,0469787120819092
67,122319	0,0438880622386932
67,223937	0,0371920168399811
67,324635	0,0295960009098053
67,425595	0,0196570754051208
67,526184	0,0101030468940735
67,627774	0,00376492738723755
67,728049	-0,00050818920135498
67,828687	-0,000748574733734131
67,929840	0,0022796094417572
68,030129	0,00799447298049927
68,130623	0,0170574486255646
68,232200	0,0271076560020447
68,332335	0,035075306892395
68,432383	0,0424586832523346
68,533861	0,0466237962245941
68,635490	0,0471074879169464
68,735822	0,043786883354187
68,836708	0,0370695292949677
68,938515	0,0295680165290833
69,038649	0,0194369256496429
69,139101	0,0100254118442535
69,241003	0,00382184982299805
69,341602	-0,000549107789993286
69,442608	-0,000856667757034302
69,543361	0,00258386135101318
69,644248	0,00957682728767395
69,745416	0,0173994898796082
69,846169	0,0274447500705719
69,946497	0,0352466404438019
70,046512	0,0427475869655609
70,147119	0,0467729866504669
70,248672	0,0470979511737823
70,348930	0,0438833236694336
70,449011	0,0370087325572968
70,550834	0,0294286012649536
70,651501	0,0194773375988007
70,752988	0,00997444987297058
70,853729	0,00382041931152344
70,955643	-0,00031733512878418
71,056610	-0,000690490007400513
71,157227	0,00283113121986389
71,257376	0,00860503315925598
71,358492	0,01766237616539
71,459675	0,0277524292469025
71,560634	0,0355898141860962
71,661156	0,0428307354450226
71,761225	0,046884149312973
71,861289	0,0471668541431427
71,962284	0,0436922907829285
72,062418	0,036890059709549
72,164070	0,0292659401893616
72,264573	0,0191586911678314
72,365443	0,0112785398960114
72,466172	0,00365674495697021
72,567126	-0,000510096549987793
72,667492	-0,000681430101394653
72,768533	0,00279316306114197
72,869527	0,00850990414619446
72,970499	0,0177552402019501
73,071491	0,0276874899864197
73,172413	0,0354787409305573
73,274545	0,0428222119808197
73,375342	0,0466475188732147
73,476266	0,0469193160533905
73,577432	0,0435112416744232
73,678416	0,0365168750286102
73,780274	0,0289691090583801
73,880592	0,0189627408981323
73,981320	0,010985404253006
74,082446	0,00356423854827881
74,182567	-0,000493884086608887
74,283387	-0,000758558511734009
74,384337	0,00292506814002991
74,484842	0,0100354254245758
74,586789	0,0177876353263855
74,687078	0,0278719365596771
74,787396	0,0369332432746887
74,888370	0,0427447557449341
74,989179	0,0466546714305878
75,091150	0,0467235743999481
75,191551	0,0432004630565643
75,292470	0,0363141894340515
75,393213	0,0286016166210175
75,493927	0,0186411142349243
75,594598	0,0107966959476471
75,695039	0,00325819849967957
75,795310	-0,000627636909484863
75,897186	-0,000745713710784912
75,997879	0,00284439325332642
76,098424	0,0101706683635712
76,198895	0,0179676115512848
76,300836	0,0278989374637604
76,401004	0,0370794832706451
76,501409	0,0427789390087128
76,601966	0,0465330183506012
76,703375	0,0466717481613159
76,803417	0,0430127680301666
76,903609	0,0373539328575134
77,005322	0,0284347236156464
77,105563	0,0183760523796082
77,205617	0,0105089247226715
77,307441	0,00321832299232483
77,408056	-0,000765234231948853
77,510030	-0,000806659460067749
77,610474	0,00300952792167664
77,711293	0,0102235376834869
77,811999	0,018074244260788
77,912941	0,0280938148498535
78,014227	0,0370476841926575
78,114819	0,0428269505500793
78,215965	0,0465287268161774
78,316507	0,0464764833450317
78,416634	0,0429438650608063
78,518527	0,0372627675533295
78,619004	0,0281791687011719
78,719127	0,0183174908161163
78,819635	0,0104579329490662
78,920587	0,00311961770057678
79,021004	-0,000588148832321167
79,121005	-0,000653833150863647
79,222787	0,00317656993865967
79,323279	0,00913700461387634
79,424331	0,0182751417160034
79,526290	0,0282564461231232
79,626969	0,03727987408638
79,727664	0,0428516566753387
79,829650	0,046155720949173
79,931606	0,0461115539073944
80,032478	0,0426711142063141
80,132967	0,0370059013366699
80,233713	0,0279989838600159
80,335184	0,0179690420627594
80,436170	0,0102578401565552
80,537698	0,00302472710609436
80,638144	-0,000756204128265381
80,740103	-0,000599086284637451
80,841068	0,00325915217399597
80,942441	0,0105884671211243
81,043968	0,0185064375400543
81,144475	0,0284039080142975
81,246060	0,0373615324497223
81,346277	0,0430179834365845
81,447200	0,0461728572845459
81,547526	0,0460507273674011
81,648049	0,0426891446113586
81,749705	0,0368848443031311
81,850010	0,0262390673160553
81,950567	0,0179699957370758
82,051520	0,0101792514324188
82,151747	0,00219890475273132
82,253363	-0,000566720962524414
82,354371	-0,000476747751235962
82,455698	0,00352057814598083
82,556679	0,0109287202358246
82,657979	0,018705815076828
82,758623	0,0286789238452911
82,859723	0,0375628769397736
82,961110	0,043032705783844
83,061962	0,0465605854988098
83,162289	0,0459870398044586
83,263958	0,0424819588661194
83,364677	0,0367879569530487
83,464834	0,0260299742221832
83,566712	0,0177571475505829
83,666719	0,0101573169231415
83,767929	0,00299009680747986
83,868092	-0,000544816255569458
83,968212	-0,000263571739196777
84,068840	0,00366148352622986
84,169167	0,0111441314220428
84,270924	0,0190269649028778
84,372189	0,0288216471672058
84,473049	0,0377238094806671
84,573972	0,0431871712207794
84,674017	0,0461894869804382
84,774944	0,0459248125553131
84,875620	0,0423931181430817
84,977407	0,0365263819694519
85,078640	0,0258953273296356
85,178642	0,0176119208335876
85,279541	0,00990396738052368
85,379833	0,00297537446022034
85,481481	-0,000518172979354858
85,582289	-0,000266909599304199
85,683348	0,0039200484752655
85,784749	0,0113562345504761
85,885664	0,01917964220047
85,987475	0,0291450321674347
86,088259	0,0378411412239075
86,188687	0,0432584285736084
86,290083	0,046613335609436
86,391853	0,0458231270313263
86,492118	0,0423042476177216
86,593776	0,035099983215332
86,695773	0,0273304879665375
86,796924	0,0175085365772247
86,897908	0,00853893160820007
86,998238	0,00288569927215576
87,099988	-0,000427722930908203
87,201831	0,000347167253494263
87,302122	0,00404152274131775
87,403133	0,0116303265094757
87,504248	0,0211187899112701
87,604397	0,0292545557022095
87,704510	0,0380429327487946
87,805698	0,0433739125728607
87,906618	0,0465272963047028
88,006785	0,0458226501941681
88,107409	0,0421626269817352
88,208471	0,0348223447799683
88,309943	0,0271972417831421
88,411543	0,017237514257431
88,512510	0,00828829407691956
88,612681	0,00284913182258606
88,714242	-0,0007304847240448
88,814274	0,000339537858963013
88,914489	0,00420850515365601
89,014926	0,0116503536701202
89,115854	0,0212617516517639
89,215981	0,0294622480869293
89,316446	0,0380510091781616
89,417197	0,0434489846229553
89,517835	0,0465753078460693
89,617902	0,0460934937000275
89,718499	0,0421132445335388
89,819281	0,034742146730423
89,921245	0,0269820094108582
90,022094	0,017210841178894
90,123328	0,00825881958007813
90,223837	0,00276991724967957
90,323984	-0,000400125980377197
90,424842	0,000501185655593872
90,526072	0,00434610247612
90,626426	0,0119640529155731
90,727319	0,0197954177856445
90,827725	0,0295760929584503
90,929092	0,0382328927516937
91,029774	0,0434470772743225
91,129938	0,0464788377285004
91,229985	0,0460611879825592
91,330564	0,0418670773506165
91,430929	0,0358708202838898
91,531484	0,0268345773220062
91,632174	0,0169483423233032
91,732749	0,00948256254196167
91,834449	0,00284108519554138
91,935196	-0,000377744436264038
92,036376	0,000238746404647827
92,136618	0,00465542078018188
92,237548	0,0122019946575165
92,338915	0,0201690495014191
92,439012	0,0299374163150787
92,539434	0,0384423434734344
92,640846	0,0436989367008209
92,741948	0,0466247498989105
92,842310	0,0460293292999268
92,943185	0,041886568069458
93,043242	0,0358205139636993
93,143525	0,0266401469707489
93,244294	0,0169068872928619
93,344565	0,00938495993614197
93,445553	0,00272101163864136
93,547498	-0,000272125005722046
93,647516	0,000286757946014404
93,749387	0,0047142505645752
93,850117	0,0124194324016571
93,951114	0,0202303528785706
94,051910	0,0300256311893463
94,152310	0,0373059809207916
94,252739	0,0436077117919922
94,353497	0,0465510785579681
94,454937	0,0459124445915222
94,555747	0,0415354371070862
94,656988	0,0341494083404541
94,757413	0,0263964831829071
94,857870	0,0165618658065796
94,958776	0,00920313596725464
95,059399	0,00257956981658936
95,160801	-0,000419646501541138
95,260916	0,000326722860336304
95,360979	0,00479254126548767
95,461531	0,0110464096069336
95,563432	0,0204603374004364
95,664050	0,0301456153392792
95,766105	0,0373373031616211
95,866283	0,0437307953834534
95,966564	0,0465002357959747
96,068365	0,0458193123340607
96,168454	0,0415202379226685
96,270222	0,0353909432888031
96,370564	0,0262267291545868
96,471389	0,0164784789085388
96,572526	0,00902941823005676
96,673106	0,00253781676292419
96,774197	-0,000353962182998657
96,875823	0,000311017036437988
96,976395	0,00492489337921143
97,077254	0,0112208724021912
97,177606	0,0205040574073792
97,279370	0,0302968919277191
97,381335	0,0374641120433807
97,481547	0,0437098741531372
97,582521	0,0465458631515503
97,684507	0,0457822382450104
97,784879	0,0413662791252136
97,885573	0,033924013376236
97,986399	0,0261285901069641
98,086539	0,0163764655590057
98,187198	0,00908225774765015
98,287415	0,00256678462028503
98,389113	-8,13603401184082E-5
98,490726	0,000572502613067627
98,591642	0,00511848926544189
98,691955	0,0114258229732513
98,793040	0,0208133459091187
98,893364	0,0304263830184937
98,993396	0,037590891122818
99,094187	0,0438239276409149
99,195925	0,0464408099651337
99,296454	0,0456938445568085
99,397965	0,0412498414516449
99,498035	0,0336445271968842
99,599175	0,0259412825107574
99,699927	0,0162148773670197
99,801306	0,00760048627853394
99,902434	0,0025506317615509
100,002464	-3,37660312652588E-5
100,102668	0,000597208738327026
100,203489	0,00531205534934998
100,305419	0,0116231739521027
100,405621	0,0209701359272003
100,507509	0,0306915044784546
100,608573	0,0377452075481415
100,708845	0,0438648164272308
100,809755	0,0465463399887085
100,910688	0,0456330478191376
101,010924	0,0411472320556641
101,111016	0,0336302816867828
101,211134	0,0258123278617859
101,312731	0,0161471962928772
101,413145	0,00892475247383118
101,513186	0,00254115462303162
101,613383	5,27799129486084E-5
101,713595	0,000838667154312134
101,813665	0,00547957420349121
101,914595	0,0119140148162842
102,014717	0,0212812125682831
102,115096	0,0292891561985016
102,216539	0,0379627048969269
102,317231	0,0440182983875275
102,418862	0,0463709831237793
102,519609	0,0456795990467072
102,620083	0,0411044657230377
102,721992	0,0349158346652985
102,823712	0,0257976353168488
102,924061	0,0176704823970795
103,024851	0,00883910059928894
103,125009	0,00263464450836182
103,225208	0,000122696161270142
103,325709	0,000924676656723022
103,427417	0,00572347640991211
103,527660	0,0120441615581512
103,627978	0,0213899910449982
103,729052	0,0294627249240875
103,829932	0,0379185378551483
103,931290	0,0439237356185913
104,031843	0,046387642621994
104,132247	0,0453459918498993
104,232369	0,040766179561615
104,334171	0,0345931351184845
104,434652	0,025353342294693
104,535246	0,0173346996307373
104,636578	0,00861790776252747
104,737040	0,00242152810096741
104,838314	0,000129371881484985
104,940314	0,00103488564491272
105,041515	0,00588768720626831
105,142626	0,01240274310112
105,242980	0,0217423439025879
105,344158	0,0312829613685608
105,444880	0,0382766127586365
105,546813	0,044163703918457
105,647444	0,0465387403964996
105,747966	0,0455707907676697
105,848611	0,0418566465377808
105,949370	0,0332013666629791
106,050151	0,0254325270652771
106,150328	0,0172975361347198
106,252229	0,00866499543190002
106,352325	0,00262182950973511
106,452852	0,000265836715698242
106,553801	0,00129953026771545
106,654123	0,00618338584899902
106,755064	0,0125786960124969
106,855449	0,0220134258270264
106,956273	0,0315167903900146
107,058024	0,0384076535701752
107,159690	0,0443395376205444
107,260548	0,0465738773345947
107,360782	0,0454728901386261
107,460953	0,0418290793895721
107,561180	0,0344949066638947
107,662010	0,0253059267997742
107,763102	0,0173123180866241
107,863463	0,00860503315925598
107,964391	0,00260189175605774
108,064748	0,000363796949386597
108,166069	0,00135603547096252
108,267742	0,00634050369262695
108,368903	0,0128133296966553
108,470523	0,0221264064311981
108,571870	0,0316467583179474
108,673079	0,0384784340858459
108,773930	0,0434998571872711
108,874544	0,0465007126331329
108,975862	0,0453402996063232
109,076268	0,0415724813938141
109,176279	0,0328626334667206
109,277777	0,0250797271728516
109,377964	0,0170436203479767
109,478227	0,00849518179893494
109,579951	0,00252121686935425
109,680634	0,000353813171386719
109,781383	0,00151658058166504
109,881636	0,00648957490921021
109,983425	0,0129478275775909
110,083807	0,0223058462142944
110,183897	0,0317046344280243
110,284505	0,0385202467441559
110,384612	0,0435326397418976
110,486349	0,046254575252533
110,586876	0,0451226830482483
110,687339	0,0413083136081696
110,788156	0,033926397562027
110,888754	0,0247363746166229
110,989316	0,0167591571807861
111,090247	0,00823599100112915
111,191380	0,00241583585739136
111,291887	0,00030103325843811
111,392283	0,00150898098945618
111,492840	0,00550663471221924
111,593974	0,0130746960639954
111,694588	0,0224121510982513
111,795198	0,0303585529327393
111,895759	0,0385967195034027
111,997221	0,0435273945331573
112,097984	0,0462027788162231
112,198571	0,044960618019104
112,298738	0,0411058962345123
112,400433	0,0337086021900177
112,501038	0,0244821906089783
112,601400	0,0165623426437378
112,702091	0,00811237096786499
112,802412	0,00230714678764343
112,904006	0,000274389982223511
113,005538	0,00157642364501953
113,107053	0,00666764378547668
113,207919	0,0132416188716888
113,308628	0,0210062265396118
113,409301	0,0319361388683319
113,509736	0,038683146238327
113,610334	0,0435065031051636
113,711246	0,0460768640041351
113,811654	0,0448518097400665
113,912230	0,0409358143806458
114,012416	0,0335045754909515
114,112603	0,0243147611618042
114,213849	0,0163455009460449
114,313983	0,00796404480934143
114,414692	0,00227200984954834
114,516633	0,000258713960647583
114,616972	0,0016462504863739
114,717619	0,00574105978012085
114,818785	0,013358473777771
114,918928	0,0210945606231689
115,019586	0,0305544435977936
115,120535	0,0386712849140167
115,220774	0,0434580147266388
115,320988	0,0459827780723572
115,422454	0,0451060235500336
115,524131	0,0406711399555206
115,624738	0,0332388579845428
115,726661	0,0240012109279633
115,827357	0,0161352753639221
115,929460	0,00782716274261475
116,029636	0,00216332077980042
116,130026	0,000300079584121704
116,231628	0,00172460079193115
116,333439	0,00692638754844666
116,434581	0,0135435163974762
116,535320	0,0212555825710297
116,635533	0,0321476757526398
116,736294	0,0387681722640991
116,836524	0,0434523224830627
116,937272	0,0458986759185791
117,038094	0,0445087254047394
117,138453	0,0404972732067108
117,238895	0,0330476462841034
117,339452	0,0238688886165619
117,439819	0,0159808397293091
117,540609	0,00774112343788147
117,641160	0,00219178199768066
117,742935	0,000354766845703125
117,844120	0,00136980414390564
117,945654	0,00607183575630188
118,046290	0,0137448012828827
118,147408	0,0214636027812958
118,248161	0,0308380424976349
118,348408	0,0388242304325104
118,449054	0,043508380651474
118,549662	0,0458592176437378
118,650947	0,0443295538425446
118,751708	0,0403595268726349
118,852043	0,0328602492809296
118,953843	0,0236596763134003
119,055160	0,0158587992191315
119,155908	0,00761330127716064
119,256323	0,00218135118484497
119,357523	0,000487864017486572
119,457987	0,0014876127243042
119,559324	0,00738668441772461
119,660101	0,0140180885791779
119,760907	0,0216388404369354
119,861235	0,0309836566448212
119,961402	0,0389182567596436
120,062176	0,0434675216674805
120,162249	0,0457850992679596
120,263330	0,0442040860652924
120,363521	0,0401039123535156
120,465305	0,032637745141983
120,565676	0,0250456035137177
120,666385	0,0156680941581726
120,767358	0,00877869129180908
120,868319	0,00285816192626953
120,969032	0,000496894121170044
121,069224	0,0016937255859375
121,169796	0,00654178857803345
121,269978	0,0142975747585297
121,371250	0,0219512283802032
121,472906	0,0311387777328491
121,574017	0,0389258563518524
121,674312	0,0434190630912781
121,775199	0,0455175638198853
121,875994	0,0437906682491302
121,977714	0,0396601855754852
122,077956	0,0319579541683197
122,179304	0,0226186215877533
122,280153	0,0146152079105377
122,381481	0,00749596953392029
122,483167	0,00059056282043457
122,583261	-0,00135162472724915
122,684854	-0,000531047582626343
122,785621	0,00376918911933899
122,885991	0,0110769271850586
122,986487	0,0184597969055176
123,086950	0,0273589193820953
123,187136	0,0350833833217621
123,288074	0,039508193731308
123,388411	0,041638046503067
123,490035	0,0402298271656036
123,590473	0,0363308191299438
123,691113	0,0304700136184692
123,792303	0,020603358745575
123,893012	0,0131166577339172
123,994761	0,00654464960098267
124,095536	0,0004921555519104
124,197342	-0,00115483999252319
124,298142	4,04119491577148E-5
124,398255	0,00483664870262146
124,498417	0,0121228396892548
124,598607	0,019475907087326
124,699510	0,0282588005065918
124,800125	0,0354625880718231
124,900370	0,0397471487522125
125,001278	0,0418404936790466
125,101512	0,0403015315532684
125,202372	0,0367082059383392
125,303845	0,0311971008777618
125,405172	0,0230442881584167
125,505992	0,0147358477115631
125,606233	0,0084247887134552
125,707748	0,00289994478225708
125,808072	0,000768333673477173
125,909383	0,00168851017951965
126,010043	0,00616914033889771
126,110238	0,0136322379112244
126,211043	0,0204864740371704
126,312274	0,0281919538974762
126,414026	0,0336336195468903
126,514849	0,0353415906429291
126,616042	0,0343326032161713
126,717554	0,0281473994255066
126,818014	0,0203567445278168
126,918835	0,0106761455535889
127,019729	-0,00468766689300537
127,119981	-0,0155802667140961
127,220222	-0,0243987143039703
127,320466	-0,031322717666626
127,420956	-0,0330193340778351
127,521611	-0,0298184454441071
127,621748	-0,0215207040309906
127,722329	-0,00972884893417358
127,822576	0,00161871314048767
127,923393	0,0143018662929535
128,023767	0,0228084623813629
128,124765	0,0294134318828583
128,225068	0,030787318944931
128,325202	0,0275789201259613
128,426355	0,0197906792163849
128,527243	0,0102387964725494
128,627299	-0,00272563099861145
128,728554	-0,0152707099914551
128,829474	-0,0239800810813904
128,930485	-0,0304245054721832
129,030768	-0,0316579043865204
129,131811	-0,0283313095569611
129,232663	-0,0199428498744965
129,334401	-0,00820472836494446
129,434539	0,00244098901748657
129,535081	0,0127947330474854
129,635361	0,0227994620800018
129,735937	0,0284432768821716
129,836461	0,0295542478561401
129,938220	0,026007205247879
130,039776	0,0176762044429779
130,140036	0,00833681225776672
130,240423	-0,00449198484420776
130,341486	-0,0169489979743958
130,441506	-0,0250354111194611
130,541753	-0,0310618281364441
130,642060	-0,0320465862751007
130,742118	-0,0278768539428711
130,843095	-0,019257664680481
130,943769	-0,00949835777282715
131,044599	0,00366529822349548
131,144936	0,0137533843517303
131,245574	0,0234741866588593
131,346159	0,0285210013389587
131,446703	0,0296562314033508
131,547322	0,0257284343242645
131,647909	0,0189969837665558
131,747968	0,00743037462234497
131,848368	-0,00548583269119263
131,949182	-0,0158618986606598
132,049232	-0,0260739028453827
132,149773	-0,0316673815250397
132,250366	-0,0322955846786499
132,350847	-0,0292105078697205
132,450997	-0,0189935266971588
132,551326	-0,00905624032020569
132,652494	0,00174310803413391
132,753334	0,0142045617103577
132,854114	0,0237939059734344
132,955048	0,0284133851528168
133,055710	0,0296045243740082
133,156492	0,025327742099762
133,257431	0,0182470381259918
133,358179	0,00894233584403992
133,459081	-0,00630801916122437
133,560288	-0,0166874527931213
133,661119	-0,0250618755817413
133,761880	-0,0320806801319122
133,861942	-0,0324910581111908
133,963304	-0,0289325714111328
134,063327	-0,0205306708812714
134,163352	-0,00861817598342896
134,264152	0,00243911147117615
134,365389	0,0126950740814209
134,465755	0,0242023468017578
134,565963	0,0288538932800293
134,666709	0,0298269391059875
134,766731	0,0253339111804962
134,868252	0,0181913673877716
134,968497	0,00855273008346558
135,068622	-0,00432887673377991
135,168664	-0,0168684422969818
135,268823	-0,0253857672214508
135,369773	-0,03142449259758
135,469888	-0,0322652757167816
135,570264	-0,0287446081638336
135,670866	-0,019899994134903
135,771623	-0,00801923871040344
135,871815	0,00293692946434021
135,971965	0,013447642326355
136,072945	0,0234120190143585
136,173825	0,029202401638031
136,274487	0,0302357375621796
136,375393	0,026448130607605
136,475924	0,0180599987506866
136,576689	0,00846853852272034
136,677384	-0,00473311543464661
136,777527	-0,0172557234764099
136,877570	-0,0256037712097168
136,978539	-0,0318245589733124
137,079290	-0,0327490568161011
137,179600	-0,0287725329399109
137,280249	-0,0200723707675934
137,381520	-0,0101442933082581
137,482586	0,00304892659187317
137,583327	0,0133599042892456
137,684194	0,0233683884143829
137,785830	0,0290663242340088
137,887631	0,0298146307468414
137,988920	0,0261001288890839
138,090837	0,0175623595714569
138,191500	0,00781148672103882
138,292465	-0,00518673658370972
138,392816	-0,0177790522575378
138,493840	-0,0261515080928802
138,594174	-0,0320887267589569
138,694957	-0,0327504873275757
138,795628	-0,029016375541687
138,895741	-0,0218333303928375
138,996489	-0,0103006660938263
139,097190	0,00282591581344604
139,197380	0,0132025182247162
139,298104	0,0229489207267761
139,399801	0,0285945236682892
139,500481	0,0293996632099152
139,601773	0,0254462659358978
139,702729	0,0170050263404846
139,803259	0,00735059380531311
139,906478	-0,00572797656059265
140,006615	-0,0180390179157257
140,107216	-0,0262376070022583
140,207396	-0,032161146402359
140,308010	-0,0325061976909637
140,408600	-0,0287157297134399
140,509555	-0,0216230452060699
140,609599	-0,00987628102302551
140,710136	0,00313672423362732
140,811503	0,013360857963562
140,911937	0,0231980383396149
141,012128	0,0286059081554413
141,112165	0,0292830169200897
141,213253	0,0254197418689728
141,313636	0,0167967975139618
141,414942	0,00712448358535767
141,515867	-0,00579544901847839
141,616574	-0,0163471400737762
141,716908	-0,0263520777225494
141,817488	-0,0314908027648926
141,917991	-0,0329171121120453
142,018433	-0,0286527574062347
142,119874	-0,0215122401714325
142,221111	-0,0099979043006897
142,322880	0,00306648015975952
142,422959	0,0132311284542084
142,523369	0,0227985084056854
142,625235	0,0282261073589325
142,726034	0,0287912786006927
142,827003	0,0246685445308685
142,927774	0,0161581635475159
143,029178	0,00640127062797546
143,129622	-0,00658270716667175
143,229938	-0,0187481939792633
143,331924	-0,0268876850605011
143,432289	-0,03195521235466
143,532598	-0,033033549785614
143,633439	-0,028747946023941
143,733756	-0,0214830338954926
143,834951	-0,0097002387046814
143,935416	0,00324442982673645
144,036601	0,013384222984314
144,138309	0,0230077505111694
144,238596	0,0281706154346466
144,339467	0,0287614166736603
144,440102	0,0246306359767914
144,540423	0,0158602297306061
144,641284	0,00617486238479614
144,742246	-0,00681814551353455
144,844016	-0,0172279179096222
144,945897	-0,0270400643348694
145,046601	-0,0319798290729523
145,146820	-0,0327627956867218
145,247570	-0,0286092162132263
145,349079	-0,0213349759578705
145,450120	-0,00969070196151733
145,550614	0,00346413254737854
145,652523	0,0135330259799957
145,752958	0,0230357646942139
145,854460	0,0283470153808594
145,954958	0,028732031583786
146,056638	0,0245296061038971
146,156892	0,0159088671207428
146,258153	0,00607374310493469
146,359640	-0,00472354888916016
146,461626	-0,0190019905567169
146,562042	-0,02710822224617
146,662839	-0,0320011377334595
146,762860	-0,0326449275016785
146,862970	-0,0286745429039001
146,964012	-0,0212817490100861
147,064491	-0,00747644901275635
147,164507	0,00327101349830627
147,264784	0,0134299993515015
147,365431	0,0228972136974335
147,465859	0,0280051529407501
147,566775	0,0285812318325043
147,666826	0,0243749916553497
147,767643	0,0156814455986023
147,867734	0,00612977147102356
147,967770	-0,00461015105247498
148,068042	-0,0169687569141388
148,169377	-0,0265077352523804
148,270249	-0,0313951373100281
148,370560	-0,0323036313056946
148,472374	-0,0276983976364136
148,573241	-0,0204915702342987
148,674496	-0,0088193416595459
148,774766	0,00412642955780029
148,875179	0,0139579772949219
148,975931	0,0233095586299896
149,077244	0,0283199846744537
149,178189	0,0285063087940216
149,278948	0,0253424346446991
149,379390	0,0173008739948273
149,479726	0,00582599639892578
149,580832	-0,00471493601799011
149,681415	-0,0169518291950226
149,782230	-0,026536613702774
149,882601	-0,0311238467693329
149,983609	-0,0319021940231323
150,084073	-0,0273207128047943
150,184277	-0,0198769271373749
150,285184	-0,0083213746547699
150,385649	0,00228768587112427
150,486944	0,0142923295497894
150,587922	0,023281067609787
150,688789	0,0276002585887909
150,788816	0,0282569229602814
150,889397	0,0247885286808014
150,989948	0,0165852308273315
151,090092	0,00522476434707642
151,190244	-0,00547003746032715
151,291197	-0,0175341069698334
151,391547	-0,0255058705806732
151,491727	-0,0313903987407684
151,592542	-0,0318254828453064
151,693383	-0,0281007587909698
151,794985	-0,019551008939743
151,895150	-0,00768017768859863
151,995199	0,00303849577903748
152,096118	0,0130188763141632
152,196209	0,0227140188217163
152,296553	0,0281469225883484
152,398380	0,0288173854351044
152,500021	0,0251228809356689
152,600641	0,0167520046234131
152,701186	0,00725603103637695
152,801766	-0,00532788038253784
152,902620	-0,0175157487392426
153,002682	-0,0255129635334015
153,103387	-0,0310755670070648
153,204020	-0,0315570533275604
153,305383	-0,0277367532253265
153,407201	-0,0189252495765686
153,507485	-0,00721859931945801
153,608148	0,00351536273956299
153,708731	0,0153762996196747
153,809677	0,022962212562561
153,910684	0,0283337235450745
154,010758	0,028960108757019
154,111060	0,0248938500881195
154,212264	0,0165132582187653
154,312315	0,00693970918655396
154,413004	-0,00590074062347412
154,513186	-0,0178656876087189
154,613240	-0,0258251130580902
154,713505	-0,0308984816074371
154,813638	-0,0316730439662933
154,914459	-0,0278584063053131
155,014479	-0,0208006203174591
155,114568	-0,00711670517921448
155,215189	0,00352391600608826
155,315344	0,0135263502597809
155,415592	0,0230737030506134
155,516541	0,0282204151153564
155,617575	0,0287699401378632
155,719369	0,0258479118347168
155,821342	0,016274482011795
155,921638	0,00678440928459167
156,022501	-0,00376886129379272
156,122871	-0,0179924070835114
156,223477	-0,0258132815361023
156,324110	-0,0307114720344543
156,425016	-0,0315329134464264
156,525586	-0,0275171399116516
156,627523	-0,0203898251056671
156,729142	-0,00899943709373474
156,829281	0,00380146503448486
156,929998	0,0136794447898865
157,030452	0,022958904504776
157,131242	0,0281056463718414
157,233001	0,028501570224762
157,333475	0,0253462195396423
157,434253	0,0158158838748932
157,534259	0,00618290901184082
157,634927	-0,00441449880599976
157,735030	-0,01840540766716
157,835953	-0,0262352228164673
157,937441	-0,0310282111167908
158,038123	-0,0315442979335785
158,138515	-0,0275474190711975
158,239147	-0,0203101933002472
158,341059	-0,00874623656272888
158,441946	0,00390532612800598
158,542910	0,0138044059276581
158,643613	0,0217670202255249
158,745170	0,0279032289981842
158,845968	0,0282768309116364
158,947126	0,0250560343265533
159,048414	0,0152899920940399
159,149024	0,00575053691864014
159,250950	-0,00485846400260925
159,351569	-0,0188536643981934
159,451791	-0,0264713168144226
159,552011	-0,0311764180660248
159,652722	-0,0319746136665344
159,753721	-0,0273339450359344
159,854471	-0,0200676620006561
159,955134	-0,00850972533226013
160,055987	0,00428110361099243
160,156216	0,0140209496021271
160,256283	0,0218823850154877
160,356857	0,0280113220214844
160,457292	0,0281497538089752
160,558684	0,0248444974422455
160,659390	0,0150400996208191
160,760074	0,0053381621837616
160,861244	-0,00522786378860474
160,963109	-0,0173099040985107
161,065070	-0,0267798006534576
161,165664	-0,031305193901062
161,265904	-0,0319414734840393
161,366916	-0,0273396372795105
161,468333	-0,0199084579944611
161,568392	-0,00831565260887146
161,668520	0,00434181094169617
161,768913	0,0141568779945374
161,869361	0,0218999683856964
161,969508	0,0278140604496002
162,070059	0,0279548764228821
162,170072	0,0245172679424286
162,270870	0,0145975649356842
162,371548	0,00499987602233887
162,472337	-0,0056188702583313
162,572419	-0,0176707208156586
162,673217	-0,0268891155719757
162,774206	-0,0313946604728699
162,874249	-0,0318761467933655
162,974590	-0,0270405411720276
163,075044	-0,0196649730205536
163,175486	-0,0100932717323303
163,276188	0,0046786367893219
163,376521	0,0143228471279144
163,477489	0,022020548582077
163,578488	0,027414858341217
163,679425	0,0277538597583771
163,780046	0,024269700050354
163,881018	0,0159960985183716
163,981166	0,0045073926448822
164,081632	-0,00600361824035645
164,181992	-0,017983466386795
164,283924	-0,0271891355514526
164,385041	-0,0315045118331909
164,486865	-0,0322013795375824
164,587036	-0,0270074009895325
164,687942	-0,0194808542728424
164,788918	-0,00991061329841614
164,889544	0,00477117300033569
164,990123	0,0144420862197876
165,090947	0,0219782888889313
165,192780	0,027182549238205
165,292919	0,0275234282016754
165,393360	0,0238650739192963
165,493501	0,015514075756073
165,593912	0,00409227609634399
165,694452	-0,00649705529212952
165,794493	-0,0183691084384918
165,894985	-0,0261396765708923
165,995777	-0,0316735208034515
166,096277	-0,0322184264659882
166,196867	-0,0279805064201355
166,296928	-0,0193367898464203
166,397799	-0,00967684388160706
166,497825	0,00294548273086548
166,598344	0,0144945383071899
166,698369	0,022037148475647
166,800201	0,027117133140564
166,900533	0,0275442898273468
167,001783	0,0235453248023987
167,102092	0,015091598033905
167,203093	0,00562950968742371
167,304400	-0,00685593485832214
167,405880	-0,0168778598308563
167,506602	-0,0264084041118622
167,607465	-0,0316503345966339
167,708291	-0,0321256220340729
167,809057	-0,0277604162693024
167,909838	-0,0188932120800018
168,010246	-0,00923675298690796
168,111191	0,00338014960289001
168,213133	0,0149766802787781
168,313440	0,0223376452922821
168,415153	0,0273081958293915
168,515614	0,0273518264293671
168,616042	0,0235106945037842
168,716458	0,0150119662284851
168,816743	0,00555452704429626
168,918706	-0,00705352425575256
169,020448	-0,016968309879303
169,121065	-0,0263786017894745
169,222071	-0,0316129326820374
169,323677	-0,0319173336029053
169,424791	-0,027437150478363
169,526138	-0,0185989439487457
169,627133	-0,00888144969940186
169,728136	0,00370940566062927
169,828709	0,0151063799858093
169,929630	0,0224657952785492
170,030175	0,0272593796253204
170,130648	0,0271180868148804
170,230824	0,023286759853363
170,331987	0,0163311958312988
170,432686	0,00308498740196228
170,533078	-0,00736117362976074
170,634893	-0,0172571241855621
170,735712	-0,0265687704086304
170,836517	-0,0315329134464264
170,936596	-0,0317762494087219
171,038415	-0,0271730720996857
171,138916	-0,0181421339511871
171,239348	-0,00849297642707825
171,340159	0,00410935282707214
171,440477	0,015511691570282
171,540815	0,0226594507694244
171,641165	0,0273788273334503
171,743040	0,0270962715148926
171,843139	0,0230632722377777
171,943714	0,0160780847072601
172,044038	0,0048186182975769
172,144414	-0,00779929757118225
172,245101	-0,0175826251506805
172,345298	-0,0268304347991943
172,446297	-0,0317838191986084
172,547004	-0,0318259596824646
172,647407	-0,0271948277950287
172,748314	-0,0199141204357147
172,848767	-0,00840169191360474
172,949250	0,00408706068992615
173,049961	0,0136813521385193
173,151090	0,0225379467010498
173,252174	0,0266335308551788
173,353113	0,0271024405956268
173,453827	0,0226138830184937
173,553828	0,0154687762260437
173,654550	0,004232257604599
173,755544	-0,00829508900642395
173,856408	-0,0180804431438446
173,956555	-0,0271531641483307
174,056802	-0,0315258204936981
174,157586	-0,0319959223270416
174,259002	-0,0271408557891846
174,359324	-0,0197629332542419
174,459760	-0,00823009014129639
174,560670	0,00435131788253784
174,661080	0,0138759613037109
174,761357	0,0226323902606964
174,861473	0,0267482697963715
174,962330	0,0271019637584686
175,063051	0,0236349999904633
175,163402	0,0155016779899597
175,263455	0,00417530536651611
175,363630	-0,00620657205581665
175,464607	-0,0179495513439178
175,564784	-0,0270097851753235
175,665210	-0,0312142968177795
175,766203	-0,0318387448787689
175,867930	-0,0266785323619843
175,968095	-0,0192449688911438
176,068506	-0,00978657603263855
176,170368	0,0046459436416626
176,271264	0,014139711856842
176,371479	0,0215756595134735
176,471586	0,0266520380973816
176,572497	0,0269360244274139
176,672625	0,0233232975006104
176,772696	0,015023410320282
176,872830	0,0037710964679718
176,973007	-0,00663724541664124
177,073294	-0,0165592730045319
177,173807	-0,0271801650524139
177,274239	-0,0313463807106018
177,374684	-0,0318951010704041
177,475023	-0,0276908278465271
177,575691	-0,0191503167152405
177,676799	-0,00968879461288452
177,777435	0,00274616479873657
177,879227	0,0140829384326935
177,980229	0,0214322507381439
178,080513	0,0264215767383575
178,181425	0,0264647305011749
178,282258	0,0227980315685272
178,383529	0,0161205232143402
178,484838	0,00312438607215881
178,586588	-0,00720521807670593
178,687422	-0,0169998705387115
178,788179	-0,0275417268276215
178,888323	-0,0314974188804626
178,989315	-0,0318747162818909
179,090683	-0,0263937413692474
179,191227	-0,0188404619693756
179,292246	-0,00931695103645325
179,392712	0,00306221842765808
179,493529	0,0144368410110474
179,595368	0,0217024385929108
179,695536	0,0260285437107086
179,796042	0,0265022218227386
179,897531	0,0227078497409821
179,998386	0,0142384171485901
180,098443	0,00290846824645996
180,199053	-0,00746256113052368
180,299134	-0,0172429978847504
180,400085	-0,0276165306568146
180,500888	-0,0315419137477875
180,601816	-0,0318439900875092
180,703782	-0,0273708701133728
180,805117	-0,0186252892017365
180,906443	-0,00909829139709473
181,007083	0,00331750512123108
181,107502	0,0145288705825806
181,207955	0,021687239408493
181,309434	0,0259664356708527
181,410515	0,0261959135532379
181,511483	0,0223414599895477
181,612112	0,0155112147331238
181,712799	0,00239971280097961
181,813295	-0,00793030858039856
181,913970	-0,0175642669200897
182,014083	-0,0278806388378143
182,114887	-0,0315646529197693
182,215424	-0,0316962599754333
182,315826	-0,0271763801574707
182,417496	-0,0182245671749115
182,518900	-0,00863012671470642
182,619015	0,00369897484779358
182,719399	0,0149614214897156
182,819708	0,0220476090908051
182,920624	0,026139497756958
183,021679	0,0263504981994629
183,123583	0,0223091542720795
183,223667	0,0153686702251434
183,324331	0,00235128402709961
183,424553	-0,00801113247871399
183,524719	-0,0176339745521545
183,625245	-0,0265843868255615
183,725386	-0,0313965678215027
183,826838	-0,0314103066921234
183,928473	-0,0266596078872681
184,029326	-0,0177474915981293
184,131073	-0,0081043541431427
184,232603	0,00223925709724426
184,333061	0,0152957141399384
184,433271	0,0223034918308258
184,534188	0,0263419449329376
184,635590	0,0262466371059418
184,735637	0,0222099423408508
184,836701	0,0152146518230438
184,936830	0,00202944874763489
185,037326	-0,00822865962982178
185,138641	-0,017790824174881
185,240223	-0,0267301201820374
185,340947	-0,0312573611736298
185,441142	-0,0311868488788605
185,541735	-0,026414543390274
185,642285	-0,0172948241233826
185,742547	-0,0077318549156189
185,842839	0,00253307819366455
185,943186	0,0156113505363464
186,043772	0,0223770439624786
186,144382	0,0262926518917084
186,244529	0,0261096060276031
186,345363	0,0218320786952972
186,446337	0,0147906839847565
186,546503	0,00367239117622375
186,647037	-0,00871232151985168
186,747503	-0,0181308388710022
186,847668	-0,0268980860710144
186,948111	-0,031412661075592
187,048736	-0,0311011373996735
187,148797	-0,0273268520832062
187,249473	-0,0188159942626953
187,349764	-0,00732049345970154
187,450104	0,00292223691940308
187,550149	0,014188826084137
187,652089	0,0226665735244751
187,752337	0,0264381766319275
187,852395	0,0265244841575623
187,952755	0,0229584276676178
188,053609	0,0146614611148834
188,153914	0,00346696376800537
188,254655	-0,00671860575675964
188,355301	-0,0182584524154663
188,457126	-0,0257049798965454
188,558521	-0,0307659208774567
188,658641	-0,0308719873428345
188,758743	-0,026937872171402
188,858768	-0,0182697772979736
188,959236	-0,00891390442848206
189,059529	0,00342282652854919
189,159768	0,014665275812149
189,261245	0,021781712770462
189,361483	0,0266572535037994
189,462288	0,0265690386295319
189,563118	0,0227719247341156
189,663357	0,0145031213760376
189,763431	0,00318890810012817
189,863737	-0,00708943605422974
189,964616	-0,0167218744754791
190,065621	-0,0259230136871338
190,166169	-0,0309467911720276
190,266717	-0,0311920344829559
190,367333	-0,0268664062023163
190,467401	-0,0181685388088226
190,568211	-0,00869461894035339
190,669015	0,00349923968315125
190,769295	0,0146733820438385
190,869815	0,0217940807342529
190,970109	0,0259725749492645
191,070636	0,0262983441352844
191,171649	0,0224667489528656
191,272156	0,0156542658805847
191,372473	0,00274285674095154
191,473873	-0,00748267769813538
191,574861	-0,0171294510364532
191,675653	-0,0261297225952148
191,776860	-0,0310182571411133
191,878557	-0,0312171280384064
191,979296	-0,0277632772922516
192,079482	-0,0179490745067596
192,179889	-0,00849059224128723
192,280116	0,00173884630203247
192,380791	0,0148093104362488
192,481710	0,0218035876750946
192,581803	0,0259417593479156
192,682613	0,0260863900184631
192,783014	0,0221672356128693
192,883630	0,015362948179245
192,983773	0,00438547134399414
193,084464	-0,0078275203704834
193,185078	-0,0173287391662598
193,285822	-0,0250037312507629
193,385939	-0,030968576669693
193,487136	-0,0309875011444092
193,587504	-0,0274991691112518
193,687791	-0,0175392925739288
193,788329	-0,00802019238471985
193,889546	0,0021604597568512
193,990206	0,0134839117527008
194,091546	0,0220794379711151
194,192102	0,0260498821735382
194,292143	0,0264571607112885
194,393196	0,022039532661438
194,493812	0,015084445476532
194,593878	0,00410935282707214
194,694895	-0,00807997584342957
194,796846	-0,0175783932209015
194,897312	-0,0251654088497162
194,998156	-0,030947744846344
195,098197	-0,030904620885849
195,198999	-0,0272449851036072
195,299547	-0,0189035832881927
195,400560	-0,0076945424079895
195,502055	0,00253307819366455
195,602788	0,0137681663036346
195,703615	0,0222099423408508
195,804153	0,0261380970478058
195,905242	0,0263613760471344
196,007115	0,0217926502227783
196,107319	0,0148212313652039
196,207330	0,00372269749641418
196,307846	-0,0084834098815918
196,409758	-0,0179043114185333
196,509912	-0,0254907310009003
196,610136	-0,0311617255210876
196,711056	-0,0309600532054901
196,811707	-0,0272989273071289
196,913402	-0,0188564956188202
197,013415	-0,00757691264152527
197,113662	0,00257152318954468
197,213951	0,0138096511363983
197,314059	0,0222080647945404
197,414972	0,0260020196437836
197,515896	0,0262039601802826
197,616295	0,0215728282928467
197,717675	0,0144811868667603
197,818444	0,00542405247688293
197,920314	-0,00872424244880676
198,021790	-0,0181110799312592
198,123399	-0,0255049169063568
198,224075	-0,0306527614593506
198,324498	-0,0307777523994446
198,424813	-0,0269207954406738
198,525311	-0,0184760391712189
198,626401	-0,00718322396278381
198,728290	0,00301763415336609
198,829991	0,0140991508960724
198,931878	0,0223960280418396
199,032305	0,0261404514312744
199,132684	0,0261077284812927
199,233930	0,0214151740074158
199,335605	0,0143137872219086
199,436321	0,00514933466911316
199,537239	-0,00888574123382568
199,638243	-0,0181991457939148
199,739322	-0,0255512893199921
199,841318	-0,0308520793914795
199,942324	-0,0304765999317169
200,043836	-0,0265995264053345
200,143881	-0,0162792503833771
200,244512	-0,00671571493148804
200,346320	0,0033886730670929
200,446906	0,0144635438919067
200,547593	0,0226038992404938
200,649093	0,0261826515197754
200,749348	0,0261006057262421
200,850411	0,0212099850177765
200,951399	0,0140118896961212
201,051929	0,00293931365013123
201,152811	-0,00923341512680054
201,254317	-0,0184779167175293
201,355887	-0,0268266499042511
201,455932	-0,0309950709342957
201,556449	-0,0304922461509705
201,657612	-0,026466578245163
201,758135	-0,0179471671581268
201,859952	-0,0065707266330719
201,961857	0,00546389818191528
202,062373	0,0144015252590179
202,163083	0,0224999785423279
202,265042	0,0259759128093719
202,365968	0,0256942510604858
202,466534	0,0208228528499603
202,567969	0,0118296146392822
202,669561	0,00240585207939148
202,770587	-0,00958380103111267
202,871029	-0,0204237401485443
202,972909	-0,0270296633243561
203,074543	-0,0309008359909058
203,175844	-0,0297933518886566
203,276284	-0,0250046849250793
203,376798	-0,0174846649169922
203,478324	-0,00414422154426575
203,579054	0,00584545731544495
203,680499	0,0147744715213776
203,781106	0,0226190984249115
203,881671	0,0262950360774994
203,982210	0,025663435459137
204,082721	0,0205359160900116
204,182943	0,0115583539009094
204,283956	0,00210395455360413
204,384977	-0,00998502969741821
204,485969	-0,0206319391727448
204,586444	-0,0271891355514526
204,687057	-0,030696302652359
204,788740	-0,0296390056610107
204,889630	-0,024812251329422
204,991333	-0,0172915160655975
205,092987	-0,00382241606712341
205,193526	0,00606614351272583
205,294205	0,014906108379364
205,395701	0,0236753225326538
205,496422	0,0262357294559479
205,597080	0,0254799425601959
205,697455	0,020341545343399
205,797872	0,0112113356590271
205,899327	0,00175356864929199
206,000300	-0,0102334320545197
206,100719	-0,0208939015865326
206,202282	-0,0273372828960419
206,303857	-0,0306745171546936
206,404282	-0,0295713245868683
206,506089	-0,024617999792099
206,607528	-0,0169588625431061
206,709154	-0,00361105799674988
206,810607	0,00633245706558228
206,912028	0,0151660144329071
207,013516	0,0236871838569641
207,115043	0,0262575447559357
207,215814	0,0254396498203278
207,317523	0,0201025009155273
207,418490	0,011052131652832
207,519868	0,00158306956291199
207,620093	-0,0104321837425232
207,720308	-0,0208302736282349
207,820918	-0,0272246301174164
207,921823	-0,0307493209838867
208,022372	-0,0290826559066772
208,122697	-0,0241496860980988
208,224094	-0,0146804451942444
208,324709	-0,00293532013893127
208,425421	0,00684142112731934
208,527062	0,0171436667442322
208,627513	0,023215115070343
208,728808	0,0263751447200775
208,829466	0,0248966813087463
208,930635	0,020081102848053
209,032098	0,0107819139957428
209,132531	-0,000633358955383301
209,233253	-0,0106313526630402
209,334346	-0,0211167931556702
209,435240	-0,0273273289203644
209,535705	-0,0307526290416718
209,637222	-0,029096394777298
209,738200	-0,0239493548870087
209,838779	-0,0144948065280914
209,939464	-0,00283932685852051
210,040420	0,00701901316642761
210,141914	0,0171250998973846
210,242815	0,0230599641799927
210,344451	0,0262589752674103
210,446007	0,0245367288589478
210,546441	0,0196727812290192
210,646843	0,010442703962326
210,748606	-0,00112006068229675
210,849061	-0,0110151469707489
210,949967	-0,0212953984737396
211,050352	-0,0275034010410309
211,151142	-0,0307005643844604
211,251338	-0,028849720954895
211,351365	-0,0237528383731842
211,451366	-0,0141379535198212
211,553175	-0,00247162580490112
211,653319	0,00725603103637695
211,753853	0,0174123346805573
211,854695	0,0232345759868622
211,955203	0,0261940062046051
212,056687	0,0244409143924713
212,156796	0,0194202661514282
212,257062	0,0100363790988922
212,357917	0,000565856695175171
212,457976	-0,0113729238510132
212,558485	-0,0216583907604218
212,660383	-0,027678519487381
212,761417	-0,0308672487735748
212,862288	-0,0289344489574432
212,963434	-0,0236479938030243
213,063756	-0,0140897035598755
213,164753	-0,00438913702964783
213,264992	0,00740188360214233
213,366229	0,0173185169696808
213,467206	0,0231036245822906
213,568614	0,0260375440120697
213,670099	0,0240524709224701
213,772079	0,0190764367580414
213,873570	0,00970825552940369
213,975553	-0,00186794996261597
214,076036	-0,0116496682167053
214,176143	-0,0218262374401093
214,277583	-0,0286361873149872
214,377978	-0,0307024717330933
214,478617	-0,0286717116832733
214,579109	-0,0219512283802032
214,679647	-0,0136237740516663
214,781046	-0,00397303700447083
214,882462	0,00767317414283752
214,982509	0,0176352262496948
215,084510	0,0232217609882355
215,184641	0,0259555280208588
215,284663	0,0239609181880951
215,386146	0,0187643468379974
215,488115	0,009307861328125
215,588844	-0,00217092037200928
215,689722	-0,0120315849781036
215,791454	-0,0220794975757599
215,892775	-0,0287114679813385
215,993787	-0,0308061540126801
216,094235	-0,0292625725269318
216,195254	-0,0216890275478363
216,296662	-0,0134439170360565
216,397054	-0,00365936756134033
216,497110	0,00981205701828003
216,598569	0,0177643001079559
216,699503	0,0234077572822571
216,801283	0,0259744822978973
216,901721	0,0238570272922516
217,001764	0,0187667310237885
217,102291	0,00919744372367859
217,202634	-0,0023040771484375
217,303667	-0,01198410987854
217,404321	-0,0220474302768707
217,506284	-0,0285216271877289
217,606752	-0,0303492248058319
217,707266	-0,0288208425045013
217,807592	-0,0210932493209839
217,907905	-0,0127366483211517
218,008869	-0,00307291746139526
218,109498	0,0103921890258789
218,209978	0,0183174908161163
218,311302	0,0237061679363251
218,411733	0,0262381136417389
218,513711	0,0239419341087341
218,614152	0,0185801982879639
218,716052	0,00905418395996094
218,817523	-0,00255420804023743
218,918938	-0,0123553276062012
219,020714	-0,0222073495388031
219,122109	-0,0287289917469025
219,223006	-0,0305911898612976
219,323526	-0,0280988812446594
219,424461	-0,0211865603923798
219,524857	-0,0128376185894012
219,626636	-0,00110718607902527
219,727686	0,0101230442523956
219,829234	0,0179790556430817
219,930600	0,0234030187129974
220,031081	0,0256734192371368
220,132563	0,0233564972877502
220,233511	0,0180180668830872
220,334679	0,00832775235176086
220,436184	-0,00310924649238586
220,536360	-0,01278355717659
220,637899	-0,022614985704422
220,739841	-0,028822273015976
220,840307	-0,030523955821991
220,941006	-0,0279951989650726
221,041726	-0,0208288729190826
221,142172	-0,0124207735061646
221,242401	-0,000750958919525146
221,342763	0,0105975270271301
221,444430	0,0183222591876984
221,544898	0,0242924392223358
221,645426	0,0259014666080475
221,746186	0,0233783423900604
221,846744	0,0179528295993805
221,946785	0,00835153460502625
222,048743	-0,0032215416431427
222,150237	-0,0128788352012634
222,252204	-0,0225371420383453
222,352696	-0,0287928879261017
222,454465	-0,0302484035491943
222,555898	-0,0276515483856201
222,657807	-0,0205730795860291
222,758790	-0,0102091133594513
222,859237	-0,000452965497970581
222,960122	0,00892713665962219
223,060578	0,0184164941310883
223,162432	0,0242142081260681
223,264328	0,0256155729293823
223,364825	0,0222061574459076
223,465533	0,0160971581935883
223,565928	0,00777867436408997
223,667387	-0,00365695357322693
223,768395	-0,0150851607322693
223,868740	-0,0228764414787292
223,968986	-0,0288586914539337
224,070410	-0,0302247107028961
224,170816	-0,0274930000305176
224,272565	-0,0202089250087738
224,372971	-0,00986337661743164
224,474403	-5,65946102142334E-5
224,574889	0,00936451554298401
224,675435	0,0198705494403839
224,775445	0,0243915915489197
224,875841	0,0257289111614227
224,977838	0,0220494866371155
225,079093	0,0159817934036255
225,180468	0,00762709975242615
225,281441	-0,00392520427703857
225,382160	-0,0152008533477783
225,483061	-0,0229416191577911
225,584731	-0,0288601219654083
225,685185	-0,0299974381923676
225,785228	-0,0272355079650879
225,886662	-0,0198886692523956
225,987569	-0,00941342115402222
226,087949	0,000319123268127441
226,189467	0,00968536734580994
226,290909	0,020184725522995
226,392295	0,0245063602924347
226,494173	0,0257421731948853
226,594832	0,02201247215271
226,695204	0,0157643854618073
226,796070	0,00740709900856018
226,896482	-0,00607448816299438
226,997048	-0,0154221951961517
227,097480	-0,0230487585067749
227,198928	-0,0288620293140411
227,299529	-0,0299666523933411
227,400158	-0,0270254015922546
227,501135	-0,0210866332054138
227,601640	-0,0091756284236908
227,703523	0,000626683235168457
227,803980	0,00992444157600403
227,904845	0,0202474296092987
228,005809	0,0245424211025238
228,106196	0,0256373882293701
228,207087	0,0217394828796387
228,309063	0,0154930949211121
228,409684	0,00703802704811096
228,509875	-0,00447478890419006
228,610834	-0,0156750977039337
228,712717	-0,0232815146446228
228,813359	-0,0289401412010193
228,913590	-0,0298724472522736
229,013680	-0,0269170105457306
229,114169	-0,0208943784236908
229,215182	-0,00887569785118103
229,315811	0,000819176435470581
229,415929	0,0100811421871185
229,516680	0,020304948091507
229,618646	0,0244475603103638
229,720776	0,0254818201065063
229,820803	0,0214545726776123
229,922358	0,0151016116142273
230,023734	0,00667378306388855
230,123810	-0,0048484206199646
230,224244	-0,016022264957428
230,324504	-0,023467093706131
230,425451	-0,029016375541687
230,525621	-0,0298464000225067
230,627459	-0,0267182886600494
230,727603	-0,0191517174243927
230,828438	-0,0086439847946167
230,929387	0,00112280249595642
231,031248	0,0103064477443695
231,132893	0,0204175710678101
231,234326	0,0245291292667389
231,334382	0,025400310754776
231,436113	0,0222569406032562
231,536303	0,0149351954460144
231,638076	0,00456669926643372
231,738304	-0,00501734018325806
231,838351	-0,0160623490810394
231,938875	-0,0235053598880768
232,041287	-0,0288724601268768
232,142730	-0,0295471549034119
232,243677	-0,0263970494270325
232,345666	-0,0186794400215149
232,445763	-0,00816649198532104
232,546130	0,00150376558303833
232,646737	0,012348860502243
232,747693	0,0205767452716827
232,848064	0,0245210528373718
232,948766	0,0251176655292511
233,048807	0,0220134258270264
233,149637	0,0145517587661743
233,250174	0,00606000423431396
233,350181	-0,00548774003982544
233,450433	-0,0164828896522522
233,551291	-0,0237731635570526
233,652176	-0,029081255197525
233,752412	-0,0295869112014771
233,852672	-0,0262943804264069
233,952834	-0,0201105177402496
234,053236	-0,00794181227684021
234,154036	0,00173693895339966
234,254629	0,0108033716678619
234,355039	0,0207045674324036
234,455597	0,0245632827281952
234,556705	0,0252110958099365
234,658196	0,0218254327774048
234,758454	0,0142823159694672
234,858986	0,00570878386497498
234,959815	-0,00382336974143982
235,060079	-0,0167478024959564
235,161813	-0,0240098237991333
235,263160	-0,0286035239696503
235,363587	-0,0295949578285217
235,464938	-0,0262309610843658
235,565623	-0,0198863446712494
235,666622	-0,00774618983268738
235,767046	0,00192973017692566
235,868588	0,0110235512256622
235,969843	0,0196537673473358
236,070785	0,0245481133460999
236,171302	0,0251712501049042
236,272279	0,0216454863548279
236,372920	0,0140524208545685
236,473388	0,00549808144569397
236,574315	-0,0060160756111145
236,674577	-0,0168816149234772
236,775871	-0,0240230560302734
236,877330	-0,0285566449165344
236,978353	-0,029325544834137
237,078608	-0,0258624851703644
237,179045	-0,0195213556289673
237,280129	-0,0072559118270874
237,380925	0,00240018963813782
237,482503	0,0113877058029175
237,583088	0,0199793875217438
237,683161	0,0247121751308441
237,783180	0,0251849889755249
237,883236	0,0224957168102264
237,984823	0,013853520154953
238,085728	0,00522807240486145
238,186368	-0,00429779291152954
238,286760	-0,0171195566654205
238,387202	-0,0241912603378296
238,487698	-0,0285912156105042
238,588120	-0,0293028056621552
238,689096	-0,0257158577442169
238,790771	-0,0192656815052032
238,891880	-0,00893348455429077
238,993585	0,00264129042625427
239,094024	0,0116274654865265
239,194064	0,0200616121292114
239,294182	0,0247368514537811
239,395428	0,0251314342021942
239,496772	0,0222972929477692
239,597797	0,0136370062828064
239,697882	0,00495478510856628
239,799973	-0,00656595826148987
239,900731	-0,0173245072364807
240,000870	-0,0243585407733917
240,101624	-0,0287119448184967
240,203451	-0,029186338186264
240,304351	-0,0255758762359619
240,404905	-0,0190970897674561
240,505092	-0,0086454451084137
240,606603	0,00283065438270569
240,707022	0,0117819309234619
240,807779	0,02018803358078
240,908658	0,0246856510639191
241,009598	0,0250128507614136
241,109726	0,0221482515335083
241,211308	0,0133222043514252
241,312787	0,00468292832374573
241,412821	-0,0067879855632782
241,513923	-0,0175463855266571
241,615699	-0,024439811706543
241,716406	-0,0291541516780853
241,817718	-0,0294472277164459
241,918735	-0,0253422558307648
242,019786	-0,0172321796417236
242,120156	-0,00839117169380188
242,220774	0,00313481688499451
242,321332	0,0119774043560028
242,422254	0,0202251374721527
242,522672	0,0246737897396088
242,622731	0,0248582661151886
242,723175	0,0209164321422577
242,824911	0,0130384564399719
242,926004	0,0043119490146637
243,027058	-0,00523075461387634
243,127798	-0,0177554786205292
243,228242	-0,024614691734314
243,328598	-0,028724730014801
243,428924	-0,0292971432209015
243,529268	-0,0251441597938538
243,629368	-0,0185009837150574
243,729373	-0,00991585850715637
243,829801	0,00338062644004822
243,930097	0,0122320353984833
244,030176	0,0192785561084747
244,130738	0,0246618986129761
244,231587	0,0247989594936371
244,331837	0,0217271447181702
244,432791	0,0127618312835693
244,533663	0,00408706068992615
244,634951	-0,00545424222946167
244,735674	-0,0163112878799438
244,837633	-0,0246255695819855
244,937869	-0,0286551415920258
245,038615	-0,0291342735290527
245,140599	-0,0248004496097565
245,241091	-0,0181798040866852
245,342089	-0,00955134630203247
245,442978	0,00376918911933899
245,544671	0,0124756991863251
245,645440	0,0194340646266937
245,745441	0,0246861279010773
245,846490	0,0246410667896271
245,948032	0,0214621722698212
246,049949	0,0123889148235321
246,150294	0,00361782312393188
246,251203	-0,00587105751037598
246,352152	-0,0167006552219391
246,454153	-0,0249451100826263
246,554765	-0,0288317501544952
246,655235	-0,0291882455348969
246,756784	-0,024738997220993
246,857625	-0,0179820358753204
246,957694	-0,00742766261100769
247,058589	0,00399121642112732
247,160067	0,0127012729644775
247,260249	0,0206618010997772
247,361015	0,0246917903423309
247,462868	0,0245917141437531
247,563404	0,0213282406330109
247,664407	0,0137648284435272
247,764411	0,00343897938728333
247,866181	-0,00608596205711365
247,966676	-0,0168311893939972
248,068025	-0,0249597728252411
248,168217	-0,0287976562976837
248,268560	-0,0289789736270905
248,370224	-0,0244280099868774
248,471441	-0,0176528096199036
248,573214	-0,0070444643497467
248,673584	0,00431668758392334
248,775525	0,0129478275775909
248,876453	0,0208432972431183
248,977134	0,0247098207473755
249,077698	0,0244987905025482
249,179002	0,0201343297958374
249,280931	0,0134767591953278
249,381886	0,00310778617858887
249,482755	-0,00828027725219727
249,583928	-0,0170823633670807
249,684779	-0,025091677904129
249,786099	-0,0291456282138824
249,887749	-0,0288795530796051
249,988410	-0,0241794586181641
250,089785	-0,0156996250152588
250,190550	-0,00671955943107605
250,292415	0,00465968251228333
250,393215	0,0147430002689362
250,493995	0,0209525525569916
250,594686	0,0247297286987305
250,695519	0,0239575803279877
250,795690	0,0198886096477509
250,895934	0,0132220685482025
250,996920	0,00278839468955994
251,097197	-0,00859665870666504
251,198457	-0,0172557234764099
251,299356	-0,0252278447151184
251,399752	-0,0291087031364441
