0,100709	0,00849038362503052
0,201066	0,00538492202758789
0,301900	0,00257119536399841
0,402107	-0,000720202922821045
0,502861	-0,00294443964958191
0,603982	-0,00458997488021851
0,705082	-0,0049741268157959
0,805144	-0,0041203498840332
0,906127	-0,0019422173500061
1,006165	0,000578731298446655
1,106738	0,00395631790161133
1,206886	0,00726205110549927
1,307738	0,00944274663925171
1,408357	0,0108684897422791
1,508363	0,0113954842090607
1,608888	0,0105168223381042
1,709043	0,00880813598632813
1,809463	0,00536054372787476
1,910275	0,00255504250526428
2,010978	-0,000190287828445435
2,112773	-0,00287127494812012
2,213738	-0,00451162457466125
2,313984	-0,00485187768936157
2,414920	-0,00390183925628662
2,515619	-0,00175082683563232
2,615620	0,00075259804725647
2,716262	0,00356847047805786
2,817150	0,00732874870300293
2,917613	0,00950324535369873
3,019084	0,0109284520149231
3,120107	0,0112986266613007
3,220720	0,0104299783706665
3,322323	0,00869151949882507
3,422993	0,00571215152740479
3,523710	0,00237730145454407
3,624216	-0,000340759754180908
3,724729	-0,0030289888381958
3,825667	-0,00454747676849365
3,926349	-0,00480610132217407
4,027002	-0,00408357381820679
4,127789	-0,00155234336853027
4,227985	0,000929862260818481
4,327989	0,00372138619422913
4,429577	0,00753355026245117
4,529890	0,00961506366729736
4,630817	0,0109917521476746
4,731030	0,0114156007766724
4,831647	0,0103709697723389
4,931892	0,00857055187225342
5,032093	0,00556716322898865
5,132610	0,00213882327079773
5,233239	-0,000545650720596313
5,334136	-0,00273385643959045
5,434181	-0,00463667511940002
5,534428	-0,00478062033653259
5,635093	-0,00396743416786194
5,735233	-0,00191810727119446
5,835901	0,00108015537261963
5,935932	0,00383144617080688
6,036209	0,00702950358390808
6,136415	0,0096290111541748
6,236985	0,0109725594520569
6,337281	0,0113077461719513
6,438646	0,0105686485767365
6,538654	0,00844529271125793
6,639479	0,00588586926460266
6,739692	0,00255599617958069
6,840645	-0,000691354274749756
6,941976	-0,00286608934402466
7,042545	-0,00445970892906189
7,144478	-0,0047905445098877
7,245223	-0,00404107570648193
7,345864	-0,00191858410835266
7,446349	0,00101757049560547
7,546781	0,00379428267478943
7,647410	0,00708463788032532
7,748274	0,00932705402374268
7,849066	0,0109884142875671
7,950985	0,0113192498683929
8,051451	0,0103997588157654
8,153463	0,00830993056297302
8,254481	0,00595003366470337
8,354690	0,00261348485946655
8,455024	-0,000555098056793213
8,555918	-0,00278863310813904
8,656341	-0,00450879335403442
8,757015	-0,00477451086044312
8,857956	-0,00395047664642334
8,958917	-0,0018647313117981
9,060684	0,00119110941886902
9,161415	0,00396394729614258
9,262260	0,00713068246841431
9,363136	0,00970196723937988
9,463989	0,0109121203422546
9,564183	0,0112631618976593
9,665218	0,0104703009128571
9,765263	0,00835025310516357
9,866526	0,00585666298866272
9,967518	0,0025574266910553
10,067884	-0,000713109970092773
10,167955	-0,00288069248199463
10,268893	-0,00443893671035767
10,370001	-0,00476741790771484
10,470484	-0,00393345952033997
10,571047	-0,00179290771484375
10,672740	0,00112378597259521
10,772898	0,00392153859138489
10,873125	0,00715035200119019
10,974106	0,00928819179534912
11,074485	0,0109572112560272
11,174602	0,0112962424755096
11,276268	0,0103632807731628
11,376474	0,00829553604125977
11,476939	0,00580453872680664
11,577472	0,00245571136474609
11,678096	-0,000647842884063721
11,779120	-0,00274756550788879
11,879608	-0,0043412446975708
11,979802	-0,00458997488021851
12,079987	-0,00372010469436646
12,180662	-0,00160670280456543
12,282188	0,000861644744873047
12,382399	0,00414896011352539
12,482949	0,00690340995788574
12,583301	0,00960308313369751
12,684109	0,0111164450645447
12,784821	0,0113729238510132
12,885115	0,0104856491088867
12,985899	0,00871935486793518
13,086369	0,00584280490875244
13,186543	0,00258165597915649
13,287484	-0,000105559825897217
13,388612	-0,0027102530002594
13,490140	-0,00425204634666443
13,590939	-0,00463619828224182
13,691366	-0,0036596953868866
13,792405	-0,00188124179840088
13,893416	0,000970631837844849
13,994143	0,00433927774429321
14,094777	0,00701606273651123
14,195721	0,0095973014831543
14,297075	0,0110042095184326
14,397481	0,0114683508872986
14,497921	0,0104832649230957
14,598248	0,00880527496337891
14,699234	0,00588491559028625
14,799811	0,00252985954284668
14,900678	-7,99894332885742E-5
15,002045	-0,00271686911582947
15,102524	-0,00426998734474182
15,203151	-0,00452625751495361
15,303693	-0,00361722707748413
15,404692	-0,00187888741493225
15,504859	0,0010753870010376
15,606165	0,00436311960220337
15,706830	0,00701224803924561
15,807108	0,0096290111541748
15,907557	0,010956734418869
16,008761	0,0113959610462189
16,110792	0,0104957222938538
16,211028	0,00871261954307556
16,311760	0,00578874349594116
16,412723	0,00252223014831543
16,513612	-0,000153839588165283
16,615469	-0,0027385950088501
16,717017	-0,00406563282012939
16,817362	-0,00451821088790894
16,918268	-0,00351619720458984
17,019412	-0,00177070498466492
17,119884	0,00104221701622009
17,221664	0,00436550378799438
17,323267	0,00704148411750793
17,423585	0,00955268740653992
17,524988	0,0111082792282104
17,625162	0,0113408267498016
17,725438	0,0103095769882202
17,826862	0,00820624828338623
17,927271	0,00569155812263489
18,028184	0,00236302614212036
18,128579	-0,000212043523788452
18,229136	-0,0028131902217865
18,329230	-0,00413310527801514
18,430210	-0,00441628694534302
18,531188	-0,00344961881637573
18,631533	-0,00168564915657043
18,731878	0,00126129388809204
18,832973	0,00450247526168823
18,933970	0,00715848803520203
19,035885	0,00976386666297913
19,136765	0,0111763775348663
19,237273	0,0114213526248932
19,337467	0,0104549527168274
19,438295	0,00862574577331543
19,540169	0,00574326515197754
19,640207	0,0030362606048584
19,740631	-0,000207304954528809
19,840901	-0,0027192234992981
19,941283	-0,00408071279525757
20,043303	-0,00451633334159851
20,144950	-0,00345718860626221
20,245125	-0,00166106224060059
20,346685	0,00117594003677368
20,446742	0,003938227891922
20,547233	0,00711292028427124
20,647872	0,00957763195037842
20,748353	0,010946661233902
20,849258	0,0112775564193726
20,949713	0,0102706849575043
21,051384	0,00857871770858765
21,152308	0,00563317537307739
21,253619	0,00282841920852661
21,354197	-0,000289678573608398
21,454313	-0,00284767150878906
21,556256	-0,00408357381820679
21,657208	-0,00436484813690186
21,757413	-0,00340950489044189
21,857916	-0,00169792771339417
21,958880	0,00122004747390747
22,059352	0,00441849231719971
22,160112	0,00704246759414673
22,261065	0,0096001923084259
22,361075	0,0108891129493713
22,461778	0,0112415850162506
22,562808	0,0104175209999084
22,662995	0,00830897688865662
22,763141	0,0054442286491394
22,863995	0,00276327133178711
22,964909	-0,000411272048950195
23,064968	-0,0024944543838501
23,165813	-0,00410151481628418
23,266532	-0,00446441769599915
23,367160	-0,00370833277702332
23,468632	-0,0016624927520752
23,568813	0,00123330950737
23,668996	0,00407314300537109
23,769533	0,00720643997192383
23,870286	0,00965732336044312
23,970950	0,0109361112117767
24,072161	0,0112214386463165
24,172240	0,0103949904441833
24,272851	0,00837951898574829
24,372972	0,00598543882369995
24,473086	0,00270146131515503
24,574707	-0,000395685434341431
24,675468	-0,00261673331260681
24,775551	-0,00428271293640137
24,876748	-0,00458052754402161
24,977741	-0,00381073355674744
25,078564	-0,00175321102142334
25,179467	0,00119632482528687
25,280398	0,00384670495986938
25,381002	0,00699210166931152
25,481687	0,00913792848587036
25,582459	0,0106535851955414
25,683018	0,0110152661800385
25,784908	0,0101867020130157
25,884964	0,00809109210968018
25,985443	0,00572696328163147
26,087437	0,00246378779411316
26,187752	-0,000701755285263062
26,289707	-0,00277116894721985
26,390304	-0,00433510541915894
26,491043	-0,00463244318962097
26,591624	-0,0037805438041687
26,691695	-0,00174990296363831
26,791922	0,000604301691055298
26,892879	0,00391390919685364
26,994603	0,00701990723609924
27,096500	0,00914320349693298
27,197262	0,0107173919677734
27,298082	0,0109183788299561
27,398984	0,0100945830345154
27,499897	0,00805798172950745
27,600255	0,00565329194068909
27,700795	0,00240200757980347
27,801353	-0,000682353973388672
27,903353	-0,00316166877746582
28,003954	-0,00434267520904541
28,105399	-0,00455361604690552
28,205509	-0,00372999906539917
28,305756	-0,00159725546836853
28,406330	0,00082087516784668
28,507681	0,00403594970703125
28,609359	0,00719442963600159
28,710133	0,00927427411079407
28,810404	0,010768711566925
28,910722	0,011141836643219
29,011727	0,0102812349796295
29,113339	0,00816354155540466
29,213874	0,00530219078063965
29,314436	0,00254362821578979
29,416000	-0,000595331192016602
29,516284	-0,00267484784126282
29,617083	-0,00423035025596619
29,717126	-0,00447669625282288
29,817987	-0,0034945011138916
29,919008	-0,0014285147190094
30,019436	0,000959724187850952
30,119840	0,00424149632453918
30,220352	0,00725439190864563
30,321849	0,00930115580558777
30,422814	0,0108555555343628
30,522944	0,0110214948654175
30,624035	0,0102644562721252
30,724847	0,00818273425102234
30,825094	0,00570639967918396
30,925425	0,00249609351158142
31,025904	-0,000567883253097534
31,126573	-0,00264841318130493
31,228601	-0,0040925145149231
31,329614	-0,0043606162071228
31,429693	-0,00350534915924072
31,531250	-0,00133585929870605
31,631983	0,00105360150337219
31,732291	0,00425341725349426
31,832863	0,00685736536979675
31,933150	0,00934338569641113
32,034163	0,0108440220355988
32,134633	0,0111902952194214
32,235118	0,0102265477180481
32,335688	0,00810211896896362
32,435787	0,00568726658821106
32,537655	0,00243240594863892
32,637675	-0,000138700008392334
32,737876	-0,00263801217079163
32,838149	-0,0039825439453125
32,938612	-0,00437051057815552
33,039436	-0,00343072414398193
33,140283	-0,00183683633804321
33,240404	0,000965893268585205
33,341172	0,00415134429931641
33,441968	0,00671789050102234
33,542179	0,00923538208007813
33,642653	0,0106914639472961
33,744451	0,0108435451984406
33,845442	0,00989347696304321
33,947164	0,00775757431983948
34,048095	0,00537440180778503
34,148733	0,00274568796157837
34,248806	-0,000368714332580566
34,349386	-0,00291469693183899
34,450341	-0,00420767068862915
34,550363	-0,00459328293800354
34,650815	-0,00363749265670776
34,751671	-0,00184345245361328
34,851731	0,000402510166168213
34,952114	0,00409746170043945
35,052527	0,00667524337768555
35,152537	0,00882735848426819
35,254427	0,0106454193592072
35,355049	0,0109097361564636
35,455773	0,0101257562637329
35,556013	0,00816354155540466
35,656822	0,00534573197364807
35,757303	0,00262159109115601
35,857865	-0,000450551509857178
35,958457	-0,00285142660140991
36,058580	-0,00416049361228943
36,159410	-0,00460931658744812
36,259789	-0,00357520580291748
36,360410	-0,00192564725875854
36,461197	0,000532299280166626
36,561555	0,00424006581306458
36,661874	0,00683486461639404
36,762177	0,00895887613296509
36,862410	0,0105873644351959
36,962513	0,0109102129936218
37,062571	0,0102658867835999
37,164574	0,00831711292266846
37,264736	0,00545617938041687
37,365663	0,00279274582862854
37,468364	0,000163823366165161
37,569298	-0,00246983766555786
37,669299	-0,00401747226715088
37,770615	-0,00440779328346252
37,870691	-0,00340241193771362
37,971009	-0,00167712569236755
38,072383	0,000565946102142334
38,172488	0,00373709201812744
38,272533	0,00689047574996948
38,372604	0,00901216268539429
38,473287	0,0106079876422882
38,573950	0,0109346807003021
38,674739	0,0101003348827362
38,774938	0,00854077935218811
38,875041	0,00583848357200623
38,976780	0,00257927179336548
39,077857	-9,95397567749023E-6
39,178184	-0,00262242555618286
39,279142	-0,00427705049514771
39,380490	-0,00457298755645752
39,480494	-0,00374558568000793
39,580751	-0,00173714756965637
39,681712	0,000653117895126343
39,782801	0,0038343071937561
39,884194	0,00692114233970642
39,985153	0,00909808278083801
40,086621	0,0106905102729797
40,186658	0,0110243558883667
40,287526	0,0103321075439453
40,388103	0,00865501165390015
40,489300	0,00587296485900879
40,589694	0,00271522998809814
40,690191	7,24494457244873E-5
40,791248	-0,00249963998794556
40,892917	-0,00404861569404602
40,994060	-0,00445687770843506
41,094984	-0,00360637903213501
41,195480	-0,00159820914268494
41,295798	0,000692903995513916
41,396416	0,00394633412361145
41,498007	0,00701272487640381
41,600206	0,00907507538795471
41,701085	0,0105130076408386
41,801643	0,010900616645813
41,902615	0,0101123154163361
42,003080	0,00849950313568115
42,103309	0,00516879558563232
42,204382	0,00245475769042969
42,304463	-9,0867280960083E-5
42,405377	-0,0030653178691864
42,506379	-0,00422939658164978
42,606880	-0,00452107191085815
42,708017	-0,00371634960174561
42,808210	-0,00165301561355591
42,908266	0,000671118497848511
43,010194	0,00384432077407837
43,110956	0,00695422291755676
43,211838	0,00906738638877869
43,312179	0,0104131996631622
43,412302	0,0108368396759033
43,512539	0,00998800992965698
43,612563	0,00829648971557617
43,713337	0,0055198073387146
43,813720	0,00231364369392395
43,913776	-0,000284463167190552
44,014084	-0,00283113121986389
44,115036	-0,00437569618225098
44,215129	-0,00468480587005615
44,315243	-0,00378668308258057
44,415735	-0,00212928652763367
44,516647	0,000665903091430664
44,617305	0,0033489465713501
44,718116	0,00650033354759216
44,818867	0,00904721021652222
44,919285	0,0104323923587799
45,019594	0,010894387960434
45,120301	0,0102322995662689
45,220839	0,00834447145462036
45,321266	0,00551408529281616
45,422043	0,00280749797821045
45,522292	-0,000312387943267822
45,622739	-0,00287693738937378
45,723485	-0,00421097874641418
45,823981	-0,0046248733997345
45,924311	-0,00397592782974243
46,025211	-0,00206267833709717
46,125234	0,000251412391662598
46,225710	0,00343084335327148
46,326143	0,00657892227172852
46,426775	0,00879088044166565
46,527170	0,0104760527610779
46,627235	0,0109260380268097
46,727325	0,0102553367614746
46,828189	0,00869005918502808
46,928926	0,00548249483108521
47,028979	0,00280225276947021
47,129187	0,000141561031341553
47,229236	-0,00284907221794128
47,329969	-0,00415953993797302
47,430600	-0,00465509295463562
47,530921	-0,0039268434047699
47,631874	-0,00200080871582031
47,732023	0,000306844711303711
47,832674	0,00297397375106812
47,933611	0,00665655732154846
48,033740	0,00877407193183899
48,134097	0,0102932453155518
48,234518	0,0109164416790009
48,335372	0,0101646184921265
48,435475	0,00869199633598328
48,536151	0,0059548020362854
48,636597	0,00277277827262878
48,737618	0,000189393758773804
48,837719	-0,00252699851989746
48,937785	-0,00398963689804077
49,037924	-0,00454089045524597
49,137930	-0,00386407971382141
49,238938	-0,00228422880172729
49,340570	0,000434219837188721
49,440977	0,00299537181854248
49,541446	0,00620907545089722
49,643365	0,00885665416717529
49,744846	0,0102428495883942
49,845284	0,0108900666236877
49,945792	0,0101065635681152
50,045982	0,00849616527557373
50,146842	0,00585618615150452
50,246921	0,0031856894493103
50,347702	-2,83122062683105E-6
50,448406	-0,00256055593490601
50,549444	-0,0040840208530426
50,649888	-0,0046800971031189
50,750677	-0,00405144691467285
50,850946	-0,00231447815895081
50,951778	0,000422865152359009
51,052354	0,00316044688224792
51,153235	0,00627326965332031
51,253844	0,00893968343734741
51,353870	0,0103676021099091
51,454231	0,0108531415462494
51,555468	0,0103724002838135
51,657281	0,00865647196769714
51,757337	0,00586721301078796
51,857930	0,00325900316238403
51,958925	0,000110805034637451
52,059415	-0,00261294841766357
52,160447	-0,00401085615158081
52,260683	-0,00458335876464844
52,360834	-0,00404578447341919
52,461887	-0,00211888551712036
52,562330	8,47578048706055E-5
52,663038	0,00316330790519714
52,764055	0,00641408562660217
52,864804	0,00860702991485596
52,964877	0,0103940069675446
53,065167	0,0110411643981934
53,165484	0,0104074478149414
53,266274	0,00859695672988892
53,366720	0,00591555237770081
53,467360	0,00317186117172241
53,569183	0,000522822141647339
53,669252	-0,00213825702667236
53,769677	-0,00400945544242859
53,869953	-0,00455784797668457
53,970047	-0,00397688150405884
54,070960	-0,00226676464080811
54,171260	2,93552875518799E-5
54,271905	0,00324329733848572
54,372379	0,00636282563209534
54,472880	0,00860464572906494
54,573404	0,0101516842842102
54,674385	0,0108612775802612
54,774505	0,0103628039360046
54,875498	0,00894016027450562
54,976488	0,00625842809677124
55,077291	0,00319138169288635
55,177519	0,000540822744369507
55,278584	-0,0022284984588623
55,379299	-0,00394952297210693
55,479801	-0,00454089045524597
55,579909	-0,00411894917488098
55,680255	-0,00204190611839294
55,780670	0,000159084796905518
55,881059	0,00271952152252197
55,981152	0,00595912337303162
56,082087	0,00857630372047424
56,182345	0,0101560056209564
56,282962	0,0109538733959198
56,383680	0,0102855563163757
56,483755	0,00883743166923523
56,585663	0,00623446702957153
56,686110	0,00296205282211304
56,786638	0,000401079654693604
56,886759	-0,00181418657302856
56,987432	-0,00382441282272339
57,087909	-0,00446254014968872
57,188835	-0,00403916835784912
57,289054	-0,00242593884468079
57,389847	0,000309675931930542
57,490708	0,0029187798500061
57,591376	0,00602757930755615
57,692216	0,0088047981262207
57,792790	0,0102769136428833
57,893671	0,0109418630599976
57,993692	0,010406494140625
58,094938	0,00892192125320435
58,195951	0,0062694251537323
58,296336	0,00371471047401428
58,396895	0,000459820032119751
58,497299	-0,00184345245361328
58,597533	-0,00367480516433716
58,697956	-0,00444129109382629
58,798412	-0,00392165780067444
58,898482	-0,00220298767089844
58,999284	-0,00016707181930542
59,099493	0,00293591618537903
59,200313	0,00612431764602661
59,300521	0,0083555281162262
59,401226	0,0102677941322327
59,501736	0,0109217166900635
59,602292	0,0103700160980225
59,703153	0,0087246298789978
59,803776	0,00654631853103638
59,904555	0,00335752964019775
60,005401	0,000788629055023193
60,105572	-0,00200977921485901
60,206594	-0,00393959879875183
60,307150	-0,00450170040130615
60,407430	-0,00406420230865479
60,508305	-0,00236830115318298
60,609097	-0,000106990337371826
60,709703	0,00295966863632202
60,810545	0,00610083341598511
60,910662	0,00845533609390259
61,010922	0,0100244879722595
61,111439	0,0109212398529053
61,211490	0,0105029344558716
61,312496	0,00906112790107727
61,413045	0,0065535306930542
61,513285	0,00348466634750366
61,614083	0,00074315071105957
61,714501	-0,00155234336853027
61,815105	-0,00376400351524353
61,915251	-0,00446489453315735
62,015471	-0,00408971309661865
62,115800	-0,00216993689537048
62,215892	-5,68032264709473E-5
62,316105	0,00260969996452332
62,417766	0,0057753324508667
62,517955	0,00848272442817688
62,618505	0,0101972818374634
62,718752	0,011002779006958
62,819067	0,0104722380638123
62,919830	0,0091787576675415
63,019889	0,00655448436737061
63,120524	0,00394773483276367
63,220530	0,000872999429702759
63,321545	-0,00153109431266785
63,422000	-0,00356009602546692
63,522199	-0,00432565808296204
63,622741	-0,00408166646957397
63,724225	-0,00251662731170654
63,825177	0,000110805034637451
63,925223	0,00261443853378296
64,025647	0,00581884384155273
64,126491	0,00860369205474854
64,226756	0,010108470916748
64,326811	0,0109898447990417
64,427414	0,0106804370880127
64,527726	0,00901216268539429
64,627832	0,00699880719184875
64,728224	0,00394204258918762
64,828545	0,00120535492897034
64,929388	-0,00154337286949158
65,029557	-0,00355488061904907
65,130022	-0,00440260767936707
65,230159	-0,00400710105895996
65,330383	-0,00248545408248901
65,430604	-0,000456243753433228
65,531241	0,00218203663825989
65,632213	0,00582939386367798
65,732920	0,00811988115310669
65,833869	0,00993570685386658
65,934274	0,0108828842639923
66,034844	0,0105230808258057
66,135334	0,0093904435634613
66,236256	0,00685113668441772
66,336977	0,00380191206932068
66,437763	0,00123712420463562
66,538300	-0,00125220417976379
66,638510	-0,00361770391464233
66,739059	-0,00429689884185791
66,839929	-0,00422513484954834
66,940558	-0,00242498517036438
67,041456	-0,000293910503387451
67,142085	0,00211554765701294
67,243411	0,00590407848358154
67,343926	0,00820672512054443
67,445333	0,00981473922729492
67,546274	0,010898232460022
67,646606	0,0105317234992981
67,746740	0,00917345285415649
67,846777	0,00685545802116394
67,947617	0,00373423099517822
68,048292	0,00104933977127075
68,149083	-0,00120210647583008
68,249322	-0,00364032387733459
68,349471	-0,00438511371612549
68,449763	-0,00407600402832031
68,550194	-0,00275135040283203
68,650859	-0,000306218862533569
68,750939	0,00233978033065796
68,851458	0,00540310144424438
68,951920	0,00823408365249634
69,052224	0,0100024342536926
69,152943	0,0108262896537781
69,253137	0,0105326771736145
69,353261	0,00932177901268005
69,453620	0,00721314549446106
69,554066	0,00426867604255676
69,654585	0,00112617015838623
69,754999	-0,00136801600456238
69,855047	-0,00340008735656738
69,955928	-0,00426715612411499
70,056251	-0,00425156950950623
70,156927	-0,00272393226623535
70,257150	-0,000739604234695435
70,357696	0,00213739275932312
70,458338	0,00544232130050659
70,559429	0,00779551267623901
70,659591	0,00982674956321716
70,760146	0,0108301043510437
70,860859	0,0106339156627655
70,961656	0,00948882102966309
71,062046	0,00732344388961792
71,162618	0,00423863530158997
71,263271	0,00156110525131226
71,364279	-0,00118741393089294
71,464883	-0,00339442491531372
71,565246	-0,00423270463943481
71,665302	-0,00393772125244141
71,765604	-0,0026257336139679
71,866563	-0,000568360090255737
71,967301	0,00198638439178467
72,067334	0,00501635670661926
72,167654	0,00799223780632019
72,268281	0,00986036658287048
72,368446	0,0108694434165955
72,468735	0,0108305811882019
72,569046	0,0097038745880127
72,669959	0,00768131017684937
72,770264	0,00436791777610779
72,870870	0,00167736411094666
72,971756	-0,000837028026580811
73,071918	-0,00318527221679688
73,172593	-0,00411611795425415
73,273279	-0,00412601232528687
73,373991	-0,00241035223007202
73,474625	-0,000526726245880127
73,575415	0,00191658735275269
73,676365	0,00520944595336914
73,777241	0,00795239210128784
73,877927	0,00976338982582092
73,978296	0,010856032371521
74,079566	0,0106108784675598
74,180250	0,00952580571174622
74,280432	0,00770673155784607
74,380501	0,00463855266571045
74,481311	0,00156489014625549
74,585522	-0,000828027725219727
74,686262	-0,00342696905136108
74,786785	-0,00416001677513123
74,887500	-0,00410056114196777
74,988093	-0,00292226672172546
75,088701	-0,000475168228149414
75,190018	0,00196167826652527
75,291020	0,00505220890045166
75,391575	0,0080190896987915
75,492415	0,00971394777297974
75,592663	0,0106411278247833
75,693191	0,0106387138366699
75,793318	0,00938707590103149
75,893862	0,00748845934867859
75,994101	0,00412559509277344
76,094342	0,00140500068664551
76,194913	-0,000983148813247681
76,295260	-0,00308942794799805
76,395715	-0,00426763296127319
76,497827	-0,00413358211517334
76,598417	-0,00279098749160767
76,699016	-0,000534772872924805
76,799758	0,00200918316841125
76,900318	0,00467339158058167
77,001273	0,00789147615432739
77,102018	0,00971347093582153
77,202224	0,0106909871101379
77,302697	0,0104352831840515
77,403160	0,0093616247177124
77,504019	0,00742655992507935
77,604153	0,00439843535423279
77,705146	0,00135710835456848
77,805329	-0,00107064843177795
77,905391	-0,00326788425445557
78,006632	-0,00418075919151306
78,106861	-0,00412082672119141
78,207577	-0,0027938187122345
78,307792	-0,000771284103393555
78,408779	0,00208944082260132
78,509634	0,00472638010978699
78,610252	0,00772306323051453
78,711439	0,00976818799972534
78,812358	0,0107380151748657
78,913219	0,0107408761978149
79,014185	0,00927713513374329
79,114579	0,00739586353302002
79,214737	0,00445380806922913
79,315169	0,0011877715587616
79,415771	-0,00113353133201599
79,516204	-0,00329715013504028
79,616571	-0,0042765736579895
79,716905	-0,00412887334823608
79,816914	-0,00311964750289917
79,917049	-0,000953853130340576
80,017764	0,0015544593334198
80,118598	0,00468149781227112
80,218769	0,0075383186340332
80,319322	0,00948163866996765
80,420005	0,0106401443481445
80,521968	0,0105451643466949
80,622231	0,00955605506896973
80,723039	0,00721314549446106
80,823667	0,00426438450813293
80,924652	0,00168353319168091
81,024775	-0,0012909471988678
81,125428	-0,00339064002037048
81,226468	-0,00429123640060425
81,327579	-0,00428980588912964
81,428003	-0,00319281220436096
81,528114	-0,00088810920715332
81,628458	0,00148898363113403
81,729115	0,00470060110092163
81,829553	0,0076136589050293
81,929665	0,00940099358558655
82,030090	0,0106756389141083
82,130955	0,0105744004249573
82,231911	0,00946483016014099
82,332898	0,00769859552383423
82,433450	0,00427153706550598
82,533968	0,00160142779350281
82,634361	-0,000782638788223267
82,734576	-0,0030936598777771
82,835136	-0,00432047247886658
82,935907	-0,00426006317138672
83,035990	-0,00314372777938843
83,136956	-0,000892370939254761
83,237558	0,00161707401275635
83,337837	0,00419521331787109
83,438218	0,00761222839355469
83,539051	0,00947540998458862
83,640868	0,0104607045650482
83,741473	0,0104750990867615
83,841630	0,00943267345428467
83,941948	0,00753450393676758
84,042397	0,00470727682113647
84,143387	0,00156629085540771
84,243540	-0,000940144062042236
84,343553	-0,00312906503677368
84,443971	-0,00431951880455017
84,544268	-0,00432565808296204
84,645182	-0,0033169686794281
84,745413	-0,000768929719924927
84,845614	0,00161802768707275
84,945657	0,00424864888191223
85,046382	0,00716185569763184
85,147049	0,00937363505363464
85,247685	0,0105485320091248
85,347789	0,010569155216217
85,448866	0,00935539603233337
85,549706	0,00749707221984863
85,650412	0,00450819730758667
85,751441	0,00188761949539185
85,851816	-0,00098457932472229
85,952628	-0,00291091203689575
86,052889	-0,0042034387588501
86,153678	-0,00422987341880798
86,253724	-0,00340667366981506
86,354046	-0,00123849511146545
86,454968	0,00165408849716187
86,556418	0,00429537892341614
86,657560	0,0073205828666687
86,758007	0,00952723622322083
86,858146	0,0104770064353943
86,958376	0,0105724930763245
87,058940	0,00959444046020508
87,159705	0,0074400007724762
87,260777	0,00461274385452271
87,362258	0,00195598602294922
87,462351	-0,000965654850006104
87,563336	-0,00284576416015625
87,663663	-0,00418689846992493
87,763896	-0,00417840480804443
87,864436	-0,00315976142883301
87,964665	-0,00104793906211853
88,064778	0,00134003162384033
88,166624	0,00450104475021362
88,267180	0,00737094879150391
88,367654	0,00931936502456665
88,468431	0,0105979144573212
88,568618	0,0105461180210114
88,670264	0,00959011912345886
88,770535	0,00736710429191589
88,871406	0,0049346387386322
88,972351	0,0018596351146698
89,072370	-0,000600993633270264
89,173158	-0,00295060873031616
89,273822	-0,00416097044944763
89,374663	-0,00427281856536865
89,475359	-0,00316071510314941
89,575755	-0,000902295112609863
89,676520	0,0014728307723999
89,777804	0,00464856624603271
89,877909	0,00757145881652832
89,977981	0,00939765572547913
90,078784	0,0105278789997101
90,178969	0,0105979144573212
90,279044	0,00954258441925049
90,380962	0,00777965784072876
90,481957	0,00490644574165344
90,582794	0,0017053484916687
90,683762	-0,000717371702194214
90,783933	-0,00304031372070313
90,883967	-0,00427991151809692
90,984359	-0,00429406762123108
91,084643	-0,00347700715065002
91,184818	-0,000985056161880493
91,284836	0,00143396854400635
91,385464	0,003997802734375
91,485517	0,00733783841133118
91,586158	0,00914320349693298
91,686282	0,0101324915885925
91,787805	0,0102370977401733
91,887880	0,00909760594367981
91,988624	0,00725343823432922
92,089608	0,00448817014694214
92,189939	0,00144058465957642
92,290355	-0,000923573970794678
92,390427	-0,00272205471992493
92,491958	-0,00404202938079834
92,592031	-0,00394338369369507
92,693274	-0,00290384888648987
92,794148	-0,000744789838790894
92,894303	0,00210556387901306
92,995507	0,00474309921264648
93,095927	0,00758728384971619
93,196360	0,00969570875167847
93,297047	0,0107058584690094
93,398118	0,0106320083141327
93,498547	0,00937169790267944
93,599047	0,00754743814468384
93,699822	0,00511431694030762
93,800047	0,00202676653862
93,900966	-0,000786423683166504
94,002148	-0,00268429517745972
94,103276	-0,00390323996543884
94,204035	-0,00385841727256775
94,304761	-0,00295436382293701
94,405732	-0,00075000524520874
94,505889	0,00209891796112061
94,606335	0,00459462404251099
94,707408	0,00749325752258301
94,808290	0,00955653190612793
94,908757	0,0104290246963501
95,009046	0,0104343295097351
95,110189	0,00937700271606445
95,210960	0,0071282684803009
95,312227	0,00480806827545166
95,412370	0,00164699554443359
95,514276	-0,00123187899589539
95,614777	-0,00299686193466187
95,716408	-0,00428840517997742
95,818171	-0,00419870018959045
95,918772	-0,00312954187393188
96,018802	-0,00100398063659668
96,120732	0,00196784734725952
96,221432	0,0045960545539856
96,322213	0,0074174702167511
96,422856	0,00961506366729736
96,523452	0,0105729699134827
96,623560	0,010557621717453
96,723909	0,00950035452842712
96,825252	0,0072706937789917
96,925881	0,0047975480556488
97,027635	0,00174900889396667
97,129519	-0,00117278099060059
97,230468	-0,00302237272262573
97,331037	-0,00426477193832397
97,431884	-0,00416755676269531
97,532117	-0,00315836071968079
97,632271	-0,000907480716705322
97,732387	0,00196358561515808
97,833047	0,00458315014839172
97,933314	0,0075124204158783
98,034265	0,00959011912345886
98,134423	0,0105369985103607
98,235380	0,0106022357940674
98,336006	0,00911441445350647
98,436543	0,00722706317901611
98,537220	0,00484007596969604
98,638223	0,0016930103302002
98,739130	-0,00112596154212952
98,839842	-0,00294491648674011
98,941349	-0,00416898727416992
99,041926	-0,00403541326522827
99,142815	-0,00296899676322937
99,243871	-0,00075000524520874
99,344573	0,00223761796951294
99,445516	0,00485199689865112
99,547079	0,00726637244224548
99,647900	0,00988003611564636
99,748345	0,0107787847518921
99,850122	0,0107922255992889
99,950504	0,00969716906547546
100,051091	0,00745344161987305
100,151317	0,0050240159034729
100,251665	0,00195550918579102
100,352403	-0,000932097434997559
100,453215	-0,00275087356567383
100,555177	-0,00388956069946289
100,655254	-0,00382724404335022
100,756151	-0,00275039672851563
100,856284	-0,000908911228179932
100,956483	0,00241720676422119
101,057382	0,00503641366958618
101,158655	0,00750237703323364
101,260524	0,010001003742218
101,361061	0,0109164416790009
101,461140	0,0109438002109528
101,562873	0,00940388441085815
101,663046	0,00750091671943665
101,763351	0,00507083535194397
101,865203	0,00190329551696777
101,966147	-0,000887662172317505
102,067993	-0,0027012825012207
102,168363	-0,00391268730163574
102,269264	-0,00375786423683167
102,369951	-0,00271639227867126
102,470304	-0,000948190689086914
102,570316	0,00246569514274597
102,670361	0,00502735376358032
102,770490	0,0074164867401123
102,871253	0,00970053672790527
102,972264	0,0107898116111755
103,073580	0,0107619762420654
103,174687	0,00962275266647339
103,276443	0,00730475783348083
103,377120	0,00490596890449524
103,477577	0,00183063745498657
103,577733	-0,00104415416717529
103,678822	-0,0028032660484314
103,779150	-0,00381499528884888
103,880147	-0,00384801626205444
103,982111	-0,0027390718460083
104,082839	-0,00091126561164856
104,183651	0,00237065553665161
104,284375	0,00499868392944336
104,385511	0,00736662745475769
104,486041	0,00949651002883911
104,587652	0,0106531083583832
104,689270	0,0105839967727661
104,789589	0,00932610034942627
104,890423	0,00711387395858765
104,991727	0,00463661551475525
105,092491	0,00151035189628601
105,192672	-0,00124132633209229
105,294075	-0,00307855010032654
105,395946	-0,00409442186355591
105,497495	-0,00398916006088257
105,597600	-0,00295060873031616
105,697652	-0,00111415982246399
105,798445	0,00227561593055725
105,898722	0,00480279326438904
105,999426	0,0072236955165863
106,100303	0,00968372821807861
106,200448	0,0104875862598419
106,301288	0,0104995667934418
106,401393	0,00927859544754028
106,502903	0,00697195529937744
106,604159	0,0046122670173645
106,704447	0,00203102827072144
106,805845	-0,00127631425857544
106,905989	-0,00295814871788025
107,006186	-0,0039466917514801
107,107686	-0,00384330749511719
107,208911	-0,00269043445587158
107,309848	-0,000866830348968506
107,410173	0,00252747535705566
107,510716	0,00515493750572205
107,612448	0,00751388072967529
107,713465	0,0096794068813324
107,814267	0,0107859969139099
107,914332	0,0106670260429382
108,014932	0,00943219661712646
108,115635	0,0071728527545929
108,216932	0,00470679998397827
108,317601	0,0016346275806427
108,418577	-0,00109663605690002
108,520171	-0,00287315249443054
108,621209	-0,00380602478981018
108,722315	-0,0036507248878479
108,824029	-0,00257188081741333
108,924271	-0,000654458999633789
109,025001	0,00273379683494568
109,125872	0,00526827573776245
109,226212	0,00768083333969116
109,326965	0,0097845196723938
109,428092	0,0107595920562744
109,528092	0,0107245743274689
109,629021	0,009360671043396
109,729806	0,00701990723609924
109,830599	0,00463423132896423
109,932470	0,00146001577377319
110,034293	-0,00127726793289185
110,135128	-0,00293076038360596
110,235425	-0,00400805473327637
110,335772	-0,00366583466529846
110,436294	-0,00244954228401184
110,536931	-0,000580668449401855
110,638763	0,00238490104675293
110,740229	0,00554227828979492
110,841119	0,00785210728645325
110,941861	0,0100340843200684
111,043572	0,0110243558883667
111,144958	0,0106569528579712
111,246497	0,00950998067855835
111,347134	0,00707456469535828
111,448006	0,0045468807220459
111,548919	0,00145861506462097
111,649099	-0,00137841701507568
111,749657	-0,00309979915618896
111,850605	-0,00402927398681641
111,952518	-0,00375929474830627
112,053008	-0,00252041220664978
112,153093	-4,49717044830322E-5
112,253435	0,00239154696464539
112,353557	0,0055580735206604
112,454393	0,00797015428543091
112,554659	0,0100163221359253
112,654667	0,0110046863555908
112,754834	0,0108013451099396
112,855614	0,00930067896842957
112,955770	0,00685834884643555
113,055916	0,004273921251297
113,157808	0,00101378560066223
113,258454	-0,00179335474967957
113,359236	-0,00354593992233276
113,459877	-0,00452342629432678
113,560179	-0,00439411401748657
113,660316	-0,00304079055786133
113,762261	-0,00108152627944946
113,862374	0,00197118520736694
113,964170	0,00515255331993103
114,065038	0,00758105516433716
114,165180	0,00978642702102661
114,266015	0,0107792615890503
114,366760	0,0106161534786224
114,466953	0,00929251313209534
114,567677	0,00685113668441772
114,667897	0,00436264276504517
114,768693	0,00175708532333374
114,869297	-0,00116944313049316
114,969521	-0,00323531031608582
115,070144	-0,00412365794181824
115,170732	-0,004010409116745
115,270852	-0,00255677103996277
115,371085	-0,000555098056793213
115,472998	0,00187811255455017
115,574284	0,00559109449386597
115,674567	0,00793752074241638
115,775738	0,00969284772872925
115,876443	0,0108737647533417
115,977142	0,0105729699134827
116,077931	0,00940915942192078
116,179685	0,00658419728279114
116,280208	0,00397062301635742
116,380849	0,00129497051239014
116,481674	-0,00158023834228516
116,582208	-0,00368046760559082
116,683186	-0,00452342629432678
116,783681	-0,00429451465606689
116,884458	-0,00284719467163086
116,985619	-0,000835120677947998
117,086446	0,00160902738571167
117,187452	0,00518077611923218
117,288315	0,00745007395744324
117,389652	0,00916194915771484
117,490272	0,0101636648178101
117,592156	0,00982052087783813
117,693004	0,00859937071800232
117,793307	0,0061219334602356
117,893698	0,00304865837097168
117,995333	0,000351846218109131
118,096010	-0,00259077548980713
118,196813	-0,0046343207359314
118,297552	-0,00544038414955139
118,397925	-0,00520110130310059
118,498707	-0,00354593992233276
118,599356	-0,00135242938995361
118,699511	0,00128406286239624
118,800038	0,00537967681884766
118,900367	0,00797975063323975
119,000388	0,00998610258102417
119,101884	0,0115315914154053
119,202152	0,0113873481750488
119,303052	0,0103033185005188
119,403328	0,00799462199211121
119,504192	0,00474885106086731
119,605613	0,00188809633255005
119,707032	-0,000731557607650757
119,807359	-0,00366583466529846
119,909163	-0,00471788644790649
120,010508	-0,00475844740867615
120,110995	-0,00330424308776855
120,212240	-0,00118884444236755
120,313160	0,00148850679397583
120,413289	0,00545954704284668
120,515101	0,00817793607711792
120,615140	0,0102735757827759
120,716055	0,0116504728794098
120,817988	0,0117525458335876
120,918707	0,0107068121433258
121,020217	0,00834015011787415
121,120543	0,0052759051322937
121,221894	0,00246426463127136
121,323550	-0,000610947608947754
121,425228	-0,00282546877861023
121,526170	-0,00381875038146973
121,626624	-0,00370076298713684
121,727735	-0,0021897554397583
121,829732	-0,000116437673568726
121,930950	0,0030791163444519
122,032274	0,00649029016494751
122,133868	0,00897857546806335
122,234998	0,0112569332122803
122,336777	0,0121966004371643
122,437827	0,0114021897315979
122,538607	0,00842702388763428
122,640094	0,00415182113647461
122,741742	-0,00415009260177612
122,842941	-0,0110805630683899
122,943016	-0,0184983015060425
123,043663	-0,0285167694091797
123,144427	-0,0343825221061707
123,244611	-0,0391028523445129
123,345980	-0,0424970388412476
123,447756	-0,04262375831604
123,548353	-0,0405113995075226
123,649509	-0,0364593267440796
123,750237	-0,0284006595611572
123,850911	-0,0221527814865112
123,951235	-0,0161483287811279
124,051984	-0,00955379009246826
124,152737	-0,00719261169433594
124,253456	-0,0067780613899231
124,354118	-0,00967246294021606
124,454943	-0,014198511838913
124,555607	-0,019894003868103
124,656418	-0,0275453329086304
124,758286	-0,034970223903656
124,858643	-0,0397512912750244
124,959217	-0,0431115925312042
125,059362	-0,043458878993988
125,160493	-0,0410191714763641
125,261265	-0,0366778373718262
125,362219	-0,0286233723163605
125,462336	-0,0219977498054504
125,563054	-0,0159258842468262
125,664193	-0,00960579514503479
125,764931	-0,0070594847202301
125,866781	-0,00686401128768921
125,966911	-0,00950080156326294
126,067672	-0,0146549642086029
126,168211	-0,0207114517688751
126,269107	-0,0286688506603241
126,370017	-0,0359498262405396
126,471464	-0,0410048961639404
126,573211	-0,0441085696220398
126,674130	-0,0444762110710144
126,774992	-0,0422349870204926
126,876781	-0,0367267727851868
126,977918	-0,029423326253891
127,079663	-0,023044764995575
127,179866	-0,0168299376964569
127,280811	-0,0102690756320953
127,381631	-0,00794920325279236
127,483194	-0,00757089257240295
127,583913	-0,010049045085907
127,684197	-0,015432596206665
127,786099	-0,0212146937847137
127,886925	-0,0290425717830658
127,987185	-0,0364431738853455
128,088777	-0,0411263704299927
128,189138	-0,0445057451725006
128,289925	-0,0446228682994843
128,390533	-0,042039155960083
128,491728	-0,0366479158401489
128,593206	-0,0294365584850311
128,693460	-0,022836297750473
128,794720	-0,0157665014266968
128,895616	-0,0112060904502869
128,996781	-0,00802290439605713
129,097232	-0,0081731379032135
129,197607	-0,0104938745498657
129,299199	-0,0156877636909485
129,400003	-0,0216914713382721
129,500982	-0,0293864011764526
129,602693	-0,0365509986877441
129,702983	-0,0413764715194702
129,803847	-0,0444871485233307
129,904212	-0,0443843007087708
130,004929	-0,0419438779354095
130,105790	-0,0362840890884399
130,206637	-0,0290307402610779
130,307010	-0,0226646363735199
130,408709	-0,0154392719268799
130,508997	-0,0109621584415436
130,609327	-0,00810322165489197
130,709556	-0,00788736343383789
130,810140	-0,0106169581413269
130,910333	-0,0160571336746216
131,011043	-0,0218934416770935
131,111559	-0,0297111570835114
131,212630	-0,0369353592395782
131,313425	-0,0414855778217316
131,414577	-0,0446714460849762
131,515265	-0,0445171594619751
131,615506	-0,0417914390563965
131,717362	-0,036289781332016
131,817587	-0,0302682518959045
131,917744	-0,022424042224884
132,017908	-0,0165313482284546
132,118555	-0,0109758973121643
132,219742	-0,00803518295288086
132,320316	-0,00810796022415161
132,420595	-0,0108016133308411
132,521101	-0,0161783993244171
132,621707	-0,0222245454788208
132,721870	-0,0285987257957458
132,822579	-0,0369805097579956
132,924109	-0,0416599214076996
133,024791	-0,0442657172679901
133,125083	-0,0442876219749451
133,226881	-0,0416499376296997
133,327617	-0,0369434356689453
133,428283	-0,0298815667629242
133,530172	-0,0222479999065399
133,632062	-0,0162414312362671
133,733282	-0,0109569430351257
133,833507	-0,008278489112854
133,933870	-0,00828319787979126
134,034113	-0,0112932622432709
134,134157	-0,0167917311191559
134,234887	-0,0227081477642059
134,335210	-0,0292315483093262
134,435231	-0,0374767482280731
134,536027	-0,0418681502342224
134,637557	-0,0444804728031158
134,737791	-0,0444666743278503
134,838608	-0,0412430763244629
134,939587	-0,0366227328777313
135,040325	-0,0293840169906616
135,141227	-0,0216924250125885
135,242391	-0,0159482955932617
135,343078	-0,0106699764728546
135,443121	-0,00819534063339233
135,544717	-0,00852608680725098
135,646486	-0,0115609765052795
135,747337	-0,0173070132732391
135,848464	-0,0234280526638031
135,949753	-0,0310939252376556
136,051252	-0,0381463766098022
136,151280	-0,0425499081611633
136,251369	-0,0451118052005768
136,351766	-0,0448499619960785
136,452084	-0,0415641665458679
136,553490	-0,036679744720459
136,653834	-0,0294673442840576
136,754794	-0,0217173099517822
136,854940	-0,0157636404037476
136,955782	-0,0105956792831421
137,057168	-0,00803852081298828
137,158506	-0,00822180509567261
137,258604	-0,0106444358825684
137,358973	-0,0169561505317688
137,460849	-0,0229261815547943
137,561195	-0,0294062495231628
137,662384	-0,0365191698074341
137,762679	-0,0418519377708435
137,862806	-0,0443747639656067
137,963717	-0,0442495346069336
138,065060	-0,0409682095050812
138,165142	-0,036334902048111
138,265939	-0,0291093587875366
138,365962	-0,0215330123901367
138,466684	-0,0159048736095428
138,566825	-0,0107041001319885
138,667781	-0,0083356499671936
138,769569	-0,00866830348968506
138,870404	-0,0109356343746185
138,972296	-0,0162442922592163
139,074017	-0,0233774185180664
139,174284	-0,0296306908130646
139,275280	-0,0367671549320221
139,376181	-0,0420482158660889
139,476548	-0,0442552268505096
139,576660	-0,044223815202713
139,677578	-0,0408848524093628
139,778180	-0,0361036360263824
139,879008	-0,0290842652320862
139,979439	-0,0214396715164185
140,080313	-0,0156891942024231
140,180403	-0,0114197731018066
140,281332	-0,00831392407417297
140,381527	-0,00866121053695679
140,483464	-0,0112098753452301
140,584146	-0,0164300501346588
140,684372	-0,0235264599323273
140,785770	-0,0299099683761597
140,887404	-0,0368108749389648
140,987733	-0,0420620441436768
141,089713	-0,0443914234638214
141,191675	-0,0440671443939209
141,292435	-0,0407648086547852
141,394204	-0,0360281467437744
141,494302	-0,0287664532661438
141,595762	-0,0213070809841156
141,696032	-0,0156906247138977
141,797233	-0,0106562674045563
141,897951	-0,00862625241279602
141,998019	-0,00885170698165894
142,098839	-0,012010395526886
142,199467	-0,0166899263858795
142,299494	-0,023728996515274
142,400424	-0,0312226116657257
142,501233	-0,0370194911956787
142,602073	-0,0420777797698975
142,702473	-0,044168084859848
142,803334	-0,0438970923423767
142,904611	-0,0403603911399841
143,005516	-0,0355469286441803
143,105817	-0,0284755229949951
143,207226	-0,0208732783794403
143,307879	-0,0152600109577179
143,408932	-0,010437548160553
143,509231	-0,00833708047866821
143,610024	-0,00869902968406677
143,710496	-0,0120692253112793
143,812311	-0,0166789293289185
143,912887	-0,0238187909126282
144,014598	-0,0313853621482849
144,115924	-0,0369500815868378
144,216051	-0,0420739650726318
144,317019	-0,0442390441894531
144,417201	-0,0437380075454712
144,517571	-0,0403094589710236
144,618815	-0,0354781448841095
144,719508	-0,0282115638256073
144,820294	-0,0220001339912415
144,921150	-0,0152300000190735
145,021974	-0,010340541601181
145,122278	-0,00847929716110229
145,223156	-0,00885593891143799
145,323840	-0,0114003419876099
145,424097	-0,016950398683548
145,524851	-0,0239987969398499
145,625613	-0,0302360355854034
145,725822	-0,0371934175491333
145,826532	-0,0420835018157959
145,926709	-0,044104278087616
146,027369	-0,044019490480423
146,129121	-0,040006548166275
146,229265	-0,0351584553718567
146,330623	-0,0293304920196533
146,431083	-0,0217201709747314
146,531133	-0,0150503218173981
146,631743	-0,0109910368919373
146,732038	-0,00838196277618408
146,832875	-0,00897741317749023
146,932912	-0,0116847157478333
147,034496	-0,0170746445655823
147,136154	-0,0242951810359955
147,237408	-0,0305550098419189
147,338065	-0,0372504591941833
147,438312	-0,0422759652137756
147,540055	-0,0441828668117523
147,641669	-0,0435112714767456
147,741753	-0,0407528877258301
147,843637	-0,0349887013435364
147,945208	-0,0277743935585022
148,046048	-0,0216273367404938
148,146425	-0,0148773789405823
148,247730	-0,0102274417877197
148,348518	-0,00848495960235596
148,448794	-0,00897505879402161
148,550344	-0,0125146210193634
148,652079	-0,0173658430576324
148,752331	-0,0244268774986267
148,853786	-0,0307310223579407
148,954729	-0,0375518798828125
149,054920	-0,0422911942005157
149,154951	-0,0442523658275604
149,255262	-0,0436255931854248
149,357078	-0,0406542718410492
149,458030	-0,0349962711334229
149,558091	-0,027817577123642
149,658536	-0,0215330123901367
149,759805	-0,0150226950645447
149,860802	-0,0104299783706665
149,962543	-0,0086437463760376
150,062765	-0,009407639503479
150,163501	-0,0129228830337524
150,263732	-0,0177192687988281
150,364510	-0,0249738097190857
150,465281	-0,0311483144760132
150,565629	-0,0378177165985107
150,666810	-0,0420539379119873
150,767335	-0,0444233417510986
150,867718	-0,0436727404594421
150,968857	-0,0407962501049042
151,069672	-0,0348986387252808
151,169910	-0,0277321934700012
151,269995	-0,0215832889080048
151,371791	-0,0148968994617462
151,473754	-0,0104579031467438
151,574399	-0,00881719589233398
151,674961	-0,00945258140563965
151,775341	-0,0123832225799561
151,875923	-0,0180556178092957
151,976332	-0,0251367688179016
152,077214	-0,03145632147789
152,178101	-0,0380997657775879
152,279048	-0,0421263575553894
152,379909	-0,0446114540100098
152,480650	-0,0437155961990356
152,581425	-0,0406409502029419
152,681581	-0,0349318087100983
152,783336	-0,0276188254356384
152,883398	-0,0214076042175293
152,984196	-0,014982670545578
153,084936	-0,0109886825084686
153,187144	-0,00879970192909241
153,287543	-0,00970038771629333
153,387674	-0,0124966204166412
153,487747	-0,0182235836982727
153,587852	-0,0242092907428741
153,688674	-0,0315121412277222
153,790128	-0,0381977558135986
153,890361	-0,0422450006008148
153,991175	-0,0443995296955109
154,092804	-0,0435860455036163
154,194622	-0,040513277053833
154,294698	-0,0345360338687897
154,394858	-0,0286461114883423
154,495166	-0,0212180316448212
154,596710	-0,0146735310554504
154,698151	-0,0109891593456268
154,799109	-0,0088762640953064
154,900666	-0,00977843999862671
155,001714	-0,0128526091575623
155,102449	-0,0185198485851288
155,202823	-0,0244803130626678
155,303656	-0,0320283472537994
155,403725	-0,0385112762451172
155,504125	-0,0425065457820892
155,604825	-0,0447638034820557
155,705876	-0,0440271198749542
155,806536	-0,0404818654060364
155,907270	-0,0345762968063354
156,007475	-0,0284646451473236
156,108309	-0,0210897028446198
156,209541	-0,0146673619747162
156,311196	-0,0107992589473724
156,412881	-0,0088573694229126
156,513186	-0,00946250557899475
156,614684	-0,0127927660942078
156,714971	-0,0187003016471863
156,815765	-0,0246925354003906
156,916534	-0,0320605039596558
157,017652	-0,038699746131897
157,118289	-0,0425613522529602
157,218991	-0,0446000099182129
157,320429	-0,0435684323310852
157,420877	-0,0402489602565765
157,521429	-0,0341939628124237
157,622448	-0,0269444584846497
157,723820	-0,020674079656601
157,824357	-0,0151851773262024
157,926046	-0,010030597448349
158,026513	-0,00852513313293457
158,127268	-0,00922277569770813
158,228515	-0,0127500593662262
158,330120	-0,0185428261756897
158,430844	-0,0246162414550781
158,531022	-0,0332568287849426
158,631678	-0,0385469794273376
158,731757	-0,0424712896347046
158,832791	-0,0445114374160767
158,932840	-0,0432816743850708
159,033821	-0,0400336980819702
159,133924	-0,0339770317077637
159,235806	-0,0266286134719849
159,336494	-0,0205012559890747
159,437490	-0,0150703191757202
159,538739	-0,00990048050880432
159,640153	-0,00859221816062927
159,740505	-0,00933718681335449
159,841586	-0,0128526091575623
159,942723	-0,0188286006450653
160,043137	-0,0248660743236542
160,144045	-0,0334727168083191
160,244866	-0,0388358533382416
160,345073	-0,0426580607891083
160,445896	-0,0445866584777832
160,546612	-0,043420284986496
160,648253	-0,0400708317756653
160,748501	-0,0350830554962158
160,849349	-0,0267449915409088
160,950467	-0,0205601155757904
161,051271	-0,0151579976081848
161,153047	-0,0102023482322693
161,253219	-0,00884509086608887
161,353992	-0,00966301560401917
161,454969	-0,0133308470249176
161,555956	-0,0192049145698547
161,657138	-0,0252644419670105
161,758225	-0,032718688249588
161,860029	-0,039028137922287
161,960801	-0,0428362190723419
162,062384	-0,0447333455085754
162,162506	-0,0433007180690765
162,263021	-0,0399665236473083
162,363701	-0,0349787473678589
162,464979	-0,0264309644699097
162,565627	-0,0204250812530518
162,667453	-0,0141528248786926
162,769023	-0,010074108839035
162,870434	-0,00892731547355652
162,970766	-0,00973445177078247
163,071401	-0,0142213702201843
163,173389	-0,0194381177425385
163,274785	-0,0266385972499847
163,376035	-0,0327968001365662
163,477701	-0,039255678653717
163,578990	-0,0428500473499298
163,679663	-0,0446328520774841
163,780409	-0,0432893037796021
163,881489	-0,038864403963089
163,981797	-0,0336725115776062
164,082418	-0,0264076590538025
164,183245	-0,020214855670929
164,285124	-0,0140876770019531
164,385954	-0,0101110339164734
164,485987	-0,00885263085365295
164,586440	-0,0102960467338562
164,687108	-0,0135675072669983
164,788267	-0,0195046663284302
164,890017	-0,0268637239933014
164,990193	-0,032899022102356
165,091071	-0,0391452312469482
165,191909	-0,0428371727466583
165,292175	-0,0444709658622742
165,392722	-0,0429562926292419
165,492976	-0,0395337045192719
165,594428	-0,033271998167038
165,695693	-0,025938868522644
165,796423	-0,0199069380760193
165,896696	-0,0136924982070923
165,998530	-0,00981816649436951
166,098926	-0,00876235961914063
166,199085	-0,0101346671581268
166,299121	-0,013506680727005
166,400181	-0,0196181535720825
166,500391	-0,0256215333938599
166,602048	-0,0329941511154175
166,702285	-0,0392994582653046
166,803076	-0,0428186058998108
166,903822	-0,0444919168949127
167,004231	-0,0429515242576599
167,105708	-0,0393485128879547
167,206814	-0,0331967175006866
167,308597	-0,025877058506012
167,409112	-0,0197685360908508
167,509235	-0,0137657225131989
167,609990	-0,0103959143161774
167,710352	-0,00888761878013611
167,812251	-0,0105028748512268
167,913077	-0,0138669908046722
168,014111	-0,0199323296546936
168,114890	-0,0273313224315643
168,215178	-0,0333250164985657
168,317006	-0,0395189523696899
168,417955	-0,0430868268013
168,518202	-0,0445057451725006
168,618815	-0,0428376495838165
168,720025	-0,039278507232666
168,820870	-0,0329326093196869
168,921703	-0,0256510376930237
169,022985	-0,0196584165096283
169,123726	-0,0135518014431
169,224891	-0,010318785905838
169,325689	-0,00898215174674988
169,426448	-0,0105412304401398
169,526846	-0,0140734016895294
169,627692	-0,0202229917049408
169,727741	-0,0274907350540161
169,829338	-0,0335768759250641
169,930667	-0,0396808385848999
170,030718	-0,0430744290351868
170,131663	-0,0445490479469299
170,231771	-0,0427500009536743
170,332294	-0,0390381217002869
170,432899	-0,0327665209770203
170,534418	-0,0266585350036621
170,635603	-0,0193835496902466
170,736043	-0,0134981274604797
170,836380	-0,010212779045105
170,938302	-0,00892022252082825
171,039249	-0,0106586217880249
171,139609	-0,0141604542732239
171,240289	-0,0203728973865509
171,340987	-0,0277397930622101
171,441846	-0,0336995124816895
171,542295	-0,0397870242595673
171,643223	-0,043190211057663
171,743643	-0,0444623827934265
171,844544	-0,0426775813102722
171,946103	-0,0390219688415527
172,047294	-0,0326136350631714
172,147612	-0,0265364646911621
172,249493	-0,0193629562854767
172,349875	-0,0133987963199615
172,450104	-0,0103045701980591
172,550410	-0,00913390517234802
172,651209	-0,0108376145362854
172,752288	-0,0144578814506531
172,853009	-0,0206793546676636
172,954263	-0,0266841948032379
173,055918	-0,0339969098567963
173,157575	-0,0399827361106873
173,258702	-0,043657511472702
173,359516	-0,0445671677589417
173,460837	-0,043113499879837
173,561833	-0,0378419458866119
173,663620	-0,0325053036212921
173,763798	-0,0263663232326508
173,864709	-0,0181202292442322
173,965951	-0,0134824216365814
174,067547	-0,0103140473365784
174,169255	-0,00938308238983154
174,269591	-0,0111700892448425
174,371434	-0,0147216320037842
174,471573	-0,0210892558097839
174,572200	-0,0284125208854675
174,672942	-0,0342816114425659
174,773971	-0,0394389629364014
174,875640	-0,0438923239707947
174,975815	-0,0445333421230316
175,076600	-0,0431316196918488
175,177646	-0,0377478003501892
175,278059	-0,0322360396385193
175,378376	-0,0262275338172913
175,480264	-0,0179388821125031
175,582587	-0,0132662653923035
175,683016	-0,0103150010108948
175,784612	-0,00924357771873474
175,885774	-0,0112037360668182
175,986414	-0,0149750411510468
176,086775	-0,0212371945381165
176,187848	-0,0285731256008148
176,288145	-0,0345388948917389
176,390123	-0,0403270721435547
176,490147	-0,0438747107982635
176,591360	-0,0445581078529358
176,691739	-0,0429243743419647
176,792246	-0,0375105142593384
176,892871	-0,0320397019386292
176,993613	-0,0258442163467407
177,095142	-0,0177044570446014
177,195722	-0,0130743384361267
177,296277	-0,0100471377372742
177,397142	-0,00918164849281311
177,497601	-0,0112003982067108
177,598946	-0,0148854851722717
177,700704	-0,0213405787944794
177,801570	-0,0286063253879547
177,902924	-0,0344640016555786
178,004775	-0,0403737425804138
178,106627	-0,0437394380569458
178,207148	-0,0442685782909393
178,308138	-0,0421482622623444
178,409035	-0,0371520519256592
178,509361	-0,0316574275493622
178,609824	-0,0244030356407166
178,710283	-0,0184686183929443
178,811192	-0,0128710865974426
178,912171	-0,00969186425209045
179,012902	-0,00914853811264038
179,114534	-0,0113302171230316
179,214836	-0,016123503446579
179,314895	-0,0215454697608948
179,415473	-0,0289251208305359
179,515782	-0,0348066687583923
179,616690	-0,0405090153217316
179,716696	-0,0439266264438629
179,817562	-0,0444214344024658
179,918129	-0,0420644283294678
180,018400	-0,0371306836605072
180,118543	-0,0315443277359009
180,218637	-0,0253877937793732
180,319719	-0,0183939933776855
180,419973	-0,012793242931366
180,520011	-0,00995537638664246
180,621552	-0,00926345586776733
180,721950	-0,0114245116710663
180,823683	-0,0152805149555206
180,925481	-0,0218034684658051
181,025875	-0,0290946960449219
181,127515	-0,0349469780921936
181,227713	-0,0398970246315002
181,329275	-0,0439299345016479
181,430158	-0,0443671643733978
181,530862	-0,0420420169830322
181,631506	-0,0379327833652496
181,732060	-0,0313990712165833
181,832518	-0,0253191888332367
181,933166	-0,0182274281978607
182,034846	-0,0127609670162201
182,136480	-0,0100263357162476
182,236736	-0,00930219888687134
182,337589	-0,0116112232208252
182,438117	-0,0155127048492432
182,538953	-0,0219317078590393
182,639773	-0,0292983055114746
182,740017	-0,0351176559925079
182,840889	-0,0407319366931915
182,941663	-0,0440014004707336
183,042719	-0,0443333387374878
183,143346	-0,0418790876865387
183,244651	-0,0378386080265045
183,345582	-0,0312381982803345
183,446376	-0,0239195227622986
183,546492	-0,0182063579559326
183,648111	-0,0127158761024475
183,749476	-0,0100017189979553
183,850270	-0,00944358110427856
183,951066	-0,0117117166519165
184,051419	-0,0156834721565247
184,153016	-0,0222154557704926
184,255017	-0,0294716060161591
184,355629	-0,0352656245231628
184,456294	-0,0408643484115601
184,556572	-0,043628454208374
184,658021	-0,0442599952220917
184,759785	-0,0417733192443848
184,860359	-0,0376079678535461
184,962333	-0,031046599149704
185,062839	-0,0237351953983307
185,164437	-0,0180278718471527
185,264635	-0,0127187073230743
185,365547	-0,00980633497238159
185,466215	-0,00956514477729797
185,567297	-0,0119795799255371
185,668176	-0,0169346034526825
185,768430	-0,0224584937095642
185,869493	-0,0297740995883942
185,970188	-0,0355606973171234
186,071816	-0,0410434901714325
186,173748	-0,0437784790992737
186,274073	-0,0440385341644287
186,375723	-0,0416189730167389
186,476584	-0,0374715328216553
186,577966	-0,0308422148227692
186,678161	-0,023558497428894
186,778955	-0,0178738236427307
186,879009	-0,01253741979599
186,979911	-0,00969472527503967
187,081466	-0,00954195857048035
187,182148	-0,0120094418525696
187,284131	-0,0170454978942871
187,384333	-0,0226387977600098
187,484522	-0,0286811590194702
187,585811	-0,0366944670677185
187,686139	-0,0411144495010376
187,787491	-0,0437894463539124
187,888339	-0,0440204441547394
187,988845	-0,041631817817688
188,090859	-0,0374049544334412
188,192360	-0,0295857191085815
188,293479	-0,023545116186142
188,394173	-0,0178953409194946
188,495409	-0,0126892924308777
188,596078	-0,00994542241096497
188,697760	-0,00980633497238159
188,798241	-0,0123685002326965
188,898957	-0,0174394845962524
189,000162	-0,0229921638965607
189,100860	-0,029089480638504
189,201430	-0,0370132923126221
189,302706	-0,0413321554660797
189,404293	-0,0439351797103882
189,504629	-0,0440004467964172
189,604992	-0,0415046215057373
189,705451	-0,0373502969741821
189,806873	-0,0306728184223175
189,907719	-0,0234079957008362
190,007878	-0,0178020298480988
190,108278	-0,0125844180583954
190,209670	-0,00992414355278015
190,309945	-0,00994023680686951
190,411705	-0,0125065743923187
190,511845	-0,0176594853401184
190,613623	-0,0232474207878113
190,714357	-0,0304139852523804
190,814604	-0,0371183156967163
190,916495	-0,0414184033870697
191,016732	-0,0441990494728088
191,118375	-0,0440252125263214
191,218994	-0,0414851009845734
191,319394	-0,0371506214141846
191,420769	-0,0305360853672028
191,521314	-0,0232794284820557
191,621996	-0,0177154541015625
191,722812	-0,01265749335289
191,824086	-0,0100092887878418
191,924830	-0,0100012719631195
192,025899	-0,012659877538681
192,127184	-0,0177570581436157
192,227493	-0,0233473181724548
192,328312	-0,0305815041065216
192,428839	-0,0371630191802979
192,530018	-0,0414150655269623
192,630665	-0,0441442728042603
192,730852	-0,0440480709075928
192,831658	-0,0412264168262482
192,932148	-0,0369192063808441
193,033927	-0,0302535891532898
193,134048	-0,0230848789215088
193,235311	-0,0175528526306152
193,336212	-0,0124942362308502
193,438065	-0,00998753309249878
193,538845	-0,0100840628147125
193,639738	-0,0128131806850433
193,740263	-0,0180513262748718
193,840715	-0,0236468315124512
193,942229	-0,0308398604393005
194,042694	-0,0374677181243896
194,143433	-0,0416303873062134
194,244981	-0,0442638099193573
194,345761	-0,0441418886184692
194,446507	-0,0412068665027618
194,546933	-0,0358425676822662
194,647475	-0,0302251577377319
194,748060	-0,0230079293251038
194,848466	-0,0174829959869385
194,949456	-0,0125018358230591
195,051445	-0,0100187659263611
195,151809	-0,0102203488349915
195,251834	-0,0130330324172974
195,353229	-0,0182609260082245
195,453832	-0,0239142775535583
195,554821	-0,0310995876789093
195,655428	-0,0366056263446808
195,756677	-0,0417418777942657
195,857064	-0,0442414283752441
195,957349	-0,0440694987773895
196,057547	-0,0411020815372467
196,159426	-0,0356071889400482
196,260932	-0,0298933982849121
196,361622	-0,0226799249649048
196,461836	-0,0171406269073486
196,562792	-0,012256532907486
196,663637	-0,00987210869789124
196,764615	-0,010074108839035
196,865281	-0,0129926800727844
196,965355	-0,0182953774929047
197,065789	-0,0239300429821014
197,165988	-0,0299946963787079
197,267984	-0,0367053747177124
197,368400	-0,0417928695678711
197,468753	-0,0441047549247742
197,568779	-0,0440118610858917
197,669767	-0,0409486889839172
197,770595	-0,0365353226661682
197,872449	-0,0297722220420837
197,973177	-0,0225799679756165
198,074693	-0,0171401500701904
198,175865	-0,0122238099575043
198,276083	-0,00992035865783691
198,377242	-0,0101890861988068
198,477250	-0,013104259967804
198,577895	-0,0174571573734283
198,678491	-0,0241429507732391
198,778659	-0,0301158428192139
198,878677	-0,0367980301380157
198,980123	-0,0417976081371307
199,080883	-0,0439704358577728
199,181847	-0,0438399314880371
199,282607	-0,0406919121742249
199,382868	-0,0361601412296295
199,483705	-0,0293977558612823
199,583794	-0,0221752822399139
199,684186	-0,0167449116706848
199,785079	-0,0119605958461761
199,885994	-0,00970891118049622
199,986145	-0,0100547075271606
200,086936	-0,0123993456363678
200,188899	-0,0174375772476196
200,290406	-0,0241568088531494
200,391018	-0,0301944017410278
200,491882	-0,0368251204490662
200,591997	-0,0417656898498535
200,692950	-0,0439128279685974
200,793377	-0,0436632335186005
200,894193	-0,0404418408870697
200,994815	-0,0359251499176025
201,095258	-0,0291093587875366
201,196371	-0,0219288468360901
201,296986	-0,0165891051292419
201,397146	-0,0124614834785461
201,497165	-0,0098479688167572
201,597740	-0,0101394057273865
201,699462	-0,012512743473053
201,800928	-0,0176613926887512
201,902563	-0,0244636237621307
202,004109	-0,0304778516292572
202,104341	-0,0371644496917725
202,205034	-0,0420644283294678
202,305462	-0,044104278087616
202,405511	-0,0438737571239471
202,505581	-0,0405856966972351
202,605798	-0,0360172390937805
202,706093	-0,0304698348045349
202,806408	-0,0220862627029419
202,907207	-0,0167520642280579
203,007305	-0,0127125382423401
203,108949	-0,0101242661476135
203,209295	-0,0104697644710541
203,310682	-0,0129323601722717
203,411171	-0,01804319024086
203,512441	-0,0248551070690155
203,613652	-0,0308332443237305
203,713673	-0,0363562703132629
203,814467	-0,0422135591506958
203,915421	-0,0442180931568146
204,016661	-0,0440947413444519
204,116823	-0,0405032932758331
204,217138	-0,0358871817588806
204,318961	-0,0302379429340363
204,419840	-0,0230877697467804
204,520909	-0,0165972411632538
204,621099	-0,0125853419303894
204,721875	-0,0101398825645447
204,822800	-0,0105118751525879
204,922908	-0,0129955112934113
205,024902	-0,0171946585178375
205,125258	-0,0249370932579041
205,225682	-0,0309022963047028
205,325715	-0,0364631116390228
205,427715	-0,0421639978885651
205,528801	-0,0441275835037231
205,629757	-0,0439656674861908
205,730755	-0,0402089357376099
205,831957	-0,0355792045593262
205,933801	-0,0287560224533081
206,035065	-0,0227588415145874
206,136460	-0,0163913667201996
206,237502	-0,0124595761299133
206,337579	-0,0100263357162476
206,437604	-0,0105568468570709
206,537956	-0,0130975842475891
206,638412	-0,0183528065681458
206,739605	-0,0252191722393036
206,840383	-0,0311790704727173
206,942142	-0,037665992975235
207,043089	-0,0423983931541443
207,143831	-0,0442409515380859
207,244807	-0,0437203645706177
207,344853	-0,0410339534282684
207,445429	-0,0355516672134399
207,545808	-0,0299080610275269
207,645898	-0,0228009223937988
207,746899	-0,0163933038711548
207,847598	-0,0125288665294647
207,948844	-0,0102184414863586
208,049686	-0,0107552111148834
208,151134	-0,0133779048919678
208,252663	-0,0186672806739807
208,354510	-0,0254482626914978
208,455381	-0,0314047336578369
208,555482	-0,0378253161907196
208,655706	-0,041814774274826
208,755994	-0,0442318916320801
208,856644	-0,0439028143882751
208,958239	-0,0407881438732147
209,058327	-0,0353192090988159
209,158464	-0,0296600162982941
209,258534	-0,0225211381912231
209,360512	-0,0162419080734253
209,461387	-0,0124140381813049
209,562477	-0,0101668536663055
209,663090	-0,010833352804184
209,764277	-0,0134724378585815
209,864928	-0,0188185572624207
209,965607	-0,0256834030151367
210,067247	-0,0315930843353271
210,169002	-0,0379898548126221
210,269473	-0,04195436835289
210,370426	-0,044226199388504
210,470640	-0,0435284078121185
210,572276	-0,0407100319862366
210,673258	-0,0351570248603821
210,774333	-0,0295061767101288
210,874953	-0,0224307477474213
210,975672	-0,0161273181438446
211,075711	-0,0123666226863861
211,175729	-0,0102151334285736
211,277257	-0,0109076797962189
211,378124	-0,0136435627937317
211,478125	-0,0190407037734985
211,579413	-0,0246701240539551
211,680191	-0,0317946076393127
211,781058	-0,03813636302948
211,881707	-0,0419905781745911
211,983681	-0,0442428588867188
212,084726	-0,0434374511241913
212,185555	-0,040539026260376
212,287291	-0,0350047945976257
212,387713	-0,0281295478343964
212,488145	-0,0222035050392151
212,588160	-0,0160079598426819
212,688698	-0,0122831165790558
212,788989	-0,0101914405822754
212,889998	-0,0109967291355133
212,990974	-0,0137528777122498
213,092353	-0,0191728472709656
213,194171	-0,0248694121837616
213,295025	-0,0319124162197113
213,395581	-0,038216769695282
213,496247	-0,0420801639556885
213,596363	-0,0441804826259613
213,697111	-0,0433512330055237
213,797495	-0,0404342412948608
213,898195	-0,034797191619873
213,998224	-0,0291439294815063
214,098568	-0,0221035182476044
214,199102	-0,0159115493297577
214,299973	-0,0123224854469299
214,400802	-0,0103145241737366
214,502051	-0,0108016133308411
214,603074	-0,0140362977981567
214,703386	-0,0194716453552246
214,803542	-0,0251315236091614
214,904810	-0,032232254743576
215,006765	-0,0374919772148132
215,107235	-0,0421892404556274
215,208380	-0,0442647635936737
215,309082	-0,0436336994171143
215,409110	-0,0402770638465881
215,509615	-0,0346312820911407
215,610328	-0,0288934111595154
215,710694	-0,0218532383441925
215,811531	-0,0157426297664642
215,912507	-0,0121351182460785
216,013223	-0,0102558135986328
216,114788	-0,0108584463596344
216,216573	-0,0140895843505859
216,317410	-0,0196440517902374
216,417526	-0,0253258645534515
216,517771	-0,0323657095432281
216,618356	-0,0385978817939758
216,719321	-0,0423188507556915
216,819798	-0,0442762076854706
216,920408	-0,0436465442180634
217,020622	-0,040206104516983
217,120665	-0,0344872176647186
217,220996	-0,0288171470165253
217,322003	-0,0217637121677399
217,423162	-0,016558051109314
217,524753	-0,0121735334396362
217,625559	-0,0102913081645966
217,727216	-0,0109403729438782
217,827387	-0,0142827332019806
217,928406	-0,0187663733959198
218,028903	-0,0255220532417297
218,129974	-0,0325677394866943
218,231280	-0,0386568903923035
218,332805	-0,0423188507556915
218,432817	-0,044219046831131
218,534403	-0,0434812605381012
218,636073	-0,040033221244812
218,736808	-0,035377562046051
218,837599	-0,0285594165325165
218,937905	-0,0215751528739929
219,037949	-0,016421914100647
219,138226	-0,0120644569396973
219,239566	-0,0103490650653839
219,341012	-0,0110649168491364
219,441126	-0,0144312083721161
219,542489	-0,020058274269104
219,642501	-0,0257185995578766
219,742769	-0,032739520072937
219,843964	-0,0379741787910461
219,944627	-0,0424627363681793
220,045491	-0,0442957282066345
220,145586	-0,0435207784175873
220,245727	-0,0399212837219238
220,347123	-0,035219132900238
220,449085	-0,0284494757652283
220,549595	-0,0214358568191528
220,651034	-0,0163842141628265
220,751207	-0,0121113955974579
220,852220	-0,0103987455368042
220,952562	-0,0111956596374512
221,053678	-0,0146387815475464
221,153995	-0,0192078053951263
221,254913	-0,0260164141654968
221,354941	-0,032986581325531
221,454984	-0,038141131401062
221,555156	-0,0426056385040283
221,657146	-0,0442123711109161
221,757889	-0,043427437543869
221,858602	-0,0398003458976746
221,958699	-0,0350280404090881
222,059447	-0,0282404720783234
222,159801	-0,022416889667511
222,260928	-0,0162170827388763
222,361123	-0,0120066106319427
222,461609	-0,0104427635669708
222,562597	-0,0111828744411469
222,663492	-0,0146935284137726
222,763806	-0,0192997455596924
222,864159	-0,0249108970165253
222,964805	-0,0330523550510406
223,066305	-0,0381540060043335
223,168020	-0,042501300573349
223,268410	-0,0440942645072937
223,368751	-0,0432211756706238
223,469232	-0,0403384864330292
223,569671	-0,034792423248291
223,670180	-0,0279906392097473
223,771035	-0,0221465528011322
223,871067	-0,0160270631313324
223,971986	-0,0118681490421295
224,072305	-0,0103816986083984
224,173178	-0,0109157562255859
224,273655	-0,0147878229618073
224,375303	-0,0194472372531891
224,476037	-0,0250605344772339
224,576267	-0,0320444107055664
224,677099	-0,0382210612297058
224,777433	-0,0420077443122864
224,878152	-0,0440499782562256
224,978982	-0,0431196987628937
225,080353	-0,0401580035686493
225,180906	-0,0345559120178223
225,282163	-0,0277492702007294
225,383878	-0,0219627916812897
225,484661	-0,0158857703208923
225,585716	-0,0118179023265839
225,685945	-0,0104281008243561
225,787240	-0,0113131403923035
225,888094	-0,014954537153244
225,988962	-0,0196464359760284
226,089076	-0,0252591967582703
226,189928	-0,0322653651237488
226,290479	-0,0383994579315186
226,391056	-0,0420572757720947
226,491898	-0,0440638065338135
226,593828	-0,0430353581905365
226,694377	-0,0400051176548004
226,795103	-0,0344118773937225
226,896820	-0,0275638103485107
226,997184	-0,0217685103416443
227,098373	-0,0157874822616577
227,200119	-0,0117524862289429
227,300312	-0,0104205310344696
227,402069	-0,0114462971687317
227,502731	-0,0143093764781952
227,603243	-0,0198355913162231
227,704976	-0,0266699492931366
227,805136	-0,0324040055274963
227,906940	-0,0385460257530212
228,007523	-0,0426790118217468
228,107700	-0,0440213978290558
228,208254	-0,0429719984531403
228,308581	-0,0398903489112854
228,408890	-0,0342162251472473
228,509515	-0,0274209976196289
228,609717	-0,0216091275215149
228,710474	-0,0156133472919464
228,810686	-0,011718362569809
228,911366	-0,0104337632656097
229,013115	-0,0111402273178101
229,114339	-0,0145002603530884
229,215390	-0,01997110247612
229,317255	-0,0268000960350037
229,418034	-0,0325819253921509
229,519723	-0,0385964512825012
229,619839	-0,0427409410476685
229,720771	-0,0440771281719208
229,821967	-0,0428872108459473
229,923847	-0,0389752686023712
230,024015	-0,0340509116649628
230,125598	-0,0271908640861511
230,227387	-0,0203796029090881
230,327787	-0,0155575573444366
230,428207	-0,0121545791625977
230,528791	-0,0104697644710541
230,628912	-0,0115718841552734
230,729481	-0,0145492553710938
230,830112	-0,0201478004455566
230,930536	-0,0269615650177002
231,033050	-0,0327168107032776
231,133118	-0,0387111604213715
231,233658	-0,0426990389823914
231,334156	-0,0439385175704956
231,434549	-0,0426976084709167
231,535142	-0,0395446419715881
231,636446	-0,033775269985199
231,736912	-0,0269392132759094
231,838498	-0,0211835503578186
231,939994	-0,0152848064899445
232,040625	-0,0119686722755432
232,140873	-0,0103377103805542
232,242039	-0,0115349292755127
232,342531	-0,014613538980484
232,443244	-0,0202071964740753
232,543676	-0,0270517766475677
232,644167	-0,0328370034694672
232,745103	-0,038724958896637
232,845451	-0,0421692430973053
232,947451	-0,0438375473022461
233,049312	-0,0424603521823883
233,150247	-0,0384480059146881
233,251013	-0,0335205495357513
233,352116	-0,0277938544750214
233,452853	-0,0198695957660675
233,553482	-0,0150779485702515
233,653858	-0,0117335319519043
233,754411	-0,0102581977844238
233,854443	-0,0115259289741516
233,956292	-0,0146259069442749
234,058154	-0,0203355550765991
234,158524	-0,0271362662315369
234,259348	-0,032863050699234
234,359894	-0,0388049185276031
234,461049	-0,0426323413848877
234,562749	-0,043768972158432
234,664883	-0,0428438484668732
234,766018	-0,0382581651210785
234,866977	-0,0332975387573242
234,968974	-0,0276254713535309
235,070746	-0,0196588933467865
235,171534	-0,0149959921836853
235,271579	-0,0117970407009125
235,371954	-0,0103452801704407
235,472312	-0,011684238910675
235,574051	-0,0148259401321411
235,674674	-0,0204854011535645
235,775141	-0,0273588299751282
235,875203	-0,0330528318881989
235,975233	-0,0388939082622528
236,075811	-0,0427161753177643
236,177248	-0,0437527596950531
236,278156	-0,0426918864250183
236,379822	-0,0381216406822205
236,480496	-0,0331148505210876
236,581808	-0,027429074048996
236,683331	-0,0195391774177551
236,783606	-0,0148897469043732
236,884626	-0,0117420554161072
236,984972	-0,0104328393936157
237,085439	-0,011787086725235
237,185698	-0,0149688422679901
237,286221	-0,0207037925720215
237,387013	-0,0275149345397949
237,487022	-0,0332038104534149
237,588996	-0,0381497144699097
237,690511	-0,0426604449748993
237,791000	-0,0436317920684814
237,891158	-0,0425213277339935
237,992260	-0,0378177165985107
238,092760	-0,0328128933906555
238,193615	-0,0271172523498535
238,294560	-0,0192226469516754
238,396195	-0,0146263837814331
238,497096	-0,0115438997745514
238,597393	-0,010231226682663
238,697796	-0,0117709636688232
238,798362	-0,0150488913059235
238,899422	-0,020820140838623
239,000811	-0,0276890397071838
239,102034	-0,0333217084407806
239,203602	-0,0390762090682983
239,304146	-0,0427438020706177
239,404708	-0,0436970591545105
239,505637	-0,0420558452606201
239,606344	-0,0377901196479797
239,707190	-0,032736212015152
239,807322	-0,0270194709300995
239,908424	-0,0192058682441711
240,008761	-0,0146373510360718
240,110013	-0,0115951001644135
240,212097	-0,0103854835033417
240,312507	-0,011945903301239
240,414351	-0,0152319073677063
240,514972	-0,0210385024547577
240,615079	-0,027865469455719
240,716305	-0,033510148525238
240,816528	-0,0392028093338013
240,917565	-0,0427399873733521
241,017597	-0,0435760617256165
241,117650	-0,0423526763916016
241,218606	-0,0375185906887054
241,319176	-0,0324792563915253
241,419569	-0,0267677903175354
241,520020	-0,0200027227401733
241,620236	-0,0144830942153931
241,721235	-0,0114913284778595
241,822011	-0,0103533267974854
241,922420	-0,012016087770462
242,023374	-0,0153567790985107
242,124016	-0,0201339423656464
242,225081	-0,0280755162239075
242,325300	-0,0336739420890808
242,425348	-0,038508415222168
242,526284	-0,0428152680397034
242,626435	-0,0435903370380402
242,727183	-0,0422993004322052
242,829033	-0,0373897552490234
242,929290	-0,032307505607605
243,030378	-0,026602029800415
243,130497	-0,0198767781257629
243,232458	-0,0143802762031555
243,333145	-0,0114425122737885
243,434566	-0,0103604197502136
243,535228	-0,0120758414268494
243,635474	-0,0154845714569092
243,735892	-0,0203125476837158
243,836793	-0,0282447338104248
243,937870	-0,0338472425937653
244,038946	-0,0386435687541962
244,138953	-0,0428338348865509
244,239792	-0,0435469746589661
244,339928	-0,0422216355800629
244,440221	-0,0381516218185425
244,542126	-0,0321778357028961
244,642387	-0,0264708697795868
244,743548	-0,0197393298149109
244,843913	-0,014338880777359
244,944394	-0,0114732980728149
245,046370	-0,0104503333568573
245,146525	-0,0123163163661957
245,247236	-0,0157569646835327
245,347283	-0,0205879211425781
245,447951	-0,0285636782646179
245,548675	-0,0341347455978394
245,650649	-0,0388801097869873
245,750911	-0,0430525243282318
245,850931	-0,0436918139457703
245,951026	-0,04227215051651
246,051540	-0,0381596982479095
246,151656	-0,032125324010849
246,251955	-0,0264195501804352
246,352063	-0,0208024382591248
246,453660	-0,0151275098323822
246,555518	-0,0115609765052795
246,656435	-0,0106117427349091
246,758244	-0,0125174820423126
246,859723	-0,0160160958766937
246,959907	-0,0208866894245148
247,060766	-0,028791069984436
247,161508	-0,0343332290649414
247,262513	-0,0390447974205017
247,364113	-0,0427238047122955
247,464733	-0,043677031993866
247,565621	-0,0422006845474243
247,665989	-0,0388239622116089
247,766330	-0,0319365561008453
247,867827	-0,0262232720851898
247,968514	-0,020602285861969
248,068603	-0,014281302690506
248,170146	-0,0115140676498413
248,270957	-0,0106074810028076
248,371202	-0,0126399397850037
248,472235	-0,0161488056182861
248,572237	-0,0210255682468414
248,672414	-0,0278370082378387
248,773322	-0,0344597697257996
248,873762	-0,0391123592853546
248,974085	-0,0427576303482056
249,074697	-0,043560802936554
249,175123	-0,0420420169830322
249,275929	-0,0386878252029419
249,376862	-0,031697154045105
249,478575	-0,0260335206985474
249,579227	-0,0204748809337616
249,679675	-0,014128565788269
249,780482	-0,0114927291870117
249,881597	-0,010673314332962
249,983491	-0,0121963024139404
250,084365	-0,0163335800170898
250,184755	-0,0212357640266418
250,285239	-0,0279911160469055
250,386188	-0,0346672832965851
250,486689	-0,0392623543739319
250,587250	-0,0423688590526581
250,687489	-0,0436117649078369
250,788374	-0,0419710576534271
250,888761	-0,0385183990001678
250,989421	-0,0316049158573151
251,089473	-0,0258608758449554
251,191116	-0,0203197300434113
251,291911	-0,0148597359657288
251,393450	-0,011475682258606
251,493678	-0,01070836186409
251,595012	-0,0123514235019684
251,696208	-0,0164505839347839
251,797005	-0,0214133560657501
251,897030	-0,0282167792320251
251,997500	-0,034769207239151
252,098295	-0,0393604040145874
252,198582	-0,0424293875694275
252,299217	-0,0435450971126556
252,399486	-0,0418142974376678
252,499740	-0,0383414328098297
252,600295	-0,0323945581912994
252,700689	-0,0256291329860687
252,800831	-0,0200850665569305
252,900858	-0,0146168768405914
253,001419	-0,0113936960697174
253,102836	-0,0106841921806335
253,204657	-0,0123656690120697
253,305784	-0,0166325867176056
253,405908	-0,0215684473514557
253,506540	-0,0271927416324615
253,607209	-0,0339305996894836
253,708950	-0,0394508540630341
253,809091	-0,0424265265464783
253,909853	-0,0435593724250793
254,010292	-0,0416527986526489
254,111129	-0,0381278097629547
254,211184	-0,032247394323349
254,311324	-0,0265592336654663
254,412869	-0,0199433267116547
254,514358	-0,0145825743675232
254,614593	-0,0116609930992126
254,715191	-0,0106870532035828
254,815204	-0,0124581754207611
254,915822	-0,0158419013023376
255,016585	-0,0217651724815369
255,117613	-0,0274257361888885
255,218287	-0,0340063869953156
255,318492	-0,0395393967628479
255,419134	-0,0424450933933258
255,519418	-0,0434341132640839
255,620447	-0,0416142046451569
255,721718	-0,038011759519577
255,822550	-0,0320463180541992
255,923829	-0,0264209806919098
256,025208	-0,0197560787200928
256,125485	-0,01442551612854
256,225782	-0,0116756856441498
256,326091	-0,0107111930847168
256,426233	-0,012058287858963
256,526954	-0,0160175263881683
256,628074	-0,0218341052532196
256,729788	-0,0274689197540283
256,829951	-0,0341077446937561
256,931237	-0,0394927561283112
257,032583	-0,0424041152000427
257,133569	-0,0433416962623596
257,234432	-0,0418514609336853
257,334574	-0,0377558767795563
257,436247	-0,031785637140274
257,537551	-0,0261081755161285
257,638313	-0,0195659995079041
257,739785	-0,0150469839572906
257,840415	-0,0112297534942627
257,941053	-0,0107699036598206
258,041773	-0,0121797025203705
258,142130	-0,01615309715271
258,242868	-0,0221006274223328
258,344834	-0,0277056396007538
258,445173	-0,0342834889888763
258,546612	-0,0397170186042786
258,647988	-0,0425136983394623
258,748576	-0,0433688461780548
258,849096	-0,0413917303085327
258,949866	-0,0376460254192352
259,051505	-0,031641811132431
259,153207	-0,0248670279979706
259,254018	-0,0194070041179657
259,354318	-0,0150255262851715
259,456032	-0,0113121867179871
259,556966	-0,0108726620674133
259,656969	-0,0123476088047028
259,757427	-0,0173113346099854
259,857717	-0,0222901105880737
259,958194	-0,0279977321624756
260,059185	-0,0345554351806641
260,159904	-0,0398612916469574
260,260296	-0,0426666140556335
260,360337	-0,0433350205421448
260,461382	-0,0411906838417053
260,562361	-0,0374648571014404
260,663501	-0,0324910879135132
260,763639	-0,0245981216430664
260,864417	-0,019254744052887
260,964431	-0,0147654414176941
261,065041	-0,0114221274852753
261,165721	-0,0107391178607941
261,267136	-0,0122404098510742
261,368667	-0,0164252817630768
261,470308	-0,0224398374557495
