0,100197	0,00778943300247192
0,200424	0,0162210166454315
0,301118	0,024415910243988
0,401237	0,0269567668437958
0,502137	0,026257187128067
0,602342	0,0201356709003448
0,703033	0,0128258764743805
0,803303	0,00378820300102234
0,903818	-0,00766810774803162
1,003968	-0,0177781283855438
1,104529	-0,0240717828273773
1,204568	-0,0274172127246857
1,305579	-0,0268276631832123
1,405862	-0,0215341448783875
1,506353	-0,0142082870006561
1,607978	-0,00331217050552368
1,708319	0,00808200240135193
1,808833	0,016459733247757
1,909351	0,023802250623703
2,009938	0,0270401537418365
2,110595	0,0262762606143951
2,210846	0,0213024020195007
2,311242	0,0142750442028046
2,412299	0,00355789065361023
2,512878	-0,00599244236946106
2,613481	-0,0165327191352844
2,713581	-0,0242848694324493
2,814426	-0,0275553166866302
2,916307	-0,0270356833934784
3,017021	-0,0216464996337891
3,117636	-0,0142674446105957
3,217781	-0,00343301892280579
3,317946	0,00617799162864685
3,418596	0,0163913667201996
3,519069	0,0236390233039856
3,620038	0,0266875326633453
3,720714	0,0261113941669464
3,821626	0,0210752189159393
3,921770	0,014146089553833
4,022031	0,00342115759849548
4,122941	-0,00614646077156067
4,223823	-0,0165185034275055
4,324924	-0,0242441594600677
4,425553	-0,0274396538734436
4,526061	-0,0267209708690643
4,626483	-0,0225253403186798
4,726851	-0,0139173567295074
4,827205	-0,00301724672317505
4,928105	0,00649175047874451
5,028592	0,0166314840316772
5,129603	0,0238246321678162
5,229868	0,0267032384872437
5,330133	0,0264573395252228
5,430775	0,0220609903335571
5,531588	0,0138318836688995
5,632046	0,00500547885894775
5,732685	-0,00642663240432739
5,832932	-0,016858696937561
5,933219	-0,0234521329402924
6,033573	-0,02757728099823
6,133864	-0,0268577933311462
6,233919	-0,0225334763526917
6,334600	-0,0155286490917206
6,435362	-0,00306800007820129
6,536745	0,00648552179336548
6,637172	0,0150404274463654
6,738634	0,0236114263534546
6,838748	0,0264997482299805
6,939101	0,0261776149272919
7,039434	0,0216735303401947
7,140018	0,013526976108551
7,240999	0,00465026497840881
7,341537	-0,00490739941596985
7,442432	-0,0170295834541321
7,542468	-0,0236034393310547
7,642598	-0,0272905230522156
7,742983	-0,0267080962657928
7,843267	-0,0224009454250336
7,944232	-0,0153548121452332
8,044340	-0,00466799736022949
8,144524	0,00666350126266479
8,245216	0,0152018368244171
8,345729	0,0228384435176849
8,446674	0,0264663994312286
8,547289	0,0261137783527374
8,647396	0,021587610244751
8,747659	0,0148695409297943
8,847846	0,00446400046348572
8,948366	-0,0050426721572876
9,049344	-0,0156793296337128
9,149924	-0,0236699879169464
9,250531	-0,0272909998893738
9,350944	-0,0272178649902344
9,451504	-0,0222367942333221
9,551732	-0,0151838362216949
9,652272	-0,00458374619483948
9,752968	0,00497284531593323
9,853051	0,0152707397937775
9,953404	0,0227785408496857
10,053912	0,0261375904083252
10,155098	0,025936484336853
10,255919	0,0223654806613922
10,356129	0,0146613419055939
10,456312	0,00600957870483398
10,556545	-0,00537559390068054
10,657555	-0,0158627331256866
10,758905	-0,022811084985733
10,859600	-0,0274114608764648
10,959652	-0,0271657407283783
11,059872	-0,023373156785965
11,160178	-0,0151076018810272
11,260735	-0,00443470478057861
11,360746	0,00500306487083435
11,462253	0,0137742161750793
11,563236	0,021829217672348
11,664835	0,0260256230831146
11,765130	0,0261947810649872
11,865475	0,0222557485103607
11,966854	0,014406830072403
12,067382	0,00585073232650757
12,168071	-0,00550940632820129
12,269066	-0,0160239040851593
12,369783	-0,0227809250354767
12,470188	-0,0273378491401672
12,571069	-0,0270801484584808
12,671535	-0,023089200258255
12,771728	-0,0164335966110229
12,872456	-0,00418049097061157
12,972951	0,00535443425178528
13,073837	0,0140067040920258
13,174866	0,0219503045082092
13,275538	0,0261738002300262
13,377191	0,0261757075786591
13,478100	0,0221597850322723
13,578978	0,0143477916717529
13,679427	0,00563237071037292
13,779977	-0,00567907094955444
13,880185	-0,0160945355892181
13,980444	-0,0229250192642212
14,081163	-0,0269046723842621
14,181892	-0,0269319117069244
14,282868	-0,0230121314525604
14,383097	-0,0162135362625122
14,484774	-0,00581094622612
14,586055	0,00548261404037476
14,686949	0,0142060816287994
14,787972	0,0220614373683929
14,888965	0,0261228084564209
14,989229	0,0261752307415009
15,089706	0,0220253467559814
15,189950	0,014126718044281
15,290688	0,00553300976753235
15,391395	-0,00398591160774231
15,491766	-0,0162367820739746
15,592030	-0,0229173600673676
15,692349	-0,0269486606121063
15,793814	-0,0268621146678925
15,894676	-0,0228120386600494
15,994720	-0,0161210894584656
16,094880	-0,00566586852073669
16,195544	0,00564965605735779
16,295745	0,0141952037811279
16,396666	0,0209974348545074
16,496905	0,0260865986347198
16,597603	0,0259803235530853
16,697941	0,0228498578071594
16,797981	0,0139202475547791
16,898168	0,00521910190582275
16,998791	-0,00414592027664185
17,100262	-0,0147989094257355
17,201865	-0,023057609796524
17,302406	-0,0268759727478027
17,402425	-0,0272264778614044
17,502749	-0,0227138996124268
17,603388	-0,0158850252628326
17,703892	-0,00554528832435608
17,804067	0,00574132800102234
17,904357	0,0143307745456696
18,005335	0,0209609568119049
18,105618	0,025590568780899
18,206597	0,0258273780345917
18,307224	0,0225189924240112
18,408176	0,0151145458221436
18,508592	0,00488835573196411
18,608907	-0,00458374619483948
18,709654	-0,0150966942310333
18,810297	-0,0221267640590668
18,910973	-0,0271069407463074
19,011498	-0,0272441506385803
19,112378	-0,0237255394458771
19,213076	-0,0158475637435913
19,313113	-0,00718274712562561
19,413328	0,00409874320030212
19,514657	0,014453113079071
19,614802	0,0211454033851624
19,716316	0,0256915688514709
19,816404	0,0258154571056366
19,917815	0,0225760340690613
20,018579	0,0150611698627472
20,119383	0,00662130117416382
20,219739	-0,00459796190261841
20,321287	-0,0152198076248169
20,422167	-0,0222277045249939
20,523039	-0,0270500481128693
20,623886	-0,0275510251522064
20,725097	-0,0236676037311554
20,825510	-0,0156954526901245
20,925737	-0,00715348124504089
21,026328	0,00410738587379456
21,126744	0,0144573748111725
21,227312	0,0210012495517731
21,327803	0,0255433917045593
21,429005	0,0256286859512329
21,529437	0,022238165140152
21,630194	0,014767587184906
21,730781	0,00634977221488953
21,831260	-0,0049319863319397
21,931962	-0,0153566896915436
22,032471	-0,0223286747932434
22,132755	-0,0271537899971008
22,232990	-0,027480274438858
22,333645	-0,0235469341278076
22,433808	-0,0171230733394623
22,534115	-0,0069013237953186
22,634968	0,00428977608680725
22,736107	0,0130095183849335
22,836961	0,021150141954422
22,937964	0,0255167186260223
23,038785	0,0258416831493378
23,138838	0,0221763849258423
23,239318	0,0145777761936188
23,339824	0,00615450739860535
23,440777	-0,00318178534507751
23,541029	-0,0139438509941101
23,642630	-0,0224090814590454
23,742906	-0,0266061723232269
23,843700	-0,027438223361969
23,944900	-0,0233697891235352
24,044998	-0,0169104337692261
24,146464	-0,00678184628486633
24,247396	0,00449135899543762
24,348014	0,0131978392601013
24,448423	0,0212080180644989
24,549053	0,0256310701370239
24,649640	0,025871217250824
24,750305	0,0229677855968475
24,851860	0,0145414173603058
24,952710	0,00605231523513794
25,052740	-0,00328892469406128
25,153353	-0,0138667821884155
25,254062	-0,0223487615585327
25,355373	-0,0265085995197296
25,457335	-0,0271509289741516
25,558198	-0,0231093168258667
25,658453	-0,0165654718875885
25,759891	-0,00633403658866882
25,861351	0,00481489300727844
25,962472	0,0134943723678589
26,062559	0,0214627683162689
26,164319	0,0256953835487366
26,265380	0,0259188711643219
26,366297	0,0220690667629242
26,467269	0,0158936083316803
26,568751	0,00596734881401062
26,669371	-0,00524887442588806
26,769833	-0,0140379965305328
26,871517	-0,0223655104637146
26,972170	-0,026926189661026
27,072224	-0,0270954668521881
27,173960	-0,0228987038135529
27,275405	-0,0148216187953949
27,377224	-0,00620931386947632
27,478733	0,00499489903450012
27,580264	0,0150881111621857
27,680519	0,0214489996433258
27,780666	0,0256544053554535
27,880753	0,0257439911365509
27,981117	0,0218183100223541
28,082741	0,0156525075435638
28,184728	0,00561365485191345
28,285370	-0,00555002689361572
28,385409	-0,0142395198345184
28,485785	-0,0225885212421417
28,586505	-0,026991218328476
28,686737	-0,0270715653896332
28,787624	-0,0228656530380249
28,888383	-0,0146474242210388
28,988760	-0,00597399473190308
29,089330	0,00518596172332764
29,190618	0,0138054192066193
29,290910	0,0216255784034729
29,391311	0,0253209173679352
29,491737	0,0258145034313202
29,592689	0,021806925535202
29,694257	0,0155628621578217
29,795660	0,00558388233184814
29,897448	-0,00563040375709534
29,998402	-0,0143407881259918
30,099191	-0,0225631594657898
30,199341	-0,0269907414913177
30,301039	-0,0270093977451324
30,401366	-0,0226808786392212
30,501381	-0,0160926580429077
30,602336	-0,00582656264305115
30,703215	0,00535109639167786
30,803275	0,0153641998767853
30,904929	0,0216540396213531
31,004993	0,0253371000289917
31,105523	0,0256844460964203
31,205810	0,0216773152351379
31,307128	0,0154194235801697
31,407234	0,00535443425178528
31,508053	-0,00576511025428772
31,609515	-0,0144377648830414
31,709661	-0,0226545929908752
31,809757	-0,0265286862850189
31,909991	-0,0269194841384888
32,010087	-0,02256840467453
32,110767	-0,0158855020999908
32,211109	-0,00566917657852173
32,312877	0,00362604856491089
32,413800	0,0139826238155365
32,515430	0,0216497778892517
32,617084	0,0252451598644257
32,717864	0,0255748331546783
32,818274	0,0214433073997498
32,918719	0,0151678621768951
33,019739	0,00514516234397888
33,120542	-0,00600755214691162
33,222487	-0,0145910978317261
33,323087	-0,0226813554763794
33,423586	-0,0269022583961487
33,525450	-0,0267463624477386
33,625970	-0,0233353078365326
33,726009	-0,0156262516975403
33,826221	-0,00531837344169617
33,926579	0,00394707918167114
34,027727	0,0142032206058502
34,128916	0,0218425095081329
34,228978	0,0253428220748901
34,328978	0,0255419611930847
34,429550	0,0223626494407654
34,531408	0,015012115240097
34,632206	0,00492578744888306
34,732295	-0,00433811545372009
34,833582	-0,0147870779037476
34,933955	-0,022808700799942
35,035646	-0,0265592932701111
35,137341	-0,0267793536186218
35,237951	-0,0233065783977509
35,338739	-0,0155390799045563
35,439014	-0,00527107715606689
35,539685	0,00400370359420776
35,640447	0,0142282843589783
35,740679	0,0217736661434174
35,841375	0,0252370536327362
35,941583	0,0253680646419525
36,043338	0,0211264193058014
36,144135	0,0147671103477478
36,244227	0,00465986132621765
36,345080	-0,00461357831954956
36,446064	-0,0149915814399719
36,547058	-0,0218722522258759
36,648880	-0,0266640782356262
36,749140	-0,0267654955387115
36,850035	-0,0232347548007965
36,950447	-0,015421599149704
37,051408	-0,00512024760246277
37,151721	0,00413039326667786
37,252700	0,0143086016178131
37,353223	0,0218031108379364
37,454824	0,0251965522766113
37,555455	0,0252489447593689
37,656128	0,0209633111953735
37,757203	0,014558881521225
37,857359	0,00443184375762939
37,958102	-0,00480425357818604
38,058827	-0,0151464343070984
38,160586	-0,0219760537147522
38,262016	-0,0270027220249176
38,362852	-0,0267090499401093
38,463575	-0,0231255888938904
38,564277	-0,015272855758667
38,665194	-0,00500151515007019
38,766245	0,00424176454544067
38,867565	0,0143525004386902
38,968057	0,0217632353305817
39,069727	0,0251031816005707
39,170463	0,0250926911830902
39,271150	0,0207210779190063
39,371818	0,0143015086650848
39,473166	0,00597885251045227
39,574819	-0,00685831904411316
39,676098	-0,0152955949306488
39,777804	-0,0220722258090973
39,878564	-0,0269735157489777
39,978961	-0,0265918374061584
40,080680	-0,0229704976081848
40,180910	-0,0134516060352325
40,282537	-0,00474464893341064
40,383885	0,00447264313697815
40,484260	0,0145480334758759
40,584289	0,0218814611434937
40,685487	0,0251346230506897
40,786130	0,0250422060489655
40,886438	0,0206192135810852
40,986923	0,0141555368900299
41,088849	0,00402146577835083
41,190215	-0,00699719786643982
41,290252	-0,0154235064983368
41,390620	-0,0221277177333832
41,491809	-0,0269639492034912
41,592460	-0,0265253484249115
41,692794	-0,0228273570537567
41,794325	-0,0149006843566895
41,894793	-0,00461405515670776
41,995620	0,00458785891532898
42,097457	0,0145867168903351
42,197802	0,0218596160411835
42,299781	0,0250707864761353
42,400384	0,0248969197273254
42,500552	0,0204159915447235
42,601240	0,0139353573322296
42,701626	0,00558149814605713
42,802550	-0,00720539689064026
42,904313	-0,0155604183673859
43,004804	-0,0222195684909821
43,105590	-0,0269290506839752
43,205620	-0,0264023840427399
43,306472	-0,022680401802063
43,407522	-0,0146729946136475
43,508682	-0,00435468554496765
43,610349	0,00482788681983948
43,711371	0,0148157477378845
43,812241	0,0220277309417725
43,913298	0,0251579582691193
44,013722	0,0249402821063995
44,114357	0,0203776359558105
44,214592	0,0138446390628815
44,315867	0,00370761752128601
44,417025	-0,00726917386054993
44,518533	-0,0156039893627167
44,619687	-0,0221789181232452
44,720056	-0,0265703201293945
44,820696	-0,0262693464756012
44,922374	-0,0213577151298523
45,022662	-0,0144690275192261
45,123373	-0,00413551926612854
45,223610	0,00503331422805786
45,325340	0,0149073302745819
45,425965	0,0220353305339813
45,527148	0,025094598531723
45,628487	0,0247445106506348
45,728513	0,0201380550861359
45,830095	0,0135704874992371
45,931139	0,00335401296615601
46,032456	-0,00758689641952515
46,132811	-0,0158807337284088
46,234182	-0,0234540402889252
46,334776	-0,0266990065574646
46,435125	-0,0262961685657501
46,536904	-0,0213395655155182
46,637726	-0,0143497586250305
46,737993	-0,00400623679161072
46,839582	0,00513461232185364
46,939841	0,0150295794010162
47,040561	0,022093266248703
47,141276	0,0253409147262573
47,241491	0,0247373580932617
47,342244	0,0200594663619995
47,442797	0,0134659707546234
47,543611	0,00330936908721924
47,644425	-0,00586104393005371
47,745259	-0,0158888101577759
47,846514	-0,0233233273029327
47,946878	-0,0265473425388336
48,047487	-0,0260473191738129
48,149105	-0,0210083425045013
48,249272	-0,0140682756900787
48,351018	-0,00369930267333984
48,451191	0,0054149329662323
48,552179	0,0151749551296234
48,652921	0,0222001373767853
48,753268	0,0251141488552094
48,854060	0,0246173441410065
48,955488	0,020973265171051
49,056136	0,0132527053356171
49,156399	0,00303933024406433
49,256818	-0,00604581832885742
49,357658	-0,0160528123378754
49,457977	-0,0234291553497314
49,558813	-0,0265239179134369
49,660372	-0,0260056555271149
49,760629	-0,0208783745765686
49,861358	-0,013877660036087
49,961689	-0,00356760621070862
50,062013	0,00556516647338867
50,162826	0,0153066217899323
50,262912	0,0222015678882599
50,363538	0,0250722169876099
50,463734	0,0249078869819641
50,564274	0,0207585394382477
50,665651	0,0130369663238525
50,765837	0,00461378693580627
50,866645	-0,00631371140480042
50,968524	-0,0162315666675568
51,068849	-0,0225923359394073
51,169201	-0,0266277194023132
51,270118	-0,0259726345539093
51,371311	-0,0219516754150391
51,471746	-0,0137944221496582
51,572872	-0,00342163443565369
51,673578	0,00564581155776978
51,773726	0,0138734877109528
51,874504	0,0212934017181396
51,975546	0,0249740779399872
52,076248	0,0247602164745331
52,176860	0,0205936133861542
52,277977	0,0128079056739807
52,378649	0,00437375903129578
52,478840	-0,00649181008338928
52,579687	-0,0163885354995728
52,681191	-0,0226545929908752
52,782175	-0,0265707969665527
52,883123	-0,0258778631687164
52,984125	-0,0217961966991425
53,084780	-0,0136010050773621
53,185449	-0,00325858592987061
53,287294	0,00581523776054382
53,388724	0,0154288411140442
53,489716	0,0213218629360199
53,589822	0,0249355137348175
53,689896	0,0246601998806
53,791664	0,0204320847988129
53,891945	0,0126393735408783
53,992160	0,00417888164520264
54,092204	-0,00668075680732727
54,192318	-0,0165080726146698
54,293234	-0,0227071940898895
54,395000	-0,0265330076217651
54,495740	-0,0257218182086945
54,596318	-0,0215948820114136
54,698272	-0,0133702754974365
54,798416	-0,00484353303909302
54,899105	0,00600624084472656
54,999379	0,0141701996326447
55,100278	0,0214409530162811
55,201534	0,024980753660202
55,302385	0,0246144831180573
55,403262	0,0202975869178772
55,503521	0,0124513208866119
55,604122	0,00401186943054199
55,705254	-0,00679504871368408
55,806276	-0,0165597498416901
55,908003	-0,0227163136005402
56,008147	-0,0264631509780884
56,108870	-0,0255844295024872
56,209235	-0,0213801860809326
56,309841	-0,0130734145641327
56,410555	-0,00449621677398682
56,510891	0,0063440203666687
56,612449	0,0144073069095612
56,713161	0,0215790569782257
56,813890	0,0250274538993835
56,914612	0,0246087610721588
57,015673	0,0202398300170898
57,117518	0,0123457014560699
57,218959	0,00384870171546936
57,320604	-0,00697499513626099
57,421214	-0,016713947057724
57,522346	-0,0228144228458405
57,623929	-0,0264765322208405
57,724645	-0,0260051786899567
57,825475	-0,0212783813476563
57,926201	-0,0129382610321045
58,027413	-0,00437647104263306
58,127955	0,00645866990089417
58,229330	0,0159412622451782
58,330416	0,0216668546199799
58,432046	0,0250841379165649
58,532996	0,024160236120224
58,634110	0,020177811384201
58,734291	0,0122831463813782
58,835777	0,00199732184410095
58,936539	-0,00696790218353271
59,037793	-0,0151634514331818
59,138537	-0,0235890746116638
59,238781	-0,0262794196605682
59,339623	-0,0257246792316437
59,440510	-0,0197503864765167
59,540893	-0,0125555098056793
59,642731	-0,00397500395774841
59,744558	0,00852560997009277
59,846353	0,0162205696105957
59,947737	0,0218657851219177
60,047824	0,0251641571521759
60,148471	0,0241697430610657
60,248777	0,0201318860054016
60,349632	0,0121518671512604
60,450718	0,00184884667396545
60,552543	-0,00715348124504089
60,653273	-0,0153486430644989
60,754178	-0,0236680805683136
60,854992	-0,0263042747974396
60,955081	-0,0256892740726471
61,055552	-0,0196497738361359
61,155955	-0,0124647915363312
61,257417	-0,00389066338539124
61,358051	0,00860166549682617
61,458411	0,016228586435318
61,559304	0,0218287408351898
61,660003	0,0250608026981354
61,760046	0,023960292339325
61,860802	0,0198701918125153
61,960986	0,0133922398090363
62,062719	0,00154200196266174
62,164498	-0,00741222500801086
62,264815	-0,015549510717392
62,365489	-0,023827075958252
62,466030	-0,0263641178607941
62,566930	-0,0256792008876801
62,667511	-0,0195968449115753
62,768880	-0,0123566091060638
62,870858	-0,00377655029296875
62,970976	0,00694453716278076
63,071608	0,0162559449672699
63,173347	0,0217936336994171
63,273627	0,0249259769916534
63,374267	0,0237741768360138
63,474295	0,0196227729320526
63,575952	0,0131093561649323
63,677758	0,00126782059669495
63,777925	-0,00767800211906433
63,878667	-0,015774130821228
63,978921	-0,0239041745662689
64,080580	-0,0263990461826324
64,182458	-0,025628000497818
64,282662	-0,0194038152694702
64,383458	-0,012142151594162
64,484690	-0,00351452827453613
64,586346	0,00722354650497437
64,688032	0,0164540708065033
64,788185	0,0219626724720001
64,889856	0,0250183939933777
64,990155	0,0237813293933868
65,091002	0,0196118950843811
65,191375	0,0115010738372803
65,292473	0,00114920735359192
65,394016	-0,00776395201683044
65,494344	-0,0172854959964752
65,594534	-0,0239352881908417
65,694766	-0,0263387560844421
65,794903	-0,0255624055862427
65,895510	-0,020496279001236
65,995572	-0,0119938552379608
66,096865	-0,00342637300491333
66,197787	0,00729256868362427
66,299001	0,0164540708065033
66,400639	0,0218615233898163
66,501255	0,0248707234859467
66,601624	0,0235276520252228
66,703201	0,0192818641662598
66,803439	0,0111581981182098
66,905309	0,000756740570068359
67,007186	-0,00813260674476624
67,108824	-0,0175666809082031
67,209546	-0,0242058634757996
67,310416	-0,0265378057956696
67,410866	-0,0251085162162781
67,512530	-0,02057746052742
67,614202	-0,0120117962360382
67,715539	-0,00162279605865479
67,815685	0,00725996494293213
67,916658	0,0164578557014465
68,017526	0,0226097702980042
68,118206	0,024779736995697
68,218485	0,0234420299530029
68,320303	0,0180022716522217
68,420636	0,01100754737854
68,521032	0,000687897205352783
68,621920	-0,00818356871604919
68,722527	-0,0175714194774628
68,823824	-0,0232639610767365
68,924575	-0,0263837277889252
69,024972	-0,0248509347438812
69,125699	-0,0202322900295258
69,227095	-0,0116712749004364
69,328796	-0,00125184655189514
69,429245	0,00762128829956055
69,530008	0,0167008340358734
69,631734	0,0227757096290588
69,732054	0,0248574018478394
69,832806	0,0233968198299408
69,933694	0,0190597176551819
70,034093	0,0108378231525421
70,134949	0,0022469162940979
70,235369	-0,00842520594596863
70,336231	-0,0177648365497589
70,437130	-0,023419588804245
70,537444	-0,0264296531677246
70,637489	-0,0247963070869446
70,737679	-0,0201410949230194
70,839050	-0,0115012526512146
70,940709	-0,0010477602481842
71,041404	0,00778847932815552
71,142124	0,01688152551651
71,242536	0,022164523601532
71,343855	0,0249216854572296
71,444541	0,0234444141387939
71,544879	0,0190389454364777
71,645772	0,0107645690441132
71,745909	0,00219947099685669
71,846578	-0,00846344232559204
71,947153	-0,0177776515483856
72,048016	-0,0233501493930817
72,148810	-0,0263310968875885
72,249971	-0,0246464312076569
72,350828	-0,0199278295040131
72,451601	-0,0112935304641724
72,551708	-0,00264820456504822
72,652511	0,00798097252845764
72,752901	0,0169258713722229
72,853671	0,0221222341060638
72,954195	0,024782121181488
73,054442	0,0236970782279968
73,155293	0,0186690092086792
73,255651	0,0103281438350677
73,357442	0,00172626972198486
73,458880	-0,00887873768806458
73,559235	-0,0181289613246918
73,659683	-0,0236341059207916
73,760084	-0,0264114737510681
73,861894	-0,0251798629760742
73,962764	-0,0197022259235382
74,063011	-0,0109011828899384
74,163759	-0,00220909714698792
74,265180	0,00839647650718689
74,366019	0,017278790473938
74,467153	0,022346019744873
74,568873	0,0248307287693024
74,669164	0,0236000120639801
74,769263	0,0183539986610413
74,871079	0,00988399982452393
74,971585	0,00119653344154358
75,073479	-0,00942999124526978
75,175198	-0,0185775458812714
75,275507	-0,0239391028881073
75,376370	-0,0265047550201416
75,476618	-0,0243912041187286
75,577484	-0,0193523466587067
75,677990	-0,0103724896907806
75,778395	-0,00155860185623169
75,879501	0,00911268591880798
75,979737	0,0166980028152466
76,079990	0,0230182111263275
76,180907	0,0253680646419525
76,281042	0,0239912271499634
76,381724	0,0185915529727936
76,481996	0,0115827322006226
76,582587	0,00119414925575256
76,683454	-0,00951066613197327
76,784749	-0,0173301100730896
76,885538	-0,0240214765071869
76,986833	-0,0265545248985291
77,087636	-0,0250505805015564
77,189405	-0,0192608535289764
77,289703	-0,0102554559707642
77,390404	-0,00143736600875854
77,491453	0,00922158360481262
77,592207	0,0167762935161591
77,692838	0,0230343639850616
77,794146	0,0253128111362457
77,894917	0,0238736569881439
77,995179	0,0184451341629028
78,096047	0,00978243350982666
78,197739	0,001015305519104
78,298405	-0,00965037941932678
78,399206	-0,0187926888465881
78,499389	-0,0240688920021057
78,599807	-0,0264956653118134
78,701552	-0,0249481201171875
78,802446	-0,0190769731998444
78,903340	-0,0117128193378448
79,003619	-0,00125327706336975
79,104616	0,0093681812286377
79,204837	0,0168357789516449
79,305563	0,0230315029621124
79,407473	0,0252270400524139
79,507514	0,0237570405006409
79,609036	0,0182614624500275
79,709065	0,00957298278808594
79,809077	0,000782519578933716
79,909994	-0,00983113050460815
80,010523	-0,0188778936862946
80,110923	-0,0240310728549957
80,211580	-0,0263440012931824
80,312012	-0,0247163474559784
80,412798	-0,0187712609767914
80,513040	-0,0113648176193237
80,613897	-0,000815898180007935
80,714867	0,00981533527374268
80,815127	0,0172849297523499
80,915808	0,0234325230121613
81,017002	0,0254895389080048
81,118673	0,0240050256252289
81,219494	0,0184503197669983
81,319923	0,0113477408885956
81,420550	0,00092017650604248
81,521603	-0,00973862409591675
81,622356	-0,0175253450870514
81,722745	-0,0240468680858612
81,823616	-0,0263617336750031
81,924438	-0,0247704684734344
82,024752	-0,0188331305980682
82,125018	-0,0114516913890839
82,226010	-0,000933021306991577
82,327093	0,00800013542175293
82,427765	0,0171046853065491
82,527857	0,0232303142547607
82,628289	0,0252260863780975
82,729240	0,0237161219120026
82,830143	0,0181741118431091
82,931306	0,0110650658607483
83,031444	0,000638693571090698
83,132982	-0,00999680161476135
83,233083	-0,0177163481712341
83,333511	-0,0233965814113617
83,433706	-0,0264071524143219
83,534335	-0,0247460305690765
83,634979	-0,0199583768844604
83,735156	-0,0112378299236298
83,836074	-0,000708281993865967
83,936132	0,00818970799446106
84,036463	0,0172410607337952
84,136665	0,0232859551906586
84,237838	0,0252784788608551
84,338191	0,0243144929409027
84,439959	0,0181113183498383
84,540271	0,0109476447105408
84,641062	0,0022914707660675
84,742181	-0,00844645500183105
84,842621	-0,0177900195121765
84,943055	-0,0233539640903473
85,043513	-0,026305228471756
85,144461	-0,0245516002178192
85,245271	-0,0197670757770538
85,347148	-0,0110730230808258
85,447950	-0,00053250789642334
85,549187	0,00833186507225037
85,649687	0,0173198282718658
85,749986	0,0233045220375061
85,850689	0,0251932144165039
85,951374	0,0241273641586304
86,051459	0,0178753137588501
86,152113	0,01065993309021
86,252932	0,00200212001800537
86,353795	-0,00867253541946411
86,455397	-0,0179967880249023
86,555617	-0,0235043466091156
86,656029	-0,0261698067188263
86,757946	-0,0245181024074554
86,858607	-0,0196645557880402
86,959391	-0,0109082758426666
87,060597	-0,000388115644454956
87,162194	0,00848209857940674
87,263443	0,017442524433136
87,365271	0,0233297348022461
87,466163	0,0252046585083008
87,566719	0,023477703332901
87,667078	0,0189193785190582
87,768927	0,0104885995388031
87,870329	2,90870666503906E-5
87,970716	-0,00884810090065002
88,070975	-0,0180785655975342
88,171679	-0,0235435962677002
88,272874	-0,0263377726078033
88,373089	-0,0243892669677734
88,474792	-0,0195429921150208
88,575029	-0,010755330324173
88,675656	-0,000196009874343872
88,776297	0,00861838459968567
88,877716	0,0175279378890991
88,978503	0,0226577818393707
89,078657	0,0251312851905823
89,180540	0,0233578085899353
89,281748	0,0187880396842957
89,382696	0,0102871954441071
89,484040	-0,000125914812088013
89,584825	-0,0089556872844696
89,685608	-0,018159419298172
89,786011	-0,024291604757309
89,886735	-0,0262243747711182
89,986948	-0,0242628455162048
90,087865	-0,0180272161960602
90,189645	-0,0104900300502777
90,291066	2,57492065429688E-5
90,391989	0,0104990899562836
90,492949	0,0176879167556763
90,593056	0,022720068693161
90,693930	0,0251641571521759
90,794391	0,0233026146888733
90,895239	0,0186831653118134
90,996273	0,01022669672966
91,097267	-0,00025370717048645
91,198538	-0,00905761122703552
91,298737	-0,0181931555271149
91,399986	-0,0243140757083893
91,500678	-0,0261808335781097
91,600968	-0,0241163074970245
91,702736	-0,0191536545753479
91,803427	-0,0102870762348175
91,903954	-0,00160947442054749
92,005645	0,00893634557723999
92,106112	0,0177455246448517
92,206194	0,0227195918560028
92,307544	0,0250955522060394
92,407963	0,0231732428073883
92,508835	0,0184876322746277
92,610521	0,00996315479278564
92,711472	-0,000545352697372437
92,812245	-0,00933605432510376
92,913084	-0,0184357464313507
93,014629	-0,0244596600532532
93,115508	-0,0262569189071655
93,215522	-0,0241876542568207
93,316251	-0,0179064571857452
93,417111	-0,0103380382061005
93,517630	-0,00160139799118042
93,618247	0,00898414850234985
93,720099	0,0177464485168457
93,820350	0,0226516127586365
93,921445	0,0249593257904053
94,021924	0,0229149758815765
94,122907	0,0181533396244049
94,223188	0,00959253311157227
94,323614	-0,000956356525421143
94,424523	-0,00972306728363037
94,526336	-0,0188179016113281
94,626365	-0,0248614549636841
94,726900	-0,0266219973564148
94,828635	-0,0250965356826782
94,929665	-0,0180224478244781
95,030011	-0,0103257596492767
95,131506	-0,00156432390213013
95,232377	0,0106993913650513
95,333342	0,0178413093090057
95,435297	0,022771418094635
95,535533	0,0250464975833893
95,636116	0,0230814516544342
95,736716	0,0183379352092743
95,837488	0,00975140929222107
95,939164	-0,000773042440414429
96,039501	-0,0095323920249939
96,140795	-0,0185751616954803
96,241375	-0,0244912505149841
96,341705	-0,0261655151844025
96,443416	-0,0246196091175079
96,543536	-0,0174878239631653
96,644662	-0,00986039638519287
96,746310	-0,00111719965934753
96,846506	0,011054128408432
96,947125	0,0181155800819397
97,049099	0,0229682624340057
97,149200	0,0251303315162659
97,250181	0,0230752527713776
97,350794	0,0182921588420868
97,451296	0,00972136855125427
97,552376	-0,000759214162826538
97,653718	-0,00944980978965759
97,754246	-0,0170656442642212
97,855641	-0,0241909921169281
97,955823	-0,0257634818553925
98,057761	-0,0241225361824036
98,159142	-0,0169465243816376
98,260160	-0,00930067896842957
98,360705	-0,000584423542022705
98,461116	0,0114721357822418
98,561930	0,0184309780597687
98,663895	0,0231922566890717
98,765679	0,025263249874115
98,865828	0,0230747759342194
98,966049	0,0182189643383026
99,066217	0,00957632064819336
99,167619	-0,000902563333511353
99,268004	-0,00956776738166809
99,368655	-0,0184210240840912
99,470473	-0,0241172611713409
99,570518	-0,0256150662899017
99,671630	-0,0239199697971344
99,771944	-0,0166869163513184
99,872573	-0,00907981395721436
99,972624	-0,00038573145866394
100,073412	0,0115632712841034
100,174086	0,018425315618515
100,274873	0,0230880975723267
100,375837	0,02500981092453
100,476026	0,0226967632770538
100,576079	0,0177700519561768
100,676976	0,0106917917728424
100,777620	-0,00140312314033508
100,878313	-0,0100307762622833
100,979345	-0,0175467431545258
101,079950	-0,0244155824184418
101,180067	-0,025836706161499
101,280370	-0,0240765511989594
101,380383	-0,0180885493755341
101,480417	-0,00913456082344055
101,581983	-0,000476747751235962
101,682570	0,00988590717315674
101,783101	0,0182468295097351
101,883313	0,0228479504585266
101,983814	0,0247302055358887
102,084247	0,0223279595375061
102,186108	0,017390638589859
102,287395	0,0103205144405365
102,388905	-0,00177299976348877
102,490396	-0,0103399455547333
102,591549	-0,017770528793335
102,693326	-0,0246143639087677
102,793557	-0,0259444117546082
102,893715	-0,0241225361824036
102,993838	-0,0168212056159973
103,095646	-0,00913974642753601
103,197344	-0,000500112771987915
103,298898	0,00974425673484802
103,400604	0,0180933773517609
103,500782	0,0226059854030609
103,602368	0,0243811309337616
103,702900	0,0220101475715637
103,804375	0,0170070230960846
103,904653	0,00990879535675049
104,005999	-0,00207659602165222
104,106361	-0,0106547772884369
104,207049	-0,0180143713951111
104,307556	-0,0246650874614716
104,409207	-0,0259798169136047
104,509678	-0,0240478217601776
104,611046	-0,0179630219936371
104,711665	-0,0090099573135376
104,813503	-0,000330448150634766
104,914949	0,00991642475128174
105,015707	0,0181028246879578
105,117534	0,0226150155067444
105,217949	0,0242887735366821
105,318899	0,0217565596103668
105,420784	0,016791433095932
105,521800	0,00797572731971741
105,621990	-0,00242608785629272
105,722613	-0,0108969211578369
105,824140	-0,0195372700691223
105,924823	-0,0248566567897797
106,025611	-0,0260300636291504
106,126768	-0,0233750641345978
106,227427	-0,0179868042469025
106,327900	-0,00894436240196228
106,428052	0,00138309597969055
106,529769	0,00987589359283447
106,629825	0,018066018819809
106,729908	0,0224225223064423
106,831088	0,0241149961948395
106,931813	0,0215211510658264
107,032765	0,0164427757263184
107,134224	0,00773867964744568
107,234833	-0,00267761945724487
107,336155	-0,0111306309700012
107,436505	-0,0195625424385071
107,537751	-0,0242422521114349
107,637751	-0,0259190499782562
107,737805	-0,0230379998683929
107,838370	-0,0176327228546143
107,939059	-0,00850921869277954
108,039914	0,00193887948989868
108,140334	0,0103457868099213
108,241533	0,0185079276561737
108,343088	0,0228598415851593
108,443464	0,0243711471557617
108,545413	0,0217247903347015
108,645572	0,0165885388851166
108,745882	0,00770369172096252
108,846292	-0,00095444917678833
108,947370	-0,0111962854862213
109,047427	-0,0196984112262726
109,147842	-0,0242796242237091
109,248948	-0,0259056389331818
109,349955	-0,023002564907074
109,450559	-0,0174925625324249
109,551105	-0,00837564468383789
109,651347	0,000280082225799561
109,752543	0,0104662477970123
109,853087	0,0185178816318512
109,954217	0,0227718949317932
110,055687	0,0242502093315125
110,157011	0,0214784443378448
110,257952	0,0162960588932037
110,359637	0,00743347406387329
110,461340	-0,0012480616569519
110,561846	-0,0114143788814545
110,662076	-0,0197914242744446
110,762347	-0,0243293941020966
110,862705	-0,025832861661911
110,963428	-0,0228302478790283
111,064274	-0,0173187553882599
111,165210	-0,00818970799446106
111,265465	0,000445276498794556
111,367282	0,0105090737342834
111,468668	0,0184602439403534
111,569168	0,0226178467273712
111,670636	0,0239098072052002
111,771838	0,0218017101287842
111,872774	0,0157784819602966
111,973910	0,00679203867912292
112,073940	-0,0018765926361084
112,173954	-0,0120562016963959
112,274926	-0,0204499661922455
112,374988	-0,0249390304088593
112,476988	-0,0264401733875275
112,577917	-0,0234736800193787
112,677933	-0,0179383158683777
112,778912	-0,00886082649230957
112,879877	0,00142762064933777
112,980133	0,00970372557640076
113,080315	0,0164498388767242
113,181944	0,0216260552406311
113,283050	0,0229473412036896
113,383313	0,0208433866500854
113,485126	0,0149370729923248
113,586216	0,00620248913764954
113,687600	-0,00227510929107666
113,788109	-0,0121020078659058
113,888862	-0,0200738310813904
113,990705	-0,0242499113082886
114,090808	-0,0253254175186157
114,191677	-0,0220061838626862
114,293200	-0,0163463056087494
114,394895	-0,00714686512947083
114,495146	0,00312808156013489
114,596422	0,0112251937389374
114,697452	0,0178177356719971
114,799166	0,0232003629207611
114,899347	0,0237294435501099
115,000031	0,0214229226112366
115,100255	0,0139145851135254
115,200985	0,00627878308296204
115,301425	-0,0022423267364502
115,401431	-0,0121341347694397
115,501887	-0,0200638175010681
115,601968	-0,0241052806377411
115,702427	-0,0251094698905945
115,804214	-0,0216666162014008
115,904546	-0,0158703327178955
116,004951	-0,00829541683197021
116,105445	0,0037061870098114
116,205449	0,0115798711776733
116,306320	0,0173250436782837
116,406796	0,0205846130847931
116,507522	0,0190214514732361
116,607580	0,0139660835266113
116,708113	0,00403296947479248
116,808957	-0,00669160485267639
116,909309	-0,0209333002567291
117,009778	-0,0346764028072357
117,110111	-0,0443108975887299
117,210581	-0,0518051385879517
117,310867	-0,0532895028591156
117,411328	-0,0499297082424164
117,512608	-0,0407587885856628
117,614499	-0,0300743281841278
117,715072	-0,015774130821228
117,815079	-0,00428417325019836
117,916370	0,00719046592712402
118,017775	0,0139712691307068
118,118483	0,0154279172420502
118,219038	0,0122722685337067
118,320048	0,00350320339202881
118,420895	-0,00666093826293945
118,521340	-0,0208865106105804
118,621431	-0,0351206958293915
118,721961	-0,0447795689105988
118,822044	-0,0522705614566803
118,922193	-0,0539584755897522
119,023841	-0,0500291585922241
119,125505	-0,0406842529773712
119,225953	-0,0299558341503143
119,327261	-0,0153907835483551
119,427522	-0,00401479005813599
119,528697	0,0071847140789032
119,630403	0,0139245092868805
119,730735	0,0152018368244171
119,830929	0,0115879476070404
119,932512	0,00276264548301697
120,032913	-0,00765770673751831
120,133020	-0,0218899548053741
120,233456	-0,0359079837799072
120,333592	-0,0455941557884216
120,435642	-0,0527600944042206
120,535770	-0,0541404187679291
120,637456	-0,0501352548599243
120,739191	-0,0404904782772064
120,839280	-0,0296050012111664
120,939927	-0,0151549279689789
121,041265	-0,00159996747970581
121,142222	0,00745648145675659
121,242935	0,0139150321483612
121,344129	0,0151726007461548
121,445846	0,0113857090473175
121,546092	0,00229242444038391
121,647793	-0,00808396935462952
121,749418	-0,0224502086639404
121,849622	-0,03437539935112
121,950221	-0,0460844039916992
122,051527	-0,0532762110233307
122,152081	-0,0546496510505676
122,252837	-0,0503351092338562
122,354129	-0,0407122671604156
122,454649	-0,0297897458076477
122,554910	-0,015125572681427
122,655410	-0,00171595811843872
122,755851	0,00735536217689514
122,856678	0,0139419734477997
122,957126	0,0150125920772552
123,057584	0,0112570226192474
123,158186	0,00223299860954285
123,258953	-0,00832042098045349
123,360102	-0,0225133895874023
123,461676	-0,0343157649040222
123,563062	-0,0461044013500214
123,663228	-0,0529943704605103
123,763240	-0,0542677342891693
123,864084	-0,0500496327877045
123,964360	-0,0401728451251984
124,064646	-0,0292853713035583
124,166101	-0,0148168802261353
124,267001	-0,00338798761367798
124,367201	0,0075240433216095
124,467252	0,0138436853885651
124,567328	0,014955461025238
124,667912	0,0108701586723328
124,769573	0,00354927778244019
124,870735	-0,00871548056602478
124,971432	-0,0231457054615021
125,071670	-0,0348552465438843
125,172255	-0,0463816821575165
125,272934	-0,0525699853897095
125,373944	-0,0543532371520996
125,475557	-0,0498697459697723
125,576292	-0,0400689244270325
125,676735	-0,0290298759937286
125,777283	-0,0145362019538879
125,878767	-0,00333017110824585
125,980329	0,00759494304656982
126,080842	0,0130942165851593
126,181684	0,0145848393440247
126,282638	0,0105133652687073
126,383411	0,00305324792861938
126,484801	-0,00936061143875122
126,585620	-0,0236173570156097
126,686394	-0,0353033244609833
126,787474	-0,0467433035373688
126,889192	-0,0533137023448944
126,989844	-0,0542202293872833
127,090025	-0,0495642125606537
127,190154	-0,04142165184021
127,291729	-0,0283939838409424
127,391776	-0,0139036774635315
127,493091	-0,000553935766220093
127,593370	0,00812605023384094
127,693428	0,0134986340999603
127,793543	0,0149616003036499
127,894459	0,0106037557125092
127,994784	0,00304844975471497
128,095395	-0,00936248898506165
128,196615	-0,0213424265384674
128,296687	-0,035400778055191
128,398512	-0,0466746985912323
128,500117	-0,0525718927383423
128,600196	-0,0539617836475372
128,700649	-0,0491019487380981
128,800820	-0,0410129725933075
128,901568	-0,027856320142746
129,002265	-0,015720546245575
129,102357	-0,00225943326950073
129,203111	0,00695842504501343
129,303933	0,0136877298355103
129,405450	0,0148181021213531
129,506308	0,0104395747184753
129,607709	0,00270655751228333
129,708103	-0,00990995764732361
129,808308	-0,021795243024826
129,909974	-0,0359122455120087
130,010676	-0,0471763610839844
130,110717	-0,0528171360492706
130,211275	-0,0541779398918152
130,312235	-0,0491986274719238
130,412729	-0,0408799350261688
130,513505	-0,0278042554855347
130,613903	-0,0156608521938324
130,714693	-0,00211790204048157
130,816606	0,00835052132606506
130,917035	0,0135581791400909
131,017627	0,0146561563014984
131,119231	0,011174350976944
131,220000	0,00233891606330872
131,321328	-0,0102686583995819
131,421459	-0,0222664773464203
131,521748	-0,0362008512020111
131,622099	-0,047348827123642
131,722841	-0,0529825091362
131,824214	-0,0540762841701508
131,925739	-0,050257533788681
132,026028	-0,0407435894012451
132,126408	-0,0275199711322784
132,227284	-0,0154789090156555
132,328757	-0,00212883949279785
132,428782	0,00688266754150391
132,529316	0,0133090019226074
132,629542	0,0142150521278381
132,731086	0,0107336640357971
132,831266	0,00171908736228943
132,931999	-0,0108841955661774
133,033578	-0,0227254033088684
133,133866	-0,0366252660751343
133,233888	-0,0475155413150787
133,334141	-0,0528356730937958
133,435892	-0,0537665188312531
133,536484	-0,0496945977210999
133,637255	-0,0398772060871124
133,737525	-0,0290346443653107
133,837611	-0,0145437717437744
133,939353	-0,00118431448936462
134,039549	0,00759062170982361
134,140909	0,0139013230800629
134,241793	0,0145947635173798
134,342669	0,010822594165802
134,443046	0,00173872709274292
134,544791	-0,0110414028167725
134,645340	-0,0230322480201721
134,746994	-0,0367724299430847
134,847563	-0,0461210906505585
134,947936	-0,0528732240200043
135,048717	-0,0534477233886719
135,149868	-0,0492719113826752
135,250329	-0,0393426418304443
135,351008	-0,0258563458919525
135,451440	-0,0138038694858551
135,551960	-0,000461995601654053
135,653663	0,00838306546211243
135,755017	0,0144417583942413
135,855898	0,015025794506073
135,957530	0,00996744632720947
136,057803	0,0017966628074646
136,159640	-0,00875368714332581
136,260633	-0,0230801105499268
136,361399	-0,0370265543460846
136,462165	-0,0463102161884308
136,563137	-0,0529962778091431
136,663917	-0,0537028610706329
136,765367	-0,0493971407413483
136,865695	-0,039440780878067
136,966437	-0,026118129491806
137,067349	-0,0139807760715485
137,169187	-0,000753045082092285
137,269931	0,00929132103919983
137,371483	0,0140345990657806
137,472906	0,014470100402832
137,573394	0,00932043790817261
137,675319	0,00127258896827698
137,775958	-0,00931718945503235
137,877008	-0,0260238349437714
137,977569	-0,0372982025146484
138,077811	-0,0465608239173889
138,178670	-0,0535973906517029
138,279263	-0,0535052120685577
138,380370	-0,0492205023765564
138,481111	-0,0391562879085541
138,582014	-0,0256911814212799
138,682711	-0,0137121379375458
138,784546	-0,000478655099868774
138,885130	0,00954815745353699
138,985474	0,0140690803527832
139,087272	0,014854907989502
139,187854	0,00934001803398132
139,288599	0,00116068124771118
139,388762	-0,00929737091064453
139,489917	-0,0259314775466919
139,591280	-0,0371836423873901
139,691891	-0,0461887121200562
139,791898	-0,0525899529457092
139,892069	-0,0529302358627319
139,992717	-0,0483819544315338
140,092978	-0,0383322536945343
140,193924	-0,0249538719654083
140,295116	-0,0129325985908508
140,395692	3,814697265625E-5
140,496374	0,00987350940704346
140,597460	0,0143241584300995
140,698146	0,0148280262947083
140,799286	0,00911027193069458
140,899531	0,000878125429153442
141,000082	-0,00977969169616699
141,100569	-0,0239903628826141
141,201492	-0,0375263690948486
141,302467	-0,0465312898159027
141,403947	-0,0526831150054932
141,505420	-0,0528057217597961
141,607329	-0,0482648015022278
141,707910	-0,0380035936832428
141,808171	-0,0245525538921356
141,908803	-0,0126311182975769
142,009242	-0,00160852074623108
142,110655	0,0100437104701996
142,211697	0,0142977237701416
142,311705	0,0147203505039215
142,413391	0,00875851511955261
142,514012	0,000353604555130005
142,615123	-0,0102823376655579
142,715670	-0,0270184874534607
142,817442	-0,0381759703159332
142,917837	-0,047035813331604
143,018510	-0,0531706809997559
143,118748	-0,0531844794750214
143,220464	-0,048442929983139
143,321448	-0,0381953716278076
143,423122	-0,0246780514717102
143,523569	-0,0126608908176422
143,625016	-0,00176206231117249
143,725250	0,00987160205841064
143,827069	0,0141290724277496
143,927825	0,0144124925136566
144,028621	0,00847253203392029
144,129931	7,44163990020752E-5
144,231292	-0,0129614174365997
144,333024	-0,0272207260131836
144,433651	-0,0383171141147614
144,534570	-0,047206848859787
144,635816	-0,0531079471111298
144,736086	-0,053032398223877
144,837273	-0,0483038723468781
144,938940	-0,0378667414188385
145,039887	-0,0243978798389435
145,141803	-0,0124714076519012
145,243601	0,000493019819259644
145,345429	0,00996696949005127
145,445514	0,0141342580318451
145,545754	0,0140275061130524
145,646143	0,00828209519386292
145,748079	-0,000136405229568481
145,848708	-0,0131221115589142
145,949107	-0,0251353085041046
146,049809	-0,038535475730896
146,149956	-0,048687219619751
146,251548	-0,0532766580581665
146,353380	-0,0530481040477753
146,453707	-0,0468295216560364
146,554691	-0,0379107594490051
146,654695	-0,0243385136127472
146,755773	-0,0124430656433105
146,857082	0,000365525484085083
146,958239	0,00990450382232666
147,058741	0,0139897167682648
147,159476	0,0137784779071808
147,259798	0,00811886787414551
147,359820	-0,000337123870849609
147,459919	-0,0132913291454315
147,560528	-0,0251257419586182
147,662414	-0,0384592115879059
147,762595	-0,0484610199928284
147,863682	-0,0528351962566376
147,964490	-0,0525747537612915
148,065325	-0,0476713180541992
148,165416	-0,0371893346309662
148,266349	-0,023708313703537
148,366628	-0,0118479132652283
148,466873	0,000929743051528931
148,568689	0,0102214515209198
148,669548	0,0142226219177246
148,770796	0,0138933062553406
148,871165	0,0093533992767334
148,971664	-0,000457227230072021
149,072092	-0,0134823322296143
149,172514	-0,0254168510437012
149,272713	-0,0386359393596649
149,373883	-0,0472225546836853
149,474171	-0,052917867898941
149,574317	-0,0524274110794067
149,674586	-0,0474621951580048
149,776179	-0,0369915068149567
149,877148	-0,0233860611915588
149,979027	-0,0116075277328491
150,079115	0,00103157758712769
150,179142	0,0103095769882202
150,280876	0,0141177475452423
150,382386	0,0136134922504425
150,482920	0,00901329517364502
150,584237	-0,00103205442428589
150,684609	-0,011824756860733
150,785117	-0,0260310173034668
150,886457	-0,0393122732639313
150,986906	-0,0491143465042114
151,087519	-0,0532552599906921
151,189296	-0,0527567863464355
151,289790	-0,0476289391517639
151,390623	-0,0369782447814941
151,492334	-0,0234124064445496
151,593305	-0,0115310251712799
151,693736	0,00107124447822571
151,794035	0,00895974040031433
151,894648	0,0139287412166595
151,996278	0,0132498443126678
152,097942	0,0084366500377655
152,198223	-0,00161612033843994
152,299454	-0,014830619096756
152,400469	-0,0267827212810516
152,501440	-0,0398805141448975
152,603032	-0,0496512949466705
152,703409	-0,0537280440330505
152,803601	-0,0529040992259979
152,904014	-0,0462173223495483
153,005694	-0,0369446575641632
153,107049	-0,0256021320819855
153,207261	-0,00920677185058594
153,308626	0,00110185146331787
153,408993	0,0089549720287323
153,509983	0,0136702358722687
153,610080	0,0129035115242004
153,710979	0,00804564356803894
153,812511	-0,00223946571350098
153,913015	-0,0154111683368683
154,014626	-0,027365118265152
154,115460	-0,0405408143997192
154,215756	-0,0500810444355011
154,316562	-0,054026871919632
154,417767	-0,0531412363052368
154,517901	-0,046161562204361
154,619123	-0,036843866109848
154,719391	-0,025546133518219
154,819935	-0,0112448930740356
154,921707	0,00120994448661804
155,023551	0,00895115733146667
155,124294	0,0137042701244354
155,225162	0,0127435326576233
155,326774	0,00777986645698547
155,428775	-0,00450095534324646
155,529733	-0,0157442390918732
155,629909	-0,0276418030261993
155,730382	-0,0405925810337067
155,832187	-0,0501014888286591
155,932234	-0,0538463294506073
156,033507	-0,0533132255077362
156,134135	-0,0457161068916321
156,235881	-0,0362505316734314
156,336710	-0,0248695909976959
156,438488	-0,00854983925819397
156,539347	0,00162959098815918
156,640697	0,00922444462776184
156,742273	0,0138323307037354
156,843628	0,0125361084938049
156,943988	0,00737404823303223
157,045566	-0,00310972332954407
157,147039	-0,0163885354995728
157,247195	-0,0283662974834442
157,348822	-0,0413560569286346
157,449203	-0,0506148338317871
157,550412	-0,0543052554130554
157,650424	-0,0530243217945099
157,751939	-0,0457623302936554
157,852557	-0,0362997353076935
157,953085	-0,0224669575691223
158,054140	-0,008440762758255
158,154907	0,00159463286399841
158,254907	0,00913083553314209
158,355745	0,0136924386024475
158,457097	0,0122101902961731
158,558053	0,00554883480072021
158,658241	-0,00346097350120544
158,758833	-0,0168539583683014
158,860775	-0,028721809387207
158,961704	-0,0415323972702026
159,062221	-0,0507123470306396
159,163910	-0,0541342198848724
159,264632	-0,0526241660118103
159,365291	-0,0452926158905029
159,465590	-0,0356415808200836
159,566251	-0,0217751562595367
159,667083	-0,00788053870201111
159,767665	0,00218510627746582
159,867983	0,0106099545955658
159,968895	0,0136702358722687
160,069935	0,012288361787796
160,170868	0,00688457489013672
160,271569	-0,00376138091087341
160,371826	-0,0170979499816895
160,472233	-0,0290222465991974
160,573287	-0,0417567789554596
160,674940	-0,0506709516048431
160,776239	-0,0540658533573151
160,877499	-0,0523594319820404
160,978447	-0,0447891056537628
161,079474	-0,0351765155792236
161,181469	-0,0212267637252808
161,281589	-0,00732582807540894
161,382643	0,00254115462303162
161,483657	0,0108901262283325
161,584031	0,0138446390628815
161,684678	0,0121784210205078
161,785713	0,00522676110267639
161,886360	-0,00400575995445251
161,988150	-0,0175201296806335
162,088470	-0,0316487848758698
162,190037	-0,042071133852005
162,290790	-0,0509943962097168
162,391527	-0,0542539656162262
162,492291	-0,0523485243320465
162,592846	-0,044736236333847
162,692847	-0,0349422991275787
162,793208	-0,0210771560668945
162,893461	-0,00944554805755615
162,994265	0,0026308000087738
163,095009	0,0107569694519043
163,195928	0,0135638415813446
163,297249	0,0118744969367981
163,397729	0,00470161437988281
163,499227	-0,00451943278312683
163,599519	-0,0179392695426941
163,700593	-0,0298359096050262
163,800629	-0,0423864722251892
163,901335	-0,0510771572589874
164,002648	-0,0541922152042389
164,102957	-0,0521326959133148
164,203069	-0,0459471940994263
164,303841	-0,0345836281776428
164,405632	-0,0206199586391449
164,506355	-0,00903826951980591
164,606536	0,00283071398735046
164,707390	0,0109210312366486
164,807788	0,0136229395866394
164,909592	0,0116714537143707
165,009971	0,00602540373802185
165,111657	-0,00487050414085388
165,213378	-0,0184081494808197
165,315114	-0,0324227809906006
165,416008	-0,0426738262176514
165,516294	-0,0512559711933136
165,617802	-0,0541518032550812
165,718123	-0,0519877076148987
165,818409	-0,0457932949066162
165,919878	-0,0342442989349365
166,021731	-0,0204170346260071
166,122313	-0,00880512595176697
166,223029	0,00308778882026672
166,323212	0,0109067857265472
166,424443	0,0134759247303009
166,525099	0,0114612281322479
166,626718	0,0040142834186554
166,727982	-0,00529000163078308
166,828952	-0,018796980381012
166,930414	-0,032880574464798
167,030898	-0,0428884327411652
167,132183	-0,0503427088260651
167,232184	-0,0542929172515869
167,333699	-0,0519377887248993
167,433861	-0,0456179678440094
167,535485	-0,0318660736083984
167,635670	-0,0200600028038025
167,735954	-0,00863617658615112
167,836934	0,00468817353248596
167,937414	0,0108749270439148
168,039082	0,01326784491539
168,139361	0,0111382305622101
168,240190	0,00375080108642578
168,340695	-0,00570130348205566
168,441126	-0,019223690032959
168,542336	-0,033143013715744
168,642819	-0,0432144105434418
168,743664	-0,0504321753978729
168,845114	-0,0540948212146759
168,946076	-0,0517252683639526
169,047637	-0,0452916622161865
169,148590	-0,03142049908638
169,250100	-0,0197613537311554
169,350619	-0,00826096534729004
169,451361	0,00490275025367737
169,552263	0,0109053552150726
169,652436	0,0132588446140289
169,752536	0,0109429061412811
169,853107	0,00330504775047302
169,953832	-0,00609970092773438
170,054794	-0,0172370374202728
170,154813	-0,0335498154163361
170,256645	-0,0433929264545441
170,357125	-0,0506176650524139
170,458447	-0,0540791451931
170,558529	-0,0514347851276398
170,659655	-0,0449338853359222
170,760030	-0,0309912860393524
170,861723	-0,0192298889160156
170,962442	-0,00790885090827942
171,063047	0,0036298930644989
171,163113	0,0111311078071594
171,263282	0,0132649838924408
171,363379	0,0108330845832825
171,464278	0,00315394997596741
171,565874	-0,00641578435897827
171,665985	-0,0175823569297791
171,766785	-0,0338017046451569
171,866810	-0,0437166392803192
171,968670	-0,0507327914237976
172,068815	-0,0540591776371002
172,169925	-0,0513444244861603
172,270812	-0,0446304976940155
172,372030	-0,0306748747825623
172,472764	-0,0190012454986572
172,572885	-0,00764310359954834
172,674826	0,00377717614173889
172,775771	0,0111026167869568
172,877632	0,0132550597190857
172,978247	0,0114574134349823
173,078825	0,00280341506004333
173,179120	-0,00673222541809082
173,279425	-0,0180362462997437
173,381373	-0,0342192053794861
173,483336	-0,0439547300338745
173,585234	-0,0509121119976044
173,686415	-0,054032564163208
173,786696	-0,0512155294418335
173,887737	-0,0445890426635742
173,988432	-0,032727062702179
174,088597	-0,0187736451625824
174,188891	-0,00757557153701782
174,288903	0,00376519560813904
174,390892	0,0109524130821228
174,491160	0,0128803253173828
174,591440	0,0110512673854828
174,693385	0,00228476524353027
174,793561	-0,00732865929603577
174,893603	-0,0184852182865143
174,993779	-0,0345987677574158
175,094024	-0,044354259967804
175,194933	-0,0510700047016144
175,295576	-0,0540430247783661
175,397239	-0,0510138869285583
175,497868	-0,044107586145401
175,598494	-0,0322687029838562
175,699087	-0,0183815062046051
175,800874	-0,0071251392364502
175,901854	0,00245392322540283
176,003640	0,0111282467842102
176,104158	0,013083815574646
176,205132	0,0110498666763306
176,306436	0,00218605995178223
176,406597	-0,00745663046836853
176,507044	-0,0188079178333282
176,607886	-0,0348027348518372
176,708929	-0,0443699657917023
176,810704	-0,0511199533939362
176,911453	-0,0539147555828094
177,012428	-0,0506995022296906
177,112775	-0,0438799858093262
177,214525	-0,0318993031978607
177,315464	-0,0180153250694275
177,417054	-0,00691834092140198
177,517212	0,00431087613105774
177,618356	0,0112209022045135
177,720274	0,0129006803035736
177,820277	0,00999462604522705
177,921064	0,0017961859703064
178,021113	-0,00792205333709717
178,122876	-0,0191098153591156
178,223451	-0,0351727306842804
178,324087	-0,0446704924106598
178,425734	-0,0511346757411957
178,527558	-0,0539347231388092
178,628858	-0,0505867898464203
178,730345	-0,0417543947696686
178,831244	-0,0316203236579895
178,931649	-0,017676442861557
179,032205	-0,00655323266983032
179,132921	0,00435984134674072
179,234072	0,0111648440361023
179,334540	0,0127657651901245
179,434733	0,00955820083618164
179,536063	0,00138360261917114
179,636372	-0,00833508372306824
179,737832	-0,0220511555671692
179,838303	-0,0334077775478363
179,939407	-0,0449667572975159
180,040647	-0,0523057281970978
180,141334	-0,0539484918117523
180,241545	-0,0504497587680817
180,342885	-0,0433453321456909
180,444576	-0,031201183795929
180,545695	-0,0173557698726654
180,647159	-0,00432392954826355
180,747223	0,00458160042762756
180,847803	0,0111619830131531
180,948390	0,0126402974128723
181,049209	0,00945556163787842
181,149945	0,00274154543876648
181,251044	-0,00877445936203003
181,351824	-0,0223932564258575
181,453095	-0,0339176952838898
181,553457	-0,0453335642814636
181,654841	-0,0524217188358307
181,755115	-0,05403733253479
181,855480	-0,0503703057765961
181,956190	-0,0413964688777924
182,057147	-0,0311703383922577
182,157917	-0,0172213613986969
182,258413	-0,00420698523521423
182,358913	0,0045105516910553
182,460108	0,0111049711704254
182,561192	0,0124612748622894
182,662226	0,00905773043632507
182,764065	0,002401202917099
182,866006	-0,00914400815963745
182,966154	-0,0228015184402466
183,066172	-0,0340715348720551
183,167139	-0,0454483926296234
183,268861	-0,0524478256702423
183,370330	-0,0538164079189301
183,470657	-0,050071507692337
183,571310	-0,040982574224472
183,673236	-0,0306330621242523
183,774658	-0,0168354511260986
183,875229	-0,00388452410697937
183,975560	0,00487154722213745
184,076192	0,0104881227016449
184,177454	0,0122243762016296
184,278324	0,00892344117164612
184,380013	0,00199925899505615
184,480037	-0,00959610939025879
184,580993	-0,0232362151145935
184,682143	-0,0345684885978699
184,782303	-0,0457313656806946
184,883899	-0,0525452792644501
184,984298	-0,053908109664917
185,086294	-0,0486691296100616
185,186733	-0,0407721102237701
185,286929	-0,0304657518863678
185,387587	-0,0165294110774994
185,488287	-0,00367847084999084
185,589050	0,00497284531593323
185,689462	0,010589987039566
185,789548	0,0121196508407593
185,890445	0,00865569710731506
185,992028	0,00175264477729797
186,092728	-0,0121478140354156
186,192987	-0,0235689580440521
186,293619	-0,0346948504447937
186,393748	-0,0458285510540009
186,494847	-0,0524944067001343
186,596808	-0,0537204444408417
186,697751	-0,0497093498706818
186,798746	-0,0404444336891174
186,898900	-0,0299648940563202
186,999746	-0,0183568000793457
187,101075	-0,00328657031059265
187,201234	0,00525510311126709
187,302619	0,0105947256088257
187,403528	0,0120414197444916
187,504218	0,00845435261726379
187,605675	0,00142809748649597
187,705765	-0,0102238059043884
187,807000	-0,0238342583179474
187,907786	-0,0350700914859772
188,008563	-0,0460748672485352
188,110350	-0,0526341497898102
188,210351	-0,0537603497505188
188,312202	-0,0494466125965118
188,414176	-0,0400741398334503
188,514432	-0,0296083390712738
188,615446	-0,0180067718029022
188,715991	-0,00304141640663147
188,817990	0,00534486770629883
188,918372	0,0107298493385315
189,019032	0,0118906199932098
189,119841	0,00833186507225037
189,220168	0,00125297904014587
189,320306	-0,0127714276313782
189,421816	-0,0242767333984375
189,522123	-0,035357266664505
189,623126	-0,0463054478168488
189,723129	-0,05258709192276
189,823846	-0,0535251796245575
189,924061	-0,0492119491100311
190,024587	-0,0396898090839386
190,124709	-0,0292524695396423
190,226216	-0,0176821351051331
190,327790	-0,00266432762145996
190,427808	0,00573074817657471
190,529427	0,0108801424503326
190,630178	0,0120376348495483
190,730863	0,00818350911140442
190,831875	0,00101578235626221
190,932822	-0,0129543244838715
191,033073	-0,0244146287441254
191,134142	-0,0355299413204193
191,234437	-0,0463102161884308
191,335779	-0,0526584088802338
191,436821	-0,0534258782863617
191,537715	-0,0499449372291565
191,637952	-0,03929802775383
191,739953	-0,0287632942199707
191,840791	-0,0172175765037537
191,942323	-0,00245693325996399
192,043436	0,00581905245780945
192,143603	0,0109609663486481
192,244155	0,0117711126804352
192,345659	0,00800684094429016
192,446115	0,000703185796737671
192,546505	-0,0112892985343933
192,647180	-0,024920791387558
192,747297	-0,0359874665737152
192,847536	-0,0451992452144623
192,948378	-0,0527472794055939
193,049701	-0,0534719526767731
193,150123	-0,0500567555427551
193,250399	-0,0391586720943451
193,350679	-0,028654545545578
193,452216	-0,0171753466129303
193,552559	-0,00238099694252014
193,653081	0,00569283962249756
193,753647	0,0107113122940063
193,854111	0,0118498504161835
193,955701	0,00748187303543091
194,056285	0,0001087486743927
194,156576	-0,00966736674308777
194,257627	-0,025583952665329
194,359411	-0,0365438759326935
194,460983	-0,0455436408519745
194,561118	-0,0530804097652435
194,662532	-0,0535565316677094
194,764521	-0,0499463379383087
194,865028	-0,0390690863132477
194,966054	-0,0284698903560638
195,066447	-0,0169085562229156
195,167030	-0,00418949127197266
195,268027	0,00587040185928345
195,369833	0,0108050107955933
195,470336	0,0116994678974152
195,571756	0,00735917687416077
195,672327	-9,25362110137939E-5
195,772364	-0,0121175944805145
195,872873	-0,0256437957286835
195,973560	-0,036597341299057
196,073827	-0,0456441938877106
196,175801	-0,0527933835983276
196,276340	-0,0532885491847992
196,376418	-0,0495903789997101
196,477039	-0,038450688123703
196,577685	-0,0279179513454437
196,678619	-0,0163562595844269
196,778655	-0,00358369946479797
196,879280	0,00618186593055725
196,981249	0,0109638273715973
197,083119	0,0118123590946198
197,183560	0,00720149278640747
197,284069	-0,000318527221679688
197,384195	-0,0123741030693054
197,484901	-0,0260832011699677
197,584904	-0,0368102788925171
197,686761	-0,0456956326961517
197,787072	-0,0528684556484222
197,887721	-0,053183525800705
197,989721	-0,0494037866592407
198,090034	-0,0402716100215912
198,191116	-0,0276360809803009
198,292082	-0,0160841047763824
198,392118	-0,00348657369613647
198,493651	0,00634881854057312
198,594056	0,0109248459339142
198,695987	0,0115053653717041
198,796955	0,00690761208534241
198,896977	-0,000668734312057495
198,997049	-0,010537713766098
199,097535	-0,0262775123119354
199,197669	-0,0372092127799988
199,299671	-0,0461044013500214
199,401383	-0,0529421269893646
199,503025	-0,0532239079475403
199,604143	-0,0491771697998047
199,704473	-0,0397808849811554
199,805418	-0,0272603929042816
199,906877	-0,0158058702945709
200,007631	-0,00326997041702271
200,109084	0,00625860691070557
200,209316	0,0109048783779144
200,310026	0,0114493370056152
200,410945	0,00661122798919678
200,511188	-0,000980138778686523
200,612209	-0,0131849944591522
200,713204	-0,0268683135509491
200,814214	-0,0375959277153015
200,915043	-0,047777533531189
201,016558	-0,0526308119297028
201,117238	-0,053110808134079
201,218162	-0,0478470921516418
201,319482	-0,0396950244903564
201,420058	-0,0269888341426849
201,520840	-0,0133849382400513
201,621481	-0,0030798614025116
201,722823	0,00650665163993835
201,823645	0,0113453567028046
201,924200	0,0113482177257538
202,024329	0,00642606616020203
202,124366	-0,00133368372917175
202,225433	-0,0134430825710297
202,326001	-0,0270844697952271
202,426979	-0,0377876758575439
202,528935	-0,0477789640426636
202,630784	-0,0524853765964508
202,732308	-0,052935928106308
202,832376	-0,0474784076213837
202,933213	-0,0393454730510712
203,033755	-0,0267114341259003
203,134780	-0,0130181312561035
203,235977	-0,00270369648933411
203,336896	0,00667741894721985
203,437896	0,011470228433609
203,539041	0,0112341940402985
203,639495	0,00613147020339966
203,740401	-0,00346383452415466
203,841649	-0,0138383805751801
203,942803	-0,0250822007656097
204,043610	-0,0398781597614288
204,144383	-0,0478837788105011
204,245073	-0,0526379644870758
204,345527	-0,0528632402420044
204,446424	-0,0473821759223938
204,546802	-0,0390178859233856
204,648689	-0,0262502133846283
204,748918	-0,0127355456352234
204,849179	-0,00255897641181946
204,949721	0,00670954585075378
205,050140	0,0112341940402985
205,151792	0,0109780728816986
205,252665	0,00707638263702393
205,353001	-0,0020115077495575
205,453570	-0,0141657292842865
205,554153	-0,0255217254161835
205,654800	-0,038386732339859
205,755104	-0,0481409728527069
205,855563	-0,0526997447013855
205,957184	-0,0528028905391693
206,058580	-0,0470505952835083
206,159295	-0,0386946797370911
206,259653	-0,0259592235088348
206,360015	-0,0123707950115204
206,460067	-0,00232398509979248
206,560452	0,00684860348701477
206,660589	0,010924369096756
206,762042	0,0108720660209656
206,862212	0,00684046745300293
206,962490	-0,00223425030708313
207,063178	-0,0145120620727539
207,163629	-0,0258127748966217
207,264476	-0,0385392606258392
207,365066	-0,0470420122146606
207,466449	-0,0527220666408539
207,566925	-0,0526393949985504
207,667489	-0,0481728911399841
207,768086	-0,0383521616458893
207,869811	-0,0255576372146606
207,971377	-0,0121114552021027
208,073364	-0,00205805897712708
208,174873	0,00573122501373291
208,275279	0,0108530521392822
208,375359	0,0108235478401184
208,476698	0,00665438175201416
208,577664	-0,00259742140769958
208,677839	-0,01485475897789
208,779235	-0,0262846648693085
208,879989	-0,0389429926872253
208,980911	-0,0484896004199982
209,082206	-0,0528123676776886
209,182559	-0,0525676310062408
209,282833	-0,0466270446777344
209,384341	-0,0381053984165192
209,485311	-0,0252267718315125
209,586589	-0,0117595791816711
209,686788	-0,00187468528747559
209,788611	0,00589296221733093
209,888971	0,0112840831279755
209,989116	0,0106951296329498
210,089327	0,00648456811904907
210,191261	-0,00477445125579834
210,291499	-0,0152113139629364
210,391620	-0,026550680398941
210,492859	-0,0391686260700226
210,593482	-0,048630565404892
210,693744	-0,052713543176651
210,794117	-0,0523903369903564
210,894385	-0,0477513670921326
210,994873	-0,037749320268631
211,095633	-0,0271246433258057
211,196978	-0,0136052668094635
211,297681	-0,00154435634613037
211,398214	0,00607821345329285
211,500493	0,0110056400299072
211,601018	0,0106285214424133
211,701346	0,00617945194244385
211,801823	-0,00320881605148315
211,903420	-0,0155679881572723
212,003564	-0,0268458425998688
212,104984	-0,0393791496753693
212,205314	-0,0487148463726044
212,305488	-0,0527539253234863
212,405937	-0,0522211194038391
212,506291	-0,0473797917366028
212,606585	-0,0374203324317932
212,706702	-0,0267788767814636
212,807096	-0,0132402777671814
212,908035	-0,00131228566169739
213,008778	0,00629270076751709
213,109448	0,0110945105552673
213,209607	0,0109628736972809
213,310790	0,00607678294181824
213,410803	-0,00341406464576721
213,512005	-0,0136681497097015
213,612479	-0,0270648598670959
213,713136	-0,0395759642124176
213,813161	-0,0476050972938538
213,913175	-0,0521545708179474
214,013692	-0,0525400340557098
214,114609	-0,047126829624176
214,216038	-0,0369541347026825
214,317353	-0,0264296531677246
214,418110	-0,0129396915435791
214,519090	-0,00281140208244324
214,619752	0,00636753439903259
214,720637	0,0111035406589508
214,822388	0,0109614431858063
214,923895	0,00584164261817932
215,024018	-0,00362685322761536
215,124036	-0,0139202177524567
215,224356	-0,0274286568164825
215,325158	-0,0378160774707794
215,426145	-0,0476327240467072
215,526563	-0,0526213347911835
215,627164	-0,0523423254489899
215,728164	-0,0468757450580597
215,829043	-0,0386520326137543
215,929243	-0,0260248184204102
216,030186	-0,0126344263553619
216,130693	-0,002574622631073
216,230873	0,00660881400108337
216,331137	0,0110964179039001
216,432183	0,0107907354831696
216,532238	0,00686395168304443
216,632243	-0,00398874282836914
216,733403	-0,0142220258712769
216,835169	-0,0254063308238983
216,935334	-0,0380854904651642
217,035334	-0,0477618277072906
217,135334	-0,0521445870399475
217,235523	-0,0522182583808899
217,337108	-0,0465541481971741
217,438742	-0,0381986796855927
217,538771	-0,0256423652172089
217,640464	-0,0122040212154388
217,741588	-0,00220105051994324
217,841936	0,00675511360168457
217,942830	0,0112066566944122
218,044342	0,0108078420162201
218,144528	0,00669994950294495
218,244609	-0,00231260061264038
218,346413	-0,0144761204719543
218,447356	-0,0257591605186462
218,548199	-0,0382318794727325
218,650184	-0,0478189885616302
218,750940	-0,0521464943885803
218,851795	-0,0519406497478485
218,952782	-0,0462439954280853
219,052782	-0,0378487408161163
219,152899	-0,0273464322090149
219,253637	-0,0118696391582489
219,355601	-0,00195261836051941
219,456263	0,006999671459198
219,558024	0,0111463069915771
219,659680	0,010693222284317
219,759998	0,00529590249061584
219,861142	-0,00268378853797913
219,961731	-0,0148031413555145
220,063283	-0,0282536447048187
220,163541	-0,0386046469211578
220,263922	-0,047956645488739
220,364197	-0,05215123295784
220,465234	-0,051931619644165
220,567138	-0,0459671914577484
220,667292	-0,0375789105892181
220,767558	-0,024930864572525
220,869158	-0,011577308177948
220,970052	-0,0017886757850647
221,070472	0,00700110197067261
221,170850	0,0108059644699097
221,272806	0,0104509890079498
221,374423	0,00491234660148621
221,474771	-0,00304806232452393
221,575321	-0,0153183341026306
221,675895	-0,0287132263183594
221,777736	-0,03888800740242
221,879697	-0,0482657551765442
221,981513	-0,0526170432567596
222,082347	-0,0518179833889008
222,182877	-0,0458290278911591
222,284598	-0,0353047549724579
222,384825	-0,0245324671268463
222,485843	-0,0134553611278534
222,586458	0,000246196985244751
222,687187	0,00724464654922485
222,787834	0,0108592212200165
222,889351	0,00992453098297119
222,990119	0,00484272837638855
223,090802	-0,00327232480049133
223,192500	-0,0154557228088379
223,293197	-0,0288849174976349
223,394853	-0,0390652716159821
223,496830	-0,0481595695018768
223,597334	-0,0524701774120331
223,697495	-0,0516373217105865
223,798190	-0,0454021692276001
223,899727	-0,0349569618701935
224,001134	-0,0241541266441345
224,102266	-0,01298788189888
224,203818	0,000456720590591431
224,303818	0,00736686587333679
224,405352	0,0112166404724121
224,506344	0,00968128442764282
224,606600	0,00459697842597961
224,707415	-0,00350174307823181
224,807612	-0,018100917339325
224,908759	-0,0291976630687714
225,009133	-0,0392947196960449
225,110107	-0,048442929983139
225,210668	-0,0524806380271912
225,311848	-0,0515198707580566
225,412474	-0,0453016459941864
225,513970	-0,0345982909202576
225,614877	-0,023840457201004
225,715662	-0,0128546059131622
225,816260	0,000657796859741211
225,916987	0,00735679268836975
226,018429	0,0110432207584381
226,119150	0,00952526926994324
226,219162	0,00425088405609131
226,319338	-0,00391390919685364
226,419370	-0,0161646902561188
226,521049	-0,0295973718166351
226,621083	-0,039636641740799
226,722317	-0,0485391318798065
226,822783	-0,0525671541690826
226,923155	-0,0513966977596283
227,023267	-0,0463659465312958
227,125267	-0,0343545973300934
227,225676	-0,0234942734241486
227,326592	-0,0124671757221222
227,427309	0,000779181718826294
227,527407	0,00752928853034973
227,628409	0,0108796656131744
227,729645	0,00934433937072754
227,830270	0,00404977798461914
227,930557	-0,00422120094299316
228,032023	-0,0166266560554504
228,133985	-0,0298654139041901
228,234569	-0,0398800671100616
228,334830	-0,048721045255661
228,435213	-0,052482545375824
228,535595	-0,0512735545635223
228,635629	-0,0462706685066223
228,737365	-0,0340270400047302
228,838060	-0,0233348309993744
228,938470	-0,012311726808548
229,039169	0,000955075025558472
229,139938	0,00749766826629639
229,240196	0,010716050863266
229,342143	0,00975427031517029
229,442255	0,00362268090248108
229,543223	-0,00465333461761475
229,644066	-0,0147861242294312
229,745281	-0,0302988588809967
229,845645	-0,0401206612586975
229,946147	-0,0476936995983124
230,047103	-0,0525514781475067
230,147710	-0,0511675179004669
230,247775	-0,0459533631801605
230,349099	-0,0337520241737366
230,449811	-0,0229341089725494
230,550634	-0,0120202898979187
230,651354	-0,000584423542022705
230,751379	0,00754562020301819
230,852973	0,0106751620769501
230,953333	0,00956821441650391
231,054008	0,00341972708702087
231,154386	-0,00497502088546753
231,255743	-0,0152813792228699
231,356603	-0,0306449234485626
231,458136	-0,0404510796070099
231,558136	-0,0478890240192413
231,658444	-0,0524350106716156
231,758879	-0,0510543286800385
231,859926	-0,0458576083183289
231,961067	-0,0334925353527069
232,062223	-0,022684246301651
232,162284	-0,0116868615150452
232,263674	-0,000232726335525513
232,363765	0,00769460201263428
232,464054	0,0106261372566223
232,565206	0,00996887683868408
232,665565	0,00300383567810059
232,766414	-0,00531318783760071
232,868168	-0,0154452919960022
232,968376	-0,0309271514415741
233,070364	-0,0406348407268524
233,170775	-0,0481295585632324
233,271241	-0,0525718927383423
233,371938	-0,0510590970516205
233,472516	-0,0456389486789703
233,572861	-0,0352711379528046
233,673683	-0,0223497152328491
233,774418	-0,0115012526512146
233,874774	-0,000220328569412231
233,975194	0,00764140486717224
234,075663	0,0104686319828033
234,176899	0,00976812839508057
234,277448	0,00275930762290955
234,377743	-0,00564080476760864
234,478448	-0,0159376263618469
234,579601	-0,0291543006896973
234,680477	-0,0409992039203644
234,782023	-0,0482733845710754
234,882467	-0,0525614321231842
234,982624	-0,0508693158626556
235,084441	-0,0454069375991821
235,184530	-0,0349527299404144
235,284699	-0,0221339464187622
235,385121	-0,0113284587860107
235,485849	-0,00172072649002075
235,586658	0,00764670968055725
235,687305	0,0104195773601532
235,789190	0,00957632064819336
235,889920	0,00377815961837769
235,990659	-0,00612568855285645
236,092340	-0,0163648128509521
236,193849	-0,0317541062831879
236,293905	-0,04129758477211
236,394571	-0,048437237739563
236,496089	-0,0525034368038177
236,596409	-0,0507451593875885
236,696932	-0,0451811254024506
236,798187	-0,0347123444080353
236,898600	-0,0217560231685638
236,999931	-0,0109554827213287
237,100599	-0,00150060653686523
237,201435	0,00785359740257263
237,302129	0,0104919373989105
237,402194	0,00949135422706604
237,502613	0,00227949023246765
237,603861	-0,00631090998649597
237,704341	-0,0166214406490326
237,805112	-0,0297402143478394
237,906066	-0,0414178371429443
238,006685	-0,0484896004199982
238,107154	-0,0523042976856232
238,208658	-0,0505320429801941
238,308668	-0,04486483335495
238,410676	-0,0362410545349121
238,511438	-0,0214342176914215
238,612451	-0,0106812119483948
238,712502	-0,00122570991516113
238,812806	0,00784692168235779
238,913159	0,0104305148124695
239,013938	0,00935149192810059
239,115658	0,00333482027053833
239,216791	-0,00666517019271851
239,317447	-0,0169835388660431
239,417652	-0,0301661193370819
239,518415	-0,0416583716869354
239,618727	-0,0486072301864624
239,720311	-0,0521336495876312
239,820829	-0,0503398776054382
239,921350	-0,0446262061595917
240,023030	-0,0359950363636017
240,124417	-0,0210781097412109
240,224733	-0,0103918612003326
240,326111	-0,00108629465103149
240,426256	0,00794747471809387
240,526949	0,0103662312030792
240,627592	0,00913035869598389
240,728664	0,00312325358390808
240,829225	-0,00704202055931091
240,930523	-0,0174032747745514
241,032417	-0,0304547846317291
241,133117	-0,0419550836086273
241,233312	-0,0487872362136841
241,334049	-0,0520685315132141
241,435351	-0,0502385199069977
241,536011	-0,044385701417923
241,637715	-0,0336450040340424
241,737801	-0,0208468437194824
241,839351	-0,0101369619369507
241,939526	-0,000813990831375122
242,041061	0,00704663991928101
242,142201	0,010328620672226
242,243087	0,00900948047637939
242,344717	0,00273099541664124
242,444755	-0,00735273957252502
242,545462	-0,0177386701107025
242,647069	-0,0308692157268524
242,747762	-0,0421205759048462
242,849356	-0,0489153265953064
242,949803	-0,0523737072944641
243,050128	-0,050043910741806
243,150633	-0,044193297624588
243,251702	-0,0354495048522949
243,353106	-0,0204819440841675
243,454514	-0,00993213057518005
243,556250	0,000866174697875977
243,657908	0,00714445114135742
243,758302	0,0101371109485626
243,858883	0,00872984528541565
243,959182	0,00249993801116943
244,060557	-0,00783190131187439
244,161407	-0,0181579887866974
244,262200	-0,0311850309371948
244,363491	-0,0425291657447815
244,465324	-0,0491048097610474
244,565609	-0,0523770451545715
244,666929	-0,0500429570674896
244,768626	-0,0439542531967163
244,869594	-0,0331543684005737
244,970772	-0,0225172340869904
245,071767	-0,00768604874610901
245,171874	0,000994265079498291
245,272605	0,00712528824806213
245,372830	0,0101495087146759
245,472894	0,00782153010368347
245,573563	0,00214868783950806
245,673641	-0,00806272029876709
245,773971	-0,018501877784729
245,875380	-0,0314798653125763
245,975895	-0,0425715148448944
246,077334	-0,0492095649242401
246,177932	-0,0522643625736237
246,279581	-0,0497022271156311
246,380035	-0,0436138212680817
246,480100	-0,0326526463031769
246,580965	-0,0218813419342041
246,681105	-0,00925207138061523
246,781909	0,00143957138061523
246,883458	0,00745311379432678
246,984799	0,0101804733276367
247,084801	0,00788617134094238
247,185050	0,00209695100784302
247,285822	-0,0083024799823761
247,386676	-0,0186822414398193
247,487266	-0,031726598739624
247,587928	-0,0428403615951538
247,688495	-0,0491609871387482
247,788543	-0,0521892607212067
247,888962	-0,0503217875957489
247,989894	-0,0431991815567017
248,090506	-0,0343242883682251
248,190702	-0,0215465724468231
248,291378	-0,00879806280136108
248,392257	0,000144064426422119
