0,100638	0,0174924433231354
0,200662	0,0201165676116943
0,301622	0,0220900475978851
0,402138	0,0235255360603333
0,502633	0,0224058032035828
0,603609	0,0203524231910706
0,704172	0,0169848501682281
0,804545	0,0129862725734711
0,904945	0,00939756631851196
1,005301	0,00590071082115173
1,106570	0,00338274240493774
1,206942	0,0026945173740387
1,308189	0,00412219762802124
1,409452	0,00553512573242188
1,511377	0,00871181488037109
1,612527	0,0131582915782928
1,714131	0,0166700482368469
1,814939	0,019984245300293
1,915387	0,022487461566925
2,017126	0,0227137804031372
2,117240	0,022487461566925
2,217978	0,0201987028121948
2,318707	0,0162011384963989
2,418986	0,0133159458637238
2,520604	0,00977998971939087
2,621073	0,00529873371124268
2,721494	0,00398334860801697
2,822837	0,00298339128494263
2,923151	0,00336295366287231
3,023975	0,00625032186508179
3,124942	0,00880822539329529
3,225707	0,0126859843730927
3,326536	0,017304390668869
3,426540	0,0197362303733826
3,527457	0,0219532251358032
3,628024	0,023112952709198
3,729138	0,0218586325645447
3,829948	0,0200625956058502
3,930643	0,016482412815094
4,031198	0,0124882459640503
4,131546	0,00925728678703308
4,232151	0,00609040260314941
4,334083	0,00321513414382935
4,434836	0,00283610820770264
4,535124	0,00384595990180969
4,635714	0,00562262535095215
4,736350	0,00895312428474426
4,836994	0,0131075084209442
4,938864	0,0166710019111633
5,039343	0,0200745463371277
5,139439	0,0220183134078979
5,240016	0,0225121378898621
5,340335	0,0222833454608917
5,440429	0,0202225744724274
5,540996	0,0159370899200439
5,641460	0,0130255520343781
5,742576	0,00929722189903259
5,842919	0,00560840964317322
5,943911	0,00393378734588623
6,045403	0,0028228759765625
6,147141	0,00325480103492737
6,247888	0,00645998120307922
6,348808	0,00882628560066223
6,449560	0,0122815072536469
6,550182	0,0173677206039429
6,650393	0,019662618637085
6,751710	0,0217792391777039
6,852105	0,022843211889267
6,952585	0,0215471684932709
7,054448	0,0199235677719116
7,156282	0,0167022049427032
7,258248	0,0121121406555176
7,358885	0,00919121503829956
7,460489	0,00576686859130859
7,561675	0,00317409634590149
7,662324	0,00308534502983093
7,762361	0,00381478667259216
7,862887	0,00602748990058899
7,963699	0,00942036509513855
8,064661	0,0132095515727997
8,165141	0,0170232355594635
8,265779	0,020269364118576
8,366791	0,0219584405422211
8,466868	0,0224556624889374
8,567296	0,0219655930995941
8,667533	0,0195521712303162
8,767986	0,0160964727401733
8,868269	0,0123910903930664
8,968857	0,00856506824493408
9,069166	0,00536918640136719
9,171093	0,00357350707054138
9,271984	0,00260058045387268
9,372955	0,00385868549346924
9,473414	0,00654235482215881
9,575030	0,00906717777252197
9,675997	0,0128167271614075
9,776855	0,0175994038581848
9,877389	0,0198968052864075
9,979134	0,0221171379089355
10,079929	0,0228019654750824
10,181337	0,0214086771011353
10,281578	0,0197926163673401
10,382496	0,0161185562610626
10,482620	0,0117530226707458
10,583727	0,00888374447822571
10,684135	0,00523588061332703
10,784483	0,00298008322715759
10,884545	0,00294280052185059
10,985224	0,00343939661979675
11,085823	0,0062318742275238
11,186706	0,00972387194633484
11,287827	0,0128205716609955
11,389443	0,0176492929458618
11,490804	0,0206029415130615
11,592144	0,0218914151191711
11,692621	0,0226715505123138
11,793454	0,0219460725784302
11,895022	0,0195081830024719
11,995560	0,0162121653556824
12,096310	0,0122044682502747
12,196338	0,00827077031135559
12,296531	0,00529494881629944
12,396744	0,00320148468017578
12,497191	0,00238865613937378
12,598887	0,00354516506195068
12,699226	0,00636389851570129
12,799352	0,00910612940788269
12,899994	0,0129556059837341
13,001270	0,0169536471366882
13,102442	0,0199981033802032
13,203381	0,022246778011322
13,303559	0,022672027349472
13,405044	0,0214653015136719
13,506929	0,0198437869548798
13,607547	0,0158891081809998
13,707749	0,0117826759815216
13,807813	0,00878685712814331
13,908697	0,00558149814605713
14,010602	0,00316983461380005
14,111326	0,00302350521087646
14,212881	0,00367122888565063
14,313568	0,00592908263206482
14,414710	0,00984761118888855
14,516054	0,0135206282138824
14,617363	0,0171691179275513
14,717952	0,0206473171710968
14,819303	0,0221765041351318
14,919798	0,0229266881942749
15,020146	0,0218415260314941
15,120937	0,0193814039230347
15,221029	0,0161934494972229
15,322416	0,0119155645370483
15,422626	0,00824326276779175
15,523401	0,00540509819984436
15,624055	0,00316369533538818
15,724111	0,00254160165786743
15,826001	0,00417843461036682
15,926805	0,00601992011070251
16,027646	0,00944986939430237
16,127977	0,0133624374866486
16,228575	0,0170563459396362
16,330443	0,0203490853309631
16,432354	0,0224252939224243
16,533093	0,0225942134857178
16,634864	0,0215918719768524
16,736070	0,0191981792449951
16,837093	0,0156807899475098
16,937186	0,0117912888526917
17,038905	0,00791305303573608
17,139776	0,0048062801361084
17,240474	0,00334501266479492
17,341694	0,00285404920578003
17,442022	0,0035843551158905
17,542976	0,00607526302337646
17,643732	0,00966963171958923
17,744093	0,0135086476802826
17,845443	0,0172309875488281
17,946678	0,020393967628479
18,046958	0,0220758020877838
18,148602	0,0228247344493866
18,250044	0,0214424729347229
18,351051	0,018676370382309
18,452040	0,0159817636013031
18,552738	0,0114644169807434
18,654547	0,00754228234291077
18,754863	0,00515836477279663
18,856205	0,00312405824661255
18,956400	0,00269639492034912
19,057121	0,0040442943572998
19,158181	0,00586003065109253
19,258918	0,0095469057559967
19,360438	0,0139819383621216
19,461656	0,0169402360916138
19,563253	0,020923376083374
19,663636	0,0224385559558868
19,764501	0,0224001109600067
19,866276	0,0215328931808472
19,967050	0,0188152492046356
20,068417	0,0154057145118713
20,170054	0,0115776360034943
20,270579	0,00750672817230225
20,372115	0,00458323955535889
20,473075	0,00320714712142944
20,573535	0,00258404016494751
20,674472	0,00352579355239868
20,776027	0,0066867470741272
20,876576	0,0101146697998047
20,977863	0,0135446190834045
21,079532	0,0178453922271729
21,181473	0,0201719403266907
21,281513	0,0220287442207336
21,381735	0,0226302742958069
21,481980	0,0210791826248169
21,582584	0,0184358954429626
21,682720	0,0155804455280304
21,783840	0,0109636187553406
21,884392	0,00724419951438904
21,985395	0,00478595495223999
22,086942	0,00248163938522339
22,187033	0,00261425971984863
22,287525	0,00376379489898682
22,388287	0,00564390420913696
22,488807	0,0103604793548584
22,590744	0,0138428509235382
22,692705	0,0175581574440002
22,793503	0,0205123126506805
22,893657	0,0223004221916199
22,995583	0,022346019744873
23,096284	0,0215519070625305
23,196582	0,0186294317245483
23,297578	0,0154301822185516
23,399300	0,0116507709026337
23,499793	0,00740909576416016
23,600238	0,00473916530609131
23,700892	0,00315520167350769
23,801490	0,00262513756752014
23,902082	0,00379824638366699
24,003028	0,00681647658348083
24,103583	0,00958970189094543
24,205377	0,0137790739536285
24,307285	0,01789191365242
24,407695	0,020091712474823
24,508360	0,0221047699451447
24,609952	0,0223502814769745
24,711270	0,02089524269104
24,812021	0,018424391746521
24,913403	0,0146157145500183
25,015152	0,010873943567276
25,116657	0,0072816014289856
25,217016	0,00417417287826538
25,317834	0,00254866480827332
25,418011	0,00260010361671448
25,518878	0,00378361344337463
25,619554	0,00635820627212524
25,719642	0,00981426239013672
25,821283	0,0137651562690735
25,921612	0,0176075398921967
26,022497	0,0204497873783112
26,123374	0,0219897925853729
26,223759	0,0221408605575562
26,325641	0,0211935043334961
26,426968	0,0181469321250916
26,528512	0,0144376754760742
26,629090	0,0111540257930756
26,729158	0,00690454244613647
26,829748	0,00413545966148376
26,930853	0,00283846259117126
27,031554	0,00231456756591797
27,133331	0,00423699617385864
27,234546	0,00669193267822266
27,335342	0,00956305861473083
27,436742	0,0146737694740295
27,537666	0,0178453922271729
27,638508	0,0201328098773956
27,739792	0,0223578810691833
27,841174	0,0222012102603912
27,941666	0,0207727253437042
28,043507	0,0183242559432983
28,144509	0,0142942070960999
28,245720	0,0106879472732544
28,346010	0,00711628794670105
28,446129	0,00390923023223877
28,546293	0,00251984596252441
28,648171	0,00259774923324585
28,748515	0,00403392314910889
28,849461	0,0064893364906311
28,950449	0,00989234447479248
29,051068	0,0143887400627136
29,151755	0,0177307724952698
29,252106	0,0204765200614929
29,353713	0,0218757390975952
29,453975	0,0221484899520874
29,554737	0,021004855632782
29,654934	0,0178775191307068
29,755116	0,0142788589000702
29,855431	0,0108424723148346
29,956551	0,00728920102119446
30,057225	0,00402069091796875
30,158095	0,00262606143951416
30,258466	0,00217205286026001
30,359068	0,00382894277572632
30,459870	0,00657975673675537
30,561647	0,00952690839767456
30,662292	0,0147342383861542
30,763451	0,0177139937877655
30,864264	0,020131379365921
30,964722	0,0221408605575562
31,065440	0,0219703316688538
31,166132	0,0206787884235382
31,266238	0,0186787545681
31,367673	0,0140006542205811
31,469636	0,0105530321598053
31,570332	0,00755554437637329
31,670809	0,00370949506759644
31,772785	0,00255811214447021
31,873780	0,00260671973228455
31,974363	0,00409197807312012
32,075423	0,00679090619087219
32,175658	0,0100942254066467
32,276628	0,0139901041984558
32,377790	0,0181047320365906
32,479731	0,020673543214798
32,580624	0,0220715403556824
32,680929	0,0223801732063293
32,781658	0,0210539400577545
32,882292	0,0179369747638702
32,982511	0,0144108235836029
33,082991	0,010778546333313
33,184251	0,00735175609588623
33,285009	0,00418174266815186
33,386603	0,00269404053688049
33,487452	0,00246652960777283
33,588169	0,00459319353103638
33,688956	0,00687280297279358
33,790699	0,0100066065788269
33,892699	0,0144712328910828
33,993554	0,0180323719978333
34,095426	0,0205624103546143
34,196275	0,0224172174930573
34,297435	0,0220829248428345
34,398305	0,0205867290496826
34,498500	0,0181574821472168
34,600180	0,0140039920806885
34,701600	0,0106750726699829
34,802345	0,00689035654067993
34,902456	0,00377416610717773
35,002567	0,00273981690406799
35,103132	0,00278466939926147
35,205122	0,00391960144042969
35,305936	0,00713664293289185
35,406652	0,0109039843082428
35,506969	0,0142078697681427
35,607628	0,0183065235614777
35,707906	0,020645409822464
35,808782	0,0221560597419739
35,909693	0,0223716497421265
36,009766	0,0209147930145264
36,110969	0,0178832709789276
36,211187	0,0142275393009186
36,312308	0,0104910433292389
36,412433	0,00665834546089172
36,512438	0,00444057583808899
36,612886	0,00255244970321655
36,713483	0,00251278281211853
36,813718	0,00417417287826538
36,915001	0,00683304667472839
37,016241	0,0101028084754944
37,117055	0,0143882632255554
37,218873	0,0179244875907898
37,319656	0,0204855799674988
37,420377	0,0221503674983978
37,521302	0,0217507183551788
37,621489	0,0205638408660889
37,723291	0,017589807510376
37,823433	0,0134765207767487
37,925449	0,0102418661117554
38,025728	0,00631564855575562
38,126544	0,00376379489898682
38,227530	0,00244152545928955
38,327933	0,00246274471282959
38,429337	0,0037902295589447
38,529611	0,00706416368484497
38,631360	0,0107885599136353
38,731580	0,0142601430416107
38,832300	0,0183712244033813
38,933737	0,0206010341644287
39,034335	0,0221812427043915
39,135734	0,022217333316803
39,236016	0,0205967426300049
39,336138	0,0176981687545776
39,436936	0,0146012902259827
39,537155	0,0101823210716248
39,639068	0,00646993517875671
39,740049	0,00412219762802124
39,841517	0,00231266021728516
39,942156	0,00265389680862427
40,042263	0,00416001677513123
40,144255	0,00695240497589111
40,244284	0,0103890895843506
40,344498	0,01459601521492
40,445289	0,0182346403598785
40,547227	0,0208313763141632
40,648117	0,0223070979118347
40,748660	0,0220125913619995
40,849450	0,0208151638507843
40,949724	0,0177048742771149
41,050331	0,0143513083457947
41,152205	0,0104038417339325
41,254195	0,00640413165092468
41,354431	0,00393140316009521
41,455128	0,00264117121696472
41,556066	0,00257790088653564
41,656897	0,0040726363658905
41,758571	0,0072939395904541
41,858750	0,0109951198101044
41,959223	0,0145538151264191
42,059538	0,0184531211853027
42,159884	0,0205705165863037
42,261057	0,0221593976020813
42,361125	0,0222538709640503
42,462951	0,0203958749771118
42,563256	0,0175643861293793
42,663604	0,0143081545829773
42,764534	0,00988474488258362
42,865236	0,0063132643699646
42,966488	0,00390166044235229
43,066727	0,00223621726036072
43,167415	0,00267043709754944
43,268634	0,00404900312423706
43,369308	0,00693389773368835
43,471172	0,0103557109832764
43,572717	0,0144151449203491
43,673515	0,0181162357330322
43,774410	0,0210439264774323
43,875144	0,0219712853431702
43,975530	0,0218681395053864
44,077083	0,0204660296440125
44,177834	0,0172381997108459
44,279664	0,0140433311462402
44,380325	0,0100466012954712
44,481919	0,00608474016189575
44,583162	0,00378361344337463
44,683170	0,00245141983032227
44,785136	0,00245141983032227
44,885992	0,00407922267913818
44,986013	0,00722998380661011
45,086562	0,0109593272209167
45,186743	0,0146133005619049
45,287110	0,0178146958351135
45,388818	0,0208756923675537
45,488992	0,0221541821956635
45,589027	0,0220834016799927
45,690361	0,0203051865100861
45,791003	0,0174646079540253
45,891826	0,0141382813453674
45,991958	0,00982761383056641
46,093894	0,0063444972038269
46,195484	0,00389790534973145
46,296337	0,00239574909210205
46,398113	0,00282806158065796
46,498165	0,00411418080329895
46,598893	0,00715181231498718
46,699737	0,0111993849277496
46,800119	0,01446932554245
46,900916	0,0176205039024353
47,002264	0,0209386348724365
47,103588	0,0217859148979187
47,205405	0,0217126905918121
47,306652	0,0197338461875916
47,408431	0,0169013738632202
47,508750	0,0138255953788757
47,609702	0,00906717777252197
47,710926	0,00592434406280518
47,812566	0,00379636883735657
47,913225	0,00240093469619751
48,015190	0,00256660580635071
48,116846	0,00424408912658691
48,217401	0,0072816014289856
48,317888	0,0110848248004913
48,418372	0,014698714017868
48,518454	0,017749011516571
48,619826	0,0207550823688507
48,720803	0,0219394266605377
48,821160	0,0216418206691742
48,921931	0,0194938182830811
49,022923	0,0169858336448669
49,123024	0,0136141180992126
49,224896	0,00948983430862427
49,325374	0,00595557689666748
49,427188	0,00316891074180603
49,527538	0,00221970677375793
49,628295	0,00270771980285645
49,730094	0,00406742095947266
49,830202	0,00726550817489624
49,930871	0,0112433135509491
50,032304	0,0144736468791962
50,133008	0,0182964503765106
50,233861	0,0208595097064972
50,335554	0,0217245817184448
50,436328	0,0215167105197906
50,536680	0,0195029377937317
50,638359	0,0167396366596222
50,738629	0,0130183696746826
50,839196	0,00955116748809814
50,939811	0,00577017664909363
51,040929	0,00372034311294556
51,141763	0,00228434801101685
51,243207	0,00261238217353821
51,344874	0,00433525443077087
51,445266	0,0072820782661438
51,546144	0,0111788809299469
51,646866	0,014736145734787
51,747034	0,0182274580001831
51,848697	0,0208113491535187
51,949867	0,0219204425811768
52,051854	0,0213411152362823
52,153492	0,019846647977829
52,254425	0,0169056951999664
52,355745	0,0127673745155334
52,457000	0,00950121879577637
52,558880	0,00595036149024963
52,660030	0,00323027372360229
52,761477	0,00238630175590515
52,861689	0,00276955962181091
52,962941	0,00458610057830811
53,063731	0,00742757320404053
53,164530	0,0112767219543457
53,265779	0,0151892304420471
53,366505	0,0183343291282654
53,467514	0,0206797420978546
53,568231	0,0215990245342255
53,669070	0,0213258862495422
53,769429	0,0196248590946198
53,870214	0,015909731388092
53,971171	0,0127458572387695
54,071352	0,00920116901397705
54,171623	0,00563490390777588
54,273480	0,00360608100891113
54,373978	0,0021706223487854
54,474853	0,00265908241271973
54,576698	0,00477319955825806
54,677140	0,00725650787353516
54,778016	0,011301577091217
54,878822	0,0153303444385529
54,979124	0,018068790435791
55,080717	0,0203199684619904
55,181453	0,0215685665607452
55,281742	0,0209648311138153
55,382270	0,0195282399654388
55,482491	0,0157239735126495
55,583865	0,0123269557952881
55,684634	0,00908949971199036
55,785940	0,00491920113563538
55,886655	0,00286728143692017
55,988135	0,0021616518497467
56,089909	0,00249060988426208
56,190670	0,00453978776931763
56,291287	0,00739440321922302
56,391634	0,0104881823062897
56,491972	0,0152113139629364
56,593376	0,0182485282421112
56,694137	0,0202707946300507
56,795737	0,0215566754341125
56,895782	0,0212225615978241
56,995890	0,0194488763809204
57,097053	0,0158449411392212
57,198797	0,0125705897808075
57,298909	0,00901347398757935
57,400665	0,00558951497077942
57,500705	0,00313490629196167
57,601565	0,00207293033599854
57,702779	0,00270679593086243
57,803758	0,00475192070007324
57,904011	0,0072820782661438
58,005778	0,0113607943058014
58,107225	0,0152852535247803
58,208951	0,0180879533290863
58,309843	0,0207431614398956
58,411265	0,0214891135692596
58,512274	0,0209338665008545
58,612487	0,0190460085868835
58,712866	0,0155482888221741
58,813828	0,012275755405426
58,914554	0,00906622409820557
59,015942	0,00535309314727783
59,116643	0,00294467806816101
59,218218	0,00220459699630737
59,319927	0,0025193989276886
59,420626	0,00470325350761414
59,520877	0,00751334428787231
59,621327	0,0112552642822266
59,721554	0,0154412388801575
59,822449	0,018381267786026
59,923242	0,0206311047077179
60,023383	0,021668940782547
60,124140	0,0211182534694672
60,225596	0,0188928246498108
60,326979	0,0163513720035553
60,428575	0,0123977959156036
60,529492	0,00824087858200073
60,631314	0,00554552674293518
60,731547	0,00306034088134766
60,832298	0,00211635231971741
60,934111	0,00286301970481873
61,035641	0,00483366847038269
61,136338	0,00819534063339233
61,236640	0,0116617679595947
61,337146	0,0155156552791595
61,438551	0,0184176862239838
61,538556	0,0209815204143524
61,640540	0,0216537117958069
61,741000	0,0211396813392639
61,842070	0,0191527307033539
61,943242	0,0162188708782196
62,045215	0,0124006867408752
62,145639	0,00843924283981323
62,246997	0,00541362166404724
62,348025	0,00318354368209839
62,448410	0,00232493877410889
62,549185	0,00274735689163208
62,649819	0,00503689050674438
62,750819	0,00833579897880554
62,851822	0,0115403532981873
62,952741	0,0157177150249481
63,053739	0,0189847350120544
63,154497	0,0208156406879425
63,255179	0,0217816233634949
63,356058	0,020828515291214
63,457266	0,0189167559146881
63,558916	0,0163115262985229
63,659765	0,0115656852722168
63,760328	0,00829356908798218
63,862044	0,00556492805480957
63,963053	0,00276106595993042
64,063273	0,0022616982460022
64,163450	0,00297629833221436
64,263940	0,00497356057167053
64,365446	0,00840699672698975
64,465525	0,0117807686328888
64,566373	0,0155919790267944
64,667184	0,0190306901931763
64,767986	0,0208985805511475
64,868617	0,0215523838996887
64,969603	0,0208299458026886
65,069607	0,0189143419265747
65,169948	0,0159961581230164
65,271643	0,0121417939662933
65,371955	0,00812891125679016
65,473001	0,00518906116485596
65,573340	0,0030367374420166
65,675084	0,00217533111572266
65,776502	0,0027218759059906
65,876545	0,00505438446998596
65,976740	0,00830733776092529
66,078154	0,0115996599197388
66,178670	0,0150874853134155
66,280658	0,0189110040664673
66,381349	0,0207593739032745
66,482369	0,0216636955738068
66,583284	0,0206315815448761
66,684039	0,0187640190124512
66,784501	0,0161180794239044
66,885423	0,0113416910171509
66,985569	0,00816068053245544
67,086351	0,00535356998443604
67,186875	0,00288897752761841
67,288371	0,00223103165626526
67,388736	0,00294607877731323
67,489424	0,00505059957504272
67,590186	0,00857409834861755
67,691086	0,0118888020515442
67,791745	0,0150879621505737
67,892612	0,0191646814346313
67,992833	0,0209386348724365
68,093472	0,0216080546379089
68,194926	0,0208485424518585
68,296715	0,0188693404197693
68,398068	0,0160456001758575
68,498921	0,0122236013412476
68,600255	0,00816306471824646
68,701218	0,00529307126998901
68,803004	0,00312215089797974
68,903226	0,00228482484817505
69,005052	0,00294280052185059
69,106900	0,00528454780578613
69,207818	0,00851759314537048
69,309302	0,0118610858917236
69,409921	0,0158996880054474
69,511801	0,0190254151821136
69,613620	0,020888090133667
69,713897	0,0216284990310669
69,814535	0,0205605030059814
69,915239	0,0187175571918488
70,015371	0,0159803032875061
70,116055	0,0119184553623199
70,216389	0,00811800360679626
70,317174	0,0048535168170929
70,417790	0,00300082564353943
70,518090	0,00245237350463867
70,619349	0,00311413407325745
70,719568	0,0053313672542572
70,820422	0,0088961124420166
70,921346	0,0121566355228424
71,022568	0,016068160533905
71,123414	0,0193981826305389
71,223669	0,0210672914981842
71,325310	0,0217221975326538
71,425776	0,0210925340652466
71,527289	0,0187108516693115
71,628954	0,015275627374649
71,729142	0,0120179355144501
71,829881	0,00795528292655945
71,930730	0,00520658493041992
72,030818	0,00301122665405273
72,132200	0,00218901038169861
72,233253	0,00293475389480591
72,333810	0,00525286793708801
72,434568	0,00857505202293396
72,536434	0,0119863748550415
72,637221	0,0159366130828857
72,737936	0,0190441012382507
72,838822	0,0208676159381866
72,939028	0,0214767456054688
73,039673	0,0206849873065948
73,140445	0,0185724198818207
73,240774	0,0151133835315704
73,342523	0,0117965340614319
73,442931	0,00800129771232605
73,543039	0,00515836477279663
73,643238	0,00295600295066833
73,743950	0,00246560573577881
73,845801	0,00317314267158508
73,946368	0,00550109148025513
74,047486	0,00902676582336426
74,147521	0,012226015329361
74,248301	0,0161963105201721
74,348894	0,0189875960350037
74,449475	0,0210444033145905
74,549672	0,0217103064060211
74,649788	0,0209338665008545
74,750225	0,018523097038269
74,851087	0,0157479643821716
74,953073	0,0118094384670258
75,053549	0,00784003734588623
75,154310	0,00519096851348877
75,254610	0,00299564003944397
75,355233	0,00231125950813293
75,455940	0,00312262773513794
75,557227	0,00540179014205933
75,658947	0,00884100794792175
75,759213	0,0122633278369904
75,860086	0,0161267220973969
75,960486	0,0187917947769165
76,061411	0,0209462642669678
76,162688	0,0214477181434631
76,263282	0,0206706821918488
76,364980	0,0184593498706818
76,465751	0,0156030058860779
76,567118	0,0116350054740906
76,667897	0,00781017541885376
76,768986	0,00499340891838074
76,869789	0,00293052196502686
76,970571	0,00242358446121216
77,070694	0,00318259000778198
77,172238	0,00558242201805115
77,272511	0,00843358039855957
77,372811	0,012270987033844
77,474010	0,0162284672260284
77,575709	0,0189579129219055
77,676320	0,0209276676177979
77,777517	0,0215438306331635
77,879078	0,0207240879535675
77,979369	0,0183094143867493
78,080095	0,0155761241912842
78,180822	0,0115719139575958
78,281066	0,00762808322906494
78,382427	0,00459933280944824
78,483753	0,00287151336669922
78,585397	0,00228011608123779
78,685870	0,00327605009078979
78,787056	0,00556209683418274
78,887773	0,00841981172561646
78,987987	0,0124595165252686
79,088703	0,0162025690078735
79,189298	0,0188899636268616
79,289859	0,0210377275943756
79,391126	0,0214586555957794
79,491988	0,0207360088825226
79,592736	0,0184258222579956
79,694707	0,0148570835590363
79,794922	0,011596292257309
79,895681	0,00770822167396545
79,997016	0,00449442863464355
80,097071	0,00296688079833984
80,197676	0,00243774056434631
80,298136	0,00324299931526184
80,398783	0,00572428107261658
80,499018	0,00852188467979431
80,599616	0,0124121606349945
80,700361	0,0163734257221222
80,800750	0,0189904868602753
80,901459	0,0209948420524597
81,001696	0,0215699970722198
81,102494	0,0206258594989777
81,204092	0,0182307958602905
81,304400	0,0154618918895721
81,404461	0,0114367306232452
81,505720	0,00760722160339355
81,606217	0,00500994920730591
81,708160	0,00287669897079468
81,808971	0,00239762663841248
81,909405	0,00338226556777954
82,010226	0,00573846697807312
82,110786	0,00864201784133911
82,211716	0,0126390755176544
82,311878	0,0164036750793457
82,412342	0,0190852582454681
82,512574	0,0210996866226196
82,613324	0,0214948356151581
82,713946	0,0206458866596222
82,814211	0,0181953310966492
82,914970	0,0152698755264282
83,015721	0,0113808214664459
83,116458	0,00811088085174561
83,218106	0,00481712818145752
83,320052	0,00288897752761841
83,420454	0,00238156318664551
83,521520	0,00330203771591187
83,622825	0,005350261926651
83,724704	0,00867664813995361
83,824848	0,0126194357872009
83,926536	0,0165203213691711
84,026725	0,0190388262271881
84,126779	0,0210405886173248
84,228573	0,0214753150939941
84,328778	0,020497053861618
84,429412	0,0185796022415161
84,529666	0,0152324140071869
84,630386	0,0111898481845856
84,731727	0,00798326730728149
84,832698	0,00480484962463379
84,934545	0,00276815891265869
85,034660	0,00241321325302124
85,135276	0,00344270467758179
85,236503	0,00588226318359375
85,337366	0,00884243845939636
85,438152	0,0127697885036469
85,539900	0,0165687799453735
85,640649	0,0192288160324097
85,741941	0,0211535096168518
85,842179	0,0215024352073669
85,943056	0,0206415951251984
86,043310	0,0186141133308411
86,145218	0,0151604115962982
86,245803	0,0112595558166504
86,347333	0,00798657536506653
86,447668	0,00480341911315918
86,547742	0,00293192267417908
86,649285	0,00246608257293701
86,749449	0,00349181890487671
86,849466	0,00599151849746704
86,950038	0,00878638029098511
87,051016	0,0127463340759277
87,152812	0,0165755152702332
87,253198	0,0190995931625366
87,354131	0,0208218395709991
87,454511	0,0213696658611298
87,554807	0,0203152000904083
87,654902	0,0183568298816681
87,755846	0,0149242877960205
87,856662	0,0109187960624695
87,958334	0,00778359174728394
88,058831	0,0045950710773468
88,159469	0,00263741612434387
88,260323	0,00228577852249146
88,360991	0,00328457355499268
88,461781	0,00578245520591736
88,563764	0,00875169038772583
88,665532	0,0126285552978516
88,766852	0,0164363086223602
88,867183	0,019011527299881
88,968161	0,0206058025360107
89,069309	0,0211506485939026
89,169681	0,0201714634895325
89,270184	0,0181253552436829
89,370950	0,014091283082962
89,472714	0,0107818841934204
89,573237	0,00754892826080322
89,674287	0,00445285439491272
89,775321	0,00259679555892944
89,875612	0,00220081210136414
89,976376	0,00335538387298584
90,076624	0,00590401887893677
90,178227	0,00880679488182068
90,279258	0,0121441781520844
90,379597	0,0165783762931824
90,479779	0,0191278457641602
90,580501	0,0208428204059601
90,681026	0,0213587284088135
90,782047	0,0202536284923553
90,882240	0,0182552337646484
90,983098	0,0147985219955444
91,083522	0,0108491480350494
91,185040	0,00770774483680725
91,285227	0,00455158948898315
91,386861	0,00274783372879028
91,488898	0,00244009494781494
91,589411	0,00320994853973389
91,691183	0,00611594319343567
91,793178	0,00902250409126282
91,894613	0,0123040080070496
91,995679	0,0167175531387329
92,095901	0,0192508399486542
92,197075	0,0208523571491241
92,297302	0,0212706327438354
92,397693	0,0202187597751617
92,498879	0,0181483626365662
92,600110	0,0140610933303833
92,700246	0,0107537508010864
92,800895	0,00757306814193726
92,902499	0,00448876619338989
93,003459	0,00268930196762085
93,104407	0,00234431028366089
93,205012	0,00317740440368652
93,306451	0,00608187913894653
93,407823	0,00896406173706055
93,508317	0,0129355192184448
93,608832	0,016646534204483
93,708937	0,0191034078598022
93,809947	0,0207445919513702
93,910431	0,0211029946804047
94,011015	0,0200152993202209
94,111921	0,0179839432239532
94,212931	0,0144976675510406
94,313047	0,0105663537979126
94,413733	0,00747212767601013
94,514901	0,0043565034866333
94,616497	0,00261899828910828
94,716898	0,00238111615180969
94,816945	0,00320619344711304
94,918215	0,0061802864074707
95,019040	0,00913941860198975
95,120837	0,0130519270896912
95,221323	0,016844242811203
95,322859	0,0192996263504028
95,423753	0,0208490192890167
95,524753	0,021343469619751
95,625751	0,0201705098152161
95,726966	0,0180769264698029
95,827734	0,0146574378013611
95,928704	0,0107041597366333
96,028832	0,00755792856216431
96,130432	0,00456339120864868
96,230492	0,00279363989830017
96,330796	0,00256282091140747
96,431279	0,00378692150115967
96,531629	0,00641074776649475
96,632879	0,00936853885650635
96,733253	0,0126855075359344
96,834199	0,017053484916687
96,935040	0,0195057988166809
97,035664	0,0210868120193481
97,136692	0,0214805603027344
97,238543	0,020287036895752
97,339193	0,0182125866413116
97,440319	0,0146982371807098
97,540321	0,0107723474502563
97,642263	0,0076555609703064
97,743394	0,00459837913513184
97,844202	0,00289180874824524
97,944744	0,00268650054931641
98,044844	0,00387570261955261
98,145258	0,00655370950698853
98,245788	0,00951167941093445
98,346229	0,0127353072166443
98,447411	0,0165625512599945
98,547647	0,019526332616806
98,648116	0,0210015177726746
98,748973	0,0214201211929321
98,850424	0,0201442837715149
98,951510	0,0179916024208069
99,052290	0,0145187675952911
99,152861	0,0105253756046295
99,254436	0,00738254189491272
99,354923	0,00442451238632202
99,455501	0,00266334414482117
99,556509	0,00247928500175476
99,657423	0,00375247001647949
99,757771	0,00632840394973755
99,858903	0,00933718681335449
99,960907	0,013280987739563
100,061215	0,0163427293300629
100,161754	0,0193393230438232
100,261910	0,0208008587360382
100,363820	0,0211096704006195
100,464804	0,0198906064033508
100,564847	0,017741322517395
100,666005	0,0141982734203339
100,767144	0,0103104710578918
100,868057	0,00716176629066467
100,968146	0,00419116020202637
101,069855	0,00257745385169983
101,171281	0,00236928462982178
101,272552	0,00367170572280884
101,373261	0,0058571994304657
101,473393	0,00936853885650635
101,573639	0,0133317708969116
101,673930	0,0164449512958527
101,774607	0,0193718373775482
101,875187	0,0208418667316437
101,975610	0,0211944580078125
102,075633	0,0198853611946106
102,176657	0,0177600383758545
102,278271	0,0142529606819153
102,378582	0,0102985501289368
102,479053	0,00720915198326111
102,580592	0,00468295812606812
102,680826	0,0026213526725769
102,781701	0,00248590111732483
102,883120	0,0034993588924408
102,983572	0,00596737861633301
103,084685	0,00949835777282715
103,186609	0,0134175717830658
103,286869	0,0164713561534882
103,388436	0,0194297432899475
103,490192	0,0210124850273132
103,591207	0,0211168229579926
103,691692	0,0198418796062469
103,791936	0,0176588594913483
103,892396	0,0141440629959106
103,993094	0,0102475881576538
104,093220	0,00714516639709473
104,193575	0,0045856237411499
104,295396	0,00274878740310669
104,397010	0,00244432687759399
104,497971	0,00377655029296875
104,598580	0,00599008798599243
104,700216	0,00945460796356201
104,800383	0,0127170979976654
104,901561	0,016437292098999
105,003212	0,0193087160587311
105,105115	0,0208599865436554
105,205576	0,0209957957267761
105,306283	0,0196554660797119
105,407147	0,0169800519943237
105,508363	0,0140154957771301
105,608732	0,0106817483901978
105,708996	0,00698980689048767
105,810003	0,00411558151245117
105,911570	0,00268176198005676
106,012512	0,00247031450271606
106,113167	0,00383934378623962
106,213805	0,00598064064979553
106,315136	0,00952929258346558
106,415780	0,0134156346321106
106,517021	0,0164425671100616
106,617642	0,0193900465965271
106,719220	0,020883321762085
106,819447	0,0209505259990692
106,919477	0,0196583271026611
107,020615	0,0168533623218536
107,121072	0,0138543546199799
107,221615	0,0106426477432251
107,323086	0,00687563419342041
107,423826	0,0040442943572998
107,524061	0,00270253419876099
107,625651	0,00242927670478821
107,727213	0,00386154651641846
107,827740	0,00609749555587769
107,929183	0,00957208871841431
108,030967	0,0135460495948792
108,131025	0,0165649652481079
108,231606	0,0193307101726532
108,332499	0,0208809375762939
108,432539	0,0209267139434814
108,532588	0,0198514461517334
108,634205	0,0168106555938721
108,735392	0,0137694776058197
108,837309	0,0104534029960632
108,939043	0,00628724694252014
109,040614	0,00397342443466187
109,140624	0,00261098146438599
109,241497	0,00262749195098877
109,342198	0,00387522578239441
109,442757	0,00607669353485107
109,544631	0,0103295147418976
109,644900	0,0135297179222107
109,746556	0,0165889263153076
109,846715	0,0194579362869263
109,948332	0,0208657085895538
110,050329	0,020883321762085
110,151589	0,0194837749004364
110,252342	0,0166105628013611
110,353552	0,0136337876319885
110,453674	0,00975573062896729
110,555213	0,00614717602729797
110,655867	0,00395500659942627
110,757531	0,00244009494781494
110,858362	0,00251984596252441
110,958964	0,00388702750205994
111,059175	0,00612920522689819
111,159992	0,00962156057357788
111,260813	0,0135762393474579
111,362726	0,016542375087738
111,462848	0,0192847847938538
111,563435	0,0208018124103546
111,664186	0,0207217037677765
111,764781	0,0192704200744629
111,866688	0,01652991771698
111,967280	0,013418048620224
112,068435	0,00955450534820557
112,169030	0,00603505969047546
112,270799	0,0037340521812439
112,371409	0,00235515832901001
112,471817	0,00240612030029297
112,573382	0,0038275420665741
112,674106	0,00615522265434265
112,775781	0,00975242257118225
112,875848	0,0136203467845917
112,976429	0,0173024833202362
113,077426	0,0195368528366089
113,179214	0,0209434032440186
113,281035	0,0208547413349152
113,381319	0,0194708704948425
113,483264	0,0166047811508179
113,583624	0,0135594606399536
113,684182	0,00951024889945984
113,785311	0,00585007667541504
113,885315	0,00355979800224304
113,985328	0,00199928879737854
114,086626	0,00198656320571899
114,187622	0,00354185700416565
114,287688	0,0058264434337616
114,388165	0,00955307483673096
114,488739	0,01370570063591
114,590133	0,0174411237239838
114,690754	0,0199154615402222
114,791270	0,0215509533882141
114,892814	0,0216004550457001
114,993726	0,0202135145664215
115,095139	0,0173456370830536
115,195684	0,0141167044639587
115,297101	0,0100184977054596
115,397352	0,00674211978912354
115,497545	0,00356215238571167
115,599309	0,00188979506492615
115,699621	0,00166091322898865
115,800153	0,00297442078590393
115,901598	0,00584915280342102
116,002855	0,00893506407737732
116,103156	0,013060063123703
116,203715	0,0163825452327728
116,305129	0,0194431245326996
116,405301	0,0211568474769592
116,506128	0,0212635099887848
116,606912	0,0199699103832245
116,707335	0,0171854197978973
116,807896	0,0140745043754578
116,909073	0,00987616181373596
117,010678	0,0066450834274292
117,111439	0,00356593728065491
117,212162	0,00179257988929749
117,312604	0,00166705250740051
117,413406	0,00308486819267273
117,514867	0,00592434406280518
117,615555	0,00916221737861633
117,716487	0,0134170651435852
117,817205	0,0167199671268463
117,918745	0,0199847221374512
118,020661	0,0217492878437042
118,121056	0,0218239426612854
118,222283	0,0206716358661652
118,323103	0,0183966159820557
118,424698	0,0139872133731842
118,524741	0,0105501711368561
118,625651	0,00721529126167297
118,726211	0,00405657291412354
118,827854	0,0023626983165741
118,928483	0,0021243691444397
119,029213	0,00350740551948547
119,130812	0,00640034675598145
119,230930	0,00948888063430786
119,332804	0,0136980414390564
119,433313	0,0175658166408539
119,534264	0,0200057625770569
119,635956	0,0217207670211792
119,737346	0,021669864654541
119,837521	0,020334780216217
119,939479	0,0180491209030151
120,039633	0,0135863125324249
120,140394	0,0100832581520081
120,242377	0,00688987970352173
120,342998	0,00342145562171936
120,443867	0,00217863917350769
120,544060	0,00216826796531677
120,644792	0,00407120585441589
120,745449	0,00666496157646179
120,846540	0,00991520285606384
120,947928	0,0140975117683411
121,048057	0,0179547071456909
121,149025	0,0204207003116608
121,249776	0,021822988986969
121,349941	0,0218671858310699
121,450743	0,0204980075359344
121,550863	0,018060177564621
121,652531	0,0135796070098877
121,753932	0,0100756287574768
121,854441	0,0068017840385437
121,955035	0,00343233346939087
122,055313	0,00221025943756104
122,156849	0,00219514966011047
122,257663	0,00379166007041931
122,358068	0,0067383348941803
122,460056	0,00974148511886597
122,561757	0,0132603645324707
122,663217	0,0159155130386353
122,763744	0,0171988606452942
122,865227	0,0171000063419342
122,966554	0,014480859041214
123,067468	0,0103290379047394
123,168864	0,00289511680603027
123,269278	-0,00643676519393921
123,369998	-0,0149622559547424
123,471283	-0,0251136124134064
123,571701	-0,0340023338794708
123,672422	-0,0398503243923187
123,774137	-0,0445570945739746
123,874316	-0,0459994077682495
123,974968	-0,0445879399776459
124,075237	-0,0411732196807861
124,175536	-0,0345187187194824
124,275547	-0,0266321301460266
124,376432	-0,0202879011631012
124,477380	-0,0146003365516663
124,577605	-0,00922134518623352
124,677955	-0,00780308246612549
124,779553	-0,00898519158363342
124,879910	-0,0134458243846893
124,981328	-0,0189353227615356
125,082316	-0,0251860022544861
125,183009	-0,0331712663173676
125,284299	-0,0402374863624573
125,384590	-0,0442231893539429
125,484938	-0,0463232696056366
125,585072	-0,0449446439743042
125,686641	-0,0412782728672028
125,787702	-0,0347802639007568
125,888150	-0,0267618596553802
125,988170	-0,0200732052326202
126,088980	-0,0143595039844513
126,189195	-0,00885498523712158
126,289417	-0,00738772749900818
126,389792	-0,00835689902305603
126,491230	-0,0122640430927277
126,591869	-0,0187629759311676
126,692646	-0,0254183113574982
126,794543	-0,0334993898868561
126,895051	-0,0406683087348938
126,995450	-0,0449565052986145
127,095945	-0,0469473004341125
127,196448	-0,045768141746521
127,298008	-0,0422369241714478
127,398688	-0,0367850065231323
127,499308	-0,0276199281215668
127,599540	-0,0210567116737366
127,700856	-0,0151484310626984
127,801241	-0,0097125768661499
127,901332	-0,00831449031829834
128,001908	-0,00909537076950073
128,103093	-0,0130981504917145
128,204723	-0,0195556879043579
128,306300	-0,0259804129600525
128,407202	-0,0341247618198395
128,507920	-0,0410999953746796
128,608372	-0,0451070666313171
128,709057	-0,0471002161502838
128,809437	-0,0456926226615906
128,911042	-0,0419427454471588
129,012034	-0,0365977883338928
129,112608	-0,0272869467735291
129,213234	-0,0206595957279205
129,314729	-0,0149742066860199
129,415424	-0,0100249648094177
129,515528	-0,00817874073982239
129,615906	-0,00922897458076477
129,717173	-0,0131632685661316
129,818348	-0,0197443962097168
129,919049	-0,0263462662696838
130,019755	-0,0342914760112762
130,120932	-0,041334867477417
130,222779	-0,0453929305076599
130,322975	-0,0472042262554169
130,423564	-0,0457776188850403
130,523927	-0,042013555765152
130,624190	-0,03641676902771
130,724859	-0,0272822082042694
130,825003	-0,0206491351127625
130,926673	-0,0148435235023499
131,027432	-0,0101511180400848
131,127571	-0,00831496715545654
131,229217	-0,00930726528167725
131,329329	-0,0135176777839661
131,430743	-0,0199915170669556
131,531566	-0,0265024304389954
131,631697	-0,0346277952194214
131,732021	-0,0414208769798279
131,833215	-0,0454114675521851
131,934206	-0,0472564697265625
132,035802	-0,0456147193908691
132,135813	-0,0418462753295898
132,237502	-0,0363748371601105
132,339470	-0,0284066200256348
132,441252	-0,0205556452274323
132,542160	-0,0149292051792145
132,642903	-0,0101276934146881
132,744443	-0,00849556922912598
132,844548	-0,0100569427013397
132,945264	-0,013634979724884
133,046898	-0,0202817320823669
133,148823	-0,0281131863594055
133,249571	-0,0347049832344055
133,350926	-0,0416024625301361
133,452596	-0,0459495484828949
133,553509	-0,047098308801651
133,654926	-0,0454604029655457
133,756418	-0,0405465960502625
133,857268	-0,0347092747688293
133,957562	-0,0281752943992615
134,059202	-0,0190110206604004
134,159791	-0,0136368870735168
134,260678	-0,0100292563438416
134,362492	-0,00839120149612427
134,463554	-0,0100192129611969
134,563701	-0,0138246417045593
134,664235	-0,0203377306461334
134,764807	-0,0282198488712311
134,864895	-0,0348893404006958
134,966067	-0,0414879024028778
135,066715	-0,0458536148071289
135,168609	-0,0470166504383087
135,269345	-0,0455881655216217
135,370089	-0,0402103662490845
135,470558	-0,0343605577945709
135,571562	-0,0276308357715607
135,672025	-0,019916445016861
135,772535	-0,0134113430976868
135,873056	-0,00975173711776733
135,974232	-0,00838166475296021
136,074841	-0,0101052224636078
136,176107	-0,0138136148452759
136,277981	-0,0206367969512939
136,378779	-0,02841517329216
136,479478	-0,0350022614002228
136,581263	-0,0408295094966888
136,682026	-0,0458825826644897
136,783528	-0,046911209821701
136,885312	-0,0456275641918182
136,985623	-0,0399473607540131
137,087293	-0,0340856909751892
137,187789	-0,0275470018386841
137,288693	-0,018422394990921
137,389567	-0,0132504403591156
137,491009	-0,00979471206665039
137,591896	-0,00827258825302124
137,693015	-0,0102323293685913
137,793242	-0,0141023695468903
137,894622	-0,0207094252109528
137,995363	-0,0287091732025146
138,096936	-0,0352781116962433
138,198914	-0,0418296456336975
138,300885	-0,0461015105247498
138,402654	-0,0470304191112518
138,503156	-0,0449726581573486
138,604106	-0,0400700867176056
138,704545	-0,0341347455978394
138,805903	-0,0261744558811188
138,907218	-0,0187225043773651
139,007698	-0,0134731233119965
139,108079	-0,00961753726005554
139,208638	-0,00882875919342041
139,309604	-0,0106668472290039
139,410291	-0,0155891478061676
139,510596	-0,0213962495326996
139,611286	-0,0291433036327362
139,711638	-0,0356864035129547
139,813036	-0,0422568619251251
139,913525	-0,0461010336875916
140,013572	-0,0469957590103149
140,113660	-0,0449023544788361
140,213890	-0,0396548211574554
140,314734	-0,0337979793548584
140,416079	-0,0258289873600006
140,517019	-0,0193479061126709
140,618544	-0,0131474733352661
140,720140	-0,00935402512550354
140,821652	-0,00853845477104187
140,922190	-0,010722815990448
141,023858	-0,0156762599945068
141,124073	-0,0214304029941559
141,224879	-0,0294328331947327
141,326364	-0,0370255708694458
141,426991	-0,0422497391700745
141,528965	-0,0462264120578766
141,629607	-0,0466832518577576
141,729776	-0,0445927083492279
141,831039	-0,0394074320793152
141,931091	-0,0333031713962555
142,031342	-0,0253795087337494
142,131917	-0,0191004872322083
142,232562	-0,0127969682216644
142,333157	-0,00922754406929016
142,435014	-0,00860852003097534
142,536285	-0,0107117891311646
142,637260	-0,0159335732460022
142,738049	-0,021773099899292
142,839701	-0,0296042561531067
142,940611	-0,0373575389385223
143,042124	-0,0424906611442566
143,142624	-0,0462069511413574
143,242895	-0,0467796623706818
143,343926	-0,044531911611557
143,444310	-0,0402094125747681
143,544826	-0,0332122147083282
143,645753	-0,0251798629760742
143,747117	-0,0188482105731964
143,848180	-0,012005090713501
143,949451	-0,00915980339050293
144,049703	-0,00860375165939331
144,151199	-0,0109528303146362
144,253160	-0,0160426497459412
144,355000	-0,0219460725784302
144,456352	-0,0299167633056641
144,556687	-0,037450909614563
144,658310	-0,0426336824893951
144,758646	-0,0463646054267883
144,859561	-0,0466718673706055
144,961260	-0,0444882214069366
145,062801	-0,0401837527751923
145,162979	-0,0316842794418335
145,263237	-0,0251155197620392
145,363400	-0,0188182294368744
145,464826	-0,0118777453899384
145,565292	-0,0092504620552063
145,666796	-0,00870910286903381
145,767231	-0,0117006599903107
145,867806	-0,0163041949272156
145,968385	-0,0221502482891083
146,068763	-0,0300245881080627
146,169336	-0,0376966297626495
146,269989	-0,0426916480064392
146,371875	-0,0463061928749084
146,472809	-0,0466965436935425
146,573827	-0,044312983751297
146,674381	-0,039966881275177
146,775055	-0,03162482380867
146,875321	-0,0249394774436951
146,977235	-0,0187229812145233
147,079202	-0,0120280385017395
147,180453	-0,00933206081390381
147,281133	-0,00894847512245178
147,381266	-0,0114474892616272
147,482400	-0,0166230201721191
147,582729	-0,0225954651832581
147,684253	-0,0305078029632568
147,785807	-0,0379723608493805
147,886565	-0,0430536866188049
147,987206	-0,0465659499168396
148,087741	-0,0466946363449097
148,188475	-0,0443870723247528
148,289295	-0,038873016834259
148,391012	-0,0314250290393829
148,491591	-0,0249063670635223
148,592708	-0,0175052285194397
148,693058	-0,0126489996910095
148,794509	-0,00943279266357422
148,896504	-0,00899949669837952
148,996508	-0,0114632844924927
149,097190	-0,0168591141700745
149,197861	-0,0227039158344269
149,298965	-0,0305824279785156
149,399656	-0,0381451845169067
149,500942	-0,0429838299751282
149,602524	-0,0464458167552948
149,702592	-0,0466462373733521
149,802592	-0,0441035032272339
149,903137	-0,0386364758014679
150,004092	-0,031273752450943
150,104349	-0,024608314037323
150,205468	-0,0185124278068542
150,306471	-0,0126930475234985
150,406873	-0,00938981771469116
150,507463	-0,00917506217956543
150,607866	-0,011764794588089
150,709564	-0,0170573592185974
150,810827	-0,0230708122253418
150,912185	-0,0308995246887207
151,012270	-0,0382780432701111
151,113931	-0,043230414390564
151,214848	-0,046489030122757
151,314868	-0,0464766919612885
151,416757	-0,0440218150615692
151,516948	-0,0383513569831848
151,618415	-0,0322243869304657
151,718619	-0,0244299471378326
151,819310	-0,0171237289905548
151,919421	-0,012459397315979
152,019667	-0,00940701365470886
152,120510	-0,00912496447563171
152,220742	-0,0118207633495331
152,321995	-0,0173080563545227
152,423181	-0,0231887102127075
152,525141	-0,0310978293418884
152,625549	-0,0385093688964844
152,725683	-0,0432247221469879
152,825999	-0,0465241670608521
152,926268	-0,0464591085910797
153,027857	-0,0437904596328735
153,128229	-0,0382480323314667
153,229136	-0,032128244638443
153,329588	-0,0241938531398773
153,431206	-0,0182279348373413
153,531390	-0,0125197172164917
153,632307	-0,00946140289306641
153,733600	-0,00944662094116211
153,833608	-0,0121649503707886
153,933939	-0,0176527202129364
154,033987	-0,0237088203430176
154,134935	-0,031465470790863
154,235698	-0,0388163924217224
154,335755	-0,0436019003391266
154,436328	-0,0463299155235291
154,536648	-0,0467008352279663
154,638277	-0,043817549943924
154,739160	-0,0391029119491577
154,840020	-0,0318750739097595
154,940077	-0,0240542590618134
155,040548	-0,0179342031478882
155,140846	-0,0123670101165771
155,241649	-0,00944662094116211
155,341972	-0,00934210419654846
155,442559	-0,0115719139575958
155,543044	-0,0177968144416809
155,643760	-0,0237457454204559
155,745254	-0,0303666591644287
155,846317	-0,0389287173748016
155,948019	-0,0435686707496643
156,049093	-0,0463959574699402
156,149638	-0,0466296076774597
156,249764	-0,0435919165611267
156,350647	-0,0390000939369202
156,451028	-0,0316571593284607
156,552505	-0,0238190889358521
156,653320	-0,0178798139095306
156,754253	-0,0122544765472412
156,856014	-0,0094275176525116
156,957320	-0,00950917601585388
157,058402	-0,0123598277568817
157,159464	-0,0180319547653198
157,260044	-0,0240902304649353
157,360572	-0,0305790901184082
157,461360	-0,0380828380584717
157,562130	-0,0438298881053925
157,662449	-0,0464510321617126
157,763489	-0,046705573797226
157,865403	-0,0436104536056519
157,965440	-0,0388425588607788
158,066906	-0,0315872430801392
158,168567	-0,0237263441085815
158,269032	-0,0176875293254852
158,369074	-0,0122214555740356
158,469234	-0,00938218832015991
158,569564	-0,00944614410400391
158,670003	-0,0117782056331635
158,770364	-0,0170100629329681
158,871249	-0,0240973234176636
158,971988	-0,0306746363639832
159,072438	-0,0380566418170929
159,173164	-0,043705940246582
159,274128	-0,0464030504226685
159,375896	-0,0464705228805542
159,476799	-0,0433087944984436
159,577593	-0,0386212468147278
159,678092	-0,0312257409095764
159,778125	-0,0234267711639404
159,878557	-0,0175157487392426
159,980113	-0,012739509344101
160,081230	-0,00931394100189209
160,181968	-0,00951585173606873
160,282478	-0,0117925703525543
160,383467	-0,0171605348587036
160,484948	-0,0243353247642517
160,585119	-0,03078493475914
160,686512	-0,0382470786571503
160,786940	-0,0438588857650757
160,887872	-0,0463926196098328
160,988154	-0,0465403199195862
161,088631	-0,0432850420475006
161,188787	-0,0384651124477386
161,289521	-0,0312148034572601
161,389996	-0,0233870148658752
161,491337	-0,0174861550331116
161,592734	-0,0129267573356628
161,693493	-0,00976794958114624
161,793541	-0,00976747274398804
161,894445	-0,0122291147708893
161,996421	-0,0175434052944183
162,096444	-0,0247294306755066
162,197131	-0,0313165783882141
162,297643	-0,0386003255844116
162,398635	-0,044143408536911
162,499106	-0,0466296076774597
162,599824	-0,0465089678764343
162,700399	-0,0432175993919373
162,802731	-0,0384137034416199
162,902817	-0,0309817790985107
163,004117	-0,0244942903518677
163,106050	-0,0173639357089996
163,207943	-0,0120117664337158
163,309239	-0,00974169373512268
163,409985	-0,00984483957290649
163,511835	-0,0130066871643066
163,613565	-0,0177400410175323
163,715554	-0,0249342918395996
163,816204	-0,0327027440071106
163,917074	-0,0387811660766602
164,017774	-0,0442222356796265
164,117816	-0,0467962920665741
164,218022	-0,0464643239974976
164,319696	-0,0429885983467102
164,419984	-0,0380837619304657
164,520275	-0,0307773351669312
164,621911	-0,0242591500282288
164,723431	-0,0171762704849243
164,823624	-0,0120232701301575
164,925130	-0,00970685482025146
165,025175	-0,00991412997245789
165,126686	-0,0132959485054016
165,227094	-0,018058180809021
165,327974	-0,0253577530384064
165,428538	-0,0332131683826447
165,529000	-0,0391124188899994
165,629441	-0,044527143239975
165,730043	-0,0470503568649292
165,832146	-0,0465688109397888
165,933877	-0,0439429581165314
166,034305	-0,0370774865150452
166,135281	-0,0307473838329315
166,235796	-0,0242544114589691
166,336096	-0,0161808133125305
166,436327	-0,0119830369949341
166,536842	-0,00987926125526428
166,637498	-0,0101568400859833
166,738527	-0,0134884715080261
166,839054	-0,0183408856391907
166,939733	-0,025537520647049
167,040091	-0,0333083868026733
167,140218	-0,0393227338790894
167,241476	-0,0445936620235443
167,341819	-0,0468323826789856
167,442164	-0,0465649962425232
167,543103	-0,0437401235103607
167,643593	-0,0379495024681091
167,744523	-0,0305933654308319
167,844870	-0,0240575671195984
167,945136	-0,0170860290527344
168,045624	-0,0120615661144257
168,146003	-0,00986731052398682
168,246472	-0,0102672278881073
168,346532	-0,0129985511302948
168,447612	-0,0185429155826569
168,548546	-0,0258910059928894
168,649499	-0,0323909819126129
168,751174	-0,0394535660743713
168,851849	-0,044040322303772
168,952369	-0,0469173789024353
169,053128	-0,0464296638965607
169,154629	-0,0437144637107849
169,256352	-0,0378728210926056
169,357288	-0,0303723812103271
169,458885	-0,0239894390106201
169,559440	-0,0170014798641205
169,660947	-0,0119854509830475
169,761578	-0,0100560188293457
169,862647	-0,0104283094406128
169,962832	-0,01395583152771
170,062836	-0,0188653469085693
170,163796	-0,0260339081287384
170,264315	-0,0325409173965454
170,365179	-0,0396842956542969
170,465700	-0,0440621972084045
170,567656	-0,0468703508377075
170,667661	-0,0463422536849976
170,767694	-0,0433472990989685
170,868633	-0,037505179643631
170,969776	-0,0300131738185883
171,070329	-0,0235214233398438
171,171199	-0,0166808664798737
171,272386	-0,0117001533508301
171,374262	-0,00967532396316528
171,475896	-0,010253369808197
171,577510	-0,0137800872325897
171,677566	-0,018682986497879
171,778129	-0,0247776806354523
171,879506	-0,0337065458297729
171,979779	-0,0395135283470154
172,080844	-0,0439567565917969
172,181529	-0,0467416644096375
172,282226	-0,0459851622581482
172,382524	-0,043066531419754
172,484436	-0,0359136760234833
172,584687	-0,0296488702297211
172,686617	-0,0232601761817932
172,787465	-0,0163524746894836
172,887535	-0,0115322172641754
172,988538	-0,00968390703201294
173,089480	-0,00995758175849915
173,189648	-0,013974517583847
173,290785	-0,0189362764358521
173,391577	-0,024932861328125
173,493523	-0,0339670777320862
173,594102	-0,0397347509860992
173,695917	-0,0440783500671387
173,795968	-0,0468224287033081
173,896616	-0,0460169911384583
173,996919	-0,0429301857948303
174,098530	-0,0370017290115356
174,199533	-0,0294736623764038
174,300260	-0,023065596818924
174,402154	-0,016337662935257
174,504038	-0,0115594863891602
174,604719	-0,00975459814071655
174,706523	-0,0105191171169281
174,807009	-0,0142220854759216
174,908938	-0,0192223191261292
175,009840	-0,026629775762558
175,110817	-0,0343010127544403
175,211438	-0,040063887834549
175,313418	-0,0449826121330261
175,413798	-0,0469069182872772
175,514249	-0,0460416674613953
175,615227	-0,0429786145687103
175,716847	-0,0369212329387665
175,817579	-0,0294233560562134
175,917754	-0,023028701543808
176,018686	-0,0162530541419983
176,118833	-0,0116073191165924
176,219659	-0,00988402962684631
176,319732	-0,0106716454029083
176,420008	-0,0145356953144073
176,522055	-0,0195542573928833
176,622569	-0,0269034206867218
176,723708	-0,0346211194992065
176,825271	-0,0402831435203552
176,926291	-0,0450980365276337
177,026844	-0,0468978881835938
177,128835	-0,0459818243980408
177,230466	-0,0419147312641144
177,331558	-0,0367082953453064
177,431642	-0,0291433036327362
177,531929	-0,0215285122394562
177,633174	-0,0160560309886932
177,734866	-0,011374294757843
177,836310	-0,00962182879447937
177,937153	-0,010581761598587
178,037416	-0,0144279897212982
178,138881	-0,0195299983024597
178,239881	-0,0269299149513245
178,341273	-0,0345549285411835
178,441326	-0,0401846766471863
178,542011	-0,0449569821357727
178,642265	-0,0466400384902954
178,742689	-0,0457030832767487
178,843340	-0,0416352450847626
178,944056	-0,0363605618476868
179,045852	-0,028865247964859
179,146263	-0,0213118493556976
179,247157	-0,0158455967903137
179,347988	-0,0113623142242432
179,448300	-0,00980424880981445
179,548331	-0,010768711566925
179,648680	-0,0148009061813354
179,750092	-0,0199169218540192
179,851067	-0,0272916853427887
179,951305	-0,0337589383125305
180,052958	-0,0405479967594147
180,153432	-0,045213907957077
180,255391	-0,0469083487987518
180,356156	-0,0457966327667236
180,457145	-0,0416190922260284
180,558462	-0,0363433957099915
180,658971	-0,0287433564662933
180,760749	-0,0212113261222839
180,862714	-0,015855610370636
180,963391	-0,0113044381141663
181,064812	-0,0097612738609314
181,165641	-0,0108897089958191
181,266950	-0,0148454308509827
181,367128	-0,0212279260158539
181,468127	-0,0274631381034851
181,570062	-0,0338003635406494
181,671059	-0,0415786802768707
181,771060	-0,0452034473419189
181,872074	-0,0467017590999603
181,972108	-0,0451198816299438
182,072243	-0,0413472056388855
182,173085	-0,0359913110733032
182,273995	-0,0285199582576752
182,375180	-0,0209181904792786
182,475567	-0,0155365467071533
182,576369	-0,0112231075763702
182,676730	-0,00967866182327271
182,778720	-0,0108949542045593
182,879356	-0,0141986310482025
182,979391	-0,0213398337364197
183,080202	-0,0276355445384979
183,181523	-0,0340337753295898
183,282159	-0,0406768620014191
183,382573	-0,0452514290809631
183,484015	-0,0467715859413147
183,585883	-0,045458972454071
183,687152	-0,0412578582763672
183,788440	-0,035898894071579
183,888532	-0,0282776951789856
183,990515	-0,0208797454833984
184,092368	-0,0155518651008606
184,194008	-0,0112288594245911
184,294717	-0,00993180274963379
184,395342	-0,0111676156520844
184,496461	-0,0153188109397888
184,596577	-0,0217660069465637
184,697290	-0,0279331207275391
184,797450	-0,0342867374420166
184,898321	-0,0419161319732666
184,998451	-0,0453701615333557
185,099079	-0,0467734932899475
185,199669	-0,0454713106155396
185,301006	-0,0410491526126862
185,401847	-0,0356811583042145
185,503088	-0,0281819403171539
185,603399	-0,0206890106201172
185,703793	-0,0154853463172913
185,804079	-0,01180499792099
185,904893	-0,00995996594429016
186,004997	-0,0113077759742737
186,105636	-0,0146879553794861
186,205910	-0,0219422578811646
186,306608	-0,0282615721225739
186,407806	-0,0345839858055115
186,509296	-0,0420629978179932
186,610425	-0,045544445514679
186,711909	-0,0468456745147705
186,813157	-0,0453663766384125
186,914075	-0,0409678518772125
187,015322	-0,035493940114975
187,115712	-0,0279013514518738
187,216239	-0,0205186307430267
187,317542	-0,015275239944458
187,417658	-0,0111202597618103
187,518914	-0,00990360975265503
187,619317	-0,0112369656562805
187,719991	-0,0146420001983643
187,821943	-0,0220512449741364
187,923591	-0,0282895565032959
188,024215	-0,034624457359314
188,125847	-0,0411670506000519
188,227294	-0,0453768372535706
188,327740	-0,0466452836990356
188,428297	-0,0451645255088806
188,528557	-0,0406340956687927
188,628685	-0,0352209508419037
188,729783	-0,0276440680027008
188,829796	-0,0202432572841644
188,930583	-0,0151015222072601
189,030594	-0,0115216672420502
189,131249	-0,00988787412643433
189,231553	-0,0113987028598785
189,332782	-0,0148655474185944
189,433507	-0,0222762823104858
189,534252	-0,0285806655883789
189,636065	-0,0348336100578308
189,737256	-0,0413020551204681
189,837865	-0,0455126464366913
189,938141	-0,0466514527797699
190,039222	-0,0450567305088043
190,140058	-0,0405018925666809
190,241406	-0,0349569916725159
190,341743	-0,027404397726059
190,442408	-0,0200831890106201
190,542668	-0,014957457780838
190,644234	-0,0114747583866119
190,744913	-0,0100201666355133
190,846587	-0,011521190404892
190,946933	-0,0151110887527466
191,048392	-0,0213763117790222
191,149468	-0,0288363099098206
191,250601	-0,0351828336715698
191,351195	-0,0415820181369781
191,453060	-0,0456636548042297
191,554024	-0,0467107892036438
191,654487	-0,0450320243835449
191,755183	-0,0403815805912018
191,856842	-0,0348588526248932
191,957712	-0,0272433757781982
192,058108	-0,0199653804302216
192,158352	-0,0149296820163727
192,259331	-0,0109992325305939
192,359504	-0,0100273489952087
192,460006	-0,0117298364639282
192,561113	-0,0162516236305237
192,662253	-0,0217152833938599
192,762475	-0,0292012095451355
192,863407	-0,0354229509830475
192,964103	-0,0417925715446472
193,065314	-0,0457629263401031
193,166849	-0,046668529510498
193,266961	-0,0449911952018738
193,367830	-0,0402246415615082
193,468222	-0,0346521139144897
193,570159	-0,0270729064941406
193,671048	-0,0197353959083557
193,771137	-0,0147434771060944
193,872630	-0,010982483625412
193,973818	-0,0100970864295959
194,074082	-0,0119040608406067
194,174225	-0,0165054798126221
194,274806	-0,0219379961490631
194,375621	-0,0294750928878784
194,476319	-0,0357288122177124
194,576390	-0,0420473217964172
194,677004	-0,0459870398044586
194,777319	-0,0468750894069672
194,877828	-0,0449617207050323
194,977886	-0,0401423573493958
195,077908	-0,034510612487793
195,179897	-0,0282042026519775
195,280180	-0,0207725465297699
195,380307	-0,0146850645542145
195,480672	-0,011371910572052
195,582552	-0,0100908875465393
195,683754	-0,0119457244873047
195,785067	-0,015664279460907
195,885762	-0,0220692157745361
195,987455	-0,0296109020709991
196,088477	-0,0358079075813293
196,189969	-0,0420610904693604
196,291539	-0,0459063351154327
196,392456	-0,0467226505279541
196,492760	-0,0447598993778229
196,593992	-0,0398997962474823
196,694648	-0,0342276394367218
196,796392	-0,0266671776771545
196,897153	-0,0205679833889008
196,998428	-0,0145299434661865
197,099686	-0,0109332203865051
197,200248	-0,0101639926433563
197,300365	-0,0121027231216431
197,401521	-0,0168772637844086
197,502181	-0,0223378241062164
197,603077	-0,0298640131950378
197,703416	-0,0372341871261597
197,804245	-0,0422183871269226
197,904626	-0,0459899008274078
198,004645	-0,0467573404312134
198,105173	-0,0446449518203735
198,206759	-0,040716826915741
198,307650	-0,0340366363525391
198,408402	-0,02641960978508
198,509924	-0,0203951895236969
198,610668	-0,0144318044185638
198,711322	-0,0108777284622192
198,813917	-0,0102170407772064
198,914915	-0,0122066140174866
199,014924	-0,0170014798641205
199,115315	-0,0225552022457123
199,216273	-0,0300492644309998
199,316839	-0,0373770892620087
199,417025	-0,0423457324504852
199,518407	-0,0459694862365723
199,619581	-0,046638160943985
199,719610	-0,0444720983505249
199,820031	-0,0404472053050995
199,921824	-0,0324961543083191
200,022936	-0,0261579155921936
200,123433	-0,0201102495193481
200,224125	-0,0142431259155273
200,325559	-0,0107739567756653
200,425744	-0,0101444125175476
200,526678	-0,0122693181037903
200,627054	-0,0171275436878204
200,728852	-0,0226655602455139
200,829388	-0,0302203297615051
200,931199	-0,0374894738197327
201,031763	-0,0423965752124786
201,132038	-0,04559525847435
201,233184	-0,0465521812438965
201,334315	-0,0442721247673035
201,434727	-0,0402070581912994
201,535373	-0,0334531664848328
201,637115	-0,0258777439594269
201,737528	-0,0199183523654938
201,838918	-0,0133059918880463
201,940190	-0,0106783211231232
202,041829	-0,0101678371429443
202,142528	-0,0123545527458191
202,243067	-0,0172951817512512
202,344858	-0,022930234670639
202,445075	-0,0304246544837952
202,546504	-0,0376833081245422
202,647274	-0,042543888092041
202,747330	-0,0456090271472931
202,847695	-0,046350359916687
202,947836	-0,044209897518158
203,049027	-0,0400596261024475
203,150826	-0,0321144461631775
203,252734	-0,0258001387119293
203,354473	-0,0198076069355011
203,456259	-0,0133605897426605
203,556510	-0,0107930898666382
203,657791	-0,010319322347641
203,758111	-0,0126571655273438
203,859902	-0,0176231265068054
203,960954	-0,0232066810131073
204,061597	-0,0307445526123047
204,162184	-0,0378823578357697
204,262928	-0,0426217913627625
204,363153	-0,046035498380661
204,464115	-0,0462311506271362
204,564797	-0,0440503060817719
204,666348	-0,0398950576782227
204,766885	-0,0318103730678558
204,868417	-0,0254840850830078
204,968969	-0,0195651948451996
205,069735	-0,0138504803180695
205,170699	-0,0107046365737915
205,272607	-0,010543018579483
205,373485	-0,0127136409282684
205,475249	-0,0178154110908508
205,575392	-0,0233917534351349
205,676314	-0,0308781266212463
205,777006	-0,0380890071392059
205,877444	-0,0428280234336853
205,977492	-0,0461342632770538
206,078551	-0,0463375151157379
206,179442	-0,0439842939376831
206,279622	-0,0387226343154907
206,380097	-0,0329517722129822
206,480157	-0,0253875553607941
206,581943	-0,0184361934661865
206,682314	-0,013921856880188
206,783311	-0,0107653737068176
206,884041	-0,0104679465293884
206,984584	-0,012927234172821
207,085309	-0,0180138349533081
207,185662	-0,0237036347389221
207,286167	-0,0312171876430511
207,387097	-0,0383108854293823
207,487700	-0,0429862141609192
207,589463	-0,0461964905261993
207,690779	-0,0462297201156616
207,791454	-0,0438774228096008
207,893321	-0,0385736525058746
207,993754	-0,0327470302581787
208,093929	-0,025221973657608
208,194393	-0,0193312168121338
208,294636	-0,0137504041194916
208,394665	-0,010729968547821
208,494874	-0,010497123003006
208,595064	-0,0130071640014648
208,695499	-0,0181788206100464
208,796362	-0,023851752281189
208,897652	-0,0300744473934174
208,999619	-0,038438469171524
209,101158	-0,0430166125297546
209,201626	-0,0458274781703949
209,302420	-0,046369343996048
209,402789	-0,0436451435089111
209,502901	-0,0393217802047729
209,604400	-0,032456636428833
209,705465	-0,0249068439006805
209,806054	-0,0190957188606262
209,906767	-0,0136120021343231
210,007486	-0,0106410384178162
210,107611	-0,0105344355106354
210,208565	-0,0131517946720123
210,309505	-0,0183537602424622
210,411246	-0,0240907073020935
210,513224	-0,0315615236759186
210,613340	-0,0385850667953491
210,715203	-0,0431638956069946
210,816534	-0,0461603999137878
210,917745	-0,0462905168533325
211,018566	-0,0435311198234558
211,119510	-0,0380728244781494
211,221122	-0,0322234332561493
211,322218	-0,0247175991535187
211,422370	-0,0178502202033997
211,522746	-0,0134980380535126
211,623447	-0,0106587409973145
211,723496	-0,0105736255645752
211,825458	-0,0132782459259033
211,926333	-0,0185495913028717
212,027930	-0,0242733359336853
212,128288	-0,0318032503128052
212,229289	-0,0377275943756104
212,329352	-0,0432712733745575
212,429959	-0,0462211966514587
212,530650	-0,0462563335895538
212,631107	-0,0433933734893799
212,732626	-0,0379332900047302
212,832797	-0,032046377658844
212,934766	-0,0245207846164703
213,034791	-0,0177419483661652
213,135039	-0,0133816599845886
213,235668	-0,0105812847614288
213,336153	-0,0105999112129211
213,436589	-0,0133467316627502
213,536592	-0,0186868011951447
213,637952	-0,0244554877281189
213,738056	-0,0319112241268158
213,838423	-0,0377852022647858
213,938770	-0,0433007180690765
214,039922	-0,0458626449108124
214,140473	-0,0461034178733826
214,240953	-0,0431952774524689
214,341484	-0,0386955142021179
214,441865	-0,0317447185516357
214,543580	-0,0242463946342468
214,644024	-0,0185000598430634
214,745201	-0,0132485330104828
214,845304	-0,0105411112308502
214,945378	-0,0105989575386047
215,046092	-0,0127845108509064
215,147246	-0,017783910036087
215,248868	-0,024584174156189
215,349199	-0,0308491289615631
215,451002	-0,03792804479599
215,551889	-0,0433648824691772
215,652252	-0,0458840131759644
215,752486	-0,046011745929718
215,852486	-0,0430389642715454
215,952979	-0,0385417640209198
216,053450	-0,0327979624271393
216,154507	-0,0240987539291382
216,254973	-0,0184243023395538
216,356154	-0,0139074921607971
216,457009	-0,010616660118103
216,558261	-0,0107467174530029
216,658781	-0,0129856467247009
216,759703	-0,0180701017379761
216,860361	-0,0249091982841492
216,962336	-0,0311087369918823
217,063006	-0,0381585359573364
217,163711	-0,0434855222702026
217,265135	-0,0459324717521667
217,365394	-0,0460012853145599
217,466877	-0,0429306626319885
217,567143	-0,0383632481098175
217,668128	-0,0313712656497955
217,769536	-0,0238971710205078
217,870258	-0,018237441778183
217,970977	-0,0131307244300842
218,071294	-0,0108370780944824
218,172640	-0,010842353105545
218,273634	-0,0131417512893677
218,374441	-0,0182541310787201
218,476145	-0,0251117348670959
218,576429	-0,0325670838356018
218,676753	-0,0383427739143372
218,778535	-0,0436308979988098
218,878609	-0,0460188686847687
218,979030	-0,0459756553173065
219,079841	-0,0428204238414764
219,181843	-0,0381990075111389
219,282525	-0,0311496257781982
219,382975	-0,0249252915382385
219,484317	-0,0181077718734741
219,584340	-0,0130656063556671
219,685010	-0,0108193755149841
219,785489	-0,0109007060527802
219,885676	-0,013247549533844
219,985792	-0,0184290707111359
220,086817	-0,0253255665302277
220,187720	-0,031592458486557
220,288624	-0,0385922193527222
220,388976	-0,0438393950462341
220,490601	-0,0461466014385223
220,590958	-0,0460046231746674
220,691065	-0,0427923798561096
220,791271	-0,0381785035133362
220,893672	-0,0323647856712341
220,994285	-0,0249309837818146
221,095008	-0,0181535482406616
221,195928	-0,0131336152553558
221,296943	-0,0109691023826599
221,398276	-0,0111322104930878
221,498731	-0,0135794579982758
221,599905	-0,0188610553741455
221,700313	-0,0257675051689148
221,801800	-0,0319664478302002
221,901936	-0,0389034748077393
222,002478	-0,0440493524074554
222,102991	-0,0462890863418579
222,204653	-0,0461190938949585
222,304832	-0,0435653328895569
222,405784	-0,0381070971488953
222,506240	-0,0310212373733521
222,608152	-0,0247696340084076
222,709660	-0,0180176496505737
222,811407	-0,0131115913391113
222,913135	-0,0110130906105042
223,013323	-0,0112919807434082
223,114028	-0,0145428776741028
223,215444	-0,0190923810005188
223,316089	-0,0260490477085114
223,417312	-0,032270073890686
223,518004	-0,0391652286052704
223,618740	-0,0442854166030884
223,719990	-0,046614408493042
223,821356	-0,046132355928421
223,921552	-0,0435116291046143
224,021656	-0,0379852056503296
224,121779	-0,0308610200881958
224,222726	-0,0246920585632324
224,322924	-0,0179675817489624
224,424887	-0,0130881071090698
224,525252	-0,0110719203948975
224,625267	-0,0113565921783447
224,725437	-0,0146534740924835
224,826149	-0,0192694067955017
224,926376	-0,0261683166027069
225,026753	-0,0323838293552399
225,128504	-0,0392351746559143
225,230388	-0,0435344576835632
225,331964	-0,046449601650238
225,433113	-0,0458849668502808
225,534757	-0,0431486964225769
225,635511	-0,0375970900058746
225,736749	-0,0304574370384216
225,837152	-0,0242156386375427
225,937464	-0,0175859034061432
226,038303	-0,0127620100975037
226,139050	-0,0107873380184174
226,240149	-0,011244148015976
226,341684	-0,0145691931247711
226,443570	-0,0192004144191742
226,545430	-0,0262028574943542
226,647073	-0,03359654545784
226,747172	-0,039196640253067
226,847661	-0,0435273051261902
226,948058	-0,0463024079799652
227,049647	-0,0456954836845398
227,150056	-0,0429933369159698
227,251260	-0,0362485945224762
227,352707	-0,0302858948707581
227,453270	-0,0241247713565826
227,555167	-0,0165585279464722
227,655368	-0,0127744674682617
227,756015	-0,0109007060527802
227,856720	-0,0113862752914429
227,957536	-0,0148660242557526
228,058980	-0,0195756554603577
228,159250	-0,0265218317508698
228,259818	-0,0339380204677582
228,360377	-0,0394169390201569
228,460515	-0,0436071157455444
228,562108	-0,0463384687900543
228,662746	-0,0456346869468689
228,764599	-0,0427947640419006
228,865303	-0,0360418260097504
228,967254	-0,0299466848373413
229,067985	-0,0237717926502228
229,168164	-0,0172259509563446
229,268886	-0,0125422477722168
229,369442	-0,0107395350933075
229,471424	-0,01133793592453
229,573028	-0,0148258209228516
229,674840	-0,0195785164833069
229,775250	-0,0265654027462006
229,876533	-0,0339389741420746
229,977080	-0,0394949615001678
230,077720	-0,0442977845668793
230,178118	-0,0462791323661804
230,279665	-0,0455283224582672
230,380480	-0,0418263077735901
230,481226	-0,0369116961956024
230,581639	-0,0297799706459045
230,682726	-0,022465705871582
230,783211	-0,0171585977077484
230,883560	-0,0125929713249207
230,984113	-0,0108131766319275
231,084564	-0,0114551782608032
231,185229	-0,0150172710418701
231,285397	-0,0197691321372986
231,385414	-0,0255763232707977
231,486987	-0,034143328666687
231,587559	-0,0396195948123932
231,687722	-0,0437135100364685
231,788941	-0,0462173819541931
231,889878	-0,0453568696975708
231,991630	-0,0424293577671051
232,093515	-0,0366925895214081
232,195333	-0,0295306444168091
232,296480	-0,0222672522068024
232,398116	-0,0169795155525208
232,499981	-0,0124536454677582
232,601095	-0,0106673240661621
232,702551	-0,0114881694316864
232,802798	-0,015105813741684
232,903431	-0,0210087895393372
233,003888	-0,026943176984787
233,103968	-0,0342710018157959
233,204655	-0,0396947860717773
233,305372	-0,0443177223205566
233,406913	-0,0460212528705597
233,507251	-0,0452186465263367
233,607971	-0,041409969329834
233,709851	-0,0364496111869812
233,811125	-0,0292952060699463
233,911626	-0,0220431685447693
234,012733	-0,0167793035507202
234,112868	-0,0123588442802429
234,214612	-0,0106319487094879
234,314779	-0,0115398764610291
234,415471	-0,0152513384819031
234,516197	-0,0211762189865112
234,616493	-0,0271335244178772
234,717758	-0,0344448685646057
234,817915	-0,0397899150848389
234,917946	-0,0443699657917023
235,018682	-0,0460155606269836
235,119379	-0,0451013743877411
235,220401	-0,0412625968456268
235,322095	-0,0362423956394196
235,422722	-0,029046505689621
235,524123	-0,0218607783317566
235,625647	-0,0166378617286682
235,725728	-0,0123076140880585
235,827376	-0,0107175409793854
235,927795	-0,0116623640060425
236,028388	-0,0154480040073395
236,129201	-0,0214266180992126
236,229745	-0,0273726880550385
236,329760	-0,0335255563259125
236,430075	-0,0400239527225494
236,530457	-0,044483482837677
236,631860	-0,0460511744022369
236,732637	-0,0450443625450134
236,832959	-0,04108527302742
236,933323	-0,0360556244850159
237,034536	-0,0288519561290741
237,135827	-0,0227938592433929
237,236335	-0,0164695978164673
237,336805	-0,012178361415863
237,438447	-0,0106654167175293
237,538710	-0,0117097496986389
237,640488	-0,0155771970748901
237,741292	-0,0204963088035583
237,842279	-0,0275720953941345
237,943452	-0,0336765646934509
238,043543	-0,0401304662227631
238,144116	-0,0445670485496521
238,244238	-0,0461186170578003
238,346214	-0,045037716627121
238,446553	-0,0410096943378448
238,547286	-0,0358907878398895
238,648864	-0,0286513268947601
238,749563	-0,0214749574661255
238,850354	-0,0163481831550598
238,950480	-0,0121261775493622
239,051005	-0,0107376277446747
239,151371	-0,0117911100387573
239,251897	-0,0148516595363617
239,352310	-0,0206367969512939
239,453107	-0,0277303159236908
239,553795	-0,0338461101055145
239,653890	-0,0402817130088806
239,754428	-0,0446235835552216
239,854599	-0,0460872650146484
239,955602	-0,0449479520320892
240,057138	-0,0408770442008972
240,157837	-0,035778820514679
240,258070	-0,0285754501819611
240,358798	-0,0225718021392822
240,458862	-0,016354888677597
240,559186	-0,0127443075180054
240,659886	-0,0109160244464874
240,760100	-0,0116681158542633
240,860683	-0,0151847898960114
240,961356	-0,0209632515907288
241,061628	-0,0268465876579285
241,162501	-0,0341938138008118
241,263438	-0,0405703783035278
241,363546	-0,0443357825279236
241,463614	-0,0462297201156616
241,563971	-0,0449612438678741
241,665202	-0,0416604280471802
241,765369	-0,0367811918258667
241,865391	-0,0284369587898254
241,965827	-0,0224780142307281
242,066090	-0,0172087550163269
242,166317	-0,0127141177654266
242,266954	-0,0109494924545288
242,368527	-0,0117542743682861
242,469135	-0,0145495533943176
242,569683	-0,0211638808250427
242,671558	-0,0270534753799438
242,772096	-0,0331536531448364
242,872179	-0,0406293272972107
242,973209	-0,0442901849746704
243,074395	-0,0459951162338257
243,175299	-0,0447280704975128
243,276115	-0,041381448507309
243,377055	-0,0364115238189697
243,477683	-0,0292947292327881
243,578369	-0,0220844149589539
243,679034	-0,0168772637844086
243,779734	-0,0125063359737396
243,881482	-0,0108380317687988
243,982166	-0,0117135643959045
244,083877	-0,0153752565383911
244,183998	-0,021264910697937
244,284143	-0,0271600484848022
244,384993	-0,0332879424095154
244,485223	-0,0407101511955261
244,586442	-0,0443025231361389
244,687931	-0,0459253191947937
244,789321	-0,0445547103881836
244,889422	-0,0411451756954193
244,990005	-0,0361842811107635
245,090832	-0,0290317833423615
245,191064	-0,0218631327152252
245,291333	-0,0166937708854675
245,391697	-0,0128893852233887
245,493308	-0,010786384344101
245,594223	-0,0117628872394562
245,695693	-0,0147109031677246
245,795936	-0,021468311548233
245,896605	-0,0273745656013489
245,997214	-0,0334312915802002
246,097977	-0,0408218801021576
246,197997	-0,0443353056907654
246,299530	-0,0458982586860657
246,400462	-0,0449199378490448
246,502027	-0,0409944653511047
246,603153	-0,0359760820865631
246,704848	-0,0288415551185608
246,805292	-0,0216664671897888
246,906064	-0,0165355801582336
247,007719	-0,0123032927513123
247,108626	-0,0107797086238861
247,208776	-0,0118169486522675
247,309469	-0,015624076128006
247,410183	-0,02157261967659
247,512015	-0,0274816155433655
247,612293	-0,0347054600715637
247,713896	-0,039942592382431
247,814183	-0,0443096458911896
247,915448	-0,0458365082740784
248,016873	-0,0447000563144684
248,117042	-0,0407187342643738
248,217806	-0,0356740355491638
248,318092	-0,0285062193870544
248,418185	-0,021416187286377
248,519331	-0,016346275806427
248,619817	-0,0121654272079468
248,720717	-0,0107739567756653
248,821614	-0,0118672251701355
248,922206	-0,015745609998703
249,023132	-0,0217977464199066
249,123401	-0,0277180075645447
249,224616	-0,0337627530097961
249,325363	-0,0401538014411926
249,425738	-0,0444198250770569
249,526011	-0,0458184480667114
249,626307	-0,0446535050868988
249,727091	-0,0405394434928894
249,827403	-0,0354691743850708
249,927770	-0,0283383727073669
250,029395	-0,0212264955043793
250,130254	-0,016202837228775
250,230331	-0,0121223628520966
250,330827	-0,010786384344101
250,432134	-0,0119878351688385
250,532550	-0,0151374042034149
250,632952	-0,0209015905857086
250,733741	-0,0279833376407623
250,833849	-0,0340047180652618
250,934768	-0,0402769446372986
251,034977	-0,0445314347743988
251,135346	-0,0458531379699707
251,236053	-0,0450001955032349
251,337589	-0,040466696023941
251,438314	-0,0353309810161591
251,538499	-0,0293839573860168
