0,100113	0,00774472951889038
0,200469	0,00551149249076843
0,301193	0,00517064332962036
0,402044	0,00579050183296204
0,502715	0,00623565912246704
0,603515	0,00908046960830688
0,704371	0,0118075311183929
0,805292	0,0135254263877869
0,906255	0,0161867141723633
1,007332	0,0181167423725128
1,108663	0,0181867182254791
1,209520	0,0186255872249603
1,310000	0,0166407823562622
1,410529	0,0144156217575073
1,511078	0,0129052996635437
1,611134	0,00908428430557251
1,711217	0,00702911615371704
1,811837	0,00632131099700928
1,912285	0,00496694445610046
2,013179	0,00537532567977905
2,113185	0,00717738270759583
2,213672	0,00868949294090271
2,314772	0,0116254389286041
2,415654	0,0144520699977875
2,515697	0,0158142149448395
2,616218	0,0177187919616699
2,717491	0,0189033448696136
2,818032	0,0178592801094055
2,918230	0,0168744921684265
3,019382	0,0148244798183441
3,120593	0,0118409991264343
3,220878	0,00957828760147095
3,321729	0,00715038180351257
3,422455	0,0051054060459137
3,522861	0,00504350662231445
3,623780	0,00525382161140442
3,724313	0,00596928596496582
3,824627	0,00844782590866089
3,924662	0,0109960734844208
4,025037	0,0133514404296875
4,125096	0,0161276757717133
4,227086	0,0175639092922211
4,328279	0,0180716812610626
4,428696	0,0184670090675354
4,529257	0,0165975689888
4,629284	0,0146248340606689
4,729402	0,0126663446426392
4,829929	0,0092087984085083
4,930461	0,00718212127685547
5,031254	0,00602701306343079
5,131614	0,00451993942260742
5,232449	0,00503405928611755
5,333147	0,0065816342830658
5,433713	0,00794437527656555
5,535701	0,0109516978263855
5,635921	0,0136155486106873
5,736452	0,0153543651103973
5,837140	0,0176032185554504
5,937556	0,0184454917907715
6,039502	0,0174718201160431
6,140359	0,0167655646800995
6,240708	0,0149079561233521
6,341937	0,0116068124771118
6,443843	0,00956970453262329
6,545704	0,00728115439414978
6,645921	0,00511389970779419
6,747182	0,0050969123840332
6,847509	0,00503405928611755
6,947588	0,00619307160377502
7,048570	0,00865671038627625
7,149700	0,0108839571475983
7,250014	0,0136457681655884
7,350828	0,0162678360939026
7,452259	0,0174195468425751
7,553896	0,0183084309101105
7,655620	0,0184421241283417
7,755623	0,0163936018943787
7,857079	0,0147740840911865
7,957280	0,0124758183956146
8,058141	0,00900346040725708
8,159553	0,00730103254318237
8,259954	0,00578200817108154
8,360437	0,00449395179748535
8,460473	0,00514701008796692
8,561197	0,00657027959823608
8,661580	0,0078258216381073
8,762777	0,0110404491424561
8,863132	0,0136721134185791
8,963730	0,0152550041675568
9,064538	0,0176161825656891
9,164933	0,0180884301662445
9,266826	0,0173691511154175
9,367737	0,0166345238685608
9,468117	0,014520674943924
9,568343	0,011568546295166
9,668449	0,00987237691879272
9,769532	0,00703194737434387
9,869579	0,00524106621742249
9,970200	0,00519236922264099
10,071039	0,00496459007263184
10,171394	0,00606673955917358
10,272465	0,00879019498825073
10,374464	0,010850578546524
10,474538	0,0132977366447449
10,574777	0,0161775946617126
10,675204	0,0172021985054016
10,775251	0,0180802941322327
10,876772	0,0180414617061615
10,978009	0,0163268744945526
11,078740	0,0145490169525146
11,179457	0,0119667649269104
11,279714	0,00910374522209167
11,380053	0,00720533728599548
11,480748	0,00576731562614441
11,581279	0,00440326333045959
11,681305	0,00534600019454956
11,782308	0,0063539445400238
11,883580	0,00807100534439087
11,985182	0,0113741457462311
12,085500	0,0134070217609406
12,186014	0,0155132412910461
12,287826	0,0177907347679138
12,389720	0,0179666876792908
12,490553	0,0175020396709442
12,591493	0,0168941617012024
12,692652	0,0142140984535217
12,793279	0,0115867257118225
12,894083	0,00970008969306946
12,995063	0,00671184062957764
13,095950	0,00528690218925476
13,196359	0,00503215193748474
13,296782	0,00478217005729675
13,397341	0,00661337375640869
13,497691	0,00864624977111816
13,597890	0,0107408761978149
13,697917	0,013452559709549
13,799423	0,0159836709499359
13,899956	0,0169191360473633
14,000130	0,0181646645069122
14,101183	0,0177087187767029
14,201771	0,0161396861076355
14,301778	0,0144664645195007
14,402428	0,0121178925037384
14,503876	0,00891512632369995
14,605220	0,00706937909126282
14,705937	0,00537341833114624
14,806563	0,00430548191070557
14,907301	0,00524675846099854
15,009215	0,00603550672531128
15,109598	0,00811848044395447
15,210519	0,011299192905426
15,311335	0,0131582915782928
15,411647	0,0155977308750153
15,512428	0,0174104273319244
15,612923	0,0176531076431274
15,713162	0,0174636542797089
15,813202	0,0165711939334869
15,914154	0,0138016045093536
16,014867	0,0117821991443634
16,116025	0,00929674506187439
16,216648	0,00635302066802979
16,317000	0,00529968738555908
16,417789	0,00469854474067688
16,517896	0,00467395782470703
16,617918	0,00630003213882446
16,718923	0,00819200277328491
16,819274	0,0103914737701416
16,920805	0,0136764347553253
17,022135	0,015675961971283
17,122325	0,0170150995254517
17,223286	0,0182916522026062
17,324276	0,01779505610466
17,424959	0,0161727964878082
17,526455	0,0144405364990234
17,628228	0,0118228197097778
17,728448	0,00889182090759277
17,828953	0,00692775845527649
17,929053	0,00509500503540039
18,029939	0,00434941053390503
18,130248	0,00511342287063599
18,230660	0,00585481524467468
18,332633	0,00774472951889038
18,433065	0,0108195543289185
18,535028	0,0130720436573029
18,636071	0,0153188109397888
18,738019	0,0173576474189758
18,838176	0,0175941288471222
18,939409	0,0175528526306152
19,039584	0,0163873732089996
19,140953	0,0137052237987518
19,241383	0,0118472278118134
19,341933	0,00902155041694641
19,442724	0,00622856616973877
19,543232	0,00523018836975098
19,643611	0,00450387597084045
19,743721	0,00436359643936157
19,844952	0,00621578097343445
19,944987	0,00784808397293091
20,045934	0,0103023648262024
20,146947	0,0136045217514038
20,247420	0,015324592590332
20,348403	0,0169714093208313
20,448665	0,01812344789505
20,549191	0,0174962878227234
20,649919	0,016205906867981
20,750131	0,0143110156059265
20,850880	0,0116244852542877
20,951301	0,00937330722808838
21,052646	0,00722381472587585
21,152696	0,00498110055923462
21,253199	0,00452563166618347
21,353406	0,00501656532287598
21,453977	0,00593569874763489
21,554545	0,00804305076599121
21,655227	0,0107966661453247
21,755677	0,0131515860557556
21,855760	0,0155180394649506
21,956435	0,0171043276786804
22,056835	0,0175917148590088
22,158906	0,0177063345909119
22,259096	0,0165519714355469
22,359683	0,0137028098106384
22,460132	0,0118328928947449
22,560446	0,00930958986282349
22,661176	0,00659537315368652
22,763145	0,00527083873748779
22,863293	0,00436452031135559
22,964220	0,00437206029891968
23,064863	0,00629764795303345
23,165058	0,00774282217025757
23,265387	0,00985285639762878
23,365832	0,0134861171245575
23,466179	0,0151229798793793
23,567025	0,0167050957679749
23,667467	0,0178866386413574
23,768828	0,0172089040279388
23,869300	0,0162999927997589
23,970802	0,0143829882144928
24,071257	0,0112667083740234
24,171756	0,00920164585113525
24,273314	0,00688418745994568
24,373639	0,00482705235481262
24,474962	0,00453412532806396
24,576279	0,00472074747085571
24,676389	0,0058571994304657
24,776487	0,00800934433937073
24,877989	0,0101622939109802
24,979645	0,0131003260612488
25,079690	0,0154556334018707
25,181078	0,0167737007141113
25,281403	0,0174631774425507
25,383344	0,0174564719200134
25,485314	0,0161310434341431
25,586238	0,0138778686523438
25,687632	0,0115671157836914
25,787786	0,0089573860168457
25,888726	0,00654280185699463
25,989262	0,00516307353973389
26,090799	0,00421950221061707
26,191345	0,0047004222869873
26,291654	0,00633171200752258
26,393541	0,00783434510231018
26,494725	0,0101742148399353
26,595475	0,013565719127655
26,696430	0,0152175426483154
26,798325	0,0169248878955841
26,900078	0,0178535282611847
27,000879	0,0171513557434082
27,101456	0,0160758495330811
27,202241	0,0141181349754333
27,303199	0,0111535489559174
27,404482	0,00877499580383301
27,504953	0,00660908222198486
27,605827	0,00475570559501648
27,707463	0,00448167324066162
27,808034	0,00458940863609314
27,908036	0,00591963529586792
28,008706	0,00808194279670715
28,110185	0,0104638934135437
28,210929	0,0127252340316772
28,311117	0,0154513120651245
28,411857	0,0167449414730072
28,512972	0,0173931419849396
28,613657	0,0173048675060272
28,714479	0,0155300498008728
28,816019	0,0138198137283325
28,916757	0,0113115906715393
29,016975	0,00870326161384583
29,117818	0,00649356842041016
29,218535	0,00494092702865601
29,319894	0,0040627121925354
29,421418	0,00469663739204407
29,522687	0,00611406564712524
29,623163	0,00771057605743408
29,723912	0,0106807947158813
29,824194	0,0129072368144989
29,924895	0,0150725841522217
30,025034	0,0170203745365143
30,126438	0,0174694061279297
30,227441	0,0169167220592499
30,327775	0,0160456001758575
30,429439	0,0136985182762146
30,529665	0,0109283328056335
30,630344	0,00848910212516785
30,731351	0,00628203153610229
30,831464	0,00465789437294006
30,932094	0,00431349873542786
31,033195	0,00440847873687744
31,133477	0,00561836361885071
31,234039	0,0080292820930481
31,334351	0,0104133784770966
31,435426	0,0127697885036469
31,535796	0,0153447389602661
31,636429	0,0166422128677368
31,738271	0,0173902809619904
31,838474	0,0171177387237549
31,939963	0,015693724155426
32,040809	0,0137200951576233
32,141298	0,0110218524932861
32,241512	0,0084957480430603
32,342220	0,00638803839683533
32,444196	0,00471130013465881
32,544349	0,00399374961853027
32,645385	0,00468531250953674
32,746292	0,00573372840881348
32,846499	0,00769871473312378
32,947339	0,010656476020813
33,047542	0,0127831995487213
33,147773	0,0150975584983826
33,249490	0,0167717933654785
33,349587	0,0172746479511261
33,451114	0,0168121159076691
33,551230	0,0158660709857941
33,651878	0,0134760439395905
33,752703	0,0109097063541412
33,852858	0,00878828763961792
33,954080	0,00609561800956726
34,054239	0,00477886199951172
34,154932	0,00428140163421631
34,255082	0,00434422492980957
34,355415	0,0057772696018219
34,457191	0,00805205106735229
34,557363	0,0100356340408325
34,657709	0,0129666328430176
34,757886	0,0153524279594421
34,859250	0,0165390372276306
34,959846	0,0174804329872131
35,059878	0,0170299410820007
35,160609	0,0156001150608063
35,260872	0,0139425992965698
35,361579	0,011299192905426
35,462319	0,00841742753982544
35,562626	0,00674968957901001
35,663642	0,00493764877319336
35,763922	0,00412553548812866
35,865722	0,00456765294075012
35,966688	0,00576639175415039
36,067121	0,0079377293586731
36,168026	0,0104462504386902
36,268431	0,013020783662796
36,369229	0,0154205858707428
36,470970	0,0169666111469269
36,572139	0,017389327287674
36,673927	0,0170122087001801
36,774134	0,0158919990062714
36,876018	0,0133936107158661
36,976300	0,0113011002540588
37,077481	0,00866717100143433
37,179347	0,00608187913894653
37,279366	0,00486156344413757
37,379865	0,00420486927032471
37,479945	0,00431114435195923
37,580245	0,00589174032211304
37,681949	0,00809141993522644
37,782355	0,0101799368858337
37,883255	0,0131865739822388
37,983962	0,0154282748699188
38,083980	0,0166609287261963
38,184051	0,0175106525421143
38,285400	0,0171244740486145
38,386250	0,0156606137752533
38,486913	0,0140481293201447
38,588345	0,011233776807785
38,690125	0,00843167304992676
38,791271	0,00661289691925049
38,891894	0,00470089912414551
38,992411	0,00405609607696533
39,093599	0,00457993149757385
39,194364	0,00576969981193542
39,295500	0,00814217329025269
39,396169	0,0104815363883972
39,497492	0,0129719078540802
39,597550	0,0154570639133453
39,699042	0,0168711245059967
39,799288	0,0173115730285645
39,900560	0,0171527862548828
40,001828	0,0158190131187439
40,102469	0,013373464345932
40,203352	0,0113001465797424
40,304955	0,00852093100547791
40,406599	0,0060383677482605
40,507409	0,00494000315666199
40,607514	0,00422611832618713
40,707956	0,00447177886962891
40,808509	0,00609844923019409
40,909583	0,00818109512329102
41,009763	0,0103905200958252
41,110808	0,0133581459522247
41,211547	0,0152247548103333
41,312410	0,0168673098087311
41,413300	0,0176694095134735
41,514878	0,017105758190155
41,615197	0,0157383680343628
41,715697	0,01360884308815
41,816723	0,0112022757530212
41,917705	0,00859785079956055
42,017969	0,00667443871498108
42,118067	0,00480484962463379
42,218668	0,00430688261985779
42,319207	0,00473916530609131
42,419268	0,00596645474433899
42,519412	0,00838610529899597
42,620022	0,0105916261672974
42,721876	0,0131314694881439
42,822082	0,0152910053730011
42,923624	0,0169066488742828
43,025439	0,0173902809619904
43,126423	0,0171772539615631
43,226922	0,0156562924385071
43,326937	0,0136443376541138
43,427171	0,011168360710144
43,527451	0,00836664438247681
43,629021	0,00639516115188599
43,729555	0,00496786832809448
43,831188	0,00417560338973999
43,931983	0,00447601079940796
44,033038	0,00609654188156128
44,133563	0,00779733061790466
44,235391	0,0104934275150299
44,335716	0,0133715569972992
44,436470	0,0151546597480774
44,537878	0,0168255567550659
44,638999	0,0174761414527893
44,739837	0,0168749690055847
44,840425	0,0155751705169678
44,941905	0,0133495032787323
45,043352	0,0109440684318542
45,144077	0,00839370489120483
45,244946	0,00605159997940063
45,345668	0,00459271669387817
45,446110	0,00424504280090332
45,546230	0,00462529063224792
45,647017	0,00597211718559265
45,748673	0,00795575976371765
45,848985	0,010540634393692
45,949800	0,0131444036960602
46,051030	0,0153212249279022
46,151037	0,0168591141700745
46,251792	0,0173998773097992
46,353019	0,0171839594841003
46,453508	0,0155713260173798
46,553801	0,0132958292961121
46,655364	0,011102020740509
46,756295	0,00820243358612061
46,857492	0,0060170590877533
46,957875	0,00494658946990967
47,057938	0,00426015257835388
47,158471	0,00465697050094604
47,259055	0,00619637966156006
47,360985	0,0078258216381073
47,461347	0,0106068849563599
47,561626	0,0133960247039795
47,662470	0,015202671289444
47,764112	0,0169526934623718
47,865224	0,0174813866615295
47,966091	0,0169210433959961
48,067039	0,0156140327453613
48,167729	0,0132479071617126
48,268658	0,010897308588028
48,369842	0,00884193181991577
48,471744	0,00607717037200928
48,571895	0,00477036833763123
48,672723	0,00440043210983276
48,774340	0,00471130013465881
48,875219	0,00615662336349487
48,975519	0,00818631052970886
49,077330	0,0111330449581146
49,178202	0,0134357810020447
49,279342	0,0155194699764252
49,381292	0,0169666111469269
49,483027	0,0175451934337616
49,583308	0,0171753466129303
49,684198	0,0154964327812195
49,784416	0,0132881700992584
49,886306	0,0111201405525208
49,987990	0,00875073671340942
50,088169	0,00617793202400208
50,188736	0,00491729378700256
50,289110	0,00422894954681396
50,389817	0,00499767065048218
50,491535	0,0062825083732605
50,592473	0,0080525279045105
50,692889	0,0113120675086975
50,793089	0,0134870707988739
50,893674	0,015257865190506
50,994035	0,0169848501682281
51,095413	0,0174109041690826
51,196117	0,0169436037540436
51,296513	0,0159265398979187
51,397527	0,0131889581680298
51,498495	0,0108944475650787
51,598857	0,00875502824783325
51,700619	0,00597921013832092
51,800771	0,00481241941452026
51,901646	0,00449725985527039
52,002569	0,0049896240234375
52,102793	0,0063435435295105
52,203562	0,00831443071365356
52,303851	0,0108419954776764
52,404554	0,0136356949806213
52,505406	0,0156476497650146
52,605532	0,017059713602066
52,707194	0,0176487863063812
52,807893	0,0171911716461182
52,909609	0,0158579051494598
53,010182	0,0133500099182129
53,110379	0,0111354291439056
53,211130	0,00876784324645996
53,311846	0,00626358389854431
53,413266	0,00494566559791565
53,513288	0,00432437658309937
53,613866	0,00513991713523865
53,714000	0,00642496347427368
53,814211	0,00826790928840637
53,914912	0,0110819637775421
54,015405	0,0136726200580597
54,115484	0,0155511498451233
54,216245	0,0169848501682281
54,316561	0,0175471305847168
54,418217	0,0170712471008301
54,520018	0,0160335898399353
54,620492	0,0132378339767456
54,720946	0,0110562145709991
54,821926	0,00890228152275085
54,923630	0,00643441081047058
55,024322	0,00495180487632751
55,124706	0,00448876619338989
55,226638	0,00487998127937317
55,327975	0,00651064515113831
55,428484	0,00848245620727539
55,529760	0,0110266208648682
55,630253	0,0137939155101776
55,731221	0,0156390070915222
55,831967	0,0168183445930481
55,933332	0,0175955593585968
56,034106	0,0170928239822388
56,135869	0,0158041417598724
56,236840	0,0132881700992584
56,337940	0,0109683871269226
56,438798	0,00863581895828247
56,539998	0,00618171691894531
56,640601	0,00492677092552185
56,741250	0,00445428490638733
56,841454	0,00511014461517334
56,942004	0,00656601786613464
57,042531	0,00844019651412964
57,143411	0,0107909440994263
57,243441	0,013786256313324
57,343988	0,0157004594802856
57,445881	0,0171350240707397
57,546806	0,0176065862178802
57,647715	0,0171599984169006
57,748408	0,0159903764724731
57,848808	0,0131947100162506
57,950260	0,011035680770874
58,051157	0,0088571310043335
58,151693	0,00642731785774231
58,252788	0,00505673885345459
58,353580	0,00463476777076721
58,454486	0,00502318143844604
58,554628	0,00671657919883728
58,655533	0,00858548283576965
58,755630	0,0111745893955231
58,856397	0,0139584541320801
58,957011	0,0157513320446014
59,058083	0,0169867873191833
59,158447	0,0177231132984161
59,259378	0,0171239972114563
59,360212	0,0158319771289825
59,461030	0,0132924616336823
59,561832	0,0109278559684753
59,662586	0,00869423151016235
59,763444	0,00651490688323975
59,863740	0,00490927696228027
59,964501	0,00451189279556274
60,064838	0,00494614243507385
60,165257	0,00655084848403931
60,265993	0,00850477814674377
60,367094	0,0107928514480591
60,468899	0,0137647092342377
60,568920	0,0156846344470978
60,670401	0,0170093178749084
60,771515	0,0174713432788849
60,871906	0,0170414745807648
60,972801	0,0158108472824097
61,072905	0,013456404209137
61,173993	0,0109073221683502
61,275850	0,0086638331413269
61,377040	0,00631800293922424
61,478484	0,00498157739639282
61,578745	0,00453177094459534
61,679438	0,00500521063804626
61,780161	0,0067383348941803
61,881990	0,00857836008071899
61,982213	0,011197954416275
62,082679	0,0139454901218414
62,184272	0,0156572461128235
62,285591	0,0169157683849335
62,385657	0,0175614953041077
62,485954	0,0168984830379486
62,586336	0,0156539082527161
62,687223	0,0134899616241455
62,788081	0,0106979608535767
62,888468	0,00855129957199097
62,989091	0,00638332962989807
63,089377	0,00483506917953491
63,190179	0,00453364849090576
63,292129	0,00498440861701965
63,392468	0,00663465261459351
63,492896	0,00867334008216858
63,593148	0,010881096124649
63,694044	0,0138577222824097
63,794606	0,0157719850540161
63,895486	0,0169776380062103
63,996246	0,0174152255058289
64,097347	0,0169263184070587
64,197454	0,0155751705169678
64,297694	0,0136371254920959
64,398397	0,0106889009475708
64,499356	0,00837898254394531
64,599563	0,00643584132194519
64,699713	0,00482800602912903
64,800028	0,00437206029891968
64,901077	0,00481525063514709
65,002772	0,00673124194145203
65,103838	0,00857505202293396
65,205445	0,0108329057693481
65,305778	0,0135838985443115
65,406741	0,0157110095024109
65,507412	0,0170361995697021
65,608556	0,0176090002059937
65,709872	0,0168917775154114
65,810190	0,0156879723072052
65,911672	0,0134055912494659
66,012137	0,01063072681427
66,112902	0,00850716233253479
66,214614	0,00626736879348755
66,315879	0,00483179092407227
66,416642	0,00456529855728149
66,518501	0,00513944029808044
66,618721	0,00674211978912354
66,719190	0,00877735018730164
66,819556	0,01097172498703
66,920344	0,0136107802391052
67,021342	0,0159467160701752
67,121427	0,0171024203300476
67,221479	0,0175926685333252
67,321613	0,0170515775680542
67,421827	0,0156630277633667
67,522141	0,0137857794761658
67,623378	0,0107280015945435
67,724013	0,00844448804855347
67,825080	0,00652530789375305
67,925894	0,00488990545272827
68,027449	0,00441649556159973
68,128131	0,00491023063659668
68,228211	0,00644627213478088
68,329717	0,00858786702156067
68,430560	0,010866791009903
68,531284	0,013550341129303
68,631478	0,0156658887863159
68,733245	0,0169536471366882
68,833391	0,0174252986907959
68,934094	0,0166873335838318
69,034826	0,0154575705528259
69,135138	0,0135911107063293
69,235489	0,0104233920574188
69,335894	0,00836142897605896
69,437648	0,00643441081047058
69,538057	0,00475853681564331
69,638956	0,00450104475021362
69,739969	0,00485920906066895
69,841102	0,00633266568183899
69,941781	0,00869566202163696
70,042448	0,0108644068241119
70,144395	0,0135038793087006
70,245043	0,0157508552074432
70,345172	0,0167876183986664
70,446688	0,01725834608078
70,547576	0,0166177451610565
70,649460	0,0151997804641724
70,750250	0,0129915475845337
70,851417	0,0103204548358917
70,953093	0,00807955861091614
71,053762	0,00598251819610596
71,153777	0,00476375222206116
71,253981	0,00424173474311829
71,355128	0,00480815768241882
71,456109	0,00632604956626892
71,557289	0,00857076048851013
71,659074	0,0108901560306549
71,759857	0,0134880542755127
71,860179	0,0156279802322388
71,961945	0,0168624818325043
72,062257	0,0172492265701294
72,163987	0,0165721476078033
72,264604	0,0153044164180756
72,364815	0,0129465162754059
72,466189	0,0102709233760834
72,567043	0,00814977288246155
72,667777	0,00591254234313965
72,768791	0,00475192070007324
72,869095	0,00436925888061523
72,970701	0,00496694445610046
73,071957	0,0063336193561554
73,173621	0,00867190957069397
73,274431	0,0112490653991699
73,374464	0,0134890079498291
73,476155	0,0156788527965546
73,576751	0,0169066488742828
73,677016	0,0172295570373535
73,777206	0,0165385603904724
73,877578	0,0151225030422211
73,978507	0,0129096210002899
74,078587	0,010684609413147
74,179478	0,00800555944442749
74,280057	0,00596880912780762
74,380454	0,00475475192070007
74,481133	0,004290372133255
74,582034	0,00488802790641785
74,683949	0,00637716054916382
74,784151	0,00865054130554199
74,885610	0,0109101831912994
74,986126	0,0134319663047791
75,087817	0,0155559778213501
75,187910	0,0167573988437653
75,289486	0,0170630812644958
75,390121	0,0165673494338989
75,490884	0,0150553286075592
75,591418	0,0126371383666992
75,693407	0,0104877054691315
75,794295	0,00792160630226135
75,895443	0,0057564377784729
75,995655	0,0047004222869873
76,097476	0,00430971384048462
76,197959	0,00496646761894226
76,298627	0,00637480616569519
76,398916	0,00867429375648499
76,499715	0,0112771987915039
76,600297	0,0135206282138824
76,701971	0,0156068205833435
76,803762	0,0168399214744568
76,904129	0,0171038508415222
77,004821	0,0165044665336609
77,105184	0,0149151682853699
77,205927	0,0126682817935944
77,307365	0,0104272067546844
77,409297	0,00780874490737915
77,510516	0,0057772696018219
77,610696	0,00458610057830811
77,712691	0,00421762466430664
77,813651	0,00503405928611755
77,914501	0,00634968280792236
78,014646	0,00871038436889648
78,115239	0,0114247798919678
78,215944	0,0134851634502411
78,315988	0,015319287776947
78,417771	0,016899436712265
78,518384	0,0170621275901794
78,618600	0,016589879989624
78,719361	0,0150567591190338
78,820729	0,0126481652259827
78,922202	0,0105010569095612
79,023456	0,00749203562736511
79,123914	0,005746990442276
79,224736	0,00477603077888489
79,325527	0,00440987944602966
79,426466	0,00512620806694031
79,528056	0,00652199983596802
79,628361	0,00879397988319397
79,730033	0,011430025100708
79,830421	0,0136462450027466
79,932307	0,015369713306427
80,033782	0,0168576836585999
80,133846	0,0170985758304596
80,233990	0,0164142251014709
80,335668	0,0144741237163544
80,436188	0,0125399529933929
80,536794	0,0103033185005188
80,637549	0,00737544894218445
80,739203	0,00575172901153564
80,839432	0,00458419322967529
80,941010	0,00431349873542786
81,041829	0,0051243007183075
81,142779	0,00648224353790283
81,243515	0,00891321897506714
81,343802	0,0115728676319122
81,443951	0,0136294662952423
81,544869	0,0155021846294403
81,645250	0,0169838964939117
81,745861	0,0171374380588531
81,846151	0,0166518092155457
81,946392	0,0146521627902985
82,047563	0,0126467347145081
82,148446	0,0105172693729401
82,249834	0,00788557529449463
82,351439	0,00581508874893188
82,452326	0,00485920906066895
82,552884	0,00446325540542603
82,653312	0,0052911639213562
82,753766	0,00674068927764893
82,854904	0,00853756070137024
82,956631	0,0116522014141083
83,057341	0,0138107240200043
83,158614	0,0155021846294403
83,259500	0,0170136392116547
83,360463	0,0171983540058136
83,461136	0,0165015757083893
83,561872	0,0146089792251587
83,662209	0,0125935673713684
83,762999	0,0103033185005188
83,863273	0,00784429907798767
83,963283	0,00578531622886658
84,064009	0,00470703840255737
84,164127	0,00448545813560486
84,265835	0,00529211759567261
84,366894	0,0066753625869751
84,467774	0,00868472456932068
84,568011	0,011709064245224
84,668574	0,0137948989868164
84,769389	0,0156130790710449
84,869500	0,0169863104820251
84,971401	0,0171273350715637
85,071573	0,0166182219982147
85,172357	0,0148882865905762
85,273241	0,0125466585159302
85,373447	0,0104014575481415
85,474283	0,00778928399085999
85,574406	0,00583449006080627
85,675843	0,00486770272254944
85,776153	0,00448453426361084
85,877243	0,00542733073234558
85,978300	0,00691875815391541
86,079944	0,00877878069877625
86,181684	0,0119174718856812
86,282556	0,014030396938324
86,383454	0,0156918168067932
86,485019	0,0170726776123047
86,585049	0,0172880887985229
86,685080	0,0165831744670868
86,786933	0,0150322616100311
86,888138	0,012675940990448
86,989912	0,0104605555534363
87,090198	0,00798800587654114
87,190598	0,00591489672660828
87,291276	0,00484028458595276
87,392337	0,00468957424163818
87,492966	0,00545427203178406
87,593017	0,00693720579147339
87,693950	0,00897210836410522
87,794625	0,0119519233703613
87,894840	0,0140294134616852
87,995459	0,0156985223293304
88,095638	0,0168888866901398
88,196019	0,0171311795711517
88,297851	0,0165802836418152
88,398693	0,0151920914649963
88,500007	0,0125232040882111
88,600888	0,0103161931037903
88,702380	0,00767311453819275
88,803316	0,00573611259460449
88,904405	0,00475144386291504
89,005287	0,00445711612701416
89,105518	0,00544151663780212
89,206238	0,00687897205352783
89,307820	0,00871846079826355
89,408689	0,0113999247550964
89,509562	0,0139047205448151
89,612005	0,0155790150165558
89,712686	0,0169388055801392
89,813196	0,0171153545379639
89,913314	0,0164271891117096
90,014687	0,0148460566997528
90,115598	0,0124236345291138
90,216515	0,0102418661117554
90,317397	0,00782960653305054
90,418158	0,00579380989074707
90,518383	0,00485068559646606
90,618667	0,00470325350761414
90,718892	0,00553986430168152
90,819600	0,00703242421150208
90,919615	0,00897449254989624
91,019737	0,0115102529525757
91,120197	0,0140447616577148
91,220267	0,0157748460769653
91,321238	0,0169560611248016
91,421810	0,0172146558761597
91,522382	0,0165347158908844
91,623272	0,0150898694992065
91,723973	0,0124284029006958
91,824831	0,0102351903915405
91,926615	0,0080990195274353
92,026668	0,00581744313240051
92,128593	0,0048549473285675
92,229838	0,0045478343963623
92,331662	0,005330890417099
92,432069	0,00695240497589111
92,532872	0,00884860754013062
92,633144	0,0115604400634766
92,733759	0,0139752328395844
92,834834	0,015637069940567
92,935296	0,0168192982673645
93,036603	0,0170674026012421
93,137022	0,0164003372192383
93,237426	0,0147601366043091
93,338219	0,0122738480567932
93,440061	0,0101327896118164
93,540226	0,00770062208175659
93,640252	0,00568220019340515
93,742237	0,00484028458595276
93,843649	0,00465884804725647
93,944631	0,00530630350112915
94,044707	0,00706228613853455
94,145493	0,00897735357284546
94,245941	0,0115594863891602
94,347101	0,0141738057136536
94,447306	0,0158171057701111
94,547975	0,0169354379177094
94,649249	0,017153263092041
94,749399	0,0164545476436615
94,849633	0,0150970816612244
94,950529	0,0124585628509521
95,052310	0,0101718306541443
95,152730	0,00801551342010498
95,254274	0,00605681538581848
95,354704	0,00478735566139221
95,455933	0,00461161136627197
95,556139	0,00546419620513916
95,656341	0,00713473558425903
95,756889	0,00906717777252197
95,857614	0,0116736888885498
95,958513	0,0140011310577393
96,058854	0,0156946778297424
96,159301	0,0168965458869934
96,260237	0,0170328319072723
96,361044	0,0163888037204742
96,461811	0,0149501860141754
96,562940	0,0121834278106689
96,664236	0,0100256204605103
96,764556	0,00795197486877441
96,866027	0,00587612390518188
96,967326	0,00479871034622192
97,068376	0,00460168719291687
97,168633	0,00533562898635864
97,269678	0,00712576508522034
97,370358	0,00902393460273743
97,472055	0,0116297602653503
97,573742	0,0141733288764954
97,675464	0,0158022046089172
97,776513	0,0169795751571655
97,877891	0,0171340703964233
97,978348	0,0163633525371552
98,078679	0,0146305859088898
98,178904	0,0127218961715698
98,279228	0,0100722908973694
98,380534	0,00799226760864258
98,482495	0,00603741407394409
98,583641	0,00481808185577393
98,684690	0,00473162531852722
98,784896	0,00550535321235657
98,885445	0,00718116760253906
98,986464	0,00916317105293274
99,087049	0,011823296546936
99,188470	0,0142275393009186
99,288497	0,0159044861793518
99,389323	0,0170808136463165
99,490437	0,0171014368534088
99,591609	0,016425758600235
99,691838	0,0146709084510803
99,793761	0,0126409828662872
99,894224	0,0101199150085449
99,994686	0,00762286782264709
100,095564	0,00597164034843445
100,197032	0,00491493940353394
100,297681	0,0047684907913208
100,397873	0,00551575422286987
100,498227	0,0073583722114563
100,598618	0,00925680994987488
100,699937	0,0118644237518311
100,801054	0,0143618583679199
100,901374	0,0159159898757935
101,001924	0,0170736312866211
101,102319	0,0172573924064636
101,203377	0,0163580775260925
101,304342	0,0146128237247467
101,405054	0,0126395523548126
101,506524	0,00996947288513184
101,606928	0,00756502151489258
101,707567	0,00597921013832092
101,808036	0,00480437278747559
101,909638	0,00477981567382813
102,010246	0,00554695725440979
102,110953	0,00725224614143372
102,210965	0,00926488637924194
102,312862	0,0118878483772278
102,413073	0,0139167010784149
102,513586	0,015946239233017
102,615073	0,0170553922653198
102,715118	0,0171292722225189
102,815966	0,0163662433624268
102,917566	0,0145672261714935
103,018964	0,0125557482242584
103,118990	0,010046124458313
103,219272	0,00753894448280334
103,320221	0,00593286752700806
103,421944	0,00491070747375488
103,523503	0,00477463006973267
103,624390	0,00557485222816467
103,724676	0,0074138343334198
103,825295	0,00930151343345642
103,926166	0,0119356513023376
104,027605	0,0140534043312073
104,128442	0,0159457623958588
104,229162	0,0171139240264893
104,329419	0,0172492265701294
104,430845	0,0162966251373291
104,532084	0,0146075487136841
104,632929	0,0126371383666992
104,733580	0,00996708869934082
104,835540	0,00763043761253357
104,937149	0,00601091980934143
105,037600	0,00486296415328979
105,138171	0,00490736961364746
105,239656	0,00563442707061768
105,341461	0,00703194737434387
105,442947	0,00984761118888855
105,543453	0,0119428336620331
105,643486	0,0139560401439667
105,744440	0,0162231922149658
105,845430	0,0169680416584015
105,946762	0,0170578062534332
106,047451	0,0159995257854462
106,148128	0,0143681168556213
106,248463	0,0124030709266663
106,350326	0,00985142588615417
106,451282	0,0073484480381012
106,552716	0,00581365823745728
106,653194	0,00478830933570862
106,753795	0,00470608472824097
106,854654	0,0056169331073761
106,954983	0,00708690285682678
107,055066	0,00979191064834595
107,156574	0,0119930505752563
107,256947	0,0140246152877808
107,358728	0,0161482989788055
107,458998	0,0170779526233673
107,560708	0,0171734094619751
107,660735	0,0159946978092194
107,760824	0,0145072638988495
107,861204	0,0124245882034302
107,963077	0,00977572798728943
108,063864	0,00741809606552124
108,164750	0,00581791996955872
108,265208	0,00489935278892517
108,366492	0,00486627221107483
108,467341	0,00558999180793762
108,567908	0,00699076056480408
108,670817	0,00981044769287109
108,772641	0,0119007527828217
108,872888	0,0143575668334961
108,973437	0,0161891281604767
109,073569	0,0169311165809631
109,175092	0,0170453190803528
109,276399	0,0161521434783936
109,376730	0,0142572820186615
109,477249	0,0123245716094971
109,577348	0,00975099205970764
109,678003	0,00731858611106873
109,778401	0,0058666467666626
109,878555	0,00482279062271118
109,978982	0,00478735566139221
110,079091	0,00562545657157898
110,180054	0,00710538029670715
110,280542	0,00981950759887695
110,381233	0,0121212303638458
110,481542	0,0141397416591644
110,581854	0,0162428915500641
110,682454	0,0170980989933014
110,783520	0,0170477330684662
110,883863	0,0161262452602386
110,984251	0,0143748223781586
111,084563	0,012393981218338
111,185023	0,0102590024471283
111,285048	0,00752663612365723
111,385488	0,00586521625518799
111,485563	0,00495985150337219
111,586958	0,00492817163467407
111,687728	0,00576686859130859
111,788339	0,00728589296340942
111,889432	0,00965774059295654
111,989851	0,0121480226516724
112,090726	0,0142572820186615
112,192233	0,0161214470863342
112,293130	0,017041951417923
112,393145	0,0171566307544708
112,493406	0,0161958336830139
112,593824	0,0146497488021851
112,695194	0,0123705267906189
112,795774	0,0101447105407715
112,896414	0,00765413045883179
112,996488	0,00584584474563599
113,097262	0,00485873222351074
113,198685	0,00475805997848511
113,300033	0,00577631592750549
113,400543	0,00717028975486755
113,501332	0,00955876708030701
113,602741	0,0121695697307587
113,704575	0,0140601098537445
113,805607	0,0159260630607605
113,905889	0,0168591141700745
114,006792	0,0167842507362366
114,109013	0,0161857604980469
114,210350	0,0140514969825745
114,312304	0,0119696259498596
114,412888	0,00978571176528931
114,513573	0,00699502229690552
114,615398	0,00545617938041687
114,715991	0,00466829538345337
114,816901	0,00463616847991943
114,917074	0,00560936331748962
115,018070	0,00722143054008484
115,118287	0,00952452421188354
115,218916	0,0120471119880676
115,319313	0,0140567421913147
115,419795	0,0158257186412811
115,521725	0,0167607665061951
115,622402	0,0167832970619202
115,722907	0,0158814191818237
115,823793	0,0137013792991638
115,924898	0,0116259157657623
116,025829	0,00936046242713928
116,127578	0,00652956962585449
116,227684	0,00506192445755005
116,328316	0,00408962368965149
116,428727	0,00404807925224304
116,529981	0,00506335496902466
116,630557	0,0065409243106842
116,731870	0,00906479358673096
116,833694	0,0117688179016113
116,933813	0,0138068795204163
117,034660	0,0158439874649048
117,135625	0,0168716311454773
117,235760	0,0168903172016144
117,336127	0,0162817537784576
117,436149	0,0141771733760834
117,536157	0,0121327042579651
117,637713	0,010019451379776
117,738352	0,00708833336830139
117,840076	0,00548359751701355
117,940158	0,00461161136627197
118,042015	0,00434184074401855
118,142454	0,00521507859230042
118,243968	0,00669431686401367
118,345237	0,00890272855758667
118,446191	0,0114715993404388
118,546269	0,0135177373886108
118,647583	0,0152919590473175
118,749216	0,0163172781467438
118,851126	0,0163648128509521
118,951896	0,0153183341026306
119,052991	0,0135963559150696
119,154097	0,0116627216339111
119,254114	0,0095331072807312
119,356067	0,00734132528305054
119,456360	0,00563019514083862
119,557012	0,00484216213226318
119,657205	0,00501987338066101
119,758113	0,00612494349479675
119,858179	0,00772622227668762
119,958850	0,0102685391902924
120,059509	0,0128239095211029
120,161024	0,0147649347782135
120,261654	0,0165702104568481
120,362708	0,0172717869281769
120,464243	0,0170937776565552
120,564928	0,0159395039081573
120,665725	0,0138131082057953
120,766204	0,0117047727108002
120,866915	0,00953453779220581
120,967578	0,00708547234535217
121,068831	0,00536209344863892
121,169243	0,00468248128890991
121,271124	0,00473776459693909
121,371336	0,00597402453422546
121,472263	0,00765225291252136
121,573587	0,0100722908973694
121,675400	0,0127449035644531
121,775663	0,0147232115268707
121,877727	0,0163657665252686
121,977759	0,017206996679306
122,077760	0,0170040428638458
122,177825	0,0157441198825836
122,278015	0,0141565203666687
122,378811	0,0116507709026337
122,480203	0,00901824235916138
122,580779	0,00716602802276611
122,681303	0,0054391622543335
122,782295	0,00473585724830627
122,882699	0,00500664114952087
122,983629	0,00614339113235474
123,083982	0,0078461766242981
123,185920	0,0104910433292389
123,285928	0,0129100978374481
123,386357	0,0139862596988678
123,486613	0,0133614838123322
123,587431	0,00987568497657776
123,688659	0,00494849681854248
123,789451	-0,0031248927116394
123,889635	-0,0114585161209106
123,990253	-0,0222629904747009
124,091764	-0,0311605930328369
124,192033	-0,0411323308944702
124,292320	-0,0486599802970886
124,392531	-0,0520346164703369
124,493238	-0,0521966218948364
124,594067	-0,0476421117782593
124,696044	-0,0409963726997375
124,797682	-0,0310264825820923
124,899035	-0,0201724767684937
125,000666	-0,0120108127593994
125,100925	-0,00486326217651367
125,201705	-0,00154703855514526
125,302149	-0,00157490372657776
125,403151	-0,00595206022262573
125,503906	-0,0122061371803284
125,604401	-0,0222511291503906
125,704822	-0,0314002931118011
125,804876	-0,0415012240409851
125,904954	-0,0493734776973724
126,005476	-0,0529682338237762
126,106513	-0,052890807390213
126,208503	-0,0485369265079498
126,309020	-0,0419726967811584
126,409210	-0,0335769951343536
126,509683	-0,0230518877506256
126,610594	-0,013374000787735
126,711589	-0,00713428854942322
126,812366	-0,00325024127960205
126,913257	-0,0033869743347168
127,014920	-0,00665003061294556
127,115597	-0,0141320526599884
127,216364	-0,0238966941833496
127,316759	-0,0327522754669189
127,418216	-0,0428460836410522
127,518524	-0,0502110719680786
127,620180	-0,0534647107124329
127,722152	-0,0533640086650848
127,822250	-0,0485673248767853
127,923170	-0,0418590903282166
128,023361	-0,0318570137023926
128,123390	-0,0228871405124664
128,224030	-0,0132346451282501
128,325926	-0,00720846652984619
128,426149	-0,00315186381340027
128,527167	-0,00344327092170715
128,627223	-0,00692561268806458
128,727489	-0,0141986310482025
128,828139	-0,0241119861602783
128,928648	-0,0330260396003723
129,030559	-0,0427776575088501
129,131036	-0,0502352714538574
129,231650	-0,0534329116344452
129,332098	-0,0533416867256165
129,433926	-0,0482927858829498
129,535403	-0,0415074229240417
129,635619	-0,0312514305114746
129,736838	-0,0225433707237244
129,837601	-0,0129363238811493
129,937710	-0,00681582093238831
130,039178	-0,0031542181968689
130,139538	-0,003467857837677
130,239600	-0,00690802931785583
130,340165	-0,0145744681358337
130,440808	-0,0243433713912964
130,542336	-0,0332027077674866
130,642696	-0,0432232916355133
130,743624	-0,0503573715686798
130,845085	-0,0534633100032806
130,945904	-0,0535098314285278
131,047867	-0,0491544604301453
131,149575	-0,0412701964378357
131,250133	-0,0312038660049438
131,350895	-0,0222142040729523
131,452026	-0,0127414166927338
131,552603	-0,00595727562904358
131,653218	-0,00303643941879272
131,753843	-0,00366991758346558
131,854238	-0,00725790858268738
131,955617	-0,014704704284668
132,057004	-0,0247762799263
132,157450	-0,0336346328258514
132,257577	-0,0433501303195953
132,358152	-0,050706148147583
132,460084	-0,0536514222621918
132,560360	-0,0529544651508331
132,661182	-0,0491634905338287
132,761984	-0,0410981178283691
132,863884	-0,030890941619873
132,965610	-0,0222734212875366
133,066177	-0,012712687253952
133,166794	-0,00600853562355042
133,267457	-0,00338932871818542
133,368641	-0,00385972857475281
133,468786	-0,00861519575119019
133,569421	-0,0153116285800934
133,671713	-0,0251339673995972
133,773399	-0,0358364880084991
133,873664	-0,0438693165779114
133,973724	-0,0497958064079285
134,074337	-0,0536694526672363
134,175045	-0,0529806017875671
134,275567	-0,0488794147968292
134,376336	-0,0408941507339478
134,476500	-0,0306209325790405
134,577138	-0,0216465592384338
134,678267	-0,0123310983181
134,778569	-0,00566262006759644
134,878814	-0,00298300385475159
134,979464	-0,00385308265686035
135,080193	-0,00755804777145386
135,180405	-0,0151948630809784
135,281514	-0,0235379934310913
135,382070	-0,0340623557567596
135,482729	-0,0437125861644745
135,583365	-0,0499516427516937
135,684181	-0,0535525977611542
135,785496	-0,0526789128780365
135,886356	-0,0487003326416016
135,988173	-0,0404419898986816
136,088696	-0,0302293300628662
136,189427	-0,0216000974178314
136,289820	-0,0121314525604248
136,391773	-0,0064837634563446
136,493676	-0,003225177526474
136,593843	-0,00391983985900879
136,694148	-0,00783687829971313
136,794267	-0,0157183408737183
136,895180	-0,0238077342510223
136,996342	-0,0344625115394592
137,097186	-0,0440773963928223
137,198736	-0,0499117374420166
137,299491	-0,0535958409309387
137,400117	-0,0525919497013092
137,501045	-0,0482547879219055
137,602524	-0,0401756763458252
137,703614	-0,029835969209671
137,803707	-0,020986020565033
137,903754	-0,0118681788444519
138,004196	-0,00622737407684326
138,105863	-0,00293475389480591
138,207666	-0,00363680720329285
138,308220	-0,00900426506996155
138,409623	-0,0158307552337646
138,509781	-0,0242208242416382
138,610141	-0,0346440076828003
138,710151	-0,0441989898681641
138,810664	-0,0502414703369141
138,910796	-0,0535435676574707
139,011442	-0,0525088012218475
139,113219	-0,0483322143554688
139,213624	-0,0398645997047424
139,314265	-0,0313560664653778
139,415558	-0,0209528207778931
139,516165	-0,0129980742931366
139,617890	-0,00539657473564148
139,718149	-0,00316086411476135
139,819116	-0,00367087125778198
139,919118	-0,00826400518417358
140,019923	-0,016194224357605
140,121573	-0,0243675112724304
140,222583	-0,0350837409496307
140,323338	-0,0445138514041901
140,424807	-0,0502262711524963
140,525408	-0,0536794364452362
140,625484	-0,0523472428321838
140,725703	-0,0479555428028107
140,826199	-0,0397661328315735
140,926321	-0,0311596393585205
141,027125	-0,0206548571586609
141,128163	-0,0130162835121155
141,229601	-0,00612342357635498
141,330687	-0,00314050912857056
141,430722	-0,00396999716758728
141,531429	-0,00843313336372375
141,632027	-0,0165384411811829
141,732561	-0,0249276757240295
141,832991	-0,0353028774261475
141,933822	-0,0448021590709686
142,034031	-0,0505721271038055
142,134334	-0,0535820722579956
142,235201	-0,0528551638126373
142,335353	-0,0479175448417664
142,435725	-0,0393360555171967
142,536465	-0,0309351682662964
142,637622	-0,0204754173755646
142,739378	-0,0126317739486694
142,839892	-0,00607830286026001
142,941252	-0,00310975313186646
143,041854	-0,00379344820976257
143,143648	-0,00861281156539917
143,244270	-0,0166149139404297
143,346266	-0,0249148905277252
143,447113	-0,0355773270130157
143,547686	-0,0447846055030823
143,647855	-0,0504148900508881
143,748540	-0,0536129474639893
143,849128	-0,052593857049942
143,949175	-0,0475404560565948
144,049837	-0,0407515168190002
144,149999	-0,030482143163681
144,250912	-0,0201753377914429
144,351719	-0,0126341581344604
144,452769	-0,00592312216758728
144,553342	-0,00334864854812622
144,654243	-0,00410920381546021
144,755032	-0,00875341892242432
144,855748	-0,0154518187046051
144,957109	-0,0253591537475586
145,057579	-0,035730242729187
145,158239	-0,0437234938144684
145,259137	-0,0505963861942291
145,359914	-0,0532395243644714
145,461691	-0,0525301694869995
145,563026	-0,0473485887050629
145,663950	-0,0403787195682526
145,764535	-0,0303390920162201
145,865864	-0,0199078917503357
145,965887	-0,012243926525116
146,067223	-0,00590461492538452
146,168065	-0,00316935777664185
146,269624	-0,00418686866760254
146,371422	-0,00917172431945801
146,471622	-0,017285168170929
146,573537	-0,025622695684433
146,674526	-0,0361118614673615
146,775170	-0,0451464951038361
146,876793	-0,0506244003772736
146,978073	-0,0534057915210724
147,078962	-0,0516811013221741
147,179245	-0,0470992624759674
147,279779	-0,0401404500007629
147,380339	-0,0281340479850769
147,482300	-0,019669771194458
147,582864	-0,0121750235557556
147,683633	-0,00502109527587891
147,784628	-0,00331553816795349
147,885550	-0,00438386201858521
147,985925	-0,00929197669029236
148,086477	-0,0176512598991394
148,187339	-0,0259487330913544
148,287898	-0,0346201658248901
148,388243	-0,0455207228660583
148,488483	-0,0507721900939941
148,590278	-0,0532732605934143
148,690704	-0,0516530871391296
148,791309	-0,0468076765537262
148,892137	-0,0398037135601044
148,993195	-0,0279771685600281
149,094997	-0,0194196999073029
149,196616	-0,0119820833206177
149,297861	-0,00578361749649048
149,398273	-0,0032857358455658
149,498480	-0,00451600551605225
149,598807	-0,009661465883255
149,698828	-0,017931342124939
149,800190	-0,026381254196167
149,900842	-0,0350665748119354
150,001383	-0,0456945300102234
150,101685	-0,0509627163410187
150,202600	-0,0534005761146545
150,302898	-0,0514307022094727
150,403717	-0,0467312335968018
150,503965	-0,039628654718399
150,604165	-0,0293322205543518
150,704620	-0,0191609263420105
150,805475	-0,0117188394069672
150,906012	-0,00554215908050537
151,006801	-0,00335147976875305
151,107901	-0,00457996129989624
151,209228	-0,00858467817306519
151,310100	-0,0182160139083862
151,411002	-0,0264948606491089
151,511585	-0,0351814031600952
151,613367	-0,0458897054195404
151,714705	-0,0510054528713226
151,814936	-0,0533559322357178
151,915564	-0,0520821213722229
152,016195	-0,0464068651199341
152,116679	-0,0393745899200439
152,218659	-0,0292330086231232
152,319265	-0,018955796957016
152,419980	-0,0116705000400543
152,521207	-0,00560525059700012
152,622089	-0,00334486365318298
152,722183	-0,00476139783859253
152,823030	-0,00889647006988525
152,925030	-0,0184138119220734
153,025768	-0,0269147753715515
153,126037	-0,0354801118373871
153,227687	-0,0459860861301422
153,329590	-0,051048219203949
153,430995	-0,0531844198703766
153,532474	-0,0516820549964905
153,633169	-0,0460934340953827
153,733731	-0,0388897061347961
153,833963	-0,0286816656589508
153,935541	-0,0185233950614929
154,036252	-0,0111379325389862
154,137086	-0,00522494316101074
154,237628	-0,00320765376091003
154,339338	-0,00459891557693481
154,441228	-0,0100010633468628
154,542496	-0,0185543596744537
154,643335	-0,0269303917884827
154,743803	-0,0372965931892395
154,845681	-0,0460877418518066
154,946377	-0,0510520339012146
155,047761	-0,0533549785614014
155,149205	-0,0517480969429016
155,249753	-0,0458840131759644
155,350867	-0,0370789170265198
155,452546	-0,0284635424613953
155,552989	-0,0183170735836029
155,653115	-0,0100139677524567
155,754075	-0,00539892911911011
155,854578	-0,00341486930847168
155,955231	-0,00499927997589111
156,055881	-0,010396271944046
156,156663	-0,0189753174781799
156,258063	-0,0275194942951202
156,358222	-0,0377894937992096
156,459124	-0,0452405214309692
156,559980	-0,0514459013938904
156,661334	-0,053403913974762
156,761834	-0,0516948997974396
156,863445	-0,0459400415420532
156,964235	-0,0369807779788971
157,064386	-0,0284189581871033
157,165888	-0,0183671116828918
157,266065	-0,00995182991027832
157,366943	-0,0054890513420105
157,468557	-0,00371488928794861
157,569538	-0,00599479675292969
157,670271	-0,0109518766403198
157,770868	-0,0195200145244598
157,871670	-0,0278426110744476
157,972287	-0,038175642490387
158,073329	-0,0455781817436218
158,174429	-0,0515576004981995
158,275156	-0,0535473823547363
158,376591	-0,0516008138656616
158,476634	-0,045576274394989
158,578590	-0,0366616249084473
158,679509	-0,0279956758022308
158,779978	-0,0179723501205444
158,880700	-0,00977465510368347
158,981669	-0,00524863600730896
159,082947	-0,00354641675949097
159,183841	-0,00599288940429688
159,285711	-0,0109145641326904
159,386991	-0,0180929899215698
159,488085	-0,0298806130886078
159,588955	-0,0383280217647552
159,689236	-0,0456370711326599
159,790142	-0,0521624386310577
159,890305	-0,0532784759998322
159,991971	-0,051423579454422
160,093929	-0,0439610183238983
160,194830	-0,0363114774227142
160,295743	-0,0277227461338043
160,396077	-0,0176746547222137
160,497225	-0,00949674844741821
160,597471	-0,00518938899040222
160,698938	-0,0036003589630127
160,799108	-0,00620123744010925
160,899711	-0,011333167552948
161,000062	-0,0184919536113739
161,100246	-0,0303386151790619
161,200964	-0,0388121008872986
161,302918	-0,0459936857223511
161,403077	-0,052418053150177
161,504638	-0,0534761250019073
161,605504	-0,0514102876186371
161,706150	-0,0438983142375946
161,806489	-0,0361809432506561
161,907169	-0,0275474488735199
162,007582	-0,0176145434379578
162,108524	-0,00951442122459412
162,208583	-0,00524106621742249
162,308746	-0,0037749707698822
162,410371	-0,00647997856140137
162,511294	-0,0116298198699951
162,612280	-0,0188320279121399
162,712728	-0,0306299924850464
162,813483	-0,039024829864502
162,913990	-0,0462064445018768
163,014865	-0,0518611967563629
163,115171	-0,0533554553985596
163,216647	-0,0512045621871948
163,317312	-0,0449090003967285
163,418165	-0,0357431173324585
163,519156	-0,027150571346283
163,619841	-0,0187748968601227
163,720452	-0,00919035077095032
163,820764	-0,00507798790931702
163,921722	-0,0036529004573822
164,023179	-0,00649848580360413
164,123303	-0,011737048625946
164,223494	-0,0189648270606995
164,324279	-0,0308453142642975
164,425467	-0,0392741858959198
164,526930	-0,0463527143001556
164,627002	-0,0519847273826599
164,727356	-0,0533977150917053
164,829363	-0,0510805249214172
164,931339	-0,0447613298892975
165,032563	-0,0355358421802521
165,133410	-0,0269123911857605
165,234613	-0,018627256155014
165,334790	-0,00909203290939331
165,436735	-0,00498270988464355
165,537390	-0,00367653369903564
165,639346	-0,00658255815505981
165,740035	-0,0118734240531921
165,842003	-0,0192175507545471
165,943507	-0,031013160943985
166,045333	-0,0394273996353149
166,147333	-0,0476734638214111
166,249187	-0,0519495606422424
166,350079	-0,0532965362071991
166,450546	-0,050152599811554
166,552544	-0,0445461571216583
166,653136	-0,0353848338127136
166,753450	-0,0250648856163025
166,854244	-0,0168992280960083
166,956227	-0,00908440351486206
167,057671	-0,00459843873977661
167,157912	-0,00396430492401123
167,257984	-0,00694748759269714
167,358132	-0,0122367739677429
167,458473	-0,0211477875709534
167,559090	-0,0296313166618347
167,659675	-0,0396400690078735
167,760284	-0,0477418303489685
167,861265	-0,0519880652427673
167,963073	-0,0531188547611237
168,063572	-0,0498414039611816
168,164240	-0,0441638231277466
168,265459	-0,0348755419254303
168,365520	-0,0245993137359619
168,466925	-0,0165594816207886
168,567621	-0,0088268518447876
168,669482	-0,00452214479446411
168,769704	-0,00399604439735413
168,870210	-0,00626105070114136
168,970933	-0,0138327777385712
169,072143	-0,0214678347110748
169,173132	-0,0299186408519745
169,274417	-0,0399273633956909
169,375350	-0,047953188419342
169,476138	-0,0520303249359131
169,576469	-0,0530613660812378
169,676989	-0,0496371388435364
169,777252	-0,0438398718833923
169,878935	-0,0345511138439178
169,979371	-0,024268627166748
170,080715	-0,0162544846534729
170,182470	-0,0086609423160553
170,284099	-0,00443357229232788
170,385810	-0,00398799777030945
170,487487	-0,00641492009162903
170,589151	-0,0140554308891296
170,690072	-0,0217593610286713
170,790312	-0,030303955078125
170,891159	-0,041739821434021
170,991704	-0,0481826066970825
171,093459	-0,0521852374076843
171,194873	-0,0527653694152832
171,296468	-0,0495525598526001
171,398185	-0,043746292591095
171,499555	-0,0343853235244751
171,600721	-0,024146556854248
171,701254	-0,016164094209671
171,801321	-0,00860422849655151
171,902299	-0,00451314449310303
172,002825	-0,00414234399795532
172,103388	-0,00742578506469727
172,203913	-0,0143537521362305
172,304681	-0,0220502912998199
172,404794	-0,0305159091949463
172,505313	-0,0419052243232727
172,606115	-0,0482101440429688
172,706935	-0,0520954430103302
172,807985	-0,0528641939163208
172,909359	-0,0492176413536072
173,009533	-0,0433453917503357
173,111104	-0,0339732766151428
173,211119	-0,0237107276916504
173,311208	-0,0157910585403442
173,412287	-0,00834497809410095
173,513652	-0,00436964631080627
173,614381	-0,00416508316993713
173,715027	-0,00674647092819214
173,816019	-0,0145965218544006
173,917634	-0,0223326086997986
174,019013	-0,0308158397674561
174,119596	-0,042144238948822
174,221124	-0,0484409928321838
174,321261	-0,0522213578224182
174,423041	-0,0528613328933716
174,523786	-0,0491231083869934
174,624790	-0,04313063621521
174,725217	-0,0337313115596771
174,825716	-0,0235048532485962
174,927139	-0,0156140327453613
175,028864	-0,00827828049659729
175,128905	-0,00440990924835205
175,229519	-0,00423276424407959
175,330101	-0,0077778697013855
175,430183	-0,0148612260818481
175,531126	-0,0226125121116638
175,631732	-0,0311053991317749
175,732323	-0,0409041345119476
175,832518	-0,0485535264015198
175,933327	-0,0523078441619873
176,034007	-0,0528190433979034
176,134453	-0,0489758551120758
176,236122	-0,0429444313049316
176,337077	-0,0334669947624207
176,437136	-0,0232346057891846
176,538886	-0,0154403448104858
176,639677	-0,00817254185676575
176,740171	-0,00443357229232788
176,842146	-0,00439143180847168
176,943017	-0,00798302888870239
177,044992	-0,0151388347148895
177,145723	-0,0229103267192841
177,246313	-0,0330765247344971
177,347032	-0,041183203458786
177,447240	-0,0487644672393799
177,547831	-0,0523391962051392
177,647912	-0,0527211725711823
177,748119	-0,0487440228462219
177,849089	-0,0426455736160278
177,949968	-0,0332160294055939
178,051742	-0,023028701543808
178,151901	-0,0152254998683929
178,252554	-0,00807633996009827
178,353309	-0,00441130995750427
178,453829	-0,00444161891937256
178,554060	-0,00732019543647766
178,654572	-0,0140324532985687
178,755586	-0,0232568681240082
178,855678	-0,0317546725273132
178,956670	-0,0414142310619354
179,058624	-0,0488651394844055
179,159299	-0,0523876547813416
179,260137	-0,0526190400123596
179,360874	-0,0485692024230957
179,461205	-0,0424241423606873
179,561574	-0,0328936874866486
179,662839	-0,0227725803852081
179,764210	-0,0150369107723236
179,864923	-0,00792780518531799
179,966405	-0,00470688939094543
180,067530	-0,00455722212791443
180,169526	-0,00837692618370056
180,270308	-0,0143499076366425
180,371000	-0,0235928893089294
180,471239	-0,0337236821651459
180,571511	-0,041669487953186
180,673459	-0,0489805936813354
180,774957	-0,0526978969573975
180,875306	-0,0525377690792084
180,975909	-0,0483374297618866
181,076687	-0,0421447157859802
181,178885	-0,0325804352760315
181,279740	-0,0223572850227356
181,379826	-0,0145993828773499
181,480823	-0,00766366720199585
181,581388	-0,00459986925125122
181,682216	-0,00455200672149658
181,782995	-0,00846743583679199
181,884364	-0,0143307745456696
181,984736	-0,0236620008945465
182,086513	-0,0338546931743622
182,187785	-0,0418229997158051
182,288227	-0,0491159558296204
182,390099	-0,0527268648147583
182,490121	-0,0523947775363922
182,591270	-0,0481407940387726
182,692203	-0,0403406918048859
182,793126	-0,0321701169013977
182,893906	-0,0237987637519836
182,994393	-0,0130895376205444
183,094801	-0,00765269994735718
183,196067	-0,00456953048706055
183,296974	-0,00455057621002197
183,397194	-0,00856894254684448
183,497332	-0,0146424770355225
183,598985	-0,0239861309528351
183,699991	-0,0342157483100891
183,801012	-0,0421656370162964
183,901030	-0,0493321418762207
184,001189	-0,0528637170791626
184,101275	-0,0524498820304871
184,202501	-0,0480676293373108
184,302850	-0,0417788028717041
184,403427	-0,0321962833404541
184,503866	-0,0237230360507965
184,604307	-0,0145088732242584
184,704465	-0,00770553946495056
184,804683	-0,00472870469093323
184,905858	-0,00490120053291321
185,006816	-0,00900426506996155
185,108738	-0,0150479078292847
185,208858	-0,0244195461273193
185,309350	-0,0345411002635956
185,410153	-0,0423642694950104
185,511052	-0,0494832098484039
185,611148	-0,0525349378585815
185,711308	-0,0522997379302979
185,812111	-0,0488219261169434
185,913400	-0,041384756565094
186,013761	-0,0317789614200592
186,113945	-0,0234447419643402
186,214563	-0,0142388343811035
186,315071	-0,00832021236419678
186,416266	-0,00456005334854126
186,518165	-0,00479647517204285
186,619033	-0,0090906023979187
186,720644	-0,0153039693832397
186,821571	-0,0246778726577759
186,922219	-0,0331750810146332
187,023479	-0,0425866544246674
187,124390	-0,0495425760746002
187,225949	-0,0525420606136322
187,326676	-0,0522180199623108
187,427224	-0,0486875176429749
187,527932	-0,0412431061267853
187,628805	-0,031564861536026
187,729061	-0,0231290459632874
187,830597	-0,0140578150749207
187,931225	-0,00740677118301392
188,032052	-0,00459939241409302
188,133194	-0,00499835610389709
188,234045	-0,00926285982131958
188,335590	-0,0154460668563843
188,437392	-0,0249007046222687
188,537412	-0,034973680973053
188,639000	-0,0427311062812805
188,739821	-0,0487188696861267
188,840532	-0,0527259409427643
188,941270	-0,0520621836185455
189,043201	-0,0484523773193359
189,144162	-0,0393646061420441
189,244621	-0,0312000513076782
189,345356	-0,0228161215782166
189,446592	-0,0137341320514679
189,547418	-0,00726407766342163
189,648067	-0,00462353229522705
189,748620	-0,00509980320930481
189,850242	-0,00955978035926819
189,950348	-0,015786737203598
190,051985	-0,025221973657608
190,152447	-0,0353653132915497
190,254395	-0,043011873960495
190,355659	-0,0489321351051331
190,456440	-0,052888423204422
190,558293	-0,0521016120910645
190,660212	-0,0472863614559174
190,760601	-0,0392285287380219
190,861218	-0,0309803485870361
190,961869	-0,0225718021392822
191,062970	-0,0122994780540466
191,163563	-0,00714188814163208
191,263658	-0,00455817580223083
191,364619	-0,00515714287757874
191,464793	-0,00964188575744629
191,565557	-0,0159785449504852
191,667520	-0,0254727005958557
191,768565	-0,0354996621608734
191,870484	-0,0431225597858429
191,971614	-0,0498513877391815
192,073020	-0,0527245104312897
192,173075	-0,0517989695072174
192,273536	-0,0480671525001526
192,375405	-0,038810670375824
192,476005	-0,0307374000549316
192,576593	-0,0207379162311554
192,678591	-0,0133232176303864
192,780041	-0,00703448057174683
192,880131	-0,00434550642967224
192,981458	-0,00521403551101685
193,081465	-0,00986731052398682
193,182731	-0,0176889598369598
193,283150	-0,0257173478603363
193,384740	-0,0357897877693176
193,485265	-0,0432417988777161
193,585949	-0,0498661398887634
193,686931	-0,0527031421661377
193,787863	-0,0517262518405914
193,888590	-0,0467891693115234
193,988696	-0,0401371121406555
194,090661	-0,0303780734539032
194,191749	-0,0204754173755646
194,292432	-0,0132571458816528
194,392810	-0,00703257322311401
194,492894	-0,0045316219329834
194,593139	-0,00549995899200439
194,693249	-0,0101654529571533
194,794556	-0,0165910124778748
194,895136	-0,0260921120643616
194,995359	-0,0360704064369202
195,096168	-0,0435667634010315
195,197676	-0,0500566363334656
195,298399	-0,0527055263519287
195,399110	-0,051624596118927
195,499310	-0,0476862788200378
195,599745	-0,0398831367492676
195,699836	-0,0301780104637146
195,800850	-0,0218166708946228
195,901654	-0,0129535496234894
196,003639	-0,00685292482376099
196,104059	-0,00462636351585388
196,204067	-0,00555497407913208
196,304084	-0,0103847980499268
196,404426	-0,0167903006076813
196,506126	-0,024569034576416
196,606322	-0,0362824201583862
196,706779	-0,0437092483043671
196,808098	-0,0493226051330566
196,908370	-0,052619993686676
197,008761	-0,0515670776367188
197,110053	-0,0474773049354553
197,210259	-0,0396572053432465
197,311680	-0,029883474111557
197,412717	-0,021621435880661
197,513620	-0,012952595949173
197,614478	-0,00693321228027344
197,714928	-0,00470075011253357
197,815263	-0,00573804974555969
197,916264	-0,0105425417423248
198,017156	-0,0170817077159882
198,118155	-0,0250786244869232
198,218898	-0,0366897284984589
198,319534	-0,044090211391449
198,420473	-0,0495544672012329
198,520838	-0,0526408851146698
198,620956	-0,051528126001358
198,721810	-0,0474583208560944
198,823201	-0,0394878387451172
198,923253	-0,0297524034976959
199,023402	-0,0214759111404419
199,124067	-0,0140113830566406
199,224594	-0,00683292746543884
199,324787	-0,00467753410339355
199,426356	-0,00531548261642456
199,526908	-0,0108093619346619
199,627906	-0,0173644125461578
199,729182	-0,0252356827259064
199,831012	-0,0352800190448761
199,931061	-0,0441733300685883
200,031625	-0,0495687127113342
200,131952	-0,0526228249073029
200,233916	-0,0513418614864349
200,334163	-0,0471363067626953
200,435122	-0,0391771197319031
200,536014	-0,0293639898300171
200,637046	-0,0211102962493896
200,738021	-0,0125269293785095
200,838560	-0,00668042898178101
200,939421	-0,00465527176856995
201,040256	-0,00543925166130066
201,141400	-0,0109786689281464
201,242098	-0,0175668001174927
201,343904	-0,0271950662136078
201,445120	-0,0355086922645569
201,546765	-0,0443576276302338
201,647312	-0,0497173964977264
201,748544	-0,0525985956192017
201,848593	-0,0512316226959229
201,949165	-0,0470057129859924
202,049377	-0,0388782620429993
202,149927	-0,0290830433368683
202,249987	-0,020921528339386
202,351241	-0,0123531222343445
202,451320	-0,00668233633041382
202,551345	-0,004768967628479
202,651918	-0,00556731224060059
202,752630	-0,0101539790630341
202,853548	-0,0179365873336792
202,954875	-0,025786429643631
203,056220	-0,0358193516731262
203,156996	-0,0446435213088989
203,257099	-0,0499017536640167
203,357114	-0,0525387227535248
203,457764	-0,0511988401412964
203,558112	-0,0467468798160553
203,658825	-0,0402213037014008
203,759880	-0,0288704633712769
203,860388	-0,020693302154541
203,962001	-0,0135382413864136
204,063646	-0,0073254406452179
204,165103	-0,00474625825881958
204,266456	-0,00571957230567932
204,367732	-0,0103274285793304
204,469433	-0,0181368589401245
204,569584	-0,026159793138504
204,671519	-0,0360613465309143
204,772500	-0,0448130965232849
204,872681	-0,0500366687774658
204,973569	-0,0526480078697205
205,075258	-0,0510577261447906
205,176391	-0,0466623604297638
205,276871	-0,0384308695793152
205,377657	-0,0286664962768555
205,479625	-0,0205489993095398
205,581142	-0,0120601058006287
205,681466	-0,0072479248046875
205,782744	-0,00484004616737366
205,883674	-0,00633132457733154
205,985035	-0,0105908513069153
206,085637	-0,0184628963470459
206,188119	-0,0280283689498901
206,289045	-0,0363738834857941
206,389804	-0,0450253784656525
206,490101	-0,0507702827453613
206,590221	-0,0526931583881378
206,690702	-0,0509080588817596
206,791194	-0,0451521873474121
206,892466	-0,0381999611854553
206,993020	-0,0300089120864868
207,095024	-0,0186462998390198
207,195425	-0,011923223733902
207,295446	-0,00707629323005676
207,396448	-0,00473153591156006
207,496521	-0,00648471713066101
207,598235	-0,0106969773769379
207,699431	-0,0186767876148224
207,799966	-0,0283919274806976
207,901510	-0,0365463495254517
208,003204	-0,0452039241790771
208,103849	-0,0509232580661774
208,204975	-0,0525796115398407
208,305093	-0,0508111119270325
208,406257	-0,0450149178504944
208,506399	-0,0378628373146057
208,606848	-0,0297486186027527
208,707357	-0,0199863016605377
208,807963	-0,0116322338581085
208,908629	-0,00702306628227234
209,008836	-0,00478130578994751
209,109082	-0,00649088621139526
209,211050	-0,0109447240829468
209,312715	-0,0189172625541687
209,413313	-0,0285692811012268
209,513440	-0,0368745625019073
209,614804	-0,0453521311283112
209,715619	-0,050932765007019
209,817032	-0,0526893734931946
209,918475	-0,0513266623020172
210,019164	-0,0448240041732788
210,119744	-0,0377914011478424
210,220480	-0,0295339822769165
210,320932	-0,018303245306015
210,421398	-0,0116977691650391
210,522263	-0,00702399015426636
210,622574	-0,00492346286773682
210,722651	-0,00684434175491333
210,824297	-0,0111609101295471
210,925191	-0,0192399024963379
211,026676	-0,0289141237735748
211,128537	-0,0369893610477448
211,229191	-0,044268786907196
211,329985	-0,0509760081768036
211,430850	-0,0524151921272278
211,531460	-0,0510225892066956
211,632641	-0,0444037020206451
211,734160	-0,0371608436107635
211,835833	-0,0290986895561218
211,937805	-0,0178483128547668
212,038526	-0,0112073123455048
212,139247	-0,0067787766456604
212,240860	-0,00471070408821106
212,341793	-0,00665050745010376
212,443353	-0,0124301910400391
212,543994	-0,0192689299583435
212,645085	-0,0289587080478668
212,745604	-0,037225604057312
212,846049	-0,0454832017421722
212,946111	-0,0509123206138611
213,046269	-0,0524266064167023
213,146352	-0,0508016347885132
213,247859	-0,0441709458827972
213,349477	-0,0370417535305023
213,450082	-0,0270961225032806
213,551634	-0,0177171230316162
213,653542	-0,0111871957778931
213,753720	-0,00663959980010986
213,854762	-0,00483956933021545
213,956719	-0,00691279768943787
214,058475	-0,0125944018363953
214,159136	-0,0196769237518311
214,259935	-0,0293046832084656
214,360668	-0,0373642146587372
214,460677	-0,0457790493965149
214,562533	-0,0509593784809113
214,663799	-0,0522626936435699
214,763978	-0,0500898957252502
214,864495	-0,0438531637191772
214,965273	-0,0366277992725372
215,067124	-0,0269152522087097
215,167385	-0,0188643932342529
215,267618	-0,0109126567840576
215,367707	-0,00609779357910156
215,468345	-0,00479269027709961
215,569620	-0,0070306658744812
215,669621	-0,0117451548576355
215,769966	-0,0198266506195068
215,871784	-0,0295861959457397
215,972803	-0,0377147197723389
216,073528	-0,0457980334758759
216,174209	-0,0510515570640564
216,274656	-0,052292138338089
216,375009	-0,0497545003890991
216,476978	-0,0436574816703796
216,578599	-0,0363610088825226
216,679415	-0,0264489650726318
216,779574	-0,0186210572719574
216,879921	-0,0107084512710571
216,980939	-0,00586381554603577
217,082301	-0,00485000014305115
217,183717	-0,00708866119384766
217,284507	-0,0130138993263245
217,384979	-0,0201487243175507
217,486156	-0,0297562181949615
217,586682	-0,0378328263759613
217,687090	-0,0460772812366486
217,787998	-0,0510472655296326
217,888032	-0,0522427260875702
217,988974	-0,04981529712677
218,089653	-0,0447081327438354
218,190986	-0,0361799895763397
218,291761	-0,0264129936695099
218,393024	-0,0184547901153564
218,493445	-0,010722815990448
218,594169	-0,00603702664375305
218,694693	-0,00492772459983826
218,795888	-0,00739249587059021
218,897244	-0,0121707022190094
218,997367	-0,0203681290149689
219,099166	-0,0301452577114105
219,200896	-0,0381699502468109
219,301434	-0,0461522936820984
219,402273	-0,0511921942234039
219,502674	-0,0521961450576782
219,602976	-0,04952073097229
219,704802	-0,0445399880409241
219,806275	-0,0358998477458954
219,908173	-0,0260883271694183
220,008645	-0,0183423161506653
220,109705	-0,0105597376823425
220,211535	-0,00598150491714478
220,313158	-0,00512444972991943
220,413796	-0,00753948092460632
220,514408	-0,0136737823486328
220,615120	-0,0208323299884796
220,715978	-0,030429869890213
220,816002	-0,0399868488311768
220,916844	-0,0464866459369659
221,017381	-0,0506818890571594
221,118724	-0,0520816445350647
221,219541	-0,0495045781135559
221,320560	-0,0442678332328796
221,420731	-0,0341033339500427
221,522373	-0,0258644819259644
221,623621	-0,0179990530014038
221,724646	-0,00946429371833801
221,824796	-0,00591695308685303
221,925480	-0,0050320029258728
222,026089	-0,0077093243598938
222,126611	-0,0137968361377716
222,228600	-0,0209262669086456
222,328720	-0,0307050943374634
222,430256	-0,0400605797767639
222,530372	-0,046475738286972
222,631369	-0,0507460236549377
222,732559	-0,0518260300159454
222,833157	-0,0491877198219299
222,933648	-0,0440203845500946
223,034652	-0,0336251258850098
223,135421	-0,0254963636398315
223,236110	-0,0177700817584991
223,336503	-0,0101377367973328
223,437550	-0,005820631980896
223,537639	-0,00509980320930481
223,637886	-0,00773647427558899
223,738253	-0,0140712261199951
223,838287	-0,0212511420249939
223,938834	-0,0292463004589081
224,039683	-0,0389058589935303
224,140996	-0,0466946363449097
224,241075	-0,0507531464099884
224,341661	-0,0520878434181213
224,442109	-0,0490912795066833
224,543031	-0,0437538921833038
224,643530	-0,0351051688194275
224,744048	-0,0252617001533508
224,845148	-0,01751908659935
224,947010	-0,0101377367973328
225,048064	-0,00579738616943359
225,148984	-0,0051419734954834
225,249601	-0,0080258846282959
225,350241	-0,0130239725112915
225,451192	-0,0215166807174683
225,551879	-0,0296493470668793
225,651903	-0,0391010046005249
225,752878	-0,0468570590019226
225,852923	-0,0509051978588104
225,953764	-0,0519315004348755
226,053806	-0,0489344894886017
226,154046	-0,0435990691184998
226,254947	-0,0347225964069366
226,355786	-0,0266387462615967
226,457293	-0,0173491239547729
226,557773	-0,00990313291549683
226,659234	-0,00626057386398315
226,759377	-0,00525718927383423
226,861058	-0,00738108158111572
226,961547	-0,0133634805679321
227,062564	-0,0218332707881927
227,163013	-0,0298773050308228
227,264978	-0,0394783318042755
227,367018	-0,0470536947250366
227,468606	-0,0509807467460632
227,568669	-0,0520602762699127
227,669115	-0,0487953424453735
227,769811	-0,0433738827705383
227,869897	-0,0346249341964722
227,970529	-0,0247842967510223
228,071995	-0,0171738862991333
228,172536	-0,00990599393844604
228,273850	-0,00575941801071167
228,373993	-0,00533682107925415
228,475812	-0,00762414932250977
228,576454	-0,0147788822650909
228,677890	-0,0221147537231445
228,778658	-0,0301856100559235
228,878774	-0,039542555809021
228,979016	-0,0471652746200562
229,079552	-0,0509831309318542
229,180491	-0,051792323589325
229,281422	-0,0486043691635132
229,383287	-0,0430764853954315
229,484774	-0,0341595411300659
229,585530	-0,0244999527931213
229,687322	-0,0168356895446777
229,788008	-0,0105908513069153
229,888255	-0,00574421882629395
229,988883	-0,00529414415359497
230,089489	-0,00761893391609192
230,189629	-0,0150172710418701
230,291131	-0,0222350358963013
230,391321	-0,0303196310997009
230,491708	-0,0397894382476807
230,593540	-0,0471690893173218
230,694082	-0,050950825214386
230,796074	-0,0517628192901611
230,897462	-0,048287570476532
230,998892	-0,0427947640419006
231,099061	-0,033935159444809
231,199649	-0,024158388376236
231,300300	-0,01667320728302
231,400400	-0,0105454325675964
231,500963	-0,00567212700843811
231,601427	-0,00545728206634521
231,701794	-0,00787544250488281
231,803669	-0,0152603983879089
231,904883	-0,0226598680019379
232,005556	-0,0306908190250397
232,106463	-0,0414456129074097
232,206656	-0,0474635362625122
232,307888	-0,0510553419589996
232,409255	-0,0516834855079651
232,509675	-0,0482386350631714
232,611109	-0,0425505340099335
232,711416	-0,0352071225643158
232,812315	-0,0239596366882324
232,912371	-0,0163792371749878
233,012448	-0,0103269517421722
233,113353	-0,00566214323043823
233,214228	-0,00541931390762329
233,314240	-0,00795921683311462
233,414543	-0,0141876041889191
233,515146	-0,0228019058704376
233,615277	-0,0309232771396637
233,715897	-0,0402417778968811
233,817405	-0,0474777817726135
233,917801	-0,0510914623737335
234,018390	-0,0518212914466858
234,118956	-0,0479636192321777
234,220830	-0,0423348248004913
234,321675	-0,0349598526954651
234,423583	-0,023651123046875
234,523700	-0,0162802934646606
234,624850	-0,0102538466453552
234,726382	-0,00568020343780518
234,827794	-0,00563704967498779
234,929205	-0,00818398594856262
235,030539	-0,0144844651222229
235,132096	-0,023262083530426
235,232526	-0,0312694907188416
235,332950	-0,0405765473842621
235,433146	-0,0478111803531647
235,533766	-0,051179826259613
235,634341	-0,051848828792572
235,735812	-0,0479469895362854
235,836105	-0,0421499609947205
235,936631	-0,0348178744316101
236,036903	-0,0235346853733063
236,136920	-0,0160541236400604
236,238338	-0,0101859867572784
236,339178	-0,00568020343780518
236,440171	-0,00563132762908936
236,541310	-0,00835070013999939
236,642593	-0,0146458148956299
236,743699	-0,0233283340930939
236,844375	-0,0314259827136993
236,944916	-0,0405632257461548
237,045421	-0,0476601421833038
237,146078	-0,0510662794113159
237,246364	-0,0515395402908325
237,347225	-0,0474882423877716
237,447261	-0,0417293608188629
237,547383	-0,0342671871185303
237,648186	-0,0230424404144287
237,749592	-0,0157178640365601
237,850524	-0,00981810688972473
237,950847	-0,00584053993225098
238,052524	-0,00564748048782349
238,152534	-0,00834402441978455
238,254074	-0,0148368179798126
238,355597	-0,0236189067363739
238,456020	-0,0316276848316193
238,556260	-0,0394307374954224
238,657982	-0,0478700995445251
238,758102	-0,0511066615581512
238,858759	-0,0516217350959778
238,960398	-0,0474364757537842
239,061576	-0,0415739417076111
239,162253	-0,034206211566925
239,263714	-0,0229387581348419
239,364189	-0,015632688999176
239,466167	-0,00992178916931152
239,566275	-0,00595778226852417
239,667920	-0,0058671236038208
239,768035	-0,00874769687652588
239,869658	-0,0151905417442322
239,970227	-0,024015486240387
240,070350	-0,0320873260498047
240,171887	-0,0411289930343628
240,273094	-0,0481080114841461
240,373919	-0,0512990951538086
240,475316	-0,0513081252574921
240,576124	-0,0473752021789551
240,677274	-0,0414774417877197
240,777578	-0,0323719084262848
240,878171	-0,0244441330432892
240,978789	-0,0156173706054688
241,079085	-0,00983244180679321
241,179619	-0,00609162449836731
241,280466	-0,0060654878616333
241,381195	-0,0089966356754303
241,481982	-0,0156522989273071
241,582681	-0,0244157612323761
241,684204	-0,0323890745639801
241,785061	-0,0414978861808777
241,885424	-0,048213005065918
241,986164	-0,0512715280056
242,087262	-0,0512767732143402
242,189174	-0,0471049547195435
242,289537	-0,0411684811115265
242,390303	-0,0336779654026031
242,490926	-0,0239515900611877
242,591010	-0,015193909406662
242,692199	-0,00963854789733887
242,792243	-0,00590792298316956
242,893099	-0,00609445571899414
242,993744	-0,00910875201225281
243,094693	-0,0156680941581726
243,195539	-0,0245742499828339
243,295979	-0,0325856506824493
243,396478	-0,0401523411273956
243,497592	-0,0483488440513611
243,597803	-0,0512900948524475
243,698194	-0,0514064729213715
243,798208	-0,0479308366775513
243,899178	-0,0409502685070038
244,000285	-0,0334117412567139
244,100482	-0,0238886475563049
244,200721	-0,0151249766349792
244,301789	-0,00956502556800842
244,403207	-0,00643962621688843
244,503391	-0,00625726580619812
244,603941	-0,00937503576278687
244,704588	-0,0148037970066071
244,804887	-0,0249338150024414
244,905393	-0,0329589247703552
245,006029	-0,0406169593334198
245,107339	-0,0485440492630005
245,207958	-0,0515324175357819
245,308679	-0,0516226887702942
245,409464	-0,0478724539279938
245,510164	-0,0408637225627899
245,611046	-0,033324122428894
245,711381	-0,0253061652183533
245,813347	-0,0151264071464539
245,914169	-0,00967195630073547
246,014275	-0,00643107295036316
246,114653	-0,00648093223571777
246,216407	-0,00956597924232483
246,316711	-0,0149794816970825
246,418554	-0,0252517759799957
246,518583	-0,0332122147083282
246,620337	-0,0407344102859497
246,721019	-0,0478211641311646
246,821267	-0,0514525771141052
246,921357	-0,051380842924118
247,021767	-0,0476772487163544
247,123340	-0,0405285358428955
247,225099	-0,0329650938510895
247,325310	-0,0234566032886505
247,425948	-0,0147903859615326
247,526366	-0,00943851470947266
247,626742	-0,00639212131500244
247,727693	-0,00640588998794556
247,827772	-0,00962325930595398
247,929392	-0,0151742696762085
248,030269	-0,0253260433673859
248,130787	-0,0333979427814484
248,231871	-0,0409089028835297
248,332425	-0,0477712750434875
248,434266	-0,0514145493507385
248,535536	-0,0512591898441315
248,636118	-0,0473376512527466
248,737688	-0,0402683913707733
248,839040	-0,0326665937900543
248,939333	-0,0246584713459015
249,040320	-0,0146486759185791
249,142183	-0,00927096605300903
249,244040	-0,00597295165061951
249,344121	-0,00657308101654053
249,444786	-0,0098300576210022
249,545911	-0,0154322385787964
249,647580	-0,0242213010787964
249,748418	-0,0337084531784058
249,849233	-0,0411765575408936
249,950475	-0,0481208562850952
250,052143	-0,0515219569206238
250,153660	-0,0509503483772278
250,255456	-0,0474326610565186
250,355944	-0,0401675701141357
250,456775	-0,0310530960559845
250,557689	-0,0231181681156158
250,659395	-0,0145443081855774
250,760368	-0,00931632518768311
250,860827	-0,00610440969467163
250,960890	-0,00631332397460938
251,062058	-0,010101854801178
251,162418	-0,017025351524353
251,264266	-0,0243343710899353
251,365993	-0,033913254737854
251,466597	-0,0425975620746613
251,566813	-0,0480780899524689
251,667303	-0,0515109896659851
251,767942	-0,050759345293045
251,869230	-0,0470868945121765
251,969650	-0,0398560464382172
252,070174	-0,030575305223465
252,171176	-0,0226826071739197
252,271373	-0,0142982304096222
