0,100663	0,0059640109539032
0,201176	0,00815525650978088
0,301589	0,00826293230056763
0,402351	0,0077836811542511
0,502486	0,00609356164932251
0,602914	0,00243714451789856
0,703926	-0,000966340303421021
0,804943	-0,00410330295562744
0,905382	-0,00768604874610901
1,005676	-0,00923460721969604
1,106608	-0,00987550616264343
1,207518	-0,00936535000801086
1,309045	-0,0065891444683075
1,410232	-0,00411564111709595
1,510710	-0,000528216361999512
1,610823	0,0030331015586853
1,711002	0,00589489936828613
1,812277	0,00752928853034973
1,912970	0,0087178647518158
2,013923	0,00750437378883362
2,115461	0,00565588474273682
2,216161	0,00286573171615601
2,316745	-0,00136414170265198
2,418384	-0,00437977910041809
2,518701	-0,00719738006591797
2,619289	-0,00966313481330872
2,719976	-0,00996705889701843
2,820511	-0,00891557335853577
2,921990	-0,00751891732215881
3,022397	-0,00406116247177124
3,123362	-0,000196009874343872
3,224077	0,00251671671867371
3,324756	0,00598797202110291
3,425686	0,00775063037872314
3,526048	0,00802171230316162
3,626221	0,00759780406951904
3,728079	0,00566259026527405
3,828417	0,00210127234458923
3,928555	-0,00121286511421204
4,029365	-0,00453218817710876
4,130355	-0,00786682963371277
4,231237	-0,0093766450881958
4,331439	-0,0101497173309326
4,431786	-0,00966078042984009
4,531846	-0,00710341334342957
4,632918	-0,00424203276634216
4,734610	-0,00114718079566956
4,836007	0,00301200151443481
4,937771	0,00568756461143494
5,038631	0,00749766826629639
5,138772	0,00848495960235596
5,239476	0,00717225670814514
5,340925	0,00553637742996216
5,441039	0,00248220562934875
5,542360	-0,00167748332023621
5,642688	-0,00451657176017761
5,742936	-0,0075359046459198
5,844049	-0,00958052277565002
5,944576	-0,00993779301643372
6,045802	-0,00924453139305115
6,147488	-0,00748589634895325
6,248022	-0,00388357043266296
6,348057	-0,000836849212646484
6,448082	0,00264278054237366
6,548286	0,00609740614891052
6,648967	0,00762704014778137
6,749543	0,00811457633972168
6,850931	0,00754031538963318
6,950972	0,00545236468315125
7,052704	0,00265476107597351
7,153325	-0,00136080384254456
7,255064	-0,00474464893341064
7,356043	-0,00781679153442383
7,456491	-0,0092487633228302
7,558213	-0,010242223739624
7,658439	-0,0095045268535614
7,759394	-0,00711193680763245
7,859900	-0,00420227646827698
7,961408	-0,000943481922149658
8,062924	0,00297698378562927
8,163769	0,0057302713394165
8,264364	0,00759062170982361
8,365517	0,00834524631500244
8,465631	0,00710418820381165
8,566627	0,00548407435417175
8,668417	0,00221624970436096
8,769683	-0,00118193030357361
8,870825	-0,00460883975028992
8,970829	-0,00778892636299133
9,071565	-0,00963905453681946
9,171887	-0,00995668768882751
9,273864	-0,00916001200675964
9,375070	-0,00737443566322327
9,475550	-0,00380399823188782
9,575940	-0,000279456377029419
9,676263	0,00276264548301697
9,776882	0,00610700249671936
9,877164	0,00749048590660095
9,978084	0,00811073184013367
10,078226	0,00762227177619934
10,178283	0,00515285134315491
10,278371	0,00195708870887756
10,378621	-0,0010468065738678
10,478696	-0,00505071878433228
10,578968	-0,00759020447731018
10,679509	-0,0095238983631134
10,780179	-0,0104404985904694
10,881446	-0,00956684350967407
10,983316	-0,00730693340301514
11,084922	-0,00429600477218628
11,185806	-0,000934451818466187
11,287732	0,00274249911308289
11,388205	0,00561460852622986
11,490057	0,00742581486701965
11,591170	0,0079512894153595
11,691398	0,00712576508522034
11,792868	0,00519508123397827
11,893383	0,00184932351112366
11,995016	-0,0013660192489624
12,095608	-0,00478297472000122
12,196223	-0,00796690583229065
12,297873	-0,00961828231811523
12,399319	-0,00999915599822998
12,499426	-0,00923129916191101
12,599710	-0,0073220431804657
12,700389	-0,00398257374763489
12,800599	-0,000484853982925415
12,902443	0,00256991386413574
13,002746	0,00527429580688477
13,103552	0,00710371136665344
13,203768	0,00775733590126038
13,304561	0,00719621777534485
13,405569	0,00483748316764832
13,506044	0,00182348489761353
13,606788	-0,00116956233978271
13,707448	-0,00496557354927063
13,808251	-0,00772428512573242
13,909796	-0,00930067896842957
14,009959	-0,010052502155304
14,110665	-0,00918647646903992
14,212599	-0,00704488158226013
14,314116	-0,00406354665756226
14,414878	-0,000811129808425903
14,515135	0,00269410014152527
14,616198	0,00505349040031433
14,717577	0,00727051496505737
14,819295	0,00765338540077209
14,919923	0,00689658522605896
15,020035	0,00497475266456604
15,121798	0,00163102149963379
15,222391	-0,00142452120780945
15,324216	-0,00478437542915344
15,425570	-0,00789892673492432
15,527288	-0,00940212607383728
15,627992	-0,00972780585289001
15,729227	-0,00896278023719788
15,829271	-0,00694334506988525
15,929287	-0,00423541665077209
16,030843	-0,00022462010383606
16,131231	0,00290891528129578
16,231626	0,00545382499694824
16,331676	0,00739654898643494
16,433324	0,00788423418998718
16,534281	0,00716507434844971
16,634646	0,00480672717094421
16,735085	0,001799076795578
16,835749	-0,00129705667495728
16,936621	-0,00503036379814148
17,036867	-0,00770679116249084
17,138601	-0,00937101244926453
17,240213	-0,00996091961860657
17,341273	-0,0087617039680481
17,443234	-0,00700286030769348
17,544045	-0,00446215271949768
17,644847	-3,05473804473877E-5
17,745084	0,00281393527984619
17,845659	0,0052579939365387
17,946619	0,00760069489479065
18,046852	0,00774535536766052
18,147563	0,0070246160030365
18,248777	0,00454607605934143
18,350375	0,00164967775344849
18,450905	-0,0013260543346405
18,552163	-0,00478062033653259
18,654059	-0,00788381695747375
18,755556	-0,009320467710495
18,856245	-0,00974711775779724
18,957936	-0,00892218947410583
19,057980	-0,00688716769218445
19,158618	-0,00368651747703552
19,258908	-0,000243693590164185
19,359814	0,00288251042366028
19,460302	0,00534436106681824
19,562217	0,00727340579032898
19,662519	0,00779089331626892
19,764026	0,00696128606796265
19,864722	0,00466704368591309
19,965310	0,00167888402938843
20,065480	-0,00148966908454895
20,166666	-0,00510793924331665
20,267809	-0,00776770710945129
20,368554	-0,00944176316261292
20,470230	-0,00991609692573547
20,571060	-0,00870037078857422
20,671679	-0,0069848895072937
20,773508	-0,00369787216186523
20,873992	4,29153442382813E-5
20,975446	0,00280770659446716
21,076341	0,00579124689102173
21,176714	0,00749334692955017
21,277131	0,00761985778808594
21,377532	0,00694501399993896
21,477747	0,00481393933296204
21,578084	0,00140321254730225
21,679709	-0,00150725245475769
21,781688	-0,00507244467735291
21,882100	-0,00809293985366821
21,983528	-0,00943470001220703
22,085400	-0,00996187329292297
22,185892	-0,00897881388664246
22,286225	-0,00690275430679321
22,387525	-0,00376611948013306
22,488454	-0,000168353319168091
22,589847	0,00293335318565369
22,690211	0,0057048499584198
22,790709	0,00713774561882019
22,892110	0,00781577825546265
22,992536	0,00658869743347168
23,093157	0,00467377901077271
23,193566	0,00163054466247559
23,294075	-0,00158381462097168
23,394511	-0,00508096814155579
23,494570	-0,00780594348907471
23,594629	-0,00945687294006348
23,695226	-0,00984153151512146
23,795641	-0,00867724418640137
23,896257	-0,00693249702453613
23,996378	-0,00420889258384705
24,097356	0,000114500522613525
24,198198	0,00285375118255615
24,298581	0,00545719265937805
24,400236	0,00735199451446533
24,500295	0,00760740041732788
24,600902	0,00698143243789673
24,702799	0,00473091006278992
24,803052	0,00139221549034119
24,904004	-0,00147590041160583
25,004413	-0,00509941577911377
25,105326	-0,0080089271068573
25,206277	-0,00926953554153442
25,306556	-0,009836345911026
25,407355	-0,00874048471450806
25,507682	-0,00662502646446228
25,608008	-0,00415775179862976
25,709264	-0,000535368919372559
25,810128	0,0031525194644928
25,911464	0,00542214512825012
26,012321	0,00733473896980286
26,113233	0,00786080956459045
26,213579	0,00687786936759949
26,314090	0,00476643443107605
26,414796	0,00161281228065491
26,514874	-0,00159332156181335
26,615647	-0,00442761182785034
26,716377	-0,00778234004974365
26,816726	-0,00936535000801086
26,916761	-0,00965982675552368
27,016978	-0,00883111357688904
27,118390	-0,00671616196632385
27,219827	-0,00396078824996948
27,321205	-0,0004100501537323
27,422059	0,00301966071128845
27,522376	0,00557044148445129
27,623053	0,00714349746704102
27,723770	0,00768306851387024
27,824780	0,00701501965522766
27,925691	0,00513988733291626
28,026018	0,001473069190979
28,126649	-0,00144878029823303
28,227364	-0,00449907779693604
28,328154	-0,00780782103538513
28,428946	-0,00917181372642517
28,529656	-0,00971880555152893
28,631294	-0,00882118940353394
28,732011	-0,0064852237701416
28,832033	-0,00399962067604065
28,932582	-0,000338554382324219
29,033263	0,00320911407470703
29,134088	0,00547155737876892
29,235574	0,00715115666389465
29,335713	0,00778082013130188
29,436345	0,00684526562690735
29,536379	0,00515717267990112
29,636540	0,00147163867950439
29,737138	-0,00164371728897095
29,837420	-0,00447112321853638
29,938214	-0,00742214918136597
30,038570	-0,00935307145118713
30,139278	-0,00963714718818665
30,240106	-0,00883251428604126
30,340750	-0,00664344429969788
30,441175	-0,0038873553276062
30,541271	-0,000998705625534058
30,641765	0,00306186079978943
30,742081	0,00553685426712036
30,843466	0,00703132152557373
30,945177	0,00758153200149536
31,046039	0,00681409239768982
31,146663	0,00489842891693115
31,247797	0,00182110071182251
31,348759	-0,00169551372528076
31,450355	-0,00476688146591187
31,550408	-0,00760957598686218
31,652110	-0,00935590267181396
31,752156	-0,00986841320991516
31,852965	-0,00913786888122559
31,953592	-0,00661131739616394
32,053862	-0,00408342480659485
32,154594	-0,00102347135543823
32,255849	0,00304701924324036
32,356336	0,00530645251274109
32,456957	0,00696417689323425
32,556974	0,0075010359287262
32,657357	0,00648698210716248
32,759027	0,00478753447532654
32,859673	0,00160372257232666
32,960754	-0,00201818346977234
33,060780	-0,00482934713363647
33,161508	-0,00778326392173767
33,261745	-0,0093492865562439
33,362512	-0,00979670882225037
33,463041	-0,00917229056358337
33,563271	-0,00709965825080872
33,664147	-0,00389447808265686
33,764553	-0,00100061297416687
33,865285	0,00253733992576599
33,966163	0,00550132989883423
34,067293	0,0069747269153595
34,168230	0,00758248567581177
34,269578	0,00669035315513611
34,370082	0,00478899478912354
34,470774	0,00173059105873108
34,571381	-0,00182905793190002
34,672751	-0,00483500957489014
34,773635	-0,00723233819007874
34,874622	-0,00935825705528259
34,976358	-0,00976505875587463
35,078124	-0,0089910626411438
35,179012	-0,00643420219421387
35,279183	-0,00388500094413757
35,379500	-0,000835925340652466
35,481189	0,00264808535575867
35,581679	0,00545093417167664
35,682359	0,00707828998565674
35,782421	0,00756379961967468
35,884089	0,00655606389045715
35,984449	0,00479763746261597
36,085888	0,00158506631851196
36,187531	-0,00203859806060791
36,288120	-0,00482934713363647
36,388777	-0,0073598325252533
36,488806	-0,00948616862297058
36,589135	-0,00976836681365967
36,689998	-0,00916475057601929
36,791191	-0,00704863667488098
36,891986	-0,0038655698299408
36,992762	-0,00096777081489563
37,093936	0,00258862972259521
37,194438	0,00549319386482239
37,295686	0,00689610838890076
37,396327	0,0075015127658844
37,496940	0,00655272603034973
37,598000	0,00463488698005676
37,699377	0,0022013783454895
37,799943	-0,00195643305778503
37,900834	-0,00490644574165344
38,001668	-0,00726348161697388
38,101963	-0,00940778851509094
38,202501	-0,0097815990447998
38,302806	-0,00896087288856506
38,403618	-0,0068909227848053
38,505204	-0,00382816791534424
38,607070	-0,000742107629776001
38,708890	0,00266194343566895
38,810819	0,00550517439842224
38,911027	0,00709220767021179
39,011498	0,00748476386070251
39,112208	0,00653064250946045
39,212711	0,00474002957344055
39,312920	0,00151997804641724
39,413649	-0,00202956795692444
39,513800	-0,00488325953483582
39,615031	-0,00743299722671509
39,715999	-0,00948473811149597
39,816242	-0,00980094075202942
39,917300	-0,00919449329376221
40,018993	-0,00653243064880371
40,120710	-0,00391343235969543
40,222417	-0,00104156136512756
40,323632	0,00253301858901978
40,423726	0,00532951951026917
40,523862	0,00677189230918884
40,624658	0,00739511847496033
40,725355	0,00639104843139648
40,825463	0,00452303886413574
40,926071	0,00209933519363403
41,027933	-0,00205427408218384
41,128333	-0,00491923093795776
41,230062	-0,00760579109191895
41,330236	-0,00935447216033936
41,431572	-0,00961264967918396
41,533003	-0,00879383087158203
41,633697	-0,00677946209907532
41,735499	-0,00366425514221191
41,836010	-0,000675410032272339
41,936192	0,00266721844673157
42,036535	0,00548982620239258
42,137574	0,00698527693748474
42,237703	0,00733619928359985
42,338393	0,00639632344245911
42,439187	0,00454175472259521
42,539822	0,00191590189933777
42,641049	-0,00209560990333557
42,741207	-0,00495043396949768
42,842046	-0,00738012790679932
42,943278	-0,00914305448532104
43,043533	-0,00958949327468872
43,144521	-0,00887307524681091
43,244917	-0,00664818286895752
43,345355	-0,00357946753501892
43,445716	-0,000684946775436401
43,545985	0,00284367799758911
43,646036	0,0055205225944519
43,747699	0,00693783164024353
43,848298	0,00746795535087585
43,949200	0,00628933310508728
44,050190	0,00442272424697876
44,151381	0,00191494822502136
44,252257	-0,00230169296264648
44,352944	-0,00510746240615845
44,453569	-0,00742214918136597
44,553937	-0,00933179259300232
44,654101	-0,00971174240112305
44,755096	-0,00890567898750305
44,856756	-0,00728332996368408
44,957717	-0,00366899371147156
45,058778	-0,00073733925819397
45,159861	0,00261738896369934
45,261844	0,00543603301048279
45,363342	0,00681409239768982
45,463478	0,0072101354598999
45,564402	0,00617319345474243
45,664757	0,00425904989242554
45,765936	0,00167888402938843
45,866140	-0,00175163149833679
45,968110	-0,00519353151321411
46,069604	-0,00754299759864807
46,170064	-0,00925633311271667
46,270402	-0,0096796452999115
46,370827	-0,00886601209640503
46,471316	-0,00664770603179932
46,572365	-0,00356525182723999
46,673311	-0,000626832246780396
46,773781	0,00283744931221008
46,874151	0,00549653172492981
46,975053	0,00690951943397522
47,075063	0,00732851028442383
47,175676	0,00617223978042603
47,276217	0,00431808829307556
47,377188	0,00177943706512451
47,478622	-0,00179770588874817
47,578736	-0,00513821840286255
47,679202	-0,00745049118995667
47,779594	-0,00926339626312256
47,880906	-0,00957062840461731
47,980986	-0,00877019762992859
48,081623	-0,00667038559913635
48,182453	-0,00347378849983215
48,282890	-0,000583469867706299
48,383221	0,00223398208618164
48,483354	0,00553926825523376
48,584089	0,00683325529098511
48,685236	0,00721922516822815
48,786051	0,00639823079109192
48,886748	0,00414913892745972
48,987367	0,00160756707191467
49,088874	-0,00185093283653259
49,190673	-0,00527769327163696
49,291290	-0,00753685832023621
49,392090	-0,00903543829917908
49,493799	-0,00961780548095703
49,595506	-0,00873956084251404
49,695641	-0,00696176290512085
49,795995	-0,00342020392417908
49,897863	-0,000432908535003662
49,998317	0,00240457057952881
50,099897	0,00557237863540649
50,201692	0,0069301426410675
50,303659	0,00720867514610291
50,403855	0,00633347034454346
50,504206	0,00413280725479126
50,605848	0,00152954459190369
50,706095	-0,00201866030693054
50,807047	-0,00538644194602966
50,908951	-0,00772520899772644
51,009932	-0,00945734977722168
51,110680	-0,00975891947746277
51,210966	-0,00892266631126404
51,312230	-0,00667038559913635
51,412689	-0,00350457429885864
51,513297	-0,000586330890655518
51,614865	0,00281202793121338
51,715864	0,0051250159740448
51,816347	0,00680258870124817
51,916625	0,00714829564094543
52,017969	0,0063166618347168
52,118361	0,00407809019088745
52,219284	0,000978976488113403
52,319445	-0,001975417137146
52,419782	-0,00534817576408386
52,520609	-0,00759965181350708
52,621326	-0,0093035101890564
52,721637	-0,0095786452293396
52,821730	-0,00867158174514771
52,922472	-0,00644412636756897
53,022727	-0,00330743193626404
53,123456	-0,000353813171386719
53,225168	0,002492755651474
53,325747	0,00530070066452026
53,427651	0,0070241391658783
53,528704	0,00735199451446533
53,630138	0,0064188539981842
53,731451	0,00420001149177551
53,831952	0,00104352831840515
53,932434	-0,00188514590263367
54,033546	-0,00523042678833008
54,134732	-0,00750568509101868
54,235869	-0,00920677185058594
54,336516	-0,0094502866268158
54,437429	-0,00860455632209778
54,537903	-0,00637134909629822
54,638416	-0,00376328825950623
54,740341	-0,000329971313476563
54,841739	0,00302493572235107
54,942126	0,00529590249061584
55,042197	0,00692054629325867
55,142322	0,00717177987098694
55,242328	0,0062701404094696
55,342710	0,00396484136581421
55,444663	0,000831753015518188
55,546227	-0,00208276510238647
55,647608	-0,00545170903205872
55,748842	-0,00802025198936462
55,849500	-0,00930729508399963
55,950678	-0,00964894890785217
56,052353	-0,00835111737251282
56,154019	-0,00641199946403503
56,255519	-0,00383478403091431
56,357382	0,000258594751358032
56,458894	0,00300046801567078
56,559795	0,0052032470703125
56,660317	0,00701406598091125
56,762265	0,00706103444099426
56,863346	0,00612714886665344
56,963778	0,00389042496681213
57,064043	0,000701755285263062
57,165482	-0,00222191214561462
57,267378	-0,00552830100059509
57,368881	-0,00814813375473022
57,469925	-0,00944602489471436
57,571102	-0,00963953137397766
57,673064	-0,00845211744308472
57,773377	-0,00644221901893616
57,874546	-0,00323867797851563
57,974651	0,00020134449005127
58,076292	0,00295588374137878
58,177447	0,00553637742996216
58,277550	0,00686347484588623
58,379228	0,00695747137069702
58,480961	0,00569763779640198
58,582344	0,00373783707618713
58,684284	0,000604808330535889
58,785284	-0,00290295481681824
58,885666	-0,00569090247154236
58,985857	-0,00823357701301575
59,087350	-0,00963148474693298
59,188803	-0,00969049334526062
59,290582	-0,00836339592933655
59,390935	-0,00587475299835205
59,492462	-0,00314763188362122
59,592508	0,000398486852645874
59,692609	0,00311559438705444
59,793856	0,00569042563438416
59,894709	0,00696033239364624
59,995840	0,00712192058563232
60,096443	0,0058349072933197
60,197330	0,00385639071464539
60,297842	0,000608146190643311
60,398940	-0,00293758511543274
60,500681	-0,00567528605461121
60,601594	-0,0083029568195343
60,702076	-0,00964990258216858
60,803853	-0,00966030359268188
60,905475	-0,00842803716659546
61,006969	-0,00589743256568909
61,107150	-0,00315997004508972
61,207986	0,000292956829071045
61,308278	0,00358811020851135
61,409527	0,0056789219379425
61,509533	0,00686541199684143
61,610374	0,0069977343082428
61,711179	0,0058075487613678
61,811574	0,00376471877098083
61,912435	0,000627249479293823
62,013039	-0,00291195511817932
62,113938	-0,00565829873085022
62,214633	-0,00814720988273621
62,314677	-0,00954419374465942
62,415176	-0,00960460305213928
62,516331	-0,00824162364006042
62,616923	-0,00580999255180359
62,718275	-0,00307604670524597
62,820244	-0,000115424394607544
62,920247	0,0035986602306366
63,020983	0,00563237071037292
63,121394	0,00686204433441162
63,221736	0,00692775845527649
63,322091	0,00566357374191284
63,422906	0,00366297364234924
63,523869	0,000369340181350708
63,625447	-0,00307938456535339
63,726268	-0,00579962134361267
63,827787	-0,00842803716659546
63,928178	-0,00964236259460449
64,028662	-0,00959989428520203
64,128724	-0,00833034515380859
64,229950	-0,00571122765541077
64,330451	-0,00303950905799866
64,430562	-0,000173598527908325
64,530565	0,00320863723754883
64,631144	0,00568467378616333
64,732469	0,00685963034629822
64,833237	0,00707158446311951
64,933784	0,00567460060119629
65,034689	0,00359818339347839
65,136477	0,00047677755355835
65,238286	-0,00312346220016479
65,338372	-0,0057637095451355
65,438519	-0,00819680094718933
65,539183	-0,00957956910133362
65,640921	-0,0095139741897583
65,741826	-0,00841578841209412
65,842443	-0,0061303973197937
65,942964	-0,00284886360168457
66,044538	0,000139772891998291
66,145193	0,00332474708557129
66,245730	0,00592511892318726
66,346560	0,00706341862678528
66,447072	0,00701358914375305
66,548243	0,00577393174171448
66,649174	0,00369992852210999
66,749593	0,00041806697845459
66,850265	-0,00295984745025635
66,951028	-0,00574526190757751
67,051237	-0,00830107927322388
67,153203	-0,00948378443717957
67,254224	-0,0095333456993103
67,356068	-0,00848186016082764
67,456069	-0,00547769665718079
67,556915	-0,00284555554389954
67,657154	6,24954700469971E-5
67,757930	0,00344035029411316
67,860222	0,00576195120811462
67,960851	0,00696033239364624
68,060885	0,00708356499671936
68,161815	0,00558388233184814
68,262664	0,00361788272857666
68,364365	0,00039324164390564
68,464986	-0,00323158502578735
68,565158	-0,00583362579345703
68,665730	-0,00794661045074463
68,766544	-0,00965508818626404
68,866553	-0,00947150588035583
68,968196	-0,00841909646987915
69,069703	-0,00559872388839722
69,169855	-0,00270134210586548
69,270316	0,0001412034034729
69,371659	0,00334969162940979
69,472289	0,00593423843383789
69,573757	0,00696703791618347
69,674648	0,00695553421974182
69,776003	0,00565254688262939
69,876494	0,00347346067428589
69,976958	0,000742405652999878
70,077345	-0,00323250889778137
70,178802	-0,00612473487854004
70,279867	-0,00822886824607849
70,380974	-0,00971600413322449
70,482378	-0,00972402095794678
70,582996	-0,00860881805419922
70,684983	-0,00562849640846252
70,785448	-0,00304284691810608
70,885985	-1,9073486328125E-5
70,987900	0,00374409556388855
71,088605	0,00566068291664124
71,188634	0,00691959261894226
71,289553	0,00690999627113342
71,389716	0,005389004945755
71,489981	0,00341826677322388
71,591918	0,000746697187423706
71,692702	-0,00340551137924194
71,792846	-0,00590547919273376
71,894203	-0,008055180311203
71,995382	-0,00961971282958984
72,095566	-0,0094045102596283
72,196272	-0,00840774178504944
72,296912	-0,00543183088302612
72,397685	-0,00254330039024353
72,498308	0,000242382287979126
72,599235	0,00350990891456604
72,699757	0,00599661469459534
72,800392	0,00694069266319275
72,901345	0,00713485479354858
73,001677	0,00560837984085083
73,102589	0,00336456298828125
73,202974	0,000673562288284302
73,303187	-0,00339555740356445
73,403586	-0,00622677803039551
73,504233	-0,00825247168540955
73,606195	-0,00978252291679382
73,708194	-0,00973579287528992
73,808694	-0,00844410061836243
73,910389	-0,00599527359008789
74,011254	-0,0028635561466217
74,111574	0,000173658132553101
74,212194	0,00336551666259766
74,312743	0,00574228167533875
74,414276	0,00699248909950256
74,514786	0,0068797767162323
74,615740	0,00542119145393372
74,717700	0,00345525145530701
74,818298	0,000617235898971558
74,919432	-0,00345054268836975
75,019936	-0,00601795315742493
75,121739	-0,00863522291183472
75,223662	-0,00970560312271118
75,324214	-0,00951114296913147
75,424716	-0,00825530290603638
75,525693	-0,00600233674049377
75,626163	-0,0027259886264801
75,726521	6,19888305664063E-6
75,827025	0,00338229537010193
75,928393	0,0057283341884613
76,029471	0,00667741894721985
76,129620	0,0068107545375824
76,230321	0,00524166226387024
76,330543	0,00299760699272156
76,430790	0,000448614358901978
76,531306	-0,00376564264297485
76,631815	-0,00641199946403503
76,733226	-0,00832563638687134
76,833233	-0,00981885194778442
76,934661	-0,00973016023635864
77,035467	-0,00845590233802795
77,135597	-0,00608646869659424
77,235754	-0,00274592638015747
77,336689	0,000348359346389771
77,437547	0,00301101803779602
77,537791	0,00600478053092957
77,638577	0,00710371136665344
77,740601	0,00687834620475769
77,840753	0,00549605488777161
77,941224	0,00335928797721863
78,041684	0,000521183013916016
78,142582	-0,00346383452415466
78,242810	-0,00615119934082031
78,343322	-0,00835254788398743
78,443414	-0,00958949327468872
78,544229	-0,00952106714248657
78,645664	-0,00845447182655334
78,746118	-0,00629249215126038
78,846825	-0,00255042314529419
78,947241	0,000320196151733398
79,048183	0,00323885679244995
79,149881	0,00601822137832642
79,250866	0,00704425573348999
79,351496	0,0072091817855835
79,451643	0,00542885065078735
79,553599	0,00324654579162598
79,654686	0,000641077756881714
79,755658	-0,00304046273231506
79,857596	-0,00622633099555969
79,959342	-0,0081840455532074
80,060234	-0,00972214341163635
80,160947	-0,00953099131584167
80,261294	-0,00828740000724792
80,361891	-0,00592485070228577
80,462661	-0,00247874855995178
80,562975	0,000476300716400146
80,663201	0,00356557965278625
80,764124	0,006064772605896
80,864789	0,007048100233078
80,965138	0,00694212317466736
81,065310	0,00545334815979004
81,165952	0,00319713354110718
81,266193	0,000347405672073364
81,366978	-0,00304332375526428
81,467133	-0,00635626912117004
81,569035	-0,00843369960784912
81,669596	-0,00960037112236023
81,769962	-0,00957956910133362
81,871471	-0,00840398669242859
81,971741	-0,00571358203887939
82,072383	-0,00251674652099609
82,173013	0,000484436750411987
82,274110	0,00338372588157654
82,375061	0,00609451532363892
82,475150	0,00718137621879578
82,577270	0,00724944472312927
82,679002	0,00576481223106384
82,779955	0,00332090258598328
82,880804	0,000669270753860474
82,981707	-0,00298881530761719
83,081956	-0,00608929991722107
83,183639	-0,00812360644340515
83,285076	-0,00958526134490967
83,385586	-0,00928887724876404
83,487441	-0,00811702013015747
83,588038	-0,00570225715637207
83,688207	-0,00223377346992493
83,789817	0,000648707151412964
83,890048	0,0033281147480011
83,991651	0,00628885626792908
84,092327	0,00713437795639038
84,192834	0,00693926215171814
84,293685	0,00579938292503357
84,394263	0,0031050443649292
84,495308	-0,000194579362869263
84,596057	-0,00299590826034546
84,697404	-0,00633499026298523
84,797820	-0,00830060243606567
84,898637	-0,00948944687843323
85,000150	-0,00947624444961548
85,101263	-0,00818073749542236
85,202073	-0,00553774833679199
85,302922	-0,00234204530715942
85,403152	0,000730931758880615
85,503243	0,00394228100776672
85,603806	0,00580897927284241
85,704444	0,00720676779747009
85,805361	0,00698769092559814
85,906008	0,00565636157989502
86,007837	0,00325709581375122
86,109651	-0,000158339738845825
86,210169	-0,00312867760658264
86,311340	-0,00613513588905334
86,412270	-0,00824254751205444
86,514089	-0,00952154397964478
86,615597	-0,00917324423789978
86,715658	-0,00802260637283325
86,815773	-0,00541719794273376
86,916138	-0,00252857804298401
87,016481	0,000833183526992798
87,116789	0,00407424569129944
87,217620	0,00612571835517883
87,318298	0,00719240307807922
87,418713	0,00723505020141602
87,519590	0,00591936707496643
87,620225	0,00319570302963257
87,720408	0,000552713871002197
87,821408	-0,00294944643974304
87,923142	-0,00622346997261047
88,024019	-0,00806555151939392
88,126032	-0,00930964946746826
88,226128	-0,00917750597000122
88,326974	-0,00778278708457947
88,427702	-0,00528052449226379
88,529264	-0,00259599089622498
88,629545	0,00105929374694824
88,730475	0,00408145785331726
88,831015	0,00598844885826111
88,931101	0,00725996494293213
89,031199	0,00687548518180847
89,132857	0,00561413168907166
89,234310	0,00309160351753235
89,335759	-0,000404328107833862
89,436174	-0,00328370928764343
89,536228	-0,00639215111732483
89,636647	-0,00849083065986633
89,736930	-0,00960603356361389
89,837629	-0,00943940877914429
89,938147	-0,00810709595680237
90,038310	-0,00541293621063232
90,138947	-0,00267380475997925
90,239789	0,0007285475730896
90,340529	0,00348448753356934
90,441274	0,00592607259750366
90,541511	0,00702700018882751
90,641721	0,006999671459198
90,743628	0,00553253293037415
90,844498	0,00287869572639465
90,945804	0,000192761421203613
91,046333	-0,00336146354675293
91,146985	-0,00650787353515625
91,247232	-0,00836905837059021
91,347996	-0,00960838794708252
91,448468	-0,00951632857322693
91,549573	-0,00799190998077393
91,650836	-0,00549095869064331
91,752301	-0,00276017189025879
91,852419	0,000792086124420166
91,953819	0,00380262732505798
92,053861	0,00574180483818054
92,154548	0,00693541765213013
92,255400	0,00669661164283752
92,355649	0,00530549883842468
92,456428	0,00271230936050415
92,557377	-0,000111132860183716
92,657519	-0,00350883603096008
92,758437	-0,0061393678188324
92,858668	-0,00858426094055176
92,959525	-0,00953900814056396
93,061137	-0,00946065783500671
93,161391	-0,0080542266368866
93,261950	-0,00585633516311646
93,362750	-0,00263631343841553
93,463635	0,000779181718826294
93,563860	0,00349888205528259
93,663965	0,00582194328308105
93,765576	0,00691959261894226
93,866460	0,00683662295341492
93,966899	0,00529348850250244
94,067088	0,00264278054237366
94,168594	-4,81903553009033E-5
94,269297	-0,00299021601676941
94,370421	-0,0062079131603241
94,471441	-0,00847712159156799
94,572204	-0,00957110524177551
94,673317	-0,0094771683216095
94,773769	-0,00791308283805847
94,875237	-0,00585633516311646
94,975627	-0,00255706906318665
95,076967	0,000964641571044922
95,177796	0,00351181626319885
95,278668	0,00592127442359924
95,379244	0,0070461630821228
95,479864	0,00679829716682434
95,580009	0,00571396946907043
95,680841	0,00326380133628845
95,781586	-7,82310962677002E-5
95,882096	-0,00289204716682434
95,982906	-0,00607606768608093
96,083998	-0,0084596574306488
96,184441	-0,00938701629638672
96,284452	-0,00931388139724731
96,384752	-0,00784605741500854
96,485554	-0,00562426447868347
96,585970	-0,00298216938972473
96,686229	0,00101339817047119
96,787188	0,00371095538139343
96,887291	0,005653977394104
96,987822	0,00694069266319275
97,087997	0,00689801573753357
97,189936	0,00566980242729187
97,290364	0,00321918725967407
97,390386	3,0517578125E-5
97,490877	-0,00291576981544495
97,591378	-0,00556042790412903
97,692129	-0,00828880071640015
97,792985	-0,00934833288192749
97,893331	-0,00928649306297302
97,994622	-0,00762137770652771
98,095383	-0,00552216172218323
98,196809	-0,00277012586593628
98,297522	0,00122478604316711
98,398455	0,00376951694488525
98,500328	0,00583106279373169
98,600651	0,00705575942993164
98,702014	0,00688555836677551
98,803310	0,00576385855674744
98,903443	0,00322112441062927
99,005455	-5,43892383575439E-5
99,105557	-0,00288352370262146
99,206563	-0,0060831606388092
99,307054	-0,00837799906730652
99,407120	-0,00928130745887756
99,507759	-0,00930869579315186
99,608323	-0,00762608647346497
99,710303	-0,0054309070110321
99,810853	-0,00281518697738647
99,912318	0,000654458999633789
100,013109	0,00383093953132629
100,114531	0,00574755668640137
100,216066	0,00703325867652893
100,317198	0,00689226388931274
100,418104	0,0056006908416748
100,518495	0,00314292311668396
100,619342	-0,000113517045974731
100,720873	-0,00301486253738403
100,822516	-0,00604298710823059
100,922664	-0,00833269953727722
101,022822	-0,00934785604476929
101,124288	-0,00911283493041992
101,225185	-0,00759634375572205
101,325297	-0,00542333722114563
101,426310	-0,00208845734596252
101,527928	0,000731885433197021
101,628069	0,00381654500961304
101,729906	0,00613340735435486
101,829992	0,00697186589241028
101,930072	0,00679156184196472
102,030513	0,00564628839492798
102,131584	0,00307482481002808
102,231897	-0,000151187181472778
102,332766	-0,00298738479614258
102,432775	-0,00616490840911865
102,532776	-0,00836622714996338
102,633756	-0,00925347208976746
102,735261	-0,00911757349967957
102,835844	-0,0078328549861908
102,936338	-0,00527912378311157
103,037556	-0,002667635679245
103,138095	0,000825047492980957
103,238842	0,00393074750900269
103,340350	0,00581187009811401
103,440620	0,00707396864891052
103,540977	0,00682798027992249
103,640992	0,00555747747421265
103,742508	0,00306859612464905
103,842748	-0,000245124101638794
103,943597	-0,00314101576805115
104,044065	-0,00617340207099915
104,144921	-0,00843748450279236
104,245184	-0,00934502482414246
104,346183	-0,00921005010604858
104,448022	-0,00788524746894836
104,549356	-0,00533255934715271
104,650227	-0,00259077548980713
104,751564	0,000795423984527588
104,852649	0,00391781330108643
104,953903	0,00587376952171326
105,055662	0,00701069831848145
105,155979	0,00680500268936157
105,256127	0,00558149814605713
105,356587	0,00298225879669189
105,456800	-0,000245124101638794
105,556866	-0,00310260057449341
105,657597	-0,00577598810195923
105,758222	-0,00812834501266479
105,858345	-0,00931623578071594
105,958519	-0,0092761218547821
106,058940	-0,00783994793891907
106,158966	-0,00531506538391113
106,259677	-0,00267097353935242
106,361622	0,000799745321273804
106,462229	0,00384628772735596
106,562477	0,0057302713394165
106,663086	0,00694549083709717
106,764878	0,00665584206581116
106,865330	0,00539237260818481
106,966453	0,00290074944496155
107,066807	-0,000408142805099487
107,168589	-0,0032372772693634
107,269693	-0,00578686594963074
107,371199	-0,00819632411003113
107,471842	-0,00933417677879333
107,573415	-0,00905713438987732
107,674921	-0,00787061452865601
107,775153	-0,00528478622436523
107,875947	-0,00254520773887634
107,977567	0,000823616981506348
108,078413	0,0039345920085907
108,180214	0,00582098960876465
108,280508	0,00688603520393372
108,381903	0,00663375854492188
108,482263	0,00529301166534424
108,582649	0,0027008056640625
108,682986	8,01384449005127E-5
108,783206	-0,00334012508392334
108,883643	-0,00594708323478699
108,984433	-0,00824254751205444
109,085293	-0,00938183069229126
109,186556	-0,00927472114562988
109,286698	-0,00777715444564819
109,387801	-0,00523939728736877
109,489052	-0,00251436233520508
109,590414	0,000964641571044922
109,690923	0,00397396087646484
109,791620	0,00584545731544495
109,892836	0,00700879096984863
109,992930	0,00687739253044128
110,093963	0,00544613599777222
110,194951	0,00290217995643616
110,296353	7,25090503692627E-5
110,397123	-0,00332829356193542
110,498967	-0,00636759400367737
110,600110	-0,00826144218444824
110,700692	-0,0093039870262146
110,800868	-0,00896653532981873
110,901717	-0,00763034820556641
111,004090	-0,00498685240745544
111,104650	-0,00173306465148926
111,205370	0,00102820992469788
111,306084	0,00410786271095276
111,407627	0,00624039769172668
111,507772	0,00709795951843262
111,608711	0,0069752037525177
111,709360	0,00547349452972412
111,810441	0,00284606218338013
111,911711	0,000165075063705444
112,012155	-0,00324058532714844
112,112869	-0,0062556266784668
112,212891	-0,00804576277732849
112,313277	-0,00914683938026428
112,414906	-0,00882306694984436
112,514914	-0,0074901282787323
112,615454	-0,00492396950721741
112,715539	-0,0021839439868927
112,816213	0,00124534964561462
112,916282	0,00381559133529663
113,016961	0,00609642267227173
113,117128	0,00717177987098694
113,217381	0,00691288709640503
113,319213	0,00538372993469238
113,419912	0,00273865461349487
113,519991	2,38418579101563E-6
113,621223	-0,00338989496231079
113,721238	-0,005928635597229
113,822754	-0,00824964046478271
113,923500	-0,00931859016418457
114,024741	-0,00911235809326172
114,125715	-0,00763365626335144
114,226969	-0,00499016046524048
114,328204	-0,00226274132728577
114,429054	0,00109660625457764
114,529232	0,00364473462104797
114,629586	0,00591793656349182
114,731479	0,00687259435653687
114,832382	0,00664049386978149
114,932675	0,00517538189888
115,034187	0,00249180197715759
115,135765	-0,000134021043777466
115,236016	-0,00348705053329468
115,336840	-0,00649559497833252
115,437635	-0,00824397802352905
115,537901	-0,00924971699714661
115,639419	-0,00900760293006897
115,740636	-0,00735840201377869
115,841469	-0,00523751974105835
115,943073	-0,00214925408363342
116,044207	0,00123435258865356
116,144353	0,00359052419662476
116,244936	0,00572404265403748
116,345854	0,00670236349105835
116,446262	0,00633537769317627
116,546288	0,00476545095443726
116,646342	0,0021156370639801
116,746878	-0,000716358423233032
116,847680	-0,00403040647506714
116,947756	-0,00650599598884583
117,048602	-0,00879666209220886
117,148760	-0,00969520211219788
117,249112	-0,00947293639183044
117,350905	-0,00808727741241455
117,452041	-0,00597968697547913
117,552966	-0,00294327735900879
117,653447	0,000218987464904785
117,753599	0,0026753842830658
117,854599	0,00468721985816956
117,954703	0,0054144561290741
118,056203	0,00517633557319641
118,157927	0,00349503755569458
118,258716	0,00131279230117798
118,360403	-0,00176918506622314
118,461844	-0,00509375333786011
118,562420	-0,00787204504013062
118,663102	-0,00940969586372375
118,765063	-0,010184645652771
118,866203	-0,00973957777023315
118,968205	-0,00783899426460266
119,069717	-0,00555193424224854
119,170336	-0,00150629878044128
119,271415	0,001473069190979
119,373459	0,00397586822509766
119,473722	0,00649416446685791
119,574337	0,00716793537139893
119,674830	0,00669947266578674
119,775489	0,00504195690155029
119,876791	0,00222057104110718
119,977801	-0,000731140375137329
120,078737	-0,00410661101341248
120,179981	-0,00713127851486206
120,282076	-0,00893020629882813
120,382863	-0,00965556502342224
120,483832	-0,0091015100479126
120,584538	-0,00755009055137634
120,684862	-0,00510558485984802
120,786169	-0,00120285153388977
120,888139	0,00149080157279968
120,988518	0,00357085466384888
121,088538	0,00432288646697998
121,189155	0,00307002663612366
121,289804	2,24113464355469E-5
121,391622	-0,00600281357765198
121,492276	-0,0138289332389832
121,592375	-0,021346241235733
121,692402	-0,0308597087860107
121,793185	-0,0395228266716003
121,895009	-0,0453793108463287
121,996801	-0,0493476092815399
122,098212	-0,0508759915828705
122,198389	-0,0489629209041595
122,298708	-0,0447209775447845
122,399235	-0,0358469486236572
122,500253	-0,0285533666610718
122,600458	-0,0214260816574097
122,700961	-0,0142329037189484
122,801800	-0,00966078042984009
122,901867	-0,00841674208641052
123,001917	-0,00961735844612122
123,102563	-0,0152075290679932
123,203452	-0,0214289724826813
123,304263	-0,0286731421947479
123,405986	-0,0389226078987122
123,506835	-0,0451492071151733
123,608692	-0,0500405728816986
123,709668	-0,0514680445194244
123,810027	-0,0497131645679474
123,910456	-0,0454650521278381
124,010984	-0,0380959212779999
124,113212	-0,0293959081172943
124,214139	-0,02215975522995
124,314742	-0,0150526463985443
124,414971	-0,0105839669704437
124,515552	-0,00940543413162231
124,615649	-0,010795921087265
124,716045	-0,0164691507816315
124,816363	-0,0226847231388092
124,916548	-0,0300000905990601
125,017697	-0,0400266945362091
125,118772	-0,0461015403270721
125,219346	-0,0503241717815399
125,319793	-0,0519477725028992
125,420702	-0,0500339269638062
125,521324	-0,0457203984260559
125,621837	-0,038134753704071
125,722055	-0,0294039845466614
125,822177	-0,0222372710704803
125,922876	-0,0160224735736847
126,024375	-0,0106311738491058
126,124698	-0,00957486033439636
126,225436	-0,0110319554805756
126,326130	-0,0167723000049591
126,426595	-0,0229814946651459
126,527290	-0,0300534069538116
126,628530	-0,0388022363185883
126,730021	-0,0461963415145874
126,830221	-0,0503588914871216
126,931872	-0,0521460175514221
127,032586	-0,0500853061676025
127,133305	-0,0457013547420502
127,234160	-0,0395147502422333
127,335317	-0,0294821262359619
127,435828	-0,0223004221916199
127,535903	-0,0164539813995361
127,635951	-0,0110815465450287
127,736649	-0,0100741982460022
127,836689	-0,0114564001560211
127,937083	-0,0171943008899689
128,037506	-0,0234009027481079
128,137820	-0,0307466387748718
128,237901	-0,0392809808254242
128,337977	-0,0465260446071625
128,438250	-0,0505572557449341
128,539923	-0,0520400106906891
128,640213	-0,0499030649662018
128,740708	-0,0455455482006073
128,841070	-0,039282888174057
128,941424	-0,0307347476482391
129,042437	-0,0222367942333221
129,144044	-0,0162476897239685
129,245447	-0,0116396546363831
129,345794	-0,0102776288986206
129,446724	-0,0117303133010864
129,546969	-0,0165986716747284
129,647882	-0,0239338576793671
129,747916	-0,0310183465480804
129,848811	-0,0396575331687927
129,949616	-0,0467161238193512
130,050320	-0,0505672693252563
130,151236	-0,0520875453948975
130,251673	-0,0503279864788055
130,351965	-0,0451506376266479
130,452123	-0,039058655500412
130,553111	-0,0304543077945709
130,653407	-0,0219612419605255
130,753647	-0,0161405205726624
130,854581	-0,0114592611789703
130,955347	-0,010190337896347
131,055814	-0,011951357126236
131,156078	-0,0167310535907745
131,257330	-0,0227541327476501
131,358255	-0,0313113629817963
131,459140	-0,0396523177623749
131,560371	-0,0456937253475189
131,660900	-0,0505310893058777
131,761153	-0,0518408119678497
131,862792	-0,0501228868961334
131,963407	-0,0449739098548889
132,064290	-0,0386273860931396
132,165020	-0,0301794409751892
132,266803	-0,0217785239219666
132,367625	-0,0159831345081329
132,468269	-0,0116632580757141
132,568616	-0,0104135572910309
132,669815	-0,0120802819728851
132,769932	-0,0170955657958984
132,870238	-0,023099273443222
132,971861	-0,0315947234630585
133,072516	-0,0388022363185883
133,173443	-0,0460019707679749
133,274441	-0,0506252944469452
133,376233	-0,0519064366817474
133,477949	-0,049251914024353
133,579338	-0,0446738302707672
133,680112	-0,0384800434112549
133,782141	-0,0298463702201843
133,883126	-0,0215446650981903
133,983801	-0,0159276723861694
134,084439	-0,0114908814430237
134,184793	-0,0104867219924927
134,285532	-0,0122999250888824
134,385698	-0,0172617435455322
134,486260	-0,0248312652111053
134,588068	-0,0320116877555847
134,688443	-0,0390406250953674
134,788491	-0,0463649928569794
134,889727	-0,0509501695632935
134,990226	-0,0519748628139496
135,090944	-0,0500034689903259
135,192043	-0,0445533394813538
135,293795	-0,0381480157375336
135,394023	-0,0296340584754944
135,494217	-0,0212162435054779
135,595911	-0,0155059397220612
135,697190	-0,0113279819488525
135,798060	-0,0102681815624237
135,898362	-0,0121213495731354
135,999319	-0,0163188278675079
136,100095	-0,0248317420482635
136,201397	-0,032084733247757
136,302088	-0,0392402112483978
136,402299	-0,0463411808013916
136,504154	-0,050913542509079
136,606120	-0,0520903766155243
136,706151	-0,0498678386211395
136,807844	-0,0444699823856354
136,909541	-0,0381224453449249
137,010129	-0,0294139981269836
137,110899	-0,0211803615093231
137,211155	-0,0156272053718567
137,311739	-0,0113478004932404
137,412950	-0,01057168841362
137,513479	-0,0124770998954773
137,614442	-0,016534149646759
137,714728	-0,0253038704395294
137,814881	-0,0324877202510834
137,915097	-0,0394953191280365
138,016837	-0,0476856231689453
138,117378	-0,0511009395122528
138,217507	-0,052029550075531
138,319286	-0,0491986274719238
138,420079	-0,0442804396152496
138,520726	-0,0378264784812927
138,622317	-0,0292872786521912
138,723911	-0,0208912789821625
138,824932	-0,0153055489063263
138,925833	-0,0117218196392059
139,027479	-0,0103304982185364
139,128717	-0,0123325288295746
139,229545	-0,0176792740821838
139,330230	-0,025177001953125
139,431434	-0,0324498116970062
139,532049	-0,0395593643188477
139,632490	-0,0474631488323212
139,732932	-0,0509710907936096
139,833029	-0,051931619644165
139,933720	-0,0495199263095856
140,034277	-0,0440109074115753
140,134303	-0,0376200973987579
140,235126	-0,0289044678211212
140,335934	-0,0207565724849701
140,437420	-0,0152340233325958
140,538023	-0,011524885892868
140,638354	-0,0104876756668091
140,739030	-0,0124893486499786
140,839749	-0,0166665017604828
140,939956	-0,0255293846130371
141,041341	-0,0326611697673798
141,141477	-0,039596825838089
141,242321	-0,0467404425144196
141,342953	-0,0509116351604462
141,443901	-0,0517214834690094
141,544702	-0,0494827926158905
141,645920	-0,0436995029449463
141,747547	-0,0372584164142609
141,848276	-0,0302332043647766
141,948521	-0,020406037569046
142,050250	-0,0150010585784912
142,150413	-0,0115523040294647
142,251103	-0,0103064179420471
142,351832	-0,0124988257884979
142,452755	-0,0168378055095673
142,553659	-0,0254398584365845
142,654664	-0,0327549874782562
142,754941	-0,0397320091724396
142,855124	-0,046515554189682
142,955513	-0,0508436262607574
143,056050	-0,0515835881233215
143,157544	-0,0496670007705688
143,258455	-0,0434952676296234
143,358744	-0,0369862914085388
143,458960	-0,0297649800777435
143,559967	-0,0203234255313873
143,660614	-0,0148367583751678
143,761771	-0,011350154876709
143,862063	-0,0105391144752502
143,963192	-0,0126070082187653
144,063690	-0,0169654786586761
144,164462	-0,0245056450366974
144,265057	-0,0329411923885345
144,367057	-0,0399260818958282
144,467561	-0,0468995571136475
144,568275	-0,0508450567722321
144,668345	-0,0516240298748016
144,769680	-0,0498359501361847
144,870622	-0,0432725250720978
144,971726	-0,036928117275238
145,073385	-0,0298335254192352
145,173735	-0,0201406180858612
145,275683	-0,0149224400520325
145,376537	-0,0110881328582764
145,477658	-0,0105556547641754
145,578149	-0,012949138879776
145,678170	-0,0172788500785828
145,779940	-0,024628221988678
145,881260	-0,0333352982997894
145,982254	-0,0401073694229126
146,082359	-0,0468428730964661
146,183323	-0,0509701371192932
146,283970	-0,0515041649341583
146,385683	-0,0489138960838318
146,485824	-0,0432477593421936
146,587571	-0,0366304516792297
146,688751	-0,0281400084495544
146,790384	-0,0201525688171387
146,891610	-0,0147799551486969
146,993126	-0,0111896693706512
147,094681	-0,010715663433075
147,194961	-0,0130833685398102
147,296483	-0,0187284052371979
147,398129	-0,0250333547592163
147,499765	-0,033422440290451
147,600671	-0,0416298508644104
147,700868	-0,0470162928104401
147,802428	-0,0507680177688599
147,902659	-0,05118128657341
148,003481	-0,0485896170139313
148,104273	-0,0426357388496399
148,204845	-0,034869909286499
148,306122	-0,0276508927345276
148,407112	-0,0196588337421417
148,508107	-0,0138015151023865
148,608519	-0,0109569132328033
148,709411	-0,0105051398277283
148,810026	-0,0132535099983215
148,910725	-0,018770307302475
149,011456	-0,0251904129981995
149,112840	-0,0338277518749237
149,212976	-0,0417201817035675
149,313811	-0,047148734331131
149,414480	-0,0509677827358246
149,514845	-0,0510034263134003
149,615664	-0,0484791398048401
149,715764	-0,0425738990306854
149,816669	-0,0345159769058228
149,918026	-0,0275065898895264
150,018553	-0,0208047926425934
150,119123	-0,0143686830997467
150,220832	-0,0110494196414948
150,322793	-0,0106594860553741
150,423634	-0,0132440626621246
150,524036	-0,0190722048282623
150,624316	-0,0254158973693848
150,724654	-0,0338689386844635
150,826289	-0,0420149862766266
150,928210	-0,0471992194652557
151,029976	-0,0508250892162323
151,130614	-0,0510062873363495
151,231794	-0,0481657385826111
151,332004	-0,0432910621166229
151,433106	-0,0342570841312408
151,533723	-0,0269979238510132
151,635148	-0,0203301310539246
151,735777	-0,0133556425571442
151,836972	-0,0106094777584076
151,937080	-0,0103899538516998
152,038754	-0,0139788687229156
152,140490	-0,0188741087913513
152,240784	-0,0254369676113129
152,342171	-0,0354031622409821
152,442309	-0,0419137179851532
152,542900	-0,0472868680953979
152,643552	-0,0508683621883392
152,743796	-0,0508112907409668
152,845245	-0,0482033789157867
152,945349	-0,0432801246643066
153,047294	-0,0340757966041565
153,147625	-0,0270639061927795
153,248353	-0,0203616321086884
153,349314	-0,0133787989616394
153,449411	-0,0109488666057587
153,550910	-0,0106948912143707
153,651387	-0,0143696367740631
153,751731	-0,0194881856441498
153,852473	-0,0258668661117554
153,952802	-0,0344227254390717
154,053515	-0,0424387753009796
154,153674	-0,0475269854068756
154,254410	-0,0510590970516205
154,356068	-0,0509844124317169
154,457212	-0,048046201467514
154,557905	-0,0431478023529053
154,659088	-0,0339768528938293
154,760756	-0,0267530381679535
154,861541	-0,0202065110206604
154,961853	-0,0133561193943024
155,062799	-0,0108124315738678
155,163765	-0,0108015835285187
155,264507	-0,0137631893157959
155,365246	-0,0195982754230499
155,467225	-0,0262248516082764
155,567853	-0,0346943736076355
155,668589	-0,0425515472888947
155,769088	-0,0477946996688843
155,869946	-0,0510956943035126
155,970032	-0,0508759915828705
156,070547	-0,0480714440345764
156,171107	-0,0429826676845551
156,271870	-0,0337434709072113
156,372752	-0,0267147719860077
156,472882	-0,0200366079807281
156,573310	-0,0132946372032166
156,674503	-0,0109550058841705
156,775178	-0,0108053684234619
156,876042	-0,0138937532901764
156,977412	-0,019887775182724
157,078090	-0,0263243913650513
157,179240	-0,0334674417972565
157,279825	-0,0427575409412384
157,380470	-0,0477056205272675
157,480888	-0,0507475435733795
157,581709	-0,0507323145866394
157,682097	-0,0476579964160919
157,782925	-0,0426847636699677
157,884451	-0,0333585143089294
157,986318	-0,0262057185173035
158,087101	-0,019755631685257
158,189051	-0,0137769281864166
158,289994	-0,0107048153877258
158,391609	-0,0108591914176941
158,492482	-0,0139244496822357
158,593175	-0,0199655294418335
158,693375	-0,0266583263874054
158,794012	-0,0350908935070038
158,894881	-0,0429693162441254
158,995085	-0,048041433095932
159,096438	-0,0508674085140228
159,196908	-0,0508084297180176
159,298729	-0,0478156507015228
159,400159	-0,0413917005062103
159,501286	-0,0334011316299438
159,601945	-0,0263172090053558
159,701963	-0,0197260677814484
159,802554	-0,0139046311378479
159,902788	-0,0109654068946838
160,004735	-0,0109961032867432
160,105732	-0,014274537563324
160,205777	-0,0203205645084381
160,306473	-0,026843935251236
160,407584	-0,0354305803775787
160,508147	-0,0431297123432159
160,609452	-0,0480242967605591
160,711307	-0,0511970221996307
160,811677	-0,0506176650524139
160,912571	-0,0474664866924286
161,014418	-0,0411854386329651
161,115462	-0,0344288945198059
161,216137	-0,0259520709514618
161,316975	-0,0184571743011475
161,417200	-0,0136965215206146
161,518818	-0,0108917355537415
161,619540	-0,0111962854862213
161,719902	-0,0144581198692322
161,820493	-0,0206930339336395
161,920945	-0,0273497998714447
162,021672	-0,0357352793216705
162,122224	-0,0435623824596405
162,222982	-0,0484857857227325
162,323007	-0,0511960685253143
162,423369	-0,0509520471096039
162,523542	-0,0477356314659119
162,624373	-0,0423945486545563
162,725777	-0,0345221161842346
162,827149	-0,0260056555271149
162,928262	-0,0195043683052063
163,029323	-0,0138497352600098
163,130643	-0,0110281705856323
163,231553	-0,0113478004932404
163,331867	-0,0148045718669891
163,432601	-0,0209366679191589
163,532938	-0,0275233089923859
163,633599	-0,0360626876354218
163,735105	-0,0436761975288391
163,835913	-0,0485424697399139
163,937716	-0,051536500453949
164,038066	-0,0511965155601501
164,139596	-0,0476460754871368
164,241566	-0,0411702394485474
164,341616	-0,0343370735645294
164,442066	-0,0259271860122681
164,542458	-0,0196254551410675
164,642727	-0,0139509737491608
164,743539	-0,011333167552948
164,844030	-0,0116462409496307
164,945578	-0,0150057971477509
165,047577	-0,021300345659256
165,148486	-0,0279121994972229
165,250484	-0,036311537027359
165,351132	-0,0439694821834564
165,451263	-0,0486605763435364
165,551846	-0,0514219403266907
165,653833	-0,0510319769382477
165,754992	-0,0472663938999176
165,856066	-0,0407089293003082
165,956784	-0,0340185165405273
166,056974	-0,0255470871925354
166,157362	-0,0181327760219574
166,259136	-0,0137130618095398
166,359659	-0,0110909640789032
166,460395	-0,0119078755378723
166,560533	-0,0150701701641083
166,660929	-0,0213323831558228
166,761251	-0,0280397236347198
166,862431	-0,0364965498447418
166,962515	-0,0429084002971649
167,062857	-0,0487586557865143
167,163519	-0,0514846742153168
167,264015	-0,0509187877178192
167,364697	-0,0471634864807129
167,465673	-0,040564090013504
167,566200	-0,0338561534881592
167,666552	-0,0254915654659271
167,766740	-0,019168883562088
167,867039	-0,0136147141456604
167,967805	-0,011125922203064
168,068729	-0,0115768313407898
168,169580	-0,0151180028915405
168,271170	-0,0203033983707428
168,371804	-0,0281829833984375
168,473224	-0,0365746319293976
168,573417	-0,04294553399086
168,674524	-0,0486162900924683
168,775009	-0,0510181784629822
168,876481	-0,0506814122200012
168,977637	-0,0467890202999115
169,078602	-0,0401553213596344
169,179313	-0,0334541797637939
169,281623	-0,0250395834445953
169,382946	-0,0177348852157593
169,483566	-0,0134345889091492
169,584718	-0,0110064744949341
169,686225	-0,0120023488998413
169,786303	-0,015336811542511
169,886711	-0,0205172896385193
169,987593	-0,0284841954708099
170,088465	-0,036928117275238
170,189006	-0,043224424123764
170,290083	-0,0489257872104645
170,390087	-0,0514960885047913
170,491356	-0,050806999206543
170,591851	-0,0468986034393311
170,691971	-0,0414653718471527
170,792520	-0,0333646833896637
170,893343	-0,0250395834445953
170,993346	-0,0188069641590118
171,093393	-0,0133698284626007
171,193499	-0,011222243309021
171,294208	-0,0116320848464966
171,394423	-0,0152951180934906
171,495196	-0,0205669403076172
171,596237	-0,0284383893013
171,697358	-0,0354026854038239
171,797737	-0,0431182980537415
171,899046	-0,0486115217208862
172,000432	-0,050885021686554
172,101175	-0,0504031479358673
172,202983	-0,0463221371173859
172,303416	-0,040896087884903
172,404095	-0,0329198837280273
172,505525	-0,0245027840137482
172,606520	-0,0183824598789215
172,708501	-0,0131462216377258
172,809300	-0,0110045969486237
172,909426	-0,0116259455680847
173,010242	-0,0154486000537872
173,111999	-0,0206429064273834
173,212521	-0,0286645591259003
173,313542	-0,0369687974452972
173,413844	-0,0431749224662781
173,514022	-0,0487634241580963
173,615759	-0,0510933101177216
173,716350	-0,0502984523773193
173,817602	-0,0463073551654816
173,918488	-0,040755957365036
174,019792	-0,0327128469944
174,119873	-0,0258204340934753
174,220773	-0,0183363258838654
174,321371	-0,0131764709949493
174,421445	-0,0112387537956238
174,521674	-0,0118096768856049
174,622976	-0,0156888067722321
174,723971	-0,0209964215755463
174,825930	-0,0288505852222443
174,926994	-0,0372149050235748
175,027172	-0,0434709787368774
175,127532	-0,0487981736660004
175,227698	-0,0511189997196198
175,328001	-0,0502447187900543
175,428930	-0,0459933876991272
175,529202	-0,0404790937900543
175,629316	-0,032429426908493
175,729438	-0,0254374444484711
175,830153	-0,0181437134742737
175,931554	-0,0130129158496857
176,032989	-0,0110177993774414
176,133199	-0,011823832988739
176,235134	-0,0157305002212524
176,335414	-0,0210594832897186
176,435592	-0,0291414260864258
176,537392	-0,0373862385749817
176,638492	-0,0435600280761719
176,738867	-0,0489810407161713
176,839324	-0,0509506464004517
176,940903	-0,0501271784305573
177,041716	-0,0468743145465851
177,142287	-0,0403053164482117
177,243469	-0,0323090255260468
177,343701	-0,0254259407520294
177,443746	-0,0180262625217438
177,543985	-0,0130597352981567
177,644911	-0,0112250745296478
177,746860	-0,0119773149490356
177,847838	-0,0161078274250031
177,949406	-0,0215064287185669
178,050119	-0,0294416546821594
178,150493	-0,0378212928771973
178,251292	-0,0438994765281677
178,352752	-0,0484238862991333
178,453572	-0,051157534122467
178,554330	-0,0501581132411957
178,656369	-0,0467013716697693
178,756967	-0,0389406085014343
178,858704	-0,0320548713207245
178,960167	-0,0251324474811554
179,060827	-0,0179164409637451
179,162973	-0,0128626525402069
179,263351	-0,0110881328582764
179,363381	-0,0120368003845215
179,464244	-0,0160509347915649
179,565152	-0,0215164721012115
179,666564	-0,0295735597610474
179,767937	-0,0377573668956757
179,868219	-0,0439575612545013
179,969061	-0,048471987247467
180,069717	-0,0510400831699371
180,170681	-0,0500267744064331
180,271425	-0,0465579628944397
180,372526	-0,0386501252651215
180,472683	-0,0319158732891083
180,574524	-0,0249164998531342
180,674956	-0,0167357623577118
180,776034	-0,0129245519638062
180,877048	-0,011185884475708
180,977280	-0,0121974050998688
181,078424	-0,0164582431316376
181,179641	-0,0218741595745087
181,281193	-0,029912531375885
181,383161	-0,0381039679050446
181,483215	-0,0440447330474854
181,583615	-0,0492333471775055
181,684597	-0,0511727333068848
181,784911	-0,0500086843967438
181,885269	-0,0464736223220825
181,986253	-0,0385686457157135
182,086345	-0,0316468775272369
182,186869	-0,0248331725597382
182,287001	-0,0166603326797485
182,388148	-0,0129585862159729
182,488953	-0,0113624632358551
182,589837	-0,0123688876628876
182,690474	-0,0165678560733795
182,791135	-0,0221592783927917
182,891565	-0,0289163887500763
182,992035	-0,038512259721756
183,092503	-0,0445966720581055
183,192680	-0,0489181876182556
183,293657	-0,0513016283512115
183,394056	-0,0501728653907776
183,494597	-0,0465951263904572
183,594657	-0,0399820506572723
183,696211	-0,0319514572620392
183,797213	-0,0250414907932281
183,897356	-0,0179017186164856
183,997358	-0,0130956470966339
184,097992	-0,0113884210586548
184,198891	-0,0122068524360657
184,298904	-0,0168501436710358
184,398938	-0,0223889648914337
184,499710	-0,0290503799915314
184,599726	-0,0372290909290314
184,700063	-0,0444366335868835
184,800075	-0,0488248467445374
184,900379	-0,0511242151260376
185,001296	-0,0498997271060944
185,102030	-0,0463316738605499
185,202227	-0,0395726263523102
185,303678	-0,0328360199928284
185,404541	-0,0246129035949707
185,504550	-0,0174892544746399
185,605359	-0,0134615302085876
185,706152	-0,0113917291164398
185,806648	-0,0121218264102936
185,908608	-0,0159404873847961
186,009015	-0,0223798751831055
186,110957	-0,0289941132068634
186,212169	-0,0373114347457886
186,312586	-0,0435390770435333
186,412683	-0,0488643944263458
186,514367	-0,0511246919631958
186,614669	-0,0502380430698395
186,716405	-0,046086311340332
186,816437	-0,0394147038459778
186,916827	-0,0327318012714386
187,018615	-0,0245434641838074
187,118661	-0,0186674892902374
187,219142	-0,01361945271492
187,320366	-0,0115437805652618
187,421906	-0,0123811662197113
187,523872	-0,0162822902202606
187,624812	-0,0228034257888794
187,725828	-0,0295073688030243
187,826955	-0,0376641154289246
187,928562	-0,0447990894317627
188,028725	-0,0490267276763916
188,130350	-0,0511189997196198
188,230888	-0,049746960401535
188,331909	-0,0461039245128632
188,431951	-0,0393317341804504
188,532894	-0,0312724113464355
188,633483	-0,0244965255260468
188,733789	-0,0185390114784241
188,834927	-0,0130204856395721
188,936068	-0,0116495788097382
189,037799	-0,0125885903835297
189,138983	-0,0165825486183167
189,239749	-0,0231638848781586
189,339901	-0,0297406911849976
189,441472	-0,0392212569713593
189,541856	-0,0450010597705841
189,643121	-0,0491557419300079
189,743606	-0,0512193441390991
189,843677	-0,0497631430625916
189,944542	-0,0459628999233246
190,044958	-0,0404182970523834
190,145543	-0,0311024188995361
190,245559	-0,0243102610111237
190,346050	-0,0184700191020966
190,446689	-0,0135882198810577
190,548367	-0,0116609036922455
190,650126	-0,0126660764217377
190,750620	-0,0176355838775635
190,852601	-0,0232730507850647
190,952962	-0,0300262868404388
191,054510	-0,0381357073783875
191,155965	-0,0451191961765289
191,256241	-0,0491766929626465
191,356846	-0,0510790348052979
191,457674	-0,0495204031467438
191,559110	-0,0458347499370575
191,659585	-0,0401975512504578
191,759595	-0,0308649241924286
191,859775	-0,0241067111492157
191,960779	-0,0182169377803802
192,061200	-0,0128895938396454
192,161720	-0,0117132961750031
192,262418	-0,0127780735492706
192,364314	-0,0169127881526947
192,464649	-0,0235660970211029
192,565599	-0,0301314294338226
192,665775	-0,0382844209671021
192,765778	-0,0452778339385986
192,867285	-0,0492776334285736
192,967470	-0,0511109232902527
193,068432	-0,0495218336582184
193,169045	-0,0455517470836639
193,270604	-0,0399569272994995
193,370720	-0,0306045413017273
193,470760	-0,0238620042800903
193,571456	-0,0181708037853241
193,673431	-0,0134090483188629
193,774422	-0,0116420090198517
193,874798	-0,0127955377101898
193,975686	-0,0169479250907898
194,076108	-0,0236245095729828
194,177789	-0,0304490923881531
194,278323	-0,0384966433048248
194,378914	-0,0454393327236176
194,479909	-0,0494499504566193
194,580083	-0,0510894954204559
194,680241	-0,0499325692653656
194,780264	-0,045568436384201
194,881761	-0,0398549139499664
194,982105	-0,0318940579891205
195,082828	-0,0238855183124542
195,182875	-0,0180305540561676
195,283120	-0,0134161412715912
195,384298	-0,0117968916893005
195,485052	-0,0128862857818604
195,585725	-0,0172237455844879
195,685970	-0,0226751267910004
195,787604	-0,0305099487304688
195,888020	-0,0373611450195313
195,989360	-0,0454679131507874
196,091341	-0,0493033528327942
196,192273	-0,0510077178478241
196,293812	-0,0496560633182526
196,394681	-0,0450696647167206
196,496652	-0,0394787192344666
196,598465	-0,0299996137619019
196,698578	-0,0234066545963287
196,800544	-0,0178204476833344
196,902439	-0,0131325125694275
197,003086	-0,0116571187973022
197,104292	-0,0128990411758423
197,204573	-0,0171724855899811
197,305404	-0,0240310728549957
197,405743	-0,030773252248764
197,506760	-0,0374875366687775
197,607052	-0,0456646680831909
197,708621	-0,0494656562805176
197,808879	-0,0509259104728699
197,909533	-0,049103856086731
198,009706	-0,0450010597705841
198,110552	-0,0392795503139496
198,212481	-0,0299653708934784
198,312900	-0,0233223736286163
198,413108	-0,0176545679569244
198,514081	-0,0131854712963104
198,614813	-0,0116783678531647
198,714876	-0,0129604637622833
198,814907	-0,0164833962917328
198,916495	-0,0241512656211853
199,017539	-0,0308844149112701
199,117615	-0,0376882553100586
199,218889	-0,0456703901290894
199,320633	-0,049441397190094
199,421597	-0,0509820282459259
199,522428	-0,048949122428894
199,622761	-0,0449148416519165
199,723222	-0,0392525494098663
199,823536	-0,0311859846115112
199,923610	-0,0232553482055664
200,023783	-0,0176811814308167
200,124648	-0,0137069225311279
200,225058	-0,0118554532527924
200,325294	-0,0131953656673431
200,425524	-0,0166584551334381
200,527023	-0,0244826376438141
200,627039	-0,0312211215496063
200,729030	-0,037895143032074
200,829137	-0,0449534356594086
200,930003	-0,0495713353157043
201,031654	-0,0509354174137115
201,132545	-0,0495132505893707
201,233081	-0,0447505414485931
201,333420	-0,0390249788761139
201,434709	-0,0311200022697449
201,535109	-0,0231007039546967
201,635280	-0,0174959003925323
201,735702	-0,0136492252349854
201,836336	-0,0117732584476471
201,938055	-0,0132624804973602
202,038314	-0,0169431865215302
202,139563	-0,0246770679950714
202,240638	-0,0314670205116272
202,341566	-0,0381494462490082
202,441720	-0,0460515022277832
202,542577	-0,0497050583362579
202,642950	-0,0511052012443542
202,744831	-0,0494923293590546
202,845235	-0,0447786152362823
202,945517	-0,0389496088027954
203,045800	-0,030889630317688
203,146735	-0,0229929983615875
203,247355	-0,0174673795700073
203,349317	-0,0136686265468597
203,449641	-0,0119740068912506
203,550749	-0,0134288966655731
203,651572	-0,0170271992683411
203,752362	-0,0236484408378601
203,852406	-0,0316089391708374
203,953054	-0,038322776556015
204,054269	-0,0452773571014404
204,154798	-0,0497750341892242
204,255139	-0,051076203584671
204,356183	-0,0494423508644104
204,458396	-0,0445871353149414
204,560245	-0,0387704968452454
204,660802	-0,0321331024169922
204,761059	-0,022845059633255
204,861093	-0,017402321100235
204,961954	-0,013678103685379
205,063230	-0,011995255947113
205,163398	-0,0135475695133209
205,264585	-0,0172033309936523
205,365783	-0,0250917673110962
205,467656	-0,0318309664726257
205,569550	-0,038514643907547
205,670097	-0,0453516840934753
205,770158	-0,0498111844062805
205,870969	-0,0509958267211914
205,971562	-0,0497188866138458
206,071808	-0,044271856546402
206,172049	-0,0384426414966583
206,272725	-0,0317783057689667
206,373616	-0,0225439965724945
206,473772	-0,0170908272266388
206,574875	-0,0133390724658966
206,676049	-0,0118139088153839
206,776279	-0,0133726298809052
206,877194	-0,0170931816101074
206,978232	-0,0238108038902283
207,078963	-0,0317873358726501
207,179296	-0,0383952558040619
207,280394	-0,045218288898468
207,381879	-0,0495485067367554
207,482197	-0,0507408678531647
207,583997	-0,0495432615280151
207,685136	-0,0440142452716827
207,785544	-0,0381508767604828
207,885939	-0,0314883887767792
207,986209	-0,0222741067409515
208,086217	-0,01695317029953
208,186392	-0,0133948624134064
208,287025	-0,0118497908115387
208,389007	-0,0136170983314514
208,489517	-0,0173590779304504
208,589675	-0,0240353643894196
208,690497	-0,0320762097835541
208,792385	-0,0386908948421478
208,892500	-0,0444342494010925
208,993969	-0,0497488677501678
209,095078	-0,0507784783840179
209,195760	-0,049379974603653
209,296718	-0,0438413918018341
209,397754	-0,0379552841186523
209,498046	-0,0313070714473724
209,598360	-0,0222147703170776
209,698554	-0,0168643891811371
209,798759	-0,0133097767829895
209,899017	-0,011931985616684
210,000087	-0,0137144923210144
210,101893	-0,0176027715206146
210,202351	-0,0244103372097015
210,303338	-0,0323549807071686
210,404654	-0,0389377772808075
210,505253	-0,0446328818798065
210,606401	-0,0497217178344727
210,706406	-0,0507537424564362
210,806628	-0,0493542551994324
210,907460	-0,0446557402610779
211,009214	-0,0377407968044281
211,110400	-0,0310406684875488
211,210803	-0,0230830013751984
211,312248	-0,0166978240013123
211,413092	-0,0132128894329071
211,513551	-0,0118512213230133
211,614841	-0,0138308107852936
211,714897	-0,0176863968372345
211,815387	-0,0231935977935791
211,915504	-0,0325341522693634
212,016469	-0,0390287935733795
212,117393	-0,0446757376194
212,218584	-0,0497940480709076
212,319707	-0,0506367087364197
212,420156	-0,0491438508033752
212,521472	-0,0434786081314087
212,622134	-0,0374458730220795
212,722932	-0,0308069586753845
212,822952	-0,0230073630809784
212,924934	-0,016550749540329
213,025380	-0,0132468938827515
213,126915	-0,0120387077331543
213,228098	-0,013958066701889
213,329709	-0,0179815590381622
213,430412	-0,0235459804534912
213,531468	-0,03273606300354
213,632210	-0,039367288351059
213,732873	-0,0449620187282562
213,833662	-0,0498625934123993
213,935574	-0,0507751405239105
214,036614	-0,0485129356384277
214,137251	-0,0443223416805267
214,237564	-0,0374184250831604
214,338580	-0,0307190716266632
214,438884	-0,0229068398475647
214,540144	-0,0166864395141602
214,641480	-0,0132790505886078
214,741811	-0,0121568143367767
214,843640	-0,0142977237701416
214,945033	-0,0182102620601654
215,046749	-0,0251631140708923
215,147464	-0,0331700146198273
215,248457	-0,0395840108394623
215,348660	-0,0461382269859314
215,449477	-0,0500491559505463
215,550961	-0,0507213771343231
215,652960	-0,048555314540863
215,754917	-0,0443013906478882
215,855460	-0,0371491014957428
215,955609	-0,0292458236217499
216,056428	-0,0227502882480621
216,156534	-0,0164464116096497
216,257354	-0,0132913291454315
216,358426	-0,012144535779953
216,458808	-0,0142830610275269
216,558995	-0,0184015035629272
216,659105	-0,025217205286026
216,759619	-0,0332334935665131
216,860860	-0,0397524237632751
216,962196	-0,046045333147049
217,063809	-0,0494846999645233
217,164344	-0,0506514608860016
217,266054	-0,0482043325901031
217,366209	-0,0439628064632416
217,466988	-0,0368945002555847
217,568605	-0,0288005173206329
217,668866	-0,0224511623382568
217,769251	-0,0163183510303497
217,871136	-0,0130691826343536
217,972445	-0,01218181848526
218,073913	-0,014415055513382
218,174872	-0,0194772183895111
218,274963	-0,0254752933979034
218,375641	-0,0334044396877289
218,475957	-0,0398112535476685
218,576597	-0,0462754368782043
218,677306	-0,0495889484882355
218,777906	-0,0505325198173523
218,877963	-0,0482091009616852
218,978841	-0,0438061654567719
219,079764	-0,0366683006286621
219,180593	-0,0287943184375763
219,281395	-0,0223224461078644
219,381418	-0,0162206590175629
219,481455	-0,013181209564209
219,581752	-0,0121742784976959
219,682652	-0,0145272016525269
219,783012	-0,0187417566776276
219,883386	-0,0256074070930481
219,984335	-0,0323052108287811
220,085864	-0,0400997698307037
220,187401	-0,0462811589241028
220,288467	-0,0496379733085632
220,388971	-0,0505905747413635
220,490599	-0,0480004549026489
220,590992	-0,0437133014202118
220,691575	-0,0365694165229797
220,792195	-0,0298387706279755
220,893015	-0,0222736299037933
220,993137	-0,0161831974983215
221,093517	-0,0130909383296967
221,195167	-0,0123873054981232
221,296700	-0,0146985352039337
221,397688	-0,0188741087913513
221,498569	-0,0259817242622375
221,598877	-0,0325502753257751
221,699740	-0,0402559340000153
221,800505	-0,0465584397315979
221,900617	-0,0496689081192017
222,000739	-0,0505201816558838
222,100826	-0,0486419796943665
222,202096	-0,0434681475162506
222,303017	-0,0363730490207672
222,403122	-0,0298083126544952
222,503951	-0,022090882062912
222,605328	-0,0162011981010437
222,706498	-0,0132227838039398
222,808402	-0,0124147236347198
222,908981	-0,014313817024231
223,009991	-0,0191769897937775
223,111740	-0,0261678993701935
223,211856	-0,0329023599624634
223,313324	-0,040556013584137
223,413767	-0,0466642081737518
223,513821	-0,0498388111591339
223,615374	-0,0505135059356689
223,717340	-0,0478266179561615
223,819306	-0,0434219837188721
223,919307	-0,0361809730529785
224,019937	-0,0295383334159851
224,120063	-0,0219975709915161
224,220856	-0,0160120725631714
224,321543	-0,0130786299705505
224,422681	-0,0124954879283905
224,523506	-0,0143464505672455
224,623907	-0,0192946791648865
224,725611	-0,0263937711715698
224,826249	-0,0329540073871613
224,926790	-0,0406229794025421
225,027158	-0,0467275679111481
225,128758	-0,0497369468212128
225,229365	-0,0504278838634491
225,329458	-0,0476822853088379
225,430217	-0,0431025922298431
225,530536	-0,0359529256820679
225,630903	-0,0293177664279938
225,731026	-0,0217086672782898
225,831267	-0,0167300999164581
225,932322	-0,0130516886711121
226,033060	-0,0124492049217224
226,133430	-0,0144571959972382
226,234213	-0,01939857006073
226,335082	-0,0264894366264343
226,435906	-0,0331524908542633
226,536371	-0,0407260358333588
226,636899	-0,0458885729312897
226,737935	-0,049744576215744
226,838357	-0,0502489805221558
226,939364	-0,0481100082397461
227,040981	-0,0429217517375946
227,141782	-0,0369527041912079
227,243242	-0,029056578874588
227,343409	-0,021565705537796
227,445361	-0,0165725946426392
227,545547	-0,0130181312561035
227,646547	-0,0125540792942047
227,747980	-0,0145934820175171
227,848355	-0,0196883976459503
227,949365	-0,0268668830394745
228,050095	-0,0334986746311188
228,150104	-0,0411132276058197
228,250733	-0,0470806062221527
228,351533	-0,0499292314052582
228,452718	-0,0504331290721893
228,553521	-0,0482581555843353
228,654051	-0,0429298281669617
228,755661	-0,0370076298713684
228,856473	-0,029058963060379
228,957752	-0,0215016305446625
229,059524	-0,0165934562683105
229,160136	-0,0130805373191833
229,261958	-0,0126533210277557
229,362595	-0,014788955450058
229,462651	-0,0198448300361633
229,564232	-0,027003675699234
229,664533	-0,0336672365665436
229,764677	-0,0411688089370728
229,865360	-0,046276867389679
229,965400	-0,0500025153160095
230,066289	-0,05049067735672
230,167356	-0,0473693013191223
230,269200	-0,0427171289920807
230,369327	-0,0366749465465546
230,469729	-0,0288110077381134
230,570160	-0,0213386118412018
230,670162	-0,016394704580307
230,770208	-0,0129869282245636
230,870814	-0,0126320421695709
230,971276	-0,0147690773010254
231,071507	-0,0199722051620483
231,172026	-0,0258352756500244
231,272572	-0,0336786210536957
231,372839	-0,0412048995494843
231,474769	-0,0461801588535309
231,574941	-0,0497460067272186
231,675698	-0,0503379702568054
231,777637	-0,0477837324142456
231,878543	-0,0423517525196075
231,980190	-0,0363380610942841
232,080577	-0,0283787250518799
232,180687	-0,0209734439849854
232,282332	-0,0161836743354797
232,383973	-0,0128182172775269
232,484734	-0,012624979019165
232,585589	-0,0148689448833466
232,685839	-0,020019918680191
232,787012	-0,0272551476955414
232,887266	-0,0338803231716156
232,988662	-0,0401847362518311
233,089554	-0,0463807284832001
233,190235	-0,0498821139335632
233,291969	-0,0502318739891052
233,392234	-0,0476870536804199
233,492347	-0,0422142744064331
233,594117	-0,0361237227916718
233,694909	-0,028298020362854
233,795597	-0,0209036767482758
233,896651	-0,016150951385498
233,996887	-0,0129359066486359
234,098138	-0,0127322375774384
234,199847	-0,0149641335010529
234,301494	-0,0202785730361938
234,401989	-0,0274563729763031
234,502344	-0,0340805351734161
234,603422	-0,0404278039932251
234,704336	-0,0472039878368378
234,804962	-0,0498654544353485
234,906776	-0,0502356588840485
235,008267	-0,046741396188736
235,109238	-0,0419988334178925
235,210897	-0,035990297794342
235,311035	-0,0267396569252014
235,411743	-0,020779013633728
235,512780	-0,0160902738571167
235,612789	-0,0128593444824219
235,712898	-0,0128749310970306
235,814684	-0,0151984989643097
235,915203	-0,0193933248519897
236,017029	-0,0278042554855347
236,118746	-0,0343266725540161
236,218921	-0,0405336916446686
236,319101	-0,0473869144916534
236,420062	-0,0499344766139984
236,521295	-0,0501485764980316
236,621624	-0,0467599630355835
236,723284	-0,0418043434619904
236,823487	-0,0357584655284882
236,923506	-0,027961403131485
237,024241	-0,0205912888050079
237,124586	-0,015987902879715
237,224790	-0,013245016336441
237,325221	-0,0128456354141235
237,425907	-0,0152747631072998
237,527680	-0,0196545422077179
237,628621	-0,0278816223144531
237,728769	-0,034565657377243
237,829710	-0,0407963395118713
237,931557	-0,0474078953266144
238,032530	-0,0499925315380096
238,133217	-0,0501552522182465
238,234536	-0,0464969873428345
238,336278	-0,0417334735393524
238,437128	-0,0356155633926392
238,538682	-0,0277163684368134
238,639718	-0,0205516517162323
238,739746	-0,0158665478229523
238,841331	-0,0128262639045715
238,943075	-0,0129907131195068
239,043616	-0,0154092907905579
239,145191	-0,0208922326564789
239,246148	-0,0282517373561859
239,346457	-0,03472700715065
239,447102	-0,040922224521637
239,548557	-0,0475774705410004
239,649434	-0,0499387383460999
239,750152	-0,0498521327972412
239,850901	-0,0472225546836853
239,952380	-0,0414397120475769
240,053338	-0,0353558361530304
240,154894	-0,0274831354618073
240,255284	-0,0202451646327972
240,357114	-0,0158362090587616
240,457998	-0,0128702223300934
240,558662	-0,0129874050617218
240,659775	-0,015492171049118
240,760800	-0,0209247171878815
240,861368	-0,0282737016677856
240,961582	-0,0349389910697937
241,062534	-0,0421709716320038
241,164610	-0,0468423962593079
241,264964	-0,0499558746814728
241,365634	-0,0496241748332977
241,466333	-0,04689621925354
241,567280	-0,04122394323349
241,667863	-0,033738762140274
241,768263	-0,0272513329982758
241,869451	-0,0201091468334198
241,971125	-0,015526294708252
242,071734	-0,0127123892307281
242,173190	-0,0129680335521698
242,273496	-0,015555202960968
242,373586	-0,021166056394577
242,474473	-0,0285419225692749
242,574658	-0,0350639224052429
242,675346	-0,0423755347728729
242,776247	-0,0469900667667389
242,876934	-0,0499477684497833
242,976935	-0,0496917366981506
243,077628	-0,0469052791595459
243,178421	-0,0411094129085541
243,278998	-0,0350440442562103
243,379275	-0,027189165353775
243,481001	-0,0200890898704529
243,582303	-0,0157072842121124
243,683138	-0,0128749310970306
243,784858	-0,0131882727146149
243,884937	-0,0158556401729584
243,986331	-0,0214174687862396
244,086509	-0,0275323688983917
244,187965	-0,0353884696960449
244,288911	-0,0425096750259399
244,388983	-0,0471106171607971
244,489144	-0,0500272512435913
244,589741	-0,0498849749565125
244,690391	-0,046778529882431
244,790650	-0,0409488081932068
244,890700	-0,0347071290016174
244,992048	-0,0268855392932892
245,092607	-0,0198138356208801
245,193294	-0,0154547691345215
245,294016	-0,0128012001514435
245,394138	-0,0131920576095581
245,494728	-0,0158911645412445
245,595260	-0,0204575955867767
245,695302	-0,0276327431201935
245,795545	-0,0354059934616089
245,896568	-0,0414292514324188
245,997442	-0,047057718038559
246,098322	-0,049898773431778
246,199774	-0,0497940480709076
246,300271	-0,0465293824672699
246,401014	-0,0405788123607635
246,502768	-0,0344000160694122
246,604731	-0,0265631377696991
246,704914	-0,0195315480232239
246,805766	-0,0152738094329834
246,907685	-0,0126504600048065
247,008983	-0,0128390192985535
247,110718	-0,0159371793270111
247,211277	-0,0216077864170074
247,311401	-0,0276800394058228
247,411936	-0,0355592668056488
247,512524	-0,042598158121109
247,613011	-0,0470658242702484
247,714949	-0,0498611629009247
247,816178	-0,0495366156101227
247,916667	-0,0462516248226166
248,017751	-0,0403641760349274
248,119351	-0,0341245532035828
248,220002	-0,026340663433075
248,321633	-0,0194161832332611
248,423221	-0,0150716006755829
248,524434	-0,0125848054885864
248,626034	-0,0128791928291321
248,726249	-0,0159755647182465
248,827758	-0,0218368470668793
248,928873	-0,0279929339885712
249,029804	-0,0370246469974518
249,129848	-0,042843222618103
249,231719	-0,0472097098827362
249,331766	-0,0498778223991394
249,432712	-0,0492947995662689
249,532807	-0,0462583005428314
249,633418	-0,0402568876743317
249,734366	-0,0328502357006073
249,835020	-0,0262999832630157
249,935401	-0,0203578174114227
250,035892	-0,0145868360996246
250,136369	-0,0127052962779999
250,236741	-0,0130980014801025
250,337690	-0,0163576900959015
250,438169	-0,0221071243286133
250,538470	-0,0282245278358459
250,638976	-0,0360551178455353
250,739164	-0,0420097708702087
250,840302	-0,0474564731121063
250,941734	-0,050069123506546
251,042546	-0,0492614209651947
251,143140	-0,0462163686752319
251,243645	-0,0413223206996918
251,344937	-0,0339091718196869
251,446863	-0,0261674225330353
251,547317	-0,0203573405742645
251,647407	-0,0151729583740234
251,748365	-0,0128158628940582
251,849517	-0,0131708085536957
251,949622	-0,0164108276367188
252,050108	-0,0223420560359955
252,150811	-0,0285075604915619
252,251166	-0,0362775027751923
252,351723	-0,0432729721069336
252,451805	-0,0475107729434967
