0,101511	0,0302603878080845
0,202503	0,0310286395251751
0,304501	0,0310752652585506
0,406004	0,0306680239737034
0,506005	0,0296051166951656
0,607878	0,0286368317902088
0,707878	0,0273244343698025
0,807880	0,0266441963613033
0,908383	0,0263914875686169
1,010384	0,0269391722977161
1,110916	0,0277396701276302
1,212885	0,0290137343108654
1,313116	0,0299869365990162
1,414434	0,0308311991393566
1,516399	0,0310357771813869
1,617899	0,0307707749307156
1,717900	0,0298994444310665
1,819143	0,0286658219993114
1,931393	0,0276636518537998
2,042235	0,0265729390084744
2,152921	0,0263948179781437
2,263034	0,0270593576133251
2,373434	0,027937326580286
2,483733	0,0294910185039043
2,593843	0,0304454080760479
2,702507	0,0310652814805508
2,812961	0,030940618366003
2,923168	0,0302056930959225
3,023482	0,0289695300161839
3,126399	0,027958232909441
3,230456	0,026844646781683
3,334514	0,0263691656291485
3,449274	0,0265154652297497
3,560680	0,0274693332612514
3,669758	0,0285916738212109
3,781143	0,030089657753706
3,891029	0,0307978950440884
4,002668	0,0310562364757061
4,112247	0,0305462442338467
4,221803	0,0295975096523762
4,330852	0,0283141396939754
4,439346	0,0270047299563885
4,547983	0,0264651216566563
4,656862	0,0265639163553715
4,767359	0,0273719392716885
4,875068	0,0283877961337566
4,983803	0,0296074934303761
5,093503	0,030728917568922
5,202123	0,0311166681349277
5,308749	0,030886385589838
5,418398	0,0299740992486477
5,527594	0,0286853052675724
5,636276	0,0275272987782955
5,745849	0,0266118906438351
5,854863	0,0264674983918667
5,955315	0,0270707570016384
6,065124	0,0280304588377476
6,176493	0,0292295478284359
6,288224	0,0305024795234203
6,399799	0,0309525169432163
6,511095	0,0308944769203663
6,621997	0,0300820507109165
6,733237	0,0289951972663403
6,843902	0,0274683870375156
6,956040	0,0265947841107845
7,067697	0,0263050459325314
7,178573	0,0267515443265438
7,289829	0,027809988707304
7,401145	0,0290498621761799
7,512103	0,0302118770778179
7,624043	0,0308873392641544
7,735073	0,0309272967278957
7,846354	0,0302342362701893
7,957384	0,0289509929716587
8,068126	0,0278551243245602
8,179314	0,026626143604517
8,290463	0,0263183452188969
8,400663	0,0267738662660122
8,512554	0,0276584289968014
8,625190	0,0291919894516468
8,736157	0,0302561037242413
8,847660	0,030939195305109
8,959170	0,0309496633708477
9,071018	0,0301747806370258
9,181597	0,0290845595300198
9,293129	0,0277686528861523
9,404014	0,0268071182072163
9,515702	0,0263183452188969
9,627614	0,0269040204584599
9,739056	0,0276988111436367
9,849948	0,028984259814024
9,961740	0,0300791971385479
10,072181	0,0309011302888393
10,183504	0,0308193005621433
10,293953	0,0302218608558178
10,404689	0,0290726758539677
10,515298	0,0278736613690853
10,625980	0,0267757661640644
10,734242	0,0263192914426327
10,835277	0,0265164189040661
10,936526	0,0275482051074505
11,051404	0,0286078341305256
11,164529	0,0297981612384319
11,273045	0,0306637398898602
11,381694	0,0308958999812603
11,491107	0,0305548049509525
11,602366	0,0296398289501667
11,712310	0,0281991474330425
11,822012	0,0270189754664898
11,931799	0,026329267770052
12,039729	0,0263283215463161
12,149708	0,0270992629230022
12,258826	0,0283664129674435
12,369803	0,0294596366584301
12,469986	0,0303507559001446
12,578393	0,0308407060801983
12,688784	0,0305942855775356
12,797135	0,0298471339046955
12,906042	0,0286411084234715
13,015883	0,0272617302834988
13,123782	0,0263995639979839
13,232387	0,026265624910593
13,339965	0,0266123600304127
13,448930	0,0278750844299793
13,564894	0,0291007198393345
13,676069	0,0301952324807644
13,788001	0,0307955183088779
13,900063	0,0306789688766003
14,009780	0,029986459761858
14,120427	0,0287841595709324
14,230186	0,0275771878659725
14,340728	0,0264261700212955
14,451389	0,0262091048061848
14,562625	0,0266156904399395
14,675177	0,0278556011617184
14,785258	0,0288806520402431
14,896657	0,0302960611879826
15,007400	0,0307236798107624
15,116581	0,0307165421545506
15,228653	0,0300235562026501
15,340684	0,0289795063436031
15,452698	0,0275192223489285
15,562420	0,026724461466074
15,673064	0,0262817703187466
15,784774	0,0266323201358318
15,895160	0,0276565290987492
16,006500	0,0290584154427052
16,116475	0,030220914632082
16,226694	0,030851174145937
16,337836	0,0308193005621433
16,448193	0,0300953648984432
16,558925	0,029210526496172
16,669760	0,0277525000274181
16,781475	0,0267961882054806
16,893150	0,0263468436896801
16,994803	0,0266973935067654
17,101971	0,0275591276586056
17,206003	0,0286363549530506
17,316941	0,029785793274641
17,422860	0,0307664982974529
17,534522	0,0309496633708477
17,635441	0,0304934419691563
17,746920	0,0297054387629032
17,853607	0,028289433568716
17,957208	0,0272949822247028
18,058301	0,0265425406396389
18,168723	0,0263615660369396
18,279606	0,0271120853722095
18,387387	0,028032835572958
18,493894	0,0292846895754337
18,601719	0,0303488560020924
18,713436	0,0309292040765285
18,820700	0,0308625958859921
18,927765	0,0300002507865429
19,037816	0,0290741063654423
19,150696	0,0276275388896465
19,264193	0,0267130620777607
19,377465	0,0263682194054127
19,479161	0,0267866961658001
19,593120	0,0281240679323673
19,693807	0,0292029194533825
19,804218	0,0300815738737583
19,913051	0,0309268198907375
20,014896	0,030877348035574
20,126536	0,0304477848112583
20,239141	0,0293906964361668
20,351435	0,0281554274260998
20,451679	0,0268588922917843
20,566270	0,0262926928699017
20,677577	0,0266000144183636
20,791164	0,0274878703057766
20,903096	0,0287052653729916
21,017783	0,0298666320741177
21,131255	0,0307108350098133
21,246501	0,0308145470917225
21,360702	0,0301067791879177
21,471382	0,0291839130222797
21,576601	0,0279834233224392
21,679917	0,0268204174935818
21,792940	0,0262941233813763
21,901482	0,026338767260313
22,010107	0,0273429714143276
22,121894	0,028310339897871
22,235571	0,0297315903007984
22,335959	0,0305514745414257
22,436177	0,0308188311755657
22,545895	0,0305248387157917
22,659073	0,0295475833117962
22,771231	0,0282951332628727
22,876074	0,027161967009306
22,991034	0,0264385230839252
23,104878	0,0263188220560551
23,217848	0,0270123295485973
23,319923	0,02812834456563
23,431824	0,0291815362870693
23,545448	0,0304059274494648
23,647699	0,030776958912611
23,758759	0,030459675937891
23,868392	0,0298147983849049
23,983223	0,0284305699169636
24,087609	0,0274503342807293
24,200332	0,0265453867614269
24,308181	0,0262903235852718
24,417563	0,0268033184111118
24,530366	0,0279045440256596
24,642557	0,0290874131023884
24,743377	0,0301842950284481
24,853001	0,0307412855327129
24,965449	0,0307612679898739
25,077453	0,030120562762022
25,177781	0,0290631763637066
25,292486	0,0276584289968014
25,407400	0,0267035625874996
25,518563	0,0263739190995693
25,632732	0,0266878865659237
25,734221	0,027612816542387
25,845005	0,0288274101912975
25,955899	0,0299598313868046
26,060323	0,0306927599012852
26,162591	0,0308554582297802
26,277350	0,0303545631468296
26,383066	0,0292247943580151
26,491133	0,0281430743634701
26,596322	0,027069803327322
26,706606	0,0263819955289364
26,810863	0,0264209471642971
26,926136	0,0272546000778675
27,027643	0,0282333604991436
27,139068	0,0294158942997456
27,249379	0,0303845219314098
27,361457	0,0307817198336124
27,476560	0,0305224619805813
27,585319	0,029625091701746
27,692765	0,0284856967628002
27,808196	0,0271068625152111
27,922576	0,0263325981795788
28,031123	0,0263449437916279
28,137278	0,0271021090447903
28,245643	0,0280694179236889
28,351258	0,029442522674799
28,458501	0,0303945131599903
28,568916	0,0307393781840801
28,677535	0,0306028537452221
28,788400	0,0297201760113239
28,893957	0,0287708528339863
29,006279	0,027539175003767
29,120594	0,0265263877809048
29,231004	0,0262627713382244
29,343022	0,0268669687211514
29,454465	0,0276783816516399
29,554604	0,0289614461362362
29,664941	0,030168604105711
29,776834	0,0306965671479702
29,887393	0,0307365320622921
29,992755	0,0300392471253872
30,093565	0,0289538465440273
30,203765	0,0279558561742306
30,305190	0,0268759988248348
30,408469	0,0263416208326817
30,519773	0,0264708213508129
30,631867	0,0272755064070225
30,737746	0,0284077562391758
30,843173	0,0297487042844296
30,951707	0,0304449312388897
31,061382	0,030745092779398
31,166419	0,0304663293063641
31,271711	0,0296189077198505
31,387193	0,0284229628741741
31,488758	0,0272693298757076
31,596239	0,026389118283987
31,704727	0,0263416208326817
31,810395	0,0268408469855785
31,912155	0,0278684310615063
32,022731	0,029114980250597
32,125577	0,0301238931715488
32,235990	0,0307246334850788
32,337217	0,0306770615279675
32,441108	0,0300706289708614
32,543217	0,0289999507367611
32,649415	0,0279834233224392
32,763076	0,0269111432135105
32,872222	0,0263492204248905
32,986477	0,0264983661472797
33,087274	0,0273790694773197
33,195683	0,028308916836977
33,307588	0,0296926014125347
33,421445	0,0303726308047771
33,526200	0,0307384319603443
33,639325	0,0303483791649342
33,747816	0,0294577367603779
33,861329	0,0282504670321941
33,964733	0,0271306149661541
34,078556	0,0263064689934254
34,189723	0,0263682194054127
34,296535	0,0268759988248348
34,405198	0,0279791466891766
34,513186	0,0293512456119061
34,617700	0,0302856005728245
34,727618	0,0306713543832302
34,828443	0,0305638425052166
34,939441	0,0297139994800091
35,051955	0,0285536609590054
35,156755	0,0275382287800312
35,257795	0,0264736674726009
35,370247	0,0262114815413952
35,473164	0,0265976376831532
35,584361	0,0273800157010555
35,686996	0,0287679992616177
35,787748	0,0298956371843815
35,888214	0,0303959362208843
35,989947	0,0307017974555492
36,102032	0,0303859524428844
36,217106	0,0293365083634853
36,321532	0,0283507369458675
36,423927	0,0270427353680134
36,537590	0,0263169221580029
36,637812	0,0263829417526722
36,741010	0,0268631689250469
36,852207	0,0279468260705471
36,964157	0,0293117873370647
37,074745	0,0302927307784557
37,183803	0,0306865759193897
37,294611	0,0305705033242702
37,403877	0,0298238359391689
37,514089	0,0285042338073254
37,628437	0,0275068692862988
37,732640	0,0265225879848003
37,836237	0,0263088457286358
37,950818	0,0268303863704205
38,054349	0,0276261158287525
38,160750	0,0290712527930737
38,274854	0,0299579314887524
38,384359	0,0306599400937557
38,492443	0,0307198725640774
38,595417	0,0301101021468639
38,699775	0,0290783755481243
38,802491	0,0280637256801128
38,903326	0,0268341936171055
39,007684	0,0263786651194096
39,111290	0,0264123938977718
39,212719	0,0269885770976543
39,324465	0,0282594971358776
39,438254	0,0292571149766445
39,541058	0,0302299521863461
39,643392	0,0307136885821819
39,754425	0,0304777510464191
39,861442	0,0298319198191166
39,975770	0,0284899733960629
40,089794	0,0273025818169117
40,189999	0,0265501402318478
40,293413	0,0262167043983936
40,408065	0,0266969166696072
40,514162	0,0278712846338749
40,617634	0,0289248488843441
40,731586	0,0298243127763271
40,835477	0,0306466184556484
40,936431	0,030717495828867
41,038713	0,0302584879100323
41,144643	0,0292932502925396
41,252446	0,0278817303478718
41,355928	0,0269662477076054
41,455930	0,0263458900153637
41,568501	0,026329267770052
41,683374	0,0270298980176449
41,787473	0,0278945676982403
41,888220	0,0291154570877552
41,998593	0,0300996415317059
42,109500	0,0306532792747021
42,212091	0,0305457673966885
42,319797	0,0298970602452755
42,429357	0,0287931896746159
42,533931	0,0274460576474667
42,634984	0,0267814658582211
42,738542	0,0263059996068478
42,840114	0,0265677161514759
42,941015	0,0272869057953358
43,041044	0,0282276533544064
43,147402	0,029571358114481
43,259545	0,0303750075399876
43,375003	0,0306409113109112
43,478966	0,0302979685366154
43,589179	0,0292794592678547
43,698248	0,0280575416982174
43,798805	0,0271434374153614
43,911554	0,0263591967523098
44,014059	0,0262874700129032
44,116478	0,0267776660621166
44,228994	0,0278061889111996
44,329185	0,0289947204291821
44,441896	0,0299907438457012
44,556973	0,0305386371910572
44,662871	0,0304563455283642
44,769232	0,0298024378716946
44,870034	0,0289614461362362
44,973875	0,0277691297233105
45,077251	0,0267681665718555
45,181877	0,026264201849699
45,293153	0,0265173651278019
45,397826	0,0272165946662426
45,498049	0,028380673378706
45,602758	0,0293526686728001
45,705002	0,0303012914955616
45,805318	0,0306994207203388
45,905389	0,030591432005167
46,008216	0,0299051515758038
46,122992	0,0288250409066677
46,223499	0,0274598337709904
46,331410	0,0265962146222591
46,433376	0,0263211987912655
46,545673	0,0266555957496166
46,645743	0,0275206454098225
46,758327	0,0287195257842541
46,862227	0,0298224128782749
46,964439	0,0305681265890598
47,064570	0,0307650677859783
47,179488	0,0304287634789944
47,283841	0,0297311134636402
47,384559	0,0284125097095966
47,488398	0,0272664837539196
47,604213	0,0266308896243572
47,708664	0,0263990871608257
47,821135	0,0269710011780262
47,936649	0,0280095525085926
48,050655	0,0293868966400623
48,153761	0,0303412415087223
48,265022	0,0307641141116619
48,368858	0,0306637398898602
48,472225	0,0300121419131756
48,576862	0,0287447087466717
48,678843	0,0277558229863644
48,789255	0,026671264320612
48,889775	0,0263606198132038
49,002360	0,0267220847308636
49,103715	0,027435127645731
49,204276	0,0284110866487026
49,311492	0,0295333229005337
49,414765	0,0304630063474178
49,526760	0,0306361503899097
49,629823	0,030325073748827
49,744632	0,0293103568255901
49,845213	0,0281335674226284
49,948228	0,0271866731345654
50,054339	0,0265287645161152
50,157865	0,0262684710323811
50,272420	0,0268170945346355
50,375921	0,0278042890131474
50,477991	0,0288069806993008
50,588873	0,0298666320741177
50,693086	0,0305096171796322
50,796322	0,0305638425052166
50,899940	0,0298851765692234
51,012074	0,0290047042071819
51,120629	0,0276370458304882
51,236699	0,0266465656459332
51,352490	0,0262366496026516
51,455241	0,0264589451253414
51,555854	0,0273016355931759
51,668723	0,0282590202987194
51,783961	0,0295770652592182
51,888207	0,0304458849132061
52,002123	0,0305957160890102
52,102375	0,0302237682044506
52,206707	0,0291496850550175
52,321064	0,0279705934226513
52,424855	0,0270745567977428
52,537205	0,0263767652213573
52,637362	0,0263221450150013
52,738632	0,0268004648387432
52,841185	0,0277938358485699
52,956716	0,0292019732296467
53,071161	0,030279416590929
53,174324	0,030620452016592
53,278875	0,0306190215051174
53,387725	0,0298671089112759
53,495810	0,0289795063436031
53,597341	0,0277814827859402
53,703572	0,0267847888171673
53,815360	0,0263401977717876
53,916194	0,0265249647200108
54,024511	0,0273557938635349
54,125966	0,0286705680191517
54,230835	0,0294344387948513
54,344245	0,0303108058869839
54,445064	0,0306585095822811
54,550548	0,0303065218031406
54,664743	0,0294368155300617
54,769978	0,0284491069614887
54,883344	0,0271386913955212
54,985672	0,0263178683817387
55,088879	0,0263116918504238
55,190278	0,0266194902360439
55,291612	0,0279249809682369
55,405312	0,0289272256195545
55,512104	0,0299859903752804
55,616269	0,0305429138243198
55,716946	0,0307046510279179
55,826416	0,0302280448377132
55,928205	0,0293056033551693
56,043594	0,0279283039271832
56,145027	0,0269515253603458
56,257369	0,026463221758604
56,360049	0,0265658162534237
56,461705	0,0272660069167614
56,562979	0,0283702127635479
56,676006	0,0293431617319584
56,777272	0,0304311402142048
56,877833	0,0307779125869274
56,982974	0,0306742079555988
57,094176	0,0299726687371731
57,202788	0,0286891050636768
57,303680	0,0277011804282665
57,407054	0,0267714969813824
57,521946	0,0264233238995075
57,625207	0,0268365703523159
57,735494	0,0278014354407787
57,838555	0,0287984199821949
57,953381	0,0298813693225384
58,064714	0,0306827686727047
58,169013	0,0307607911527157
58,272704	0,0303088985383511
58,387435	0,0293712131679058
58,500887	0,0279848463833332
58,602181	0,0269767008721828
58,703952	0,0265382640063763
58,805706	0,0265387408435345
58,917949	0,0271268151700497
59,032808	0,0281958244740963
59,134208	0,0291824899613857
59,235466	0,0302760861814022
59,337629	0,0307003669440746
59,450898	0,0306042768061161
59,553939	0,0297805704176426
59,654331	0,0286962352693081
59,757060	0,027715440839529
59,867643	0,0269030667841434
59,971613	0,0263948179781437
60,075793	0,0266655646264553
60,187304	0,0273581705987453
60,294364	0,02868577465415
60,397168	0,0297710560262203
60,502251	0,0304211489856243
60,616990	0,0306818149983883
60,717178	0,0302546806633472
60,820152	0,0293155871331692
60,923168	0,0283369533717632
61,035153	0,0272142253816128
61,148613	0,0264470688998699
61,257848	0,0263539664447308
61,364214	0,0269800238311291
61,464250	0,027833741158247
61,573197	0,0290327481925488
61,687733	0,0301257930696011
61,803336	0,0305833481252193
61,908995	0,0304244793951511
62,023694	0,0297063924372196
62,134970	0,028615441173315
62,238086	0,0274441577494144
62,348287	0,0265615396201611
62,462159	0,0262627713382244
62,567481	0,0266076140105724
62,670198	0,0275386981666088
62,779528	0,0287033654749393
62,882641	0,0299322567880154
62,997601	0,0304691828787327
63,102602	0,0305524282157421
63,217264	0,0299950204789639
63,321211	0,0289771370589733
63,424649	0,0278218723833561
63,539368	0,0269619710743427
63,639862	0,0263701193034649
63,742927	0,0265135653316975
63,843293	0,0271344147622585
63,956478	0,0282347835600376
64,068576	0,0295618511736393
64,172854	0,0302613340318203
64,273632	0,0306475721299648
64,375750	0,0303978435695171
64,488805	0,029631745070219
64,591388	0,0285013802349567
64,691507	0,0275277756154537
64,798457	0,0265168957412243
64,909870	0,0262675248086452
65,015918	0,026580061763525
65,120292	0,0274736098945141
65,235315	0,0288164801895618
65,340182	0,0298713855445385
65,450180	0,0304729901254177
65,552119	0,0305519513785839
65,652465	0,0300796665251255
65,754668	0,0293098799884319
65,866296	0,0281368978321552
65,973977	0,0267206616699696
66,082239	0,0262414030730724
66,190395	0,0262651480734348
66,297036	0,0269049666821957
66,411666	0,0281901173293591
66,514169	0,028959546238184
66,629315	0,030069675296545
66,730647	0,0304901115596294
66,844844	0,0302347056567669
66,945581	0,0296017862856388
67,050915	0,028711449354887
67,157331	0,0273899994790554
67,267841	0,0264798440039158
67,367857	0,0263159684836864
67,473951	0,0266346894204617
67,574447	0,0276921577751637
67,675938	0,028483796864748
67,791607	0,0296403057873249
67,893288	0,0305495746433735
67,998694	0,0307546071708202
68,100044	0,0304325632750988
68,200965	0,0295832417905331
68,301157	0,028656791895628
68,407290	0,0273410640656948
68,521727	0,0266071371734142
68,622539	0,0264793671667576
68,727431	0,0270099528133869
68,828809	0,027838971465826
68,941511	0,028984259814024
69,042779	0,0301467217504978
69,144486	0,030620452016592
69,259251	0,0306423343718052
69,372820	0,0302237682044506
69,482741	0,0289053656160831
69,597793	0,0279273502528667
69,701963	0,0269301496446133
69,812191	0,0264024175703526
69,922984	0,026651319116354
70,026434	0,0274731330573559
70,131210	0,0284396074712276
70,242551	0,0295704118907452
70,347369	0,0303978435695171
70,461795	0,0306913293898106
70,570934	0,0303973667323589
70,685127	0,0293940268456936
70,786236	0,0282381065189838
70,893069	0,0271429680287838
70,996439	0,0264912433922291
71,097210	0,0264304466545582
71,211957	0,0272085182368755
71,311995	0,0281026847660542
71,423581	0,0292794592678547
71,526536	0,0300982110202312
71,640753	0,0306918062269688
71,740810	0,030568603426218
71,852908	0,0300325863063335
71,963448	0,0287927128374577
72,066038	0,0276384688913822
72,166125	0,0268403701484203
72,268740	0,0263786651194096
72,369894	0,0265173651278019
72,475283	0,0272313244640827
72,590630	0,0283288769423962
72,694617	0,0296241380274296
72,795500	0,0303012914955616
72,895846	0,0306337736546993
73,010936	0,0303740613162518
73,117460	0,0295951329171658
73,217615	0,0286643914878368
73,318389	0,0275253988802433
73,418714	0,0266669951379299
73,530623	0,026378195732832
73,631101	0,0267391912639141
73,732886	0,0276541523635387
73,845003	0,0286064110696316
73,945103	0,0297277830541134
74,058156	0,0305443443357944
74,173020	0,0306566096842289
74,278359	0,0302870236337185
74,384980	0,029397826641798
74,486191	0,0282556898891926
74,595415	0,0271762125194073
74,697555	0,0265135653316975
74,800594	0,0264822207391262
74,901296	0,0270840637385845
75,013288	0,0279525332152843
75,120701	0,0293003730475903
75,221274	0,0301167629659176
75,325768	0,0307065509259701
75,439641	0,0306313894689083
75,544923	0,0298690088093281
75,649190	0,0289809368550777
75,751843	0,0276299156248569
75,863620	0,0267363376915455
75,970462	0,0264038406312466
76,073654	0,0267306379973888
76,183423	0,0274346582591534
76,286014	0,028564590960741
76,399421	0,0296740643680096
76,502201	0,0304406546056271
76,613712	0,0306889526546001
76,717148	0,0304154418408871
76,818641	0,0294463224709034
76,924127	0,028302263468504
77,030678	0,0272056721150875
77,135382	0,0265876613557339
77,250555	0,0264209471642971
77,353749	0,0269847773015499
77,455190	0,0276375226676464
77,559739	0,0289590768516064
77,672364	0,0301020182669163
77,782780	0,0305643193423748
77,884134	0,0305172316730022
77,987231	0,0299246422946453
78,091204	0,0288996584713459
78,203042	0,0277372933924198
78,316976	0,0268945209681988
78,417368	0,0262789241969585
78,529472	0,0264826975762844
78,631374	0,0272579304873943
78,746361	0,0284025333821774
78,848437	0,0296783410012722
78,950895	0,0303141288459301
79,064607	0,0305795408785343
79,167318	0,0302289985120296
79,267862	0,0295485369861126
79,369666	0,0286425314843655
79,470122	0,0273025818169117
79,575670	0,0264955200254917
79,688870	0,0262627713382244
79,792062	0,02670593932271
79,902600	0,0274816863238811
80,009525	0,0288340710103512
80,110151	0,0297216065227985
80,210185	0,0304163955152035
80,314174	0,0305529050529003
80,417249	0,0302180610597134
80,519986	0,0295190624892712
80,620749	0,0282262302935123
80,730372	0,0271377377212048
80,833456	0,0264480225741863
80,941925	0,0263758189976215
81,049860	0,0268071182072163
81,164726	0,0279743932187557
81,265984	0,0291301943361759
81,378692	0,029941763728857
81,490010	0,0305605120956898
81,591556	0,0304392240941525
81,698758	0,0299227423965931
81,799162	0,0289091654121876
81,901499	0,0275653041899204
82,002232	0,0269187502563
82,102534	0,0263962410390377
82,215951	0,0264209471642971
82,318790	0,0272840596735477
82,423729	0,0282001011073589
82,523737	0,0293412618339062
82,638484	0,0302856005728245
82,753804	0,0305467210710049
82,859579	0,0302128307521343
82,965387	0,0295323692262173
83,071863	0,0284424535930157
83,176254	0,027312558144331
83,276640	0,0266123600304127
83,378229	0,0263112224638462
83,491153	0,0267558209598064
83,592342	0,0275382287800312
83,693154	0,0286853052675724
83,806090	0,0297401510179043
83,921005	0,0304230563342571
84,023400	0,030541967600584
84,130843	0,0300849042832851
84,235522	0,0291530080139637
84,341260	0,0278194956481457
84,441538	0,0269890539348125
84,541696	0,0263995639979839
84,646699	0,0264109633862972
84,762539	0,0271453373134136
84,873131	0,0280318818986416
84,976176	0,0293821431696415
85,090111	0,0302580110728741
85,194991	0,0306432880461216
85,295248	0,0304273329675198
85,395895	0,029832873493433
85,505989	0,0287756063044071
85,619235	0,0274313278496265
85,722823	0,0266171135008335
85,838424	0,0263591967523098
85,943635	0,0266655646264553
86,046824	0,0275396518409252
86,158494	0,0288744680583477
86,260221	0,0297720097005367
86,372411	0,0305457673966885
86,475186	0,0306347198784351
86,576795	0,0302133075892925
86,677521	0,0294705741107464
86,779667	0,0283421836793423
86,879871	0,0272527001798153
86,985171	0,0265225879848003
87,086705	0,0263853184878826
87,188637	0,0269339494407177
87,289101	0,0277458466589451
87,395593	0,0287066958844662
87,497463	0,0297563187777996
87,599644	0,0304339937865734
87,699650	0,0305695496499538
87,805656	0,0301838181912899
87,911256	0,0291444547474384
88,024281	0,0279933921992779
88,129336	0,0269843004643917
88,241352	0,0263967178761959
88,343062	0,0264432691037655
88,457242	0,0269710011780262
88,558904	0,0279838927090168
88,661339	0,0293094031512737
88,776119	0,0301800109446049
88,876343	0,0305338762700558
88,987194	0,030433040112257
89,091472	0,0297582186758518
89,191676	0,0289001353085041
89,304019	0,0275724343955517
89,408283	0,0268028415739536
89,523057	0,0263743959367275
89,634739	0,0267961882054806
89,735892	0,0273904763162136
89,851322	0,0287171490490437
89,952350	0,0299422405660152
90,055266	0,0304221026599407
90,162530	0,0306765846908092
90,270680	0,0302389897406101
90,375753	0,0295128785073757
90,483541	0,0283830426633358
90,591911	0,0273068584501743
90,694547	0,0265358947217464
90,795407	0,0264997892081738
90,898537	0,0269158966839314
91,001100	0,0280413888394833
91,115685	0,0293617062270641
91,219423	0,0301162861287594
91,332644	0,0305586121976376
91,446604	0,0305096171796322
91,548202	0,0298518948256969
91,661845	0,0288150571286678
91,764800	0,0276612751185894
91,867672	0,0266375429928303
91,967845	0,0263534896075726
92,072290	0,0265306644141674
92,174711	0,0272968821227551
92,286234	0,0283892266452312
92,395257	0,0294843576848507
92,500656	0,0302684716880322
92,604543	0,0305062867701054
92,712223	0,0300910808146
92,828221	0,0291867665946484
92,928549	0,0284319929778576
93,037246	0,0269938074052334
93,139461	0,0264940969645977
93,240875	0,0262941233813763
93,341850	0,0268175639212132
93,453495	0,0276322923600674
93,567625	0,0288003198802471
93,669750	0,0298243127763271
93,772857	0,0305010564625263
93,886147	0,0305005796253681
93,987692	0,0299717225134373
94,097976	0,0290161110460758
94,204773	0,02786510810256
94,305977	0,0268926210701466
94,418921	0,0264318697154522
94,519406	0,0265183188021183
94,634507	0,0272660069167614
94,739080	0,0285522304475307
94,842746	0,0293060801923275
94,949469	0,0303003452718258
95,063214	0,0306047536432743
95,163381	0,0303355343639851
95,267832	0,0296954549849033
95,383817	0,0284343771636486
95,499413	0,0271790660917759
95,606106	0,0265159420669079
95,717258	0,026436623185873
95,822670	0,0270503349602222
95,935092	0,0278940908610821
96,046285	0,0290408320724964
96,147933	0,0301505289971828
96,261962	0,0306280590593815
96,375971	0,0304796509444714
96,478436	0,0299531780183315
96,593357	0,0287485085427761
96,694952	0,0274379812180996
96,806188	0,0267420373857021
96,906679	0,0263914875686169
97,009448	0,0267102159559727
97,109523	0,0273961760103703
97,210358	0,0283041633665562
97,324707	0,0294301621615887
97,429825	0,0304335169494152
97,536452	0,0305999927222729
97,639470	0,0302523039281368
97,749630	0,0294021107256413
97,859149	0,0282908566296101
97,973465	0,0270550809800625
98,083208	0,0264575220644474
98,185629	0,0264275930821896
98,288760	0,0269767008721828
98,389748	0,0279943458735943
98,501035	0,0289524234831333
98,602200	0,0300853736698627
98,715273	0,0305305458605289
98,816753	0,0305405370891094
98,917006	0,0299897901713848
99,030854	0,0290080271661282
99,131177	0,0278779305517673
99,231469	0,0269349031150341
99,334768	0,0264636985957623
99,449510	0,026652742177248
99,550438	0,0274118520319462
99,659182	0,0285218171775341
99,770329	0,0297800935804844
99,873811	0,0303146056830883
99,977918	0,030696090310812
100,090786	0,0304763205349445
100,197781	0,0295675583183765
100,312846	0,0284619368612766
100,427805	0,0272127948701382
100,532770	0,0266546420753002
100,635490	0,0265681855380535
100,739569	0,0270546041429043
100,851396	0,028035681694746
100,955735	0,0291606150567532
101,060659	0,0299793295562267
101,161416	0,0305690802633762
101,275744	0,0305881015956402
101,388277	0,0299160815775394
101,496185	0,028883021324873
101,596242	0,0277453698217869
101,708143	0,0269443951547146
101,810018	0,0264119170606136
101,925302	0,0265710391104221
102,040196	0,0274541340768337
102,145766	0,028563167899847
102,249456	0,0296307913959026
102,353835	0,0303636007010937
102,469092	0,0305666960775852
102,577479	0,0301842950284481
102,691806	0,0293155871331692
102,801830	0,0281834714114666
102,910992	0,0269895307719707
103,011246	0,026484590023756
103,116734	0,0264451690018177
103,219200	0,0270427353680134
103,319787	0,0278674848377705
103,423783	0,0291815362870693
103,539670	0,0300863273441792
103,643729	0,0305248387157917
103,746690	0,0304549224674702
103,860583	0,0295418836176395
103,973239	0,0284486375749111
104,076537	0,0276855044066906
104,177934	0,0267429910600185
104,279801	0,0263145454227924
104,392973	0,0266313664615154
104,495359	0,0273320339620113
104,599787	0,0286382548511028
104,701554	0,0295371301472187
104,816122	0,0303198359906673
104,917527	0,0305695496499538
105,022601	0,0303255505859852
105,130260	0,0293973572552204
105,243077	0,0282756499946117
105,356669	0,027218971401453
105,461572	0,0264798440039158
105,566355	0,0264651216566563
105,666515	0,0268954671919346
105,772804	0,0278394483029842
105,884870	0,0291606150567532
105,985544	0,0300972647964954
106,099327	0,0305357836186886
106,200164	0,030491542071104
106,302236	0,0298480875790119
106,416407	0,0290208645164967
106,518311	0,027888860553503
106,630694	0,0269443951547146
106,733046	0,0264860205352306
106,833797	0,026652742177248
106,937044	0,0273966453969479
107,044268	0,0284761972725391
107,149010	0,0295594744384289
107,258920	0,0302389897406101
107,364556	0,0305938087403774
107,471236	0,0302979685366154
107,581151	0,0296597965061665
107,685493	0,0286083109676838
107,791673	0,0273771695792675
107,896012	0,0268484465777874
108,000674	0,0265202187001705
108,102815	0,0268280170857906
108,203613	0,0278304181993008
108,305823	0,028762299567461
108,420582	0,0297739095985889
108,525838	0,0304339937865734
108,627109	0,0305714569985867
108,740909	0,0301362611353397
108,841062	0,0292751826345921
108,945402	0,0281920246779919
109,057717	0,0273567400872707
109,158935	0,0267211385071278
109,271822	0,0266893170773983
109,378426	0,027311135083437
109,492030	0,0282956101000309
109,597599	0,029339361935854
109,700438	0,0300392471253872
109,811510	0,0304430313408375
109,914048	0,0302394591271877
110,019409	0,0295124016702175
110,124994	0,0286487080156803
110,227541	0,0275605507194996
110,328477	0,0268280170857906
110,429398	0,0264071635901928
110,530005	0,0265411175787449
110,640593	0,0272132717072964
110,755368	0,0286344550549984
110,859900	0,0296564660966396
110,969666	0,030326496809721
111,075794	0,0304820276796818
111,182713	0,030164796859026
111,284280	0,0293754898011684
111,397899	0,0281259678304195
111,498904	0,027287382632494
111,602285	0,0266242437064648
111,715917	0,0264978967607021
111,816772	0,0270536579191685
111,930231	0,0280024223029613
112,037665	0,0292718522250652
112,145884	0,0299945436418056
112,249843	0,0304563455283642
112,350932	0,0303807221353054
112,458807	0,0297701098024845
112,572378	0,0289685763418674
112,684889	0,027888860553503
112,795905	0,0268550924956799
112,905529	0,0265040658414364
113,010947	0,0268641225993633
113,117198	0,0275691039860249
113,230340	0,0288269408047199
113,331405	0,0296678803861141
113,438516	0,0303559936583042
113,553775	0,0305229388177395
113,655228	0,0300292633473873
113,769372	0,0291320942342281
113,871984	0,0282352529466152
113,973969	0,0272479541599751
114,086901	0,0266337431967258
114,188663	0,0266076140105724
114,303859	0,0270479582250118
114,409440	0,028337899595499
114,521079	0,0294092409312725
114,623767	0,0301034413278103
114,733170	0,0305124707520008
114,847644	0,030270379036665
114,952964	0,0296750105917454
115,057576	0,0286553613841534
115,164382	0,0275719575583935
115,272166	0,0267562977969646
115,372496	0,0264641679823399
115,476627	0,0267757661640644
115,579695	0,0276047401130199
115,679830	0,0286643914878368
115,794618	0,0295119248330593
115,901312	0,0302285216748714
116,002218	0,030427809804678
116,104927	0,030113909393549
116,206191	0,0294662974774837
116,318354	0,0282452367246151
116,420468	0,0272256247699261
116,523614	0,0266460888087749
116,635823	0,0264826975762844
116,738246	0,0270199291408062
116,851526	0,0279382728040218
116,954797	0,0286239944398403
117,063095	0,0296616964042187
117,177747	0,0301357842981815
117,280042	0,0300649218261242
117,389573	0,0294615365564823
117,490378	0,02848095074296
117,598762	0,0271695666015148
117,713563	0,0264257006347179
117,823698	0,0259863473474979
117,925151	0,0262979231774807
118,029709	0,0271643437445164
118,143057	0,0281050615012646
118,246054	0,0292205177247524
118,360818	0,0301248468458652
118,463176	0,0303260199725628
118,563565	0,0301338844001293
118,678426	0,029214333742857
118,786191	0,0278974138200283
118,887961	0,026970524340868
119,001649	0,0262148045003414
119,102837	0,026068989187479
119,203605	0,0265848152339458
119,315483	0,0276023633778095
119,416820	0,0285983346402645
119,524883	0,0296693108975887
119,634230	0,0303659774363041
119,734358	0,0304958187043667
119,834797	0,0300511382520199
119,949739	0,0291359014809132
120,051801	0,028008121997118
120,158196	0,0271548442542553
120,270474	0,0264879204332829
120,373308	0,0266285203397274
120,485897	0,0275833569467068
120,595402	0,0285850279033184
120,696744	0,02980862185359
120,800078	0,0307065509259701
120,909849	0,0310595743358135
121,017712	0,030803132802248
121,118865	0,0299650616943836
121,232219	0,0287760831415653
121,345662	0,0277496464550495
121,448291	0,0267225615680218
121,562592	0,0265168957412243
121,667788	0,0269025973975658
121,772014	0,0281449742615223
121,884169	0,0293612293899059
121,990863	0,0302280448377132
122,096382	0,0304154418408871
122,198597	0,029886607080698
122,313668	0,0283440835773945
122,418113	0,0264717675745487
122,521246	0,0248370207846165
122,624845	0,0231942497193813
122,738684	0,0221840851008892
122,842959	0,0223550535738468
122,951592	0,0233951546251774
123,066638	0,0253570564091206
123,172450	0,0270370282232761
123,272918	0,0280508957803249
123,387835	0,0285522304475307
123,488680	0,0280095525085926
123,596701	0,0266869403421879
123,697735	0,0248783342540264
123,809120	0,0230859629809856
123,911135	0,0219072140753269
124,013806	0,0216792710125446
124,123876	0,0222434513270855
124,238945	0,0240657515823841
124,346457	0,026329267770052
124,460771	0,0277320705354214
124,566844	0,0288473777472973
124,679035	0,0288274101912975
124,789463	0,0278864838182926
124,893309	0,0262366496026516
124,997303	0,0246432535350323
125,111580	0,0227159969508648
125,218565	0,0219651572406292
125,318834	0,0223232321441174
125,422412	0,0233604796230793
125,523084	0,0254477672278881
125,625887	0,0269082896411419
125,737167	0,0281867943704128
125,842112	0,0286520384252071
125,956504	0,028027605265379
126,071342	0,0269063971936703
126,172641	0,0250911004841328
126,285214	0,0232360474765301
126,399011	0,0216958858072758
126,500036	0,0216783173382282
126,612279	0,0226414315402508
126,713944	0,0240163616836071
126,822388	0,0258885063230991
126,937315	0,0274669639766216
127,052435	0,0283968262374401
127,161230	0,028212446719408
127,261902	0,0271443910896778
127,373381	0,0251338444650173
127,476896	0,0235485546290874
127,584790	0,0220477916300297
127,690937	0,0214541740715504
127,792508	0,0219561271369457
127,907824	0,0231125615537167
128,023004	0,0252739451825619
128,135549	0,0272275172173977
128,237178	0,028111707419157
128,339660	0,028354536741972
128,454595	0,027493093162775
128,554767	0,0259431265294552
128,656420	0,0243882201611996
128,770606	0,0226618535816669
128,884272	0,0215420238673687
128,986801	0,0217547751963139
129,101608	0,0227145738899708
129,216849	0,024439986795187
129,327097	0,0268009416759014
129,429072	0,0276513062417507
129,535047	0,0282628200948238
129,650887	0,0278147421777248
129,753635	0,026526864618063
129,868288	0,0244247950613499
129,973936	0,0229278169572353
130,084255	0,0216906629502773
130,195249	0,0214494280517101
130,299744	0,0225492976605892
130,413553	0,0242804177105427
130,514015	0,0258514620363712
130,623988	0,0274118520319462
130,725691	0,0283065401017666
130,829728	0,0281753875315189
130,939439	0,0269714705646038
131,045445	0,0255522467195988
131,154855	0,0239612720906734
131,257709	0,0220492146909237
131,359176	0,0213197879493237
131,459631	0,0217120386660099
131,571722	0,0228086076676846
131,680718	0,0246465764939785
131,780861	0,0264959894120693
131,884102	0,0278427712619305
131,984515	0,0283431299030781
132,087578	0,0280694179236889
132,202541	0,0269291959702969
132,302850	0,0251775346696377
132,417003	0,0230000056326389
132,531709	0,0216859169304371
132,638345	0,0213843695819378
132,743672	0,0222011841833591
132,858235	0,023832555860281
132,959235	0,025745552033186
133,059891	0,0273695699870586
133,169602	0,0281825177371502
133,278821	0,0282746963202953
133,393637	0,0273586474359035
133,502859	0,0257417522370815
133,610736	0,02383778616786
133,724465	0,0222030840814114
133,832268	0,0214138142764568
133,938836	0,021727230399847
134,043111	0,0230342037975788
134,154628	0,0251856036484241
134,260907	0,0266437195241451
134,370442	0,0278689078986645
134,477313	0,0282428599894047
134,582360	0,0274992696940899
134,687386	0,026310745626688
134,787999	0,0244494862854481
134,888599	0,0229078643023968
134,992680	0,0214176140725613
135,096885	0,0211968012154102
135,197245	0,0219713263213634
135,302971	0,0235803760588169
135,403718	0,0251780115067959
135,504694	0,026897843927145
135,610758	0,0279720164835453
135,721693	0,0281706340610981
135,830212	0,0274318046867847
135,944962	0,0259412340819836
136,049373	0,0240638516843319
136,162927	0,0223479308187962
136,275699	0,021360632032156
136,376828	0,0214574970304966
136,479610	0,0228974185883999
136,581190	0,0244447328150272
136,694701	0,0263268910348415
136,795571	0,0277487002313137
136,908890	0,0283569060266018
137,014004	0,0281492508947849
137,114099	0,0270840637385845
137,214533	0,0250569023191929
137,318437	0,0234792195260525
137,420017	0,0219627805054188
137,532345	0,0213601551949978
137,646256	0,0218725465238094
137,748297	0,0233243890106678
137,858586	0,0252250246703625
137,961687	0,0272061489522457
138,073149	0,0280946008861065
138,178076	0,0283583365380764
138,281988	0,0278551243245602
138,396790	0,0259526334702969
138,497375	0,0243749283254147
138,611139	0,0228864960372448
138,718948	0,0215800143778324
138,821087	0,0216023363173008
138,934675	0,0229520387947559
139,047426	0,0247762314975262
139,151360	0,0263074226677418
139,265101	0,0277330242097378
139,366518	0,0283768735826015
139,478743	0,0280822478234768
139,582866	0,0269296728074551
139,693674	0,0251875035464764
139,801457	0,0233044438064098
139,906009	0,0220572836697102
140,017947	0,0213943459093571
140,128590	0,0220444612205029
140,234704	0,0239033289253712
140,344438	0,0258220173418522
140,455419	0,0274408273398876
140,555889	0,0283540599048138
140,661260	0,0283464603126049
140,768558	0,0276593752205372
140,871845	0,0261502079665661
140,982951	0,0239612720906734
141,085932	0,0225853882730007
141,198445	0,0216317810118198
141,304275	0,0217761434614658
141,414808	0,023223701864481
141,526540	0,0247439332306385
141,637040	0,0268365703523159
141,738223	0,0280675254762173
141,842321	0,0284453071653843
141,946690	0,0281829945743084
142,053203	0,0265510939061642
142,166310	0,0250426568090916
142,277095	0,0231847576797009
142,378322	0,0218592472374439
142,487710	0,0215529464185238
142,597531	0,0224823318421841
142,713155	0,0241555087268353
142,816547	0,0257194302976131
142,920734	0,0275234989821911
143,025446	0,0282238535583019
143,131108	0,0282314531505108
143,235777	0,0273591168224812
143,345220	0,0254548899829388
143,456546	0,0235836990177631
143,560375	0,0224880315363407
143,662323	0,0214546509087086
143,772573	0,0216194353997707
143,882369	0,0230403803288937
143,993741	0,0245506428182125
144,107278	0,0266731642186642
144,219085	0,0279335267841816
144,329081	0,0283782966434956
144,439843	0,027888860553503
144,541443	0,0263045690953732
144,646304	0,024774331599474
144,759659	0,0229762606322765
144,874107	0,0217732898890972
144,976189	0,0216678716242313
145,086444	0,0227349959313869
145,191471	0,0244575552642345
145,300320	0,0263055227696896
145,415244	0,0277368240058422
145,525963	0,0283944495022297
145,638015	0,0281330980360508
145,750498	0,0270052067935467
145,865803	0,0246095322072506
145,977699	0,022816676646471
146,083031	0,0217519290745258
146,185998	0,0214527510106564
146,288425	0,0222292058169842
146,393941	0,0238430090248585
146,495184	0,0257241763174534
146,603975	0,0273220650851727
146,705774	0,0282219536602497
146,810512	0,0282228998839855
146,916321	0,0275234989821911
147,027886	0,0257161073386669
147,137120	0,0241146720945835
147,252011	0,0224115662276745
147,362717	0,0214418284595013
147,473557	0,0216958858072758
147,583342	0,0232901908457279
147,697292	0,0251599662005901
147,801598	0,026651319116354
147,904827	0,0280494652688503
148,016250	0,0283260233700275
148,131236	0,0278399251401424
148,240418	0,0262247733771801
148,351100	0,0243696980178356
148,461319	0,0223816521465778
148,569369	0,0214741192758083
148,680563	0,0216621719300747
148,783047	0,0225986875593662
148,895204	0,0246579758822918
149,007867	0,0261815600097179
149,110352	0,0277900360524654
149,211511	0,0282770730555058
149,317264	0,0280166752636433
149,432168	0,0268864445388317
149,543739	0,0251632891595364
149,652846	0,0230161510407925
149,762876	0,0215966366231441
149,871653	0,0214228369295597
149,986359	0,0222353748977184
150,098217	0,0244817845523357
150,201493	0,0260480903089046
150,306099	0,0275605507194996
150,412902	0,0282561667263508
150,522623	0,0282561667263508
150,632646	0,027122538536787
150,742256	0,0254520438611507
150,856742	0,023572776466608
150,968326	0,0220672599971294
151,077747	0,0214499048888683
151,191338	0,0219409354031086
151,293725	0,023369025439024
151,397726	0,0252259783446789
151,499689	0,0266788639128208
151,609213	0,0280494652688503
151,711094	0,028284203261137
151,811775	0,027786236256361
151,917459	0,0267192386090755
152,026125	0,0246418230235577
152,141117	0,0228627510368824
152,251831	0,0216692946851254
152,354050	0,0214931182563305
152,464138	0,0226457081735134
152,577851	0,0243796668946743
152,689913	0,0265092961490154
152,799188	0,0276493988931179
152,910490	0,0282989330589771
153,021299	0,027886014431715
153,135484	0,026630412787199
153,246013	0,024542573839426
153,354994	0,0230470262467861
153,464701	0,0217875428497791
153,567181	0,021512109786272
153,675939	0,0225611738860607
153,784409	0,0239470191299915
153,889552	0,0258210711181164
153,996320	0,0274037756025791
154,110088	0,0282756499946117
154,215696	0,0281511507928371
154,326899	0,0273325107991695
154,436214	0,025725606828928
154,543719	0,0238453857600689
154,655294	0,0220492146909237
154,765660	0,021462719887495
154,880364	0,0219789259135723
154,991340	0,0234184227883816
155,100571	0,0255973748862743
155,201204	0,0272332243621349
155,302574	0,0280993543565273
155,406699	0,028354536741972
155,515434	0,0276470296084881
155,625133	0,026212427765131
155,734539	0,0243602059781551
155,847941	0,022403497248888
155,961611	0,021530631929636
156,072943	0,0218844227492809
156,179958	0,0229681842029095
156,285078	0,0247567556798458
156,395350	0,0268151871860027
156,502995	0,0278384946286678
156,610713	0,0283108167350292
156,714188	0,027863685041666
156,822750	0,0266028605401516
156,932089	0,0248151682317257
157,041882	0,0232816450297832
157,145226	0,0217315070331097
157,259701	0,0215225629508495
157,368147	0,0225037075579166
157,479204	0,0242167748510838
157,588217	0,0257768966257572
157,694380	0,0275638811290264
157,805160	0,0282979868352413
157,907410	0,0282186232507229
158,007946	0,0273040048778057
158,108107	0,0257028080523014
158,217694	0,0238311402499676
158,325397	0,0224813856184483
158,438737	0,0214836187660694
158,540074	0,0218545012176037
158,652807	0,0228836499154568
158,757566	0,0249623991549015
158,863602	0,0267083160579205
158,966794	0,0279059670865536
159,077170	0,0282718501985073
159,187381	0,0277239941060543
159,300381	0,0260851420462132
159,414004	0,0245501659810543
159,519416	0,0230304040014744
159,622582	0,0216113589704037
159,729656	0,0214631967246532
159,834397	0,0221703164279461
159,940901	0,023761797696352
160,043228	0,0256329886615276
160,157703	0,0272218249738216
160,269628	0,0281269215047359
160,371935	0,0281425975263119
160,477749	0,0270413048565388
160,585266	0,0253893472254276
160,696819	0,0238411091268063
160,804508	0,0220572836697102
160,919811	0,0214375518262386
161,028658	0,0221033506095409
161,142708	0,023619320243597
161,250306	0,0251818113029003
161,357110	0,0271320380270481
161,458313	0,0280285589396954
161,560425	0,0282989330589771
161,668797	0,027465533465147
161,777684	0,0259597562253475
161,892831	0,0241113416850567
161,999594	0,0224657095968723
162,099659	0,0215719453990459
162,199803	0,0216445960104465
162,308357	0,0224609635770321
162,415098	0,0244119726121426
162,521117	0,0259550027549267
162,621261	0,0274764634668827
162,728090	0,0282818265259266
162,830588	0,0281877480447292
162,941552	0,02721231803298
163,044678	0,0258809067308903
163,158671	0,0240367837250233
163,268574	0,0222154296934605
163,381755	0,0215610228478909
163,488297	0,0221669860184193
163,593872	0,0233600027859211
163,697080	0,0255071334540844
163,806734	0,0271662436425686
163,919933	0,0280784480273724
164,029677	0,0283307768404484
164,142870	0,0273700468242168
164,247058	0,0260761193931103
164,355766	0,0245363973081112
164,456655	0,0228019617497921
164,563290	0,0217172615230083
164,674724	0,0216635949909687
164,778399	0,0226680301129818
164,889834	0,0246779210865498
164,997519	0,0262167043983936
165,104498	0,0278370715677738
165,216752	0,0283939801156521
165,324111	0,0278769843280315
165,432448	0,0268194638192654
165,541129	0,0253713019192219
165,654093	0,0235110335052013
165,758503	0,0217509754002094
165,865485	0,0215529464185238
165,967908	0,0222097299993038
166,078084	0,0237575210630894
166,185960	0,0255987979471684
166,294595	0,0274023525416851
166,399104	0,0281169377267361
166,505468	0,0281582809984684
166,614715	0,0273116119205952
166,723877	0,0260566435754299
166,832350	0,024217251688242
166,934674	0,0223104171454906
167,048932	0,0214532278478146
167,156648	0,0218962915241718
167,257945	0,0227254964411259
167,358701	0,0247719548642635
167,461250	0,0262698940932751
167,567139	0,0276294462382793
167,674812	0,0282153002917767
167,781210	0,0277515463531017
167,894956	0,0267277918756008
168,007978	0,0249923132359982
168,120943	0,0228917263448238
168,230418	0,0216702483594418
168,343187	0,021502610296011
168,448170	0,0222762189805508
168,554693	0,0238905064761639
168,657996	0,0260100923478603
168,771694	0,0272498540580273
168,882020	0,0280518420040607
168,990760	0,0279767625033855
169,100807	0,0267843194305897
169,206220	0,0250991694629192
169,320839	0,0235547311604023
169,436000	0,0218307562172413
169,536245	0,0213311873376369
169,647373	0,0217134617269039
169,754871	0,0233286581933498
169,856648	0,0254995338618755
169,970790	0,0271063856780529
170,085893	0,0280404351651669
170,195612	0,0280822478234768
170,308097	0,0272265709936619
170,410333	0,0256861858069897
170,525849	0,0241445861756802
170,636855	0,022472832351923
170,747369	0,0214546509087086
170,858042	0,0218825228512287
170,972312	0,0232564695179462
171,084008	0,0250792242586613
171,193480	0,026780042797327
171,305927	0,0279116742312908
171,408673	0,0281924940645695
171,511281	0,0277315936982632
171,625418	0,0258809067308903
171,737645	0,0240315608680248
171,839888	0,0223678760230541
171,948156	0,0215387009084225
172,057181	0,0214959643781185
172,157858	0,0227535180747509
172,262732	0,0238952599465847
172,377647	0,0260153226554394
172,480163	0,0276071168482304
172,590938	0,0281093381345272
172,699948	0,0278779305517673
172,814412	0,0265539400279522
172,926557	0,0244960300624371
173,035815	0,0227435417473316
173,140141	0,0218701772391796
173,253732	0,0213748700916767
173,364031	0,0221323184669018
173,475703	0,0236915089190006
173,585346	0,0258386395871639
173,698867	0,027338694781065
173,807907	0,0281131379306316
173,912738	0,0278850607573986
174,024261	0,0270042531192303
174,129963	0,025386493653059
174,240474	0,0235580541193485
174,344417	0,0220824591815472
174,453751	0,0215021409094334
174,565972	0,0219319127500057
174,666145	0,0233134664595127
174,769069	0,0251314677298069
174,875985	0,02682089433074
174,984600	0,0279321037232876
175,098136	0,0281464047729969
175,205323	0,0275543741881847
175,312204	0,0264252237975597
175,421361	0,0243264846503735
175,534210	0,0226096101105213
175,636491	0,0215472541749477
175,738077	0,0214456282556057
175,845533	0,0225307755172253
175,959237	0,0242163054645061
176,062052	0,0257460214197636
176,176210	0,0274394042789936
176,284759	0,0280969776213169
176,385313	0,0279572866857052
176,496485	0,0269933305680752
176,607127	0,025075901299715
176,720118	0,0232507698237896
176,821524	0,0218478552997112
176,923402	0,0213506557047367
177,031153	0,0221209190785885
177,139661	0,0233785323798656
177,253455	0,0255004875361919
177,360687	0,0268432162702084
177,469823	0,0278622545301914
177,579161	0,0279767625033855
177,689336	0,0271154157817364
177,797583	0,0255707763135433
177,906348	0,0234497673809528
178,013599	0,022183608263731
178,122173	0,0214233063161373
178,229195	0,0217338763177395
178,340759	0,0230009518563747
178,443290	0,0247923769056797
178,552681	0,0265382640063763
178,663086	0,0277624763548374
178,774078	0,0281725339591503
178,885175	0,027515422552824
178,985822	0,0263967178761959
179,098844	0,0246294774115086
179,204569	0,0226281397044659
179,313016	0,0216944627463818
179,413777	0,0215111635625362
179,524670	0,0223892442882061
179,633891	0,0243165083229542
179,741121	0,0258462391793728
179,849830	0,027139637619257
179,957696	0,0281259678304195
180,071271	0,0279221273958683
180,177303	0,0270550809800625
180,292197	0,0254482440650463
180,399322	0,0233310274779797
180,505012	0,0219452045857906
180,608250	0,0214679427444935
180,716116	0,021892499178648
180,824141	0,0235200561583042
180,936535	0,0253508798778057
181,045251	0,0267472676932812
181,154604	0,0279881693422794
181,262659	0,0280717946588993
181,367054	0,0273933224380016
181,476041	0,0262024588882923
181,579883	0,0240942500531673
181,693193	0,0222282521426678
181,798675	0,021604236215353
181,905337	0,0216384269297123
182,015227	0,0227596871554852
182,125372	0,0248061455786228
182,237210	0,0265368409454823
182,340533	0,0274242050945759
182,448347	0,0281445048749447
182,555572	0,0277838595211506
182,669488	0,026605237275362
182,778737	0,0245781876146793
182,886548	0,0230916701257229
182,989373	0,0218089111149311
183,102027	0,0215016640722752
183,211177	0,0223863981664181
183,312505	0,0240011624991894
183,427543	0,0258106179535389
183,541499	0,0272854827344418
183,649336	0,0279786698520184
183,759953	0,0278171189129353
183,869544	0,0269472487270832
183,983764	0,0253105126321316
184,086155	0,0234777890145779
184,198294	0,0218074880540371
184,307394	0,0213364101946354
184,417919	0,021768543869257
184,522687	0,0234136767685413
184,624828	0,0249462462961674
184,739450	0,0266536884009838
184,848028	0,02790692076087
184,960663	0,0280632488429546
185,068752	0,0273253880441189
185,177424	0,0258756838738918
185,286600	0,0237841196358204
185,400099	0,0222557969391346
185,507796	0,021576214581728
185,617417	0,0218397788703442
185,726964	0,0231101922690868
185,840395	0,0248788110911846
185,946157	0,0268498696386814
186,056864	0,0279173739254475
186,165825	0,0281492508947849
186,280678	0,0276541523635387
186,395930	0,0260765887796879
186,500309	0,0239736177027225
186,600723	0,0226115100085735
186,712750	0,0216161049902439
186,815745	0,0215676687657833
186,930163	0,0226903520524502
187,038710	0,024389173835516
187,141227	0,0261806063354015
187,245794	0,0275672040879726
187,353705	0,0281977243721485
187,458225	0,0280413888394833
187,568001	0,0268408469855785
187,676585	0,025461059063673
187,790485	0,0236425958573818
187,899903	0,0220074169337749
188,002846	0,0215605460107327
188,110326	0,022015493363142
188,220654	0,0236558876931667
188,330257	0,0251594893634319
188,435005	0,0270593576133251
188,540380	0,0280295051634312
188,642696	0,0281977243721485
188,752745	0,0273994989693165
188,861206	0,0262143276631832
188,968078	0,0241279639303684
189,074484	0,0225098840892315
189,185579	0,0216180048882961
189,292298	0,0217718668282032
189,400622	0,022666122764349
189,508563	0,0246441997587681
189,616398	0,0263990871608257
189,719867	0,0275239758193493
189,824428	0,0281730107963085
189,931944	0,0279335267841816
190,035212	0,0268451236188412
190,144635	0,0248650349676609
190,253259	0,0233619026839733
190,364681	0,0218103341758251
190,471305	0,021479818969965
190,573614	0,0220254696905613
190,676407	0,0231695584952831
190,780968	0,0252539925277233
190,882690	0,0266413427889347
190,993548	0,0277786366641521
191,104186	0,0280717946588993
191,209043	0,0273524709045887
191,319126	0,0259060822427273
191,428882	0,0244072191417217
191,538700	0,0224676094949245
191,641696	0,021534901112318
191,750373	0,0216365270316601
191,855499	0,0227359421551228
191,965069	0,0244452096521854
192,072653	0,0259307809174061
192,186504	0,027685035020113
192,294128	0,0280542187392712
192,402006	0,0277467928826809
192,508938	0,0265848152339458
192,617666	0,0245639346539974
192,725566	0,0230812169611454
192,827766	0,0216403268277645
192,931187	0,0214024148881435
193,033822	0,0219119600951672
193,141830	0,0236007981002331
193,251850	0,0251200683414936
193,359826	0,0270014069974422
193,472756	0,027838971465826
193,582767	0,0280104987323284
193,690389	0,0269966535270214
193,796026	0,0257042311131954
193,896765	0,0242063291370869
194,007143	0,0221280492842197
194,116877	0,0215092562139034
194,228989	0,0217343531548977
194,342984	0,0231861807405949
194,450759	0,0249576456844807
194,560145	0,0266375429928303
194,670841	0,0276232622563839
194,783997	0,0280627720057964
194,892585	0,0274669639766216
195,002925	0,0258386395871639
195,112824	0,0240467600524426
195,224259	0,0224191658198833
195,334739	0,0215201862156391
195,435963	0,0216445960104465
195,537034	0,0225255452096462
195,641147	0,0241958759725094
195,745385	0,0260015465319157
195,853501	0,0272408239543438
195,963527	0,0281340442597866
196,077171	0,027929250150919
196,184546	0,0266598649322987
196,293353	0,0252582691609859
196,402305	0,0231861807405949
196,504898	0,0218929685652256
196,615315	0,0215083099901676
196,717701	0,0218706466257572
196,822177	0,0231486670672894
196,928636	0,0252079330384731
197,041274	0,0270612575113773
197,144613	0,0277477465569973
197,245230	0,0280817709863186
197,348017	0,0275268219411373
197,462651	0,0259345807135105
197,571634	0,0244513861835003
197,681852	0,0225108303129673
197,791531	0,0215567462146282
197,900755	0,0216270349919796
198,012402	0,0226860754191875
198,125051	0,0243886969983578
198,235761	0,0264261700212955
198,341672	0,0275021158158779
198,451237	0,0281003080308437
198,560472	0,0276479758322239
198,669543	0,0266565419733524
198,782399	0,0246712751686573
198,887314	0,023203756660223
198,987632	0,0218986682593822
199,091584	0,0214969180524349
199,201168	0,0221650861203671
199,305388	0,0236554183065891
199,406967	0,0254653356969357
199,516588	0,0270565114915371
199,629404	0,0280114524066448
199,739182	0,0281060077250004
199,846728	0,0273306109011173
199,955427	0,0258619077503681
200,066034	0,02378174290061
200,179478	0,0222933180630207
200,289304	0,0216075591742992
200,398706	0,0219794027507305
200,505685	0,02327024564147
200,612474	0,0250274650752544
200,721752	0,0267064161598682
200,829657	0,0278413482010365
200,938431	0,0281212143599987
201,051942	0,0274066217243671
201,160788	0,0262318961322308
201,260972	0,0244528092443943
201,370704	0,0224956311285496
201,479521	0,0216327272355556
201,585829	0,0215201862156391
201,698831	0,022430095821619
201,799829	0,0237518213689327
201,913179	0,0261017642915249
202,021094	0,0272503308951855
202,132302	0,0280100218951702
202,241713	0,0278161726891994
202,350997	0,0263302214443684
202,451809	0,0249016098678112
202,554519	0,0231367908418179
202,656645	0,0220017172396183
202,765587	0,0214503742754459
202,867100	0,0217870660126209
202,979225	0,0233334042131901
203,088476	0,0254192687571049
203,198527	0,026992853730917
203,312287	0,027830895036459
203,421154	0,0280665718019009
203,530191	0,0272408239543438
203,638575	0,0254829116165638
203,751661	0,0239964090287685
203,863895	0,0222348980605602
203,979165	0,0215771682560444
204,090520	0,021967526525259
204,191817	0,0230080746114254
204,306264	0,0250412337481976
204,411326	0,026724461466074
204,512368	0,0278646312654018
204,616906	0,0282001011073589
204,726684	0,0277724601328373
204,836289	0,0262888930737972
204,944639	0,0248370207846165
205,059627	0,0228470750153065
205,168857	0,021893922239542
205,278902	0,0217011086642742
205,381793	0,0226324088871479
205,493778	0,0242557190358639
205,605789	0,0260324142873287
205,715145	0,0277748368680477
205,827090	0,0281834714114666
205,937315	0,0278394483029842
206,051701	0,0266921631991863
206,161215	0,0246983431279659
206,272985	0,0229700841009617
206,380875	0,0219376124441624
206,493048	0,0215600691735744
206,596138	0,0224391184747219
206,705982	0,0243103392422199
206,811093	0,0258082412183285
206,919427	0,0270888172090054
207,026578	0,0280917547643185
207,133882	0,0280142985284328
207,244447	0,027295459061861
207,351168	0,0258134715259075
207,465925	0,0237318836152554
207,575969	0,0222648195922375
207,683632	0,0216099359095097
207,797931	0,0220021940767765
207,909656	0,0235756300389767
208,021754	0,0256420113146305
208,131595	0,0269477255642414
208,247110	0,0279397033154964
208,355452	0,0279482565820217
208,465171	0,0271833427250385
208,567291	0,0256624333560467
208,671064	0,0238686613738537
208,777935	0,0225492976605892
208,882665	0,0215629227459431
208,987869	0,0218454785645008
209,088945	0,0228052847087383
209,190229	0,0244808308780193
209,297158	0,026213850826025
209,400775	0,0273367874324322
209,502917	0,0280385352671146
209,608997	0,0279102437198162
209,711214	0,0270108990371227
209,811479	0,0251803807914257
209,921225	0,0236995778977871
210,033880	0,0220425687730312
210,143184	0,021530631929636
210,253252	0,022255327552557
210,359767	0,0231980495154858
210,467144	0,0249695219099522
210,568180	0,0266617648303509
210,677923	0,0278199724853039
210,786940	0,0281373746693134
210,902474	0,0274550877511501
211,010569	0,0260471440851688
211,120130	0,024269487708807
211,231045	0,0224158428609371
211,343280	0,0216707251966
211,445007	0,0217234306037426
211,557424	0,0230185277760029
211,670296	0,0247396640479565
211,770665	0,0261877365410328
211,878656	0,0276764817535877
211,988596	0,0281079076230526
212,095893	0,0278109423816204
212,200684	0,0266969166696072
212,304113	0,0247382335364819
212,411714	0,0230076052248478
212,514541	0,0221285186707973
212,623490	0,0215510539710522
212,730620	0,0223925672471523
212,841793	0,0239384733140469
212,946051	0,0254349447786808
213,052959	0,0270042531192303
213,153524	0,0279454030096531
213,262206	0,0280347354710102
213,365992	0,0274503342807293
213,475634	0,0258082412183285
213,583463	0,0243340842425823
213,697773	0,0224661864340305
213,808226	0,021625604480505
213,918778	0,0219342894852161
214,028066	0,0231947265565395
214,136853	0,0249329470098019
214,237961	0,0260837189853191
214,342751	0,027736347168684
214,457056	0,0280651487410069
214,559126	0,0276636518537998
214,661940	0,0264750979840755
214,772202	0,0244689546525478
214,885448	0,0230394266545773
214,994500	0,0217110849916935
215,102884	0,0215486772358418
215,212037	0,022306140512228
215,321941	0,0241260640323162
215,437307	0,0258965827524662
215,544648	0,0273196883499622
215,654786	0,0280233286321163
215,763441	0,0277520231902599
215,875019	0,0266337431967258
215,988887	0,0249733217060566
216,099179	0,0229620151221752
216,208264	0,0217975191771984
216,318276	0,0215472541749477
216,419689	0,0221988074481487
216,526082	0,023377101868391
216,630673	0,0251433365046978
216,744712	0,0267748199403286
216,851983	0,0279401801526546
216,962697	0,0279572866857052
217,071372	0,0272550769150257
217,185807	0,0255099795758724
217,295286	0,0237361527979374
217,402488	0,022472832351923
217,513139	0,0216085128486156
217,627375	0,0218564011156559
217,736832	0,0232683382928371
217,844842	0,0249989591538906
217,948725	0,0266522653400898
218,060952	0,0277753062546253
218,171264	0,0280542187392712
218,279912	0,0273562707006931
218,387311	0,0262119583785534
218,497378	0,0244756080210209
218,604875	0,0225611738860607
218,713786	0,0216417498886585
218,824606	0,0217395760118961
218,934226	0,0225811190903187
219,048286	0,0244931764900684
219,155506	0,0262385495007038
219,261518	0,0275515280663967
219,365473	0,0281069613993168
219,475036	0,027781005948782
219,583134	0,0264152474701405
219,692422	0,0247102193534374
219,801969	0,0232711918652058
219,916181	0,0218649469316006
220,025576	0,0217367298901081
220,134415	0,0222904644906521
220,243464	0,023755144327879
220,355292	0,026092741638422
220,455798	0,0274645872414112
220,568935	0,0281060077250004
220,676875	0,0279715396463871
220,790826	0,0268185175955296
220,897816	0,0251870267093182
221,007918	0,0236953087151051
221,119040	0,0222272984683514
221,228931	0,0215591229498386
221,336460	0,0221171192824841
221,451806	0,0235148333013058
221,554248	0,0252772681415081
221,660040	0,0270759798586369
221,762374	0,0278489552438259
221,871210	0,0280076526105404
221,980025	0,0273063816130161
222,088363	0,0256177894771099
222,201762	0,0238482318818569
222,313191	0,0223322547972202
222,420929	0,0216389037668705
222,530601	0,021865900605917
222,635696	0,0230835936963558
222,745437	0,024809468537569
222,853811	0,0264974199235439
222,963328	0,0276807583868504
223,076966	0,0280770175158978
223,185741	0,0277396701276302
223,292893	0,0263591967523098
223,402289	0,0243454836308956
223,516385	0,0226998515427113
223,618599	0,0216925628483295
223,733310	0,0216802172362804
223,840984	0,0226699225604534
223,948111	0,0240106619894505
224,048930	0,0257835499942303
224,161044	0,0274218283593655
224,265176	0,0280489884316921
224,373563	0,0278052352368832
224,488977	0,0267410837113857
224,589917	0,0251119919121265
224,692199	0,0233533568680286
224,800901	0,0220059938728809
224,914469	0,0215301550924778
225,024109	0,0222814418375492
225,134099	0,0232289247214794
225,235701	0,0249666683375835
225,339597	0,026847492903471
225,442691	0,0278318487107754
225,550514	0,0280185751616955
225,654590	0,0275890566408634
225,767106	0,0258391089737415
225,869232	0,0246688984334469
225,984205	0,0227088741958141
226,097140	0,0216597951948643
226,198698	0,021604236215353
226,300285	0,0225483439862728
226,401406	0,0241626389324665
226,502214	0,0256420113146305
226,611739	0,0271244384348392
226,719216	0,02793874964118
226,823041	0,0279658399522305
226,924972	0,0267866961658001
227,037140	0,0254762582480907
227,150515	0,0234374217689037
227,260145	0,0222496278584003
227,365641	0,0215709917247295
227,470348	0,0219266898930073
227,573445	0,0229259170591831
227,685485	0,0249120555818081
227,793017	0,0268071182072163
227,902607	0,0277092643082142
228,017279	0,0280485115945339
228,132445	0,0273453406989574
228,247172	0,0259545259177685
228,356135	0,0242096520960331
228,471619	0,022615309804678
228,582100	0,021696362644434
228,684200	0,0220335386693478
228,794381	0,0230835936963558
228,904751	0,0248004458844662
229,017102	0,0267539210617542
229,118011	0,0277206711471081
229,223621	0,0281563811004162
229,332055	0,0277140103280544
229,441546	0,0265007428824902
229,549969	0,0248037688434124
229,658906	0,0231035389006138
229,771813	0,0219437815248966
229,882187	0,0217870660126209
229,990878	0,0225098840892315
230,101789	0,0240287072956562
230,217292	0,0260509438812733
230,325980	0,0274132750928402
230,435122	0,028077494353056
230,543519	0,0278332717716694
230,650606	0,0267904959619045
230,761320	0,0248702578246593
230,869754	0,0231382139027119
230,978708	0,0220549069344997
231,088277	0,0215605460107327
231,199867	0,0222895182669163
231,301277	0,0237727202475071
231,413975	0,0255304090678692
231,515785	0,0268284939229488
231,625706	0,0279154740273952
231,726804	0,0279444567859173
231,836468	0,0273173116147518
231,948986	0,0256410650908947
232,059419	0,0238805301487446
232,169292	0,0223693065345287
232,280690	0,0216051898896694
232,386272	0,0217519290745258
232,491357	0,0233372040092945
232,593726	0,0247942768037319
232,695710	0,0264931432902813
232,804475	0,0276969037950039
232,918619	0,0281164608895779
233,027327	0,0275021158158779
233,139643	0,0264219008386135
233,243061	0,0247216187417507
233,357627	0,0227967388927937
233,467689	0,0217832662165165
233,570897	0,0216840170323849
233,686122	0,0227202735841274
233,796897	0,0246351771056652
233,899428	0,0258025489747524
234,013546	0,0272683836519718
234,125029	0,0280998311936855
234,225255	0,0277539230883121
234,329110	0,0268313400447369
234,432284	0,0255085565149784
234,538185	0,0237461291253567
234,640521	0,0222918950021267
234,754389	0,0216218046844006
234,863676	0,0220078937709332
234,973053	0,0232688151299953
235,083332	0,0249932669103146
235,183525	0,0266299434006214
235,286019	0,0278427712619305
235,396000	0,0280352123081684
235,506664	0,0274669639766216
235,620334	0,0261554382741451
235,727345	0,0241393633186817
235,835585	0,0227767862379551
235,943079	0,0216384269297123
236,057403	0,0216450728476048
236,169458	0,0228076614439487
236,279103	0,0247681550681591
236,383183	0,0261962823569775
236,486375	0,0274869166314602
236,597286	0,0280309356749058
236,709999	0,0277059338986874
236,821567	0,0265857614576817
236,929911	0,0246361307799816
237,039582	0,0226936750113964
237,147611	0,021793719381094
237,258231	0,0215557999908924
237,371389	0,0224068202078342
237,480430	0,0242333970963955
237,590072	0,0256890319287777
237,700317	0,0273101888597012
237,807674	0,0279458798468113
237,922745	0,0276090167462826
238,031943	0,0264746211469173
238,141151	0,0248270444571972
238,251194	0,0233975313603878
238,364543	0,0219342894852161
238,473712	0,0216992162168026
238,582469	0,0223759524524212
238,683902	0,0238653309643269
238,795773	0,025894682854414
238,902436	0,0271078161895275
239,007465	0,0279482565820217
239,108484	0,0280104987323284
239,222962	0,0271021090447903
239,332175	0,025877583771944
239,440178	0,0241251103579998
239,549735	0,0225412212312222
239,663737	0,0215681456029415
239,772225	0,0220245160162449
239,875562	0,023084070533514
239,976958	0,0247885771095753
240,086054	0,0267016626894474
240,195464	0,0274921394884586
240,303942	0,0280413888394833
240,416310	0,0275695808231831
240,529817	0,0260789655148983
240,639336	0,0243540294468403
240,742268	0,0227359421551228
240,845471	0,0217576213181019
240,955294	0,0217509754002094
241,070395	0,0227283500134945
241,178985	0,0240496061742306
241,289411	0,0260818116366863
241,391269	0,0274280048906803
241,494236	0,0280104987323284
241,608570	0,0279249809682369
241,722020	0,0267871655523777
241,824441	0,0251765884459019
241,928696	0,023450244218111
242,032456	0,0223066173493862
242,139064	0,0216892398893833
242,246842	0,02209148183465
242,361527	0,0236535184085369
242,469576	0,0253955237567425
242,580444	0,0271785892546177
242,690943	0,0280238054692745
242,804750	0,028034258633852
242,913412	0,0272023491561413
243,021636	0,0259910933673382
243,134025	0,0239712409675121
243,238894	0,0224856548011303
243,341042	0,0217604748904705
243,444692	0,0220572836697102
243,553955	0,0232707150280476
243,655149	0,0243858434259892
243,768071	0,026379618793726
243,879018	0,0276498757302761
243,985468	0,0281687341630459
244,086406	0,0279435031116009
244,188161	0,0266950167715549
244,298548	0,0253404341638088
244,400037	0,023595567792654
244,514991	0,0220810286700726
244,627554	0,0217623673379421
244,736635	0,0225820653140545
244,847094	0,0241089724004269
244,954378	0,0255517773330212
245,068772	0,027246531099081
245,178254	0,0279202274978161
245,286768	0,0278788842260838
245,395490	0,0269443951547146
245,509327	0,0251195915043354
245,620188	0,0234046541154385
245,729324	0,0221033506095409
245,838427	0,0216583721339703
245,951320	0,0222448743879795
246,061056	0,0236345194280148
246,170024	0,0253774784505367
246,280686	0,0269220732152462
246,392060	0,0279610864818096
246,502877	0,0279401801526546
246,603741	0,0270850099623203
246,713924	0,0258771069347858
246,816608	0,0238662846386433
246,927049	0,022404920309782
247,036517	0,0217034853994846
247,145777	0,0220112167298794
247,249938	0,0229729376733303
247,361990	0,0249248780310154
247,473487	0,0265795849263668
247,585451	0,0277258940041065
247,688513	0,0280637256801128
247,791455	0,0275914333760738
247,893253	0,0265871845185757
248,007876	0,0246427766978741
248,121988	0,0227411650121212
248,227950	0,0218844227492809
248,335115	0,0216844938695431
248,436306	0,0225825421512127
248,548761	0,0241289101541042
248,649439	0,0255802683532238
248,763411	0,027271706610918
248,864080	0,028008121997118
248,965081	0,0279753394424915
249,065089	0,0271709896624088
249,165296	0,0257075540721416
249,266297	0,0242566727101803
249,367305	0,0229192636907101
249,468805	0,0217899195849895
249,570800	0,0217899195849895
249,672313	0,0226893983781338
249,772339	0,0242490731179714
249,874305	0,0256956852972507
249,975547	0,0271481908857822
250,077545	0,0278712846338749
250,179051	0,027977716177702
250,281087	0,0272389240562916
250,382136	0,0260875187814236
250,484166	0,0243635289371014
250,586165	0,0227449648082256
