0,101953	0,0280470885336399
0,203769	0,0289695300161839
0,305791	0,0298357270658016
0,406272	0,0303369648754597
0,506285	0,0305367298424244
0,606333	0,0303298272192478
0,706776	0,0296883247792721
0,806776	0,0289372093975544
0,907281	0,0280028991401196
1,007284	0,0273833461105824
1,109281	0,0270332284271717
1,209790	0,0272089950740337
1,311809	0,0278646312654018
1,413363	0,028615441173315
1,513364	0,0295190624892712
1,615365	0,0301105789840221
1,715618	0,030454445630312
1,815619	0,0303027220070362
1,917158	0,0298385806381702
2,019123	0,0289833135902882
2,120295	0,0282024703919888
2,220347	0,0274161286652088
2,320348	0,0270170755684376
2,421894	0,0270869098603725
2,522313	0,0276308692991734
2,624219	0,028489027172327
2,724721	0,0292618684470654
2,824952	0,0300235562026501
2,925024	0,03037453815341
3,027022	0,0303616933524609
3,127023	0,0298737622797489
3,227077	0,0292053036391735
3,327112	0,0282732732594013
3,428579	0,027464110404253
3,529578	0,0270645804703236
3,629580	0,0270569808781147
3,729609	0,0274465344846249
3,831610	0,0282642431557178
3,933113	0,0292072035372257
4,035112	0,0299051515758038
4,135805	0,0304135344922543
4,237351	0,0304601453244686
4,339389	0,0301348306238651
4,440577	0,02939498052001
4,542540	0,0284571908414364
4,644043	0,0277325473725796
4,746041	0,0271524675190449
4,847045	0,0270778797566891
4,948545	0,0274089984595776
5,048545	0,0280266590416431
5,150050	0,0291054733097553
5,250050	0,0298052914440632
5,352050	0,0302851237356663
5,452595	0,0304344706237316
5,554552	0,0301452986896038
5,655134	0,029575165361166
5,756076	0,0285208635032177
5,857063	0,0277829058468342
5,958568	0,0272583998739719
6,060565	0,0270460583269596
6,161235	0,0273648165166378
6,268300	0,0279625095427036
6,378547	0,0288872979581356
6,489178	0,0298984907567501
6,600126	0,0304306633770466
6,704390	0,0305224619805813
6,815902	0,0301961861550808
6,927475	0,0291720293462276
7,038296	0,0283901728689671
7,149791	0,0275729112327099
7,260627	0,027115885168314
7,371262	0,0273690931499004
7,481966	0,0279221273958683
7,592696	0,0288240872323513
7,702855	0,0297168530523777
7,815054	0,030406404286623
7,925745	0,0305105708539486
8,036920	0,0300520844757557
8,148737	0,0294059105217457
8,263297	0,0283188931643963
8,373943	0,0275187455117702
8,485445	0,0270850099623203
8,596909	0,027220394462347
8,708612	0,0278190188109875
8,819843	0,0288768447935581
8,931629	0,0297605954110622
9,043095	0,0303583703935146
9,154537	0,0305295996367931
9,265512	0,0301091484725475
9,376331	0,0294848345220089
9,487438	0,0284172631800175
9,598307	0,0277059338986874
9,708829	0,0271177850663662
9,816430	0,0271543674170971
9,926628	0,0277002342045307
10,036833	0,0285721980035305
10,148351	0,0296364985406399
10,259423	0,0302974916994572
10,370519	0,0305248387157917
10,482578	0,0302608646452427
10,593595	0,0294349156320095
10,704095	0,0285080336034298
10,814773	0,0276607982814312
10,920075	0,0271994955837727
11,020983	0,0271301381289959
11,128569	0,027510192245245
11,239970	0,0283131934702396
11,349714	0,029242854565382
11,465312	0,0301300771534443
11,565439	0,0305024795234203
11,678122	0,0302960611879826
11,778147	0,0297896005213261
11,884231	0,0290855132043362
11,989153	0,0280228517949581
12,102359	0,02733488753438
12,202894	0,027098786085844
12,303919	0,0272959284484386
12,412857	0,0279653631150723
12,519138	0,0288839749991894
12,627512	0,029782947152853
12,730281	0,0303959362208843
12,840640	0,0305790640413761
12,943427	0,0302679948508739
13,044561	0,0296945087611675
13,153035	0,0286339782178402
13,254384	0,0280404351651669
13,357923	0,0272365473210812
13,472742	0,0271629206836224
13,574211	0,0274546109139919
13,686831	0,0283307768404484
13,798965	0,029400210827589
13,907273	0,0300468541681767
14,008970	0,0305219851434231
14,117437	0,0304734669625759
14,230599	0,0299893133342266
14,333706	0,0290118344128132
14,444984	0,0282404832541943
14,552812	0,027386199682951
14,656962	0,0271211080253124
14,757713	0,0272964052855968
14,867313	0,0279316268861294
14,967779	0,0289951972663403
15,068842	0,0295989327132702
15,180564	0,0302889309823513
15,291104	0,0305666960775852
15,403958	0,030279416590929
15,511037	0,0295851491391659
15,612475	0,0288326404988766
15,727112	0,0278109423816204
15,835035	0,0272593535482883
15,944408	0,0272317938506603
16,050893	0,0275287218391895
16,160483	0,0285921506583691
16,268346	0,0293626524507999
16,375026	0,0301215164363384
16,488454	0,0305072404444218
16,593748	0,0304268561303616
16,694874	0,0297710560262203
16,807433	0,0288939587771893
16,912483	0,0281354747712612
17,024429	0,0273334644734859
17,129714	0,0271249078214169
17,238981	0,0274508111178875
17,347899	0,0280523188412189
17,457017	0,029140654951334
17,563169	0,0299840830266476
17,672817	0,0305039100348949
17,784684	0,0305690802633762
17,894250	0,0301524363458157
18,005182	0,0292305015027523
18,120321	0,028459083288908
18,234741	0,0276555754244328
18,346018	0,0271885730326176
18,457490	0,0273648165166378
18,567799	0,0280005224049091
18,679022	0,0288968048989773
18,786957	0,0299032442271709
18,888792	0,0303935594856739
18,999396	0,0305781178176403
19,100917	0,0302894078195095
19,210597	0,029603686183691
19,321005	0,0287028886377811
19,426820	0,0277287475764751
19,526827	0,0273025818169117
19,639593	0,0272427313029766
19,742164	0,0275847874581814
19,851325	0,0284999571740627
19,959252	0,0294201783835888
20,071248	0,0301795415580273
20,172381	0,0305581353604794
20,277211	0,0305110476911068
20,392007	0,0297972075641155
20,496058	0,0289105959236622
20,605007	0,0281406976282597
20,711768	0,027416605502367
20,814953	0,027122538536787
20,926573	0,0274318046867847
21,041271	0,0281654112040997
21,153307	0,0290855132043362
21,264755	0,0299170352518559
21,373820	0,0304691828787327
21,485280	0,0304844044148922
21,597348	0,0299588777124882
21,708843	0,0289719067513943
21,810079	0,0283564366400242
21,920954	0,0275543741881847
22,026019	0,0271253846585751
22,128337	0,0272669605910778
22,239246	0,0277672298252583
22,350886	0,0286377780139446
22,464211	0,0296735875308514
22,573974	0,0302803628146648
22,679588	0,0304691828787327
22,791659	0,0301719270646572
22,893715	0,0294838882982731
23,006002	0,0284234397113323
23,117551	0,0276052169501781
23,224540	0,0271833427250385
23,336442	0,0271605439484119
23,444476	0,0276902578771114
23,550053	0,0283911265432835
23,657200	0,0293198637664318
23,762713	0,0301881022751331
23,873938	0,0304782204329967
23,986050	0,0303973667323589
24,097021	0,0297358669340611
24,209940	0,0288573540747166
24,320521	0,0278223417699337
24,425452	0,0272199176251888
24,537410	0,0270835869014263
24,638131	0,0274812169373035
24,747827	0,0282523669302464
24,859831	0,0291672758758068
24,971345	0,0298376269638538
25,073221	0,0303783379495144
25,185684	0,0303336344659328
25,286175	0,0299498476088047
25,392664	0,0291715525090694
25,506783	0,0281074307858944
25,613957	0,0273719392716885
25,723515	0,0270650573074818
25,835457	0,0271676667034626
25,946957	0,0278936140239239
26,057097	0,0288126803934574
26,168645	0,0297273136675358
26,280024	0,0304373241961002
26,381763	0,0305695496499538
26,489023	0,0303084217011929
26,604356	0,0296360291540623
26,719206	0,0285973809659481
26,829051	0,0276788584887981
26,939709	0,0272774063050747
27,052640	0,0273329876363277
27,160011	0,0279639400541782
27,266447	0,0289885438978672
27,376832	0,0297144763171673
27,489221	0,030431617051363
27,594800	0,0305866785347462
27,703473	0,0303431488573551
27,805534	0,0298228897154331
27,906973	0,0287941358983517
28,018749	0,0279240272939205
28,128596	0,0272930823266506
28,235379	0,0272279940545559
28,347246	0,0276194624602795
28,458821	0,0283892266452312
28,567293	0,0294382460415363
28,671338	0,0300706289708614
28,778732	0,0304553918540478
28,892777	0,0304615758359432
29,006669	0,0298457108438015
29,118641	0,0289875902235508
29,225222	0,0282157771289349
29,326242	0,0273814462125301
29,431359	0,0271296612918377
29,543236	0,0273158885538578
29,656508	0,0279482565820217
29,766536	0,0291572846472263
29,870702	0,0299764759838581
29,971795	0,0303493328392506
30,072090	0,0305443443357944
30,179966	0,0301776342093945
30,290560	0,0295770652592182
30,391498	0,0286795981228352
30,502883	0,0276997573673725
30,614623	0,0272308476269245
30,726148	0,0272541306912899
30,836985	0,0277681834995747
30,945445	0,0286016575992107
31,054669	0,0295000486075878
31,158079	0,0301985628902912
31,272932	0,0305177085101604
31,382592	0,0303607471287251
31,490139	0,029782947152853
31,594357	0,0289329327642918
31,696088	0,0280451886355877
31,809346	0,0273382179439068
31,923486	0,0272308476269245
32,025629	0,0276294462382793
32,138468	0,0282585434615612
32,241756	0,0291563384234905
32,354645	0,0299631617963314
32,467106	0,0304991565644741
32,578460	0,0304982028901577
32,690683	0,0299740992486477
32,801978	0,0291501618921757
32,916331	0,0282328836619854
33,028150	0,0274788402020931
33,128454	0,0271187387406826
33,230257	0,0272949822247028
33,334955	0,0280461423099041
33,448490	0,0289272256195545
33,559682	0,0297534577548504
33,670470	0,0302851237356663
33,782564	0,0303916595876217
33,894548	0,0299322567880154
34,004914	0,0291625149548054
34,105635	0,0282699503004551
34,216780	0,0276175625622272
34,327067	0,0271424911916256
34,433637	0,0272850058972836
34,534581	0,0278898142278194
34,636883	0,0284605138003826
34,744290	0,029518585652113
34,852320	0,0302161537110806
34,962745	0,0305001027882099
35,074449	0,0304154418408871
35,174884	0,0297553651034832
35,289920	0,0288944281637669
35,391994	0,0279976688325405
35,495370	0,0274208746850491
35,595529	0,0271339379251003
35,707071	0,0274384580552578
35,822047	0,0281573347747326
35,924742	0,0290531925857067
36,038540	0,0298580713570118
36,152133	0,0303498022258282
36,263739	0,0303507559001446
36,374012	0,0298594944179058
36,485697	0,0289077423512936
36,587838	0,0283027403056622
36,701968	0,0275287218391895
36,811662	0,0271059088408947
36,926575	0,0272949822247028
37,038657	0,027930673211813
37,149665	0,0288240872323513
37,249727	0,0298209823668003
37,356229	0,0303112752735615
37,465597	0,0304953493177891
37,577515	0,030196662992239
37,689052	0,0293707363307476
37,799767	0,0284600369632244
37,911699	0,0276451222598553
38,024499	0,0271733663976192
38,135309	0,0272536538541317
38,238161	0,0278299413621426
38,352677	0,0286824516952038
38,464955	0,02954426035285
38,574937	0,0302494503557682
38,675533	0,0303868986666203
38,786697	0,0301638506352901
38,894099	0,0295219160616398
39,009525	0,0285075567662716
39,110501	0,0276807583868504
39,219307	0,0271809659898281
39,332360	0,0271320380270481
39,439760	0,0275434516370296
39,548399	0,0286311246454716
39,658598	0,0292404778301716
39,770142	0,0301134325563908
39,882725	0,03046490624547
39,983553	0,030271802097559
40,085262	0,0297805704176426
40,197024	0,0290855132043362
40,308267	0,028035681694746
40,409790	0,0273467712104321
40,514641	0,0270983092486858
40,615184	0,0272778831422329
40,726527	0,0279107205569744
40,834610	0,0289424397051334
40,949344	0,029655996710062
41,060090	0,0302660949528217
41,172143	0,0303973667323589
41,276605	0,0299584083259106
41,390144	0,0293227173388004
41,494175	0,0284267701208591
41,597255	0,027507346123457
41,712088	0,0271534137427807
41,812441	0,0271833427250385
41,917925	0,0276959575712681
42,019127	0,0285232402384281
42,127047	0,0294158942997456
42,238570	0,0300235562026501
42,347288	0,0304301865398884
42,453837	0,0302561037242413
42,567017	0,0295485369861126
42,679440	0,0286715216934681
42,780999	0,0278190188109875
42,891142	0,0273135118186474
43,003642	0,0271196849644184
43,115921	0,0275372751057148
43,218543	0,0281606577336788
43,320917	0,029215756803751
43,428666	0,0298899374902248
43,543776	0,0303911827504635
43,653694	0,0303721539676189
43,758354	0,0300601683557034
43,870920	0,0293103568255901
43,977736	0,0282903797924519
44,089230	0,0275705344974995
44,199972	0,0272560231387615
44,312006	0,0275268219411373
44,421281	0,0280870012938976
44,533355	0,0291126035153866
44,646769	0,0300558917224407
44,761603	0,0305200777947903
44,875511	0,0305324457585812
44,975975	0,0300925113260746
45,089212	0,0293170101940632
45,194030	0,0284058563411236
45,296348	0,0277444235980511
45,408971	0,0272498540580273
45,520000	0,027368139475584
45,624931	0,0279534794390202
45,736471	0,0288122035562992
45,845918	0,0296797640621662
45,957279	0,0303821451961994
46,058829	0,0305353067815304
46,159044	0,0302993915975094
46,261264	0,029782947152853
46,372484	0,0287770293653011
46,484643	0,0280480422079563
46,596675	0,0273344106972218
46,707959	0,0272208712995052
46,808647	0,0275149457156658
46,920006	0,0282362066209316
47,030873	0,029288973659277
47,134349	0,0301605202257633
47,246595	0,0304891653358936
47,359326	0,0304525457322598
47,474255	0,0298471339046955
47,576006	0,0290118344128132
47,679405	0,0282613895833492
47,780297	0,0275415517389774
47,885278	0,0272127948701382
47,990250	0,0273790694773197
48,104900	0,027857031673193
48,211649	0,0288473777472973
48,323775	0,0296940319240093
48,427058	0,0302161537110806
48,529059	0,03046490624547
48,644388	0,0301728807389736
48,755956	0,0293369852006435
48,866608	0,0285964272916317
48,978144	0,0277662836015224
49,092987	0,0272056721150875
49,193797	0,027246531099081
49,299995	0,0277634300291538
49,413723	0,0284305699169636
49,513842	0,0294691435992718
49,613962	0,0301452986896038
49,722450	0,0304249562323093
49,826962	0,0303393416106701
49,928024	0,0298190824687481
50,040998	0,0290023200213909
50,155709	0,0281216911971569
50,268213	0,0274451039731503
50,379460	0,0271857194602489
50,485754	0,0274156518280506
50,589920	0,0280979312956333
50,703518	0,0291425548493862
50,812421	0,0299484170973301
50,915409	0,030435424298048
51,029666	0,0305024795234203
51,131164	0,0300544686615467
51,238986	0,0292932502925396
51,341653	0,0284077562391758
51,453161	0,0277567766606808
51,563118	0,0272451005876064
51,666165	0,0272930823266506
51,777692	0,0279164277017117
51,888696	0,0286254175007343
52,000254	0,0297872237861156
52,111221	0,0303878523409367
52,213665	0,0305671729147434
52,324301	0,0303493328392506
52,439030	0,0294463224709034
52,550617	0,028554130345583
52,654106	0,0279876999557018
52,767985	0,0274004451930523
52,878803	0,0272864364087582
52,981062	0,0277244709432125
53,091798	0,0285142101347446
53,205781	0,0295276157557964
53,317288	0,0302779860794544
53,420357	0,0304891653358936
53,529686	0,0303750075399876
53,639102	0,0297311134636402
53,750162	0,0288735143840313
53,863318	0,0278812609612942
53,974784	0,0273277647793293
54,078648	0,0272118486464024
54,193441	0,0276346690952778
54,298666	0,0282637737691402
54,405054	0,0291606150567532
54,516025	0,0299645848572254
54,627071	0,0305219851434231
54,738889	0,0304682366549969
54,842576	0,0300982110202312
54,943563	0,0291905663907528
55,058855	0,0282994098961353
55,162618	0,0276755280792713
55,274373	0,0272688530385494
55,376036	0,0274555645883083
55,486828	0,0280793942511082
55,598806	0,0289443396031857
55,705343	0,0296474359929562
55,807155	0,0304121114313602
55,920861	0,0305238850414753
56,032289	0,0301476754248142
56,144244	0,0295694582164288
56,256448	0,028554130345583
56,367730	0,0277772061526775
56,477605	0,0273443944752216
56,585194	0,0273999758064747
56,697295	0,0279406495392323
56,801680	0,0287741832435131
56,913099	0,0296555198729038
57,022428	0,0304040275514126
57,122904	0,0306080840528011
57,233786	0,0304268561303616
57,334949	0,0299517475068569
57,436464	0,0291235409677029
57,538273	0,028229083865881
57,639091	0,0276422761380672
57,751016	0,0273068584501743
57,851032	0,0275463052093983
57,961057	0,0280870012938976
58,073581	0,0291154570877552
58,185065	0,0298257432878017
58,289438	0,0304953493177891
58,400755	0,0306061767041683
58,512152	0,0302679948508739
58,612938	0,029549490660429
58,723701	0,0286496616899967
58,834556	0,027832318097353
58,938288	0,0273130349814892
59,042151	0,0273491404950619
59,153482	0,0279549099504948
59,264931	0,0286377780139446
59,376141	0,029652189463377
59,486895	0,0302817933261395
59,598908	0,030512947589159
59,700801	0,0303050987422466
59,810564	0,0296964086592197
59,911395	0,0288426242768764
60,026683	0,0279971919953823
60,132404	0,0274251513183117
60,232458	0,0273101888597012
60,344380	0,0277947895228863
60,458410	0,0284505374729633
60,560410	0,0293412618339062
60,665496	0,0299874134361744
60,765716	0,0304734669625759
60,872241	0,0304867886006832
60,978439	0,030222337692976
61,088174	0,0293740592896938
61,199891	0,0283274464309216
61,312051	0,0276926346123219
61,413605	0,0272664837539196
61,527499	0,0273885689675808
61,638689	0,0281188376247883
61,750253	0,0289904437959194
61,853379	0,0295561440289021
61,953886	0,0302004627883434
62,055095	0,0304625295102596
62,160192	0,0302656181156635
62,264231	0,0296616964042187
62,375525	0,0288107804954052
62,484775	0,0279549099504948
62,596740	0,0273572169244289
62,705352	0,0272047184407711
62,817411	0,0276436991989613
62,929386	0,0282751731574535
63,040392	0,0291620455682278
63,151007	0,0300340168178082
63,253072	0,0304235257208347
63,354703	0,030375961214304
63,468139	0,029829066246748
63,583093	0,0290265716612339
63,683488	0,0281535275280476
63,793205	0,0274726636707783
63,905148	0,0271952264010906
64,014906	0,0274047218263149
64,115837	0,0281839407980442
64,225239	0,0289253257215023
64,337092	0,0297444276511669
64,450797	0,0303431488573551
64,564248	0,0303597934544086
64,674221	0,0300035811960697
64,788894	0,0292585454881191
64,900244	0,0282324068248272
65,011800	0,0275220684707165
65,122161	0,0271866731345654
65,234256	0,0274299047887325
65,341996	0,02796346321702
65,443651	0,0289761833846569
65,557714	0,0296792946755886
65,659290	0,0302775092422962
65,770933	0,0304687134921551
65,876101	0,0301919020712376
65,985733	0,029520008713007
66,096925	0,0285037569701672
66,199651	0,0277049876749516
66,310480	0,0272921286523342
66,416138	0,027265053242445
66,523369	0,0276479758322239
66,627025	0,0284115634858608
66,729403	0,0292789824306965
66,842249	0,0300059653818607
66,954967	0,0303864292800426
67,063390	0,0303255505859852
67,176010	0,0298285894095898
67,281170	0,0290356017649174
67,393168	0,0281782411038876
67,501808	0,0274208746850491
67,612831	0,0272394008934498
67,726578	0,0275515280663967
67,837407	0,0282590202987194
67,948750	0,0292941965162754
68,053138	0,0300454311072826
68,163208	0,0304663293063641
68,277508	0,030431617051363
68,377656	0,0299612544476986
68,481777	0,0293231941759586
68,595783	0,0284362770617008
68,697327	0,0275748111307621
68,798267	0,0272389240562916
68,904897	0,027336310595274
69,006999	0,027880784124136
69,117352	0,0287157259881496
69,228885	0,0297082923352718
69,340232	0,0302955843508244
69,440478	0,0304758436977863
69,552214	0,030198086053133
69,661653	0,0296721570193768
69,763816	0,0289780832827091
69,875860	0,0279924459755421
69,977545	0,027411375194788
70,089707	0,0273044817149639
70,203497	0,0276360921561718
70,304204	0,0283768735826015
70,415462	0,0292609147727489
70,517908	0,0301291234791279
70,624523	0,0304691828787327
70,734870	0,0304182954132557
70,845127	0,0300188027322292
70,947319	0,029391173273325
71,053926	0,0285042338073254
71,165623	0,0275410749018192
71,274210	0,027270283550024
71,376360	0,0274013988673687
71,490313	0,0281131379306316
71,595075	0,0288217104971409
71,696673	0,0296631269156933
71,809533	0,0301909558475018
71,909854	0,0304458849132061
72,014117	0,030254203826189
72,126251	0,0296450592577457
72,239429	0,0286501385271549
72,351898	0,0276969037950039
72,454367	0,0272199176251888
72,565828	0,027170043438673
72,679836	0,0275605507194996
72,791887	0,0284647904336452
72,904134	0,0294786505401134
73,011550	0,0301158092916012
73,118294	0,030328880995512
73,218867	0,0301315002143383
73,329663	0,0296355523169041
73,437033	0,028787013143301
73,540371	0,0280584953725338
73,651371	0,0272664837539196
73,766273	0,0270365588366985
73,881165	0,0273871459066868
73,992319	0,0279815159738064
74,104379	0,0290023200213909
74,215648	0,0297724865376949
74,316045	0,0302137769758701
74,424786	0,0302499197423458
74,536477	0,0296783410012722
74,647411	0,0288749448955059
74,753954	0,0281473509967327
74,858264	0,0274308584630489
74,960859	0,0270793102681637
75,071325	0,0272132717072964
75,182976	0,0278042890131474
75,290680	0,0286477617919445
75,400140	0,0295014716684818
75,507227	0,0301143862307072
75,618994	0,0303274504840374
75,730183	0,0299907438457012
75,841741	0,0293018035590649
75,953837	0,0283003635704517
76,065287	0,0276660285890102
76,173664	0,027161967009306
76,284809	0,0272550769150257
76,396835	0,0279159508645535
76,511958	0,0287580229341984
76,612509	0,0294615365564823
76,722467	0,0301771573722363
76,836865	0,0303536094725132
76,948810	0,0301500521600246
77,060093	0,0295395068824291
77,164769	0,0285626910626888
77,274183	0,0276546292006969
77,386033	0,0272593535482883
77,497275	0,0272246710956097
77,609242	0,0279064439237118
77,720140	0,0286130644381046
77,834747	0,0296269915997982
77,949605	0,0302551575005054
78,060496	0,0304867886006832
78,160693	0,030254203826189
78,264226	0,0296255685389042
78,364309	0,0289253257215023
78,475113	0,0280656181275845
78,587934	0,0274403505027294
78,702951	0,0272408239543438
78,812401	0,0276299156248569
78,927158	0,0285094641149044
79,029614	0,0292257405817509
79,131001	0,0298552177846432
79,243667	0,0303726308047771
79,354540	0,0303393416106701
79,466636	0,0298652015626431
79,570207	0,0292257405817509
79,676733	0,0282043777406216
79,782599	0,0274123214185238
79,894648	0,0271785892546177
80,001210	0,0273662470281124
80,101760	0,028111707419157
80,210542	0,0286933816969395
80,312993	0,0295490138232708
80,423830	0,0302608646452427
80,534576	0,0304182954132557
80,646093	0,0300658755004406
80,756860	0,0293479152023792
80,868849	0,0284695439040661
80,979527	0,0276802815496922
81,085827	0,0272826366126537
81,193791	0,0272641070187092
81,298222	0,027760099619627
81,400131	0,0285740979015827
81,503080	0,0293056033551693
81,616012	0,0299217887222767
81,717238	0,0303840450942516
81,820409	0,0303027220070362
81,931442	0,0297981612384319
82,042926	0,0289951972663403
82,157528	0,0281326211988926
82,265549	0,0274584107100964
82,371516	0,0271895192563534
82,475272	0,0274066217243671
82,580686	0,0281915478408337
82,682756	0,0289158187806606
82,785785	0,0297353900969028
82,895873	0,0302746556699276
83,008867	0,0303750075399876
83,121302	0,0299731455743313
83,233939	0,0292409546673298
83,334819	0,0285165868699551
83,435594	0,0278475247323513
83,542542	0,027270283550024
83,654040	0,0272769294679165
83,765536	0,0278679542243481
83,877534	0,0286876820027828
83,991784	0,0295309461653233
84,102271	0,0300782434642315
84,214136	0,0303954593837261
84,315506	0,0301800109446049
84,430145	0,0294486992061138
84,533512	0,0287413857877254
84,636457	0,0279121436178684
84,748657	0,0273529402911663
84,850704	0,0272375009953976
84,963657	0,0275211222469807
85,070012	0,0283645130693913
85,172143	0,029109749943018
85,274246	0,0299060977995396
85,388948	0,0304534919559956
85,495066	0,0304454080760479
85,603838	0,0301010645925999
85,707230	0,0293707363307476
85,808017	0,0283540599048138
85,919656	0,0276384688913822
86,028579	0,027316365391016
86,142715	0,0273690931499004
86,257397	0,0280062220990658
86,360086	0,0288217104971409
86,461644	0,0295285694301128
86,576468	0,0302484966814518
86,677189	0,0304320938885212
86,787899	0,0302266217768192
86,888381	0,0296208076179028
86,999682	0,0286125876009464
87,109179	0,0277895592153072
87,209867	0,0272631533443928
87,320412	0,0271966494619846
87,423405	0,0275976099073887
87,534943	0,0282072238624096
87,649967	0,0292033962905407
87,763245	0,0299322567880154
87,867165	0,0303117521107197
87,977292	0,0302461199462414
88,088760	0,0296379290521145
88,199201	0,0289623998105526
88,306272	0,0279701165854931
88,421483	0,0273562707006931
88,525287	0,0271643437445164
88,628345	0,0274769403040409
88,740470	0,0281739644706249
88,854323	0,0291995964944363
88,969748	0,0299612544476986
89,081371	0,0303507559001446
89,193268	0,0303840450942516
89,304444	0,0299327336251736
89,419087	0,0290137343108654
89,520386	0,0284220166504383
89,628331	0,0275467745959759
89,730596	0,0272009186446667
89,842638	0,0273467712104321
89,954623	0,0279335267841816
90,066159	0,0289110653102398
90,178229	0,0297097228467464
90,289724	0,0302751325070858
90,403348	0,0302927307784557
90,506864	0,0299745760858059
90,616485	0,0292751826345921
90,725158	0,0284006260335445
90,832812	0,0276175625622272
90,934099	0,0271249078214169
91,047424	0,0272265709936619
91,159708	0,0277691297233105
91,260804	0,0284400768578053
91,371797	0,0293022803962231
91,478135	0,0300634987652302
91,580948	0,0302875004708767
91,682776	0,0302052162587643
91,784736	0,0295998863875866
91,894104	0,0287903361022472
91,999582	0,0280746482312679
92,103883	0,0273358412086964
92,215893	0,0271510444581509
92,324538	0,0274698100984097
92,436500	0,0280318818986416
92,547942	0,0291948430240154
92,657183	0,0299498476088047
92,761836	0,0303350649774075
92,868475	0,0304140113294125
92,979894	0,0298842303454876
93,080794	0,0293873660266399
93,182731	0,0285094641149044
93,286423	0,0276992805302143
93,396218	0,0272156484425068
93,499785	0,0272512771189213
93,612101	0,0277985893189907
93,719448	0,0286197178065777
93,828844	0,0293483920395374
93,933060	0,0301238931715488
94,043273	0,0303878523409367
94,155298	0,0301881022751331
94,261834	0,0295899026095867
94,373808	0,0287527926266193
94,484269	0,0279140435159206
94,594672	0,0272631533443928
94,699424	0,0271747894585133
94,809682	0,027516845613718
94,918945	0,02810363098979
95,027028	0,0292609147727489
95,138864	0,0298899374902248
95,249997	0,0303460024297237
95,361114	0,0303602702915668
95,472407	0,0297106690704823
95,583902	0,0288934819400311
95,691910	0,0281877480447292
95,803579	0,0275192223489285
95,914971	0,0272470004856586
96,015858	0,0275543741881847
96,127873	0,0282328836619854
96,238927	0,0289528928697109
96,350145	0,0299855135381222
96,461425	0,0303973667323589
96,566157	0,0304092578589916
96,672577	0,0300078652799129
96,783759	0,0291363708674908
96,887869	0,0282599665224552
96,993251	0,0276360921561718
97,100670	0,0272451005876064
97,202887	0,0272759832441807
97,314065	0,0277448929846287
97,426118	0,02868577465415
97,539358	0,0295380763709545
97,653347	0,0303155593574047
97,767878	0,0304282866418362
97,871965	0,0301624201238155
97,980852	0,0295119248330593
98,092363	0,0284980572760105
98,203333	0,0277244709432125
98,314044	0,02731778845191
98,425415	0,0272602997720242
98,526412	0,0276764817535877
98,635474	0,028582651168108
98,735741	0,0291715525090694
98,846997	0,0301248468458652
98,960079	0,030404981225729
99,074854	0,0302090235054493
99,186621	0,0295884720981121
99,294184	0,028888251632452
99,408611	0,0280361585319042
99,521652	0,0273614935576916
99,631747	0,0272322706878185
99,742852	0,0276132933795452
99,854789	0,0283359996974468
99,966829	0,0291962660849094
100,081229	0,0300287865102291
100,183354	0,0303407721221447
100,298745	0,0302618108689785
100,411549	0,0297387205064297
100,517643	0,0287794061005116
100,621352	0,0280665718019009
100,734174	0,027412798255682
100,836272	0,027170043438673
100,938712	0,0274137519299984
101,044392	0,0280622951686382
101,145859	0,0289120189845562
101,250119	0,0295922793447971
101,362104	0,0301676504313946
101,472381	0,0303217433393002
101,576927	0,0299817062914371
101,688212	0,0292718522250652
101,798680	0,0285569839179516
101,906091	0,0276408456265926
102,010771	0,0272332243621349
102,122749	0,0272251479327679
102,233371	0,0277197174727917
102,345044	0,0285123102366924
102,448800	0,0293735899031162
102,556512	0,0301143862307072
102,672452	0,0303383879363537
102,783237	0,030122946947813
102,888876	0,0296322219073772
103,001692	0,0288255102932453
103,112775	0,0278646312654018
103,215580	0,0273173116147518
103,324261	0,0272146947681904
103,436016	0,0275961868464947
103,547093	0,0283393301069736
103,661955	0,0293455384671688
103,765064	0,0300520844757557
103,876114	0,0303726308047771
103,979719	0,0303012914955616
104,089215	0,0298961140215397
104,204648	0,0289923436939716
104,316331	0,0281497277319431
104,428703	0,0275035463273525
104,541730	0,0273002050817013
104,653231	0,0276940576732159
104,764744	0,0282998867332935
104,876734	0,0292927734553814
104,987523	0,0300059653818607
105,098969	0,030402597039938
105,203901	0,0303331576287746
105,306379	0,0299617312848568
105,409311	0,0290693528950214
105,519426	0,0283426530659199
105,621426	0,0277116410434246
105,727022	0,0272508002817631
105,831300	0,0273771695792675
105,932504	0,0279496796429157
106,046327	0,0286368317902088
106,150953	0,0296189077198505
106,261917	0,0302280448377132
106,373514	0,030455868691206
106,487137	0,03016621991992
106,601787	0,0295081250369549
106,702104	0,0286601148545742
106,808409	0,0279919691383839
106,918771	0,0274451039731503
107,033676	0,0273776464164257
107,146663	0,0278175957500935
107,259521	0,0285874046385288
107,369782	0,0294391922652721
107,480800	0,0301999859511852
107,581773	0,0304587222635746
107,693556	0,0303345881402493
107,802972	0,0297905467450619
107,904806	0,0288373939692974
108,019308	0,0280028991401196
108,120904	0,0274797938764095
108,225489	0,027239877730608
108,339962	0,0275757573544979
108,455043	0,028281357139349
108,559887	0,0290080271661282
108,671881	0,0299099050462246
108,775251	0,0304135344922543
108,886454	0,0304021202027798
108,989584	0,0299831368029118
109,100605	0,0292485542595387
109,201348	0,0283992029726505
109,313953	0,0276845581829548
109,427365	0,0273268111050129
109,538697	0,0275282450020313
109,650700	0,0282637737691402
109,761579	0,0291107036173344
109,866605	0,029652189463377
109,967140	0,0303184129297733
110,076143	0,0304630063474178
110,188394	0,0302275754511356
110,299694	0,0294658206403255
110,402475	0,0284652672708035
110,513470	0,0277002342045307
110,620632	0,0273372642695904
110,730409	0,0272987820208073
110,841834	0,0277829058468342
110,951361	0,0285588912665844
111,054620	0,0294163711369038
111,169585	0,0301005952060223
111,284364	0,0304487384855747
111,386501	0,0302651412785053
111,487146	0,0298128984868526
111,590101	0,0290123112499714
111,693369	0,0281682573258877
111,804844	0,0275386981666088
111,909929	0,02731778845191
112,013527	0,027657475322485
112,114088	0,0282333604991436
112,224701	0,0290726758539677
112,336271	0,0297372899949551
112,441037	0,0302856005728245
112,552554	0,0304373241961002
112,667354	0,0299584083259106
112,778368	0,0294800810515881
112,890049	0,0281920246779919
113,003929	0,0275035463273525
113,115447	0,0272085182368755
113,220236	0,027294036000967
113,332348	0,0278883837163448
113,433238	0,0286967121064663
113,536816	0,0293773896992207
113,640439	0,0300154723227024
113,745584	0,0302832238376141
113,855171	0,0300530381500721
113,969227	0,0295523442327976
114,084124	0,0285950042307377
114,190845	0,0277871824800968
114,304993	0,0272617302834988
114,415212	0,0272061489522457
114,518330	0,0275605507194996
114,625105	0,0284362770617008
114,740121	0,0292766056954861
114,852675	0,0299579314887524
114,964660	0,0302846468985081
115,075235	0,0301162861287594
115,180667	0,029652189463377
115,292246	0,0288602076470852
115,393684	0,0280180983245373
115,508401	0,0273971222341061
115,623241	0,0272056721150875
115,730051	0,027518268674612
115,845392	0,028212446719408
115,949197	0,0291948430240154
116,050211	0,029803391546011
116,163809	0,030226144939661
116,269478	0,0302251987159252
116,380672	0,0297101922333241
116,482384	0,0290793292224407
116,591588	0,0283725969493389
116,692456	0,0274531878530979
116,795638	0,0272303707897663
116,907950	0,0273500941693783
117,021771	0,0279273502528667
117,133229	0,0288963280618191
117,245719	0,0295799188315868
117,361247	0,0301643200218678
117,474550	0,0303659774363041
117,574933	0,0299683921039104
117,688891	0,0292780362069607
117,802557	0,0284543372690678
117,916899	0,0278261415660381
118,032423	0,0273006819188595
118,132721	0,0273762159049511
118,243575	0,0278750844299793
118,357022	0,0286054573953152
118,460327	0,0293564759194851
118,574251	0,0298823229968548
118,676416	0,0300088189542294
118,786940	0,0296759642660618
118,890018	0,0291026197373867
119,004935	0,0282571129500866
119,117941	0,0273225419223309
119,231495	0,0268199406564236
119,332324	0,0268968902528286
119,432458	0,027309712022543
119,547155	0,0279482565820217
119,656027	0,0288440547883511
119,769394	0,0298257432878017
119,875057	0,0301353074610233
119,980397	0,030063021928072
120,087549	0,0295775346457958
120,196853	0,0288022272288799
120,305742	0,0278423018753529
120,405915	0,0273230113089085
120,512238	0,0270707570016384
120,612640	0,0273135118186474
120,717578	0,027982946485281
120,822038	0,0287399552762508
120,928082	0,0297558419406414
121,035798	0,0302813164889812
121,146281	0,0305219851434231
121,250600	0,0303050987422466
121,353013	0,0298076681792736
121,463123	0,02898283675313
121,575821	0,0280176289379597
121,680721	0,0274907164275646
121,781814	0,0273833461105824
121,896796	0,0276375226676464
122,005983	0,0281939245760441
122,118099	0,028811726719141
122,223916	0,0294515527784824
122,325830	0,0296773873269558
122,426013	0,0296721570193768
122,537759	0,0292561613023281
122,638580	0,0287437550723553
122,753447	0,0282020010054111
122,856318	0,0277487002313137
122,958663	0,0276246927678585
123,072220	0,0280076526105404
123,185567	0,0285964272916317
123,295391	0,0293341241776943
123,398262	0,0298989675939083
123,499428	0,0300083421170712
123,613650	0,0296227149665356
123,722696	0,0287090726196766
123,829549	0,0275743342936039
123,930906	0,0265387408435345
124,043628	0,0259236581623554
124,145419	0,0258172713220119
124,259763	0,0259654484689236
124,369192	0,0262380726635456
124,479578	0,0267344377934933
124,589772	0,0273391641676426
124,699353	0,0278551243245602
124,808314	0,0280085988342762
124,921070	0,0277577303349972
125,029341	0,0267282612621784
125,143852	0,0255223326385021
125,252812	0,0246973894536495
125,360779	0,0240818969905376
125,470034	0,0240543521940708
125,570527	0,0243435762822628
125,684596	0,0250773243606091
125,788836	0,0256078206002712
125,889838	0,0260039232671261
126,005114	0,0262242965400219
126,108971	0,0260442905128002
126,212685	0,0255821757018566
126,325894	0,0248313210904598
126,426722	0,0242766179144382
126,527519	0,0238772071897984
126,634508	0,0236734636127949
126,737075	0,0237765200436115
126,848120	0,0241821072995663
126,956817	0,0248493663966656
127,067609	0,0254805348813534
127,182382	0,0259089283645153
127,296796	0,0260333679616451
127,398201	0,0258125178515911
127,512823	0,0252843908965588
127,625878	0,0246883668005466
127,740297	0,0241336636245251
127,841436	0,0237841196358204
127,956515	0,0238696075975895
128,071855	0,0242310278117657
128,186552	0,025001335889101
128,288829	0,0256040208041668
128,403772	0,0261359624564648
128,518474	0,0262532718479633
128,626787	0,0260656662285328
128,729161	0,0256686098873615
128,841165	0,025050725787878
128,955225	0,0245354436337948
129,068929	0,0241517089307308
129,171528	0,0241417400538921
129,283869	0,0246009863913059
129,394538	0,0250288881361485
129,505903	0,0256225429475307
129,608718	0,0260556899011135
129,719447	0,0262157507240772
129,834253	0,026117917150259
129,934262	0,025579322129488
130,044901	0,0251381136476994
130,148239	0,0245354436337948
130,263014	0,024076197296381
130,377764	0,0240078084170818
130,478018	0,024226751178503
130,581166	0,0247391872107983
130,692813	0,0251837037503719
130,806963	0,0256505571305752
130,921945	0,0259588025510311
131,022590	0,0258201174438
131,129988	0,0256163664162159
131,235064	0,0249904133379459
131,336169	0,0244129188358784
131,438413	0,0240377299487591
131,540765	0,0237746201455593
131,652799	0,023853462189436
131,753226	0,024265218526125
131,860111	0,024611908942461
131,968775	0,0251846574246883
132,080034	0,0255897752940655
132,190770	0,0257213301956654
132,302217	0,0254757814109325
132,413164	0,0251176916062832
132,515093	0,0245378203690052
132,630492	0,0240453295409679
132,743891	0,0238496623933315
132,851299	0,0238525085151196
132,964246	0,0242343507707119
133,068116	0,0248640887439251
133,176563	0,0253974236547947
133,287859	0,0257730968296528
133,395626	0,0259388573467731
133,506612	0,0257949493825436
133,617997	0,0254734121263027
133,729917	0,0249016098678112
133,832226	0,0243165083229542
133,946785	0,0239261202514172
134,049984	0,0238914601504803
134,162029	0,0240681283175945
134,271239	0,0246921665966511
134,379069	0,025266345590353
134,488086	0,0256182663142681
134,597455	0,0259170047938824
134,712315	0,0258628614246845
134,818391	0,025605920702219
134,920422	0,0250740014016628
135,031929	0,0245221517980099
135,143441	0,0241654850542545
135,255436	0,0240192078053951
135,356737	0,024198729544878
135,467257	0,0245648883283138
135,575997	0,0252335779368877
135,683218	0,0256662331521511
135,786584	0,0259203277528286
135,891528	0,0259735248982906
136,002689	0,0256705097854137
136,104730	0,0252525694668293
136,207906	0,0249001793563366
136,317627	0,0243150852620602
136,425732	0,0239721946418285
136,528315	0,0239859633147717
136,635576	0,0242447964847088
136,746922	0,0247496329247952
136,851795	0,0252815447747707
136,957213	0,0256348885595798
137,060908	0,0259421803057194
137,161315	0,0258723609149456
137,264325	0,0255888216197491
137,375528	0,0251077227294445
137,489456	0,0244551859796047
137,604394	0,0240619517862797
137,705804	0,0239370428025723
137,820381	0,0240852199494839
137,935003	0,0246247313916683
138,049189	0,0252573154866695
138,150506	0,0255935750901699
138,265724	0,0258937291800976
138,366890	0,0259056054055691
138,472168	0,0256025977432728
138,577555	0,025188934057951
138,682463	0,024760078638792
138,797410	0,0240647979080677
138,897563	0,0238705538213253
138,997992	0,0238795839250088
139,098821	0,0242020525038242
139,212394	0,0247396640479565
139,314709	0,0252563692629337
139,429116	0,0256277583539486
139,536749	0,0258614383637905
139,641005	0,0257521979510784
139,752531	0,0254444442689419
139,855330	0,0249101556837559
139,959103	0,0243065394461155
140,074590	0,0239189974963665
140,182610	0,0237860195338726
140,293714	0,0240059085190296
140,398168	0,0243967734277248
140,500705	0,0249547995626926
140,612281	0,0254268683493137
140,715395	0,0257018618285656
140,829397	0,0257540978491306
140,943012	0,0254772119224072
141,058230	0,0250412337481976
141,173763	0,024417195469141
141,277888	0,0240035317838192
141,391250	0,0238506086170673
141,493320	0,0239080749452114
141,606709	0,0243825204670429
141,708263	0,0249809212982655
141,822904	0,0254886113107204
141,937326	0,025773573666811
142,039075	0,0258319936692715
142,151261	0,0255437009036541
142,261027	0,0252107791602612
142,371328	0,0246636755764484
142,483567	0,0241160951554775
142,597310	0,0238273404538631
142,697402	0,0239090211689472
142,798899	0,0241455398499966
142,909360	0,0247391872107983
143,021491	0,0252900905907154
143,133100	0,0257279761135578
143,244400	0,0258737839758396
143,345866	0,0257388986647129
143,447185	0,0253717787563801
143,552667	0,0249448232352734
143,655199	0,0243763439357281
143,767268	0,0239536724984646
143,872949	0,023832555860281
143,983920	0,0239902399480343
144,087095	0,0244252644479275
144,190934	0,0250512026250362
144,292660	0,0255000106990337
144,400238	0,0258201174438
144,505946	0,0259013287723064
144,611314	0,0257061310112476
144,718522	0,0252407006919384
144,827032	0,0248227678239346
144,928824	0,0242528729140759
145,032970	0,0240125618875027
145,146680	0,0240363068878651
145,258036	0,0243331305682659
145,360691	0,0247776545584202
145,468628	0,0253124125301838
145,578712	0,0257464982569218
145,689362	0,0259825475513935
145,803622	0,0257916189730167
145,914072	0,0254810117185116
146,023753	0,024831797927618
146,134831	0,0243217311799526
146,237872	0,0239707715809345
146,349054	0,0238696075975895
146,458227	0,0241004191339016
146,558690	0,0245995633304119
146,660644	0,0250711552798748
146,772773	0,0255683995783329
146,881075	0,0258334167301655
146,981091	0,0258500389754772
147,081732	0,0255945213139057
147,192873	0,0251096151769161
147,306565	0,0245781876146793
147,419179	0,0240856967866421
147,524863	0,023880060762167
147,632307	0,0239299200475216
147,738885	0,0243046395480633
147,844981	0,0249367468059063
147,958767	0,0254586897790432
148,062738	0,0258505083620548
148,169493	0,0259436033666134
148,280528	0,0258006416261196
148,384893	0,0254335217177868
148,485528	0,0248807109892368
148,587529	0,0244803540408611
148,687548	0,0240818969905376
148,794609	0,0239664949476719
148,906070	0,0241697616875172
149,007509	0,0246646218001842
149,118469	0,0251457132399082
149,222131	0,0255802683532238
149,335355	0,0259611792862415
149,445789	0,025947879999876
149,545906	0,0256182663142681
149,650577	0,0253238044679165
149,761131	0,0245815105736256
149,875061	0,0241284407675266
149,986791	0,0239194743335247
150,098131	0,0239517726004124
150,208952	0,0243810974061489
150,314978	0,0249671451747417
150,426630	0,0254971571266651
150,533704	0,0257854424417019
150,640704	0,0258571617305279
150,752171	0,0256933085620403
150,853101	0,0252706222236156
150,961423	0,0247406102716923
151,068999	0,0242623649537563
151,179147	0,0238943062722683
151,293061	0,0239512957632542
151,399593	0,0242139287292957
151,510736	0,0247292183339596
151,615849	0,0251661352813244
151,720108	0,0256011746823788
151,831577	0,0258481316268444
151,931612	0,025728452950716
152,036252	0,0254301987588406
152,146772	0,0249362699687481
152,255533	0,0242818407714367
152,363451	0,0239793173968792
152,468843	0,0237765200436115
152,573194	0,0239417962729931
152,682546	0,0243364535272121
152,791450	0,024856012314558
152,905719	0,0253784246742725
153,012715	0,0257066078484058
153,118548	0,0257859192788601
153,224960	0,0255935750901699
153,336463	0,0251257680356503
153,442134	0,0246285311877728
153,549291	0,0241141952574253
153,649877	0,0238677076995373
153,760752	0,023828286677599
153,872206	0,024200152605772
153,984255	0,0247463099658489
154,092557	0,0252501927316189
154,207240	0,0256809554994106
154,318101	0,0258315168321133
154,426082	0,0257023312151432
154,538082	0,0253451801836491
154,638961	0,0248978100717068
154,748693	0,024296086281538
154,859323	0,0239413194358349
154,971353	0,0238477550446987
155,077443	0,0241293869912624
155,186546	0,0246375538408756
155,298547	0,0251010693609715
155,410050	0,0255740992724895
155,512115	0,0257445983588696
155,615831	0,0257094614207745
155,726326	0,0254506133496761
155,836237	0,0249153785407543
155,942316	0,0243839435279369
156,049516	0,0239769406616688
156,162374	0,0238487087190151
156,262508	0,0239180438220501
156,377701	0,0243886969983578
156,489629	0,0248963795602322
156,600778	0,0254729352891445
156,713025	0,0257526747882366
156,824498	0,0257939957082272
156,936116	0,0255223326385021
157,042988	0,0251077227294445
157,149382	0,0245235748589039
157,255492	0,0241612158715725
157,368826	0,0239303968846798
157,475759	0,0240201614797115
157,580749	0,0243364535272121
157,685162	0,0248403437435627
157,791443	0,0254449211061001
157,902924	0,0257692970335484
158,013918	0,0258904062211514
158,125372	0,0256743095815182
158,228302	0,0252772681415081
158,331754	0,0247230418026447
158,442766	0,0242205746471882
158,555590	0,023907121270895
158,661864	0,0238848067820072
158,772833	0,0241550393402576
158,880249	0,0246157087385654
158,987537	0,0251248143613338
159,091653	0,0255631767213345
159,192285	0,0257175303995609
159,295131	0,0257388986647129
159,406603	0,0254643820226192
159,518613	0,0249742679297924
159,628681	0,0244646854698658
159,740838	0,0239631719887257
159,853185	0,0238477550446987
159,965455	0,0240230076014996
160,066143	0,0242951400578022
160,178884	0,0249339006841183
160,280916	0,0254164226353168
160,391612	0,0257897190749645
160,491970	0,0258262939751148
160,599150	0,0256011746823788
160,710276	0,0251960568130016
160,820759	0,0247258879244328
160,922586	0,0241825841367245
161,034683	0,0238924063742161
161,146180	0,0238938294351101
161,257386	0,0241840146481991
161,363415	0,024634700268507
161,467255	0,0251594893634319
161,577318	0,0255717225372791
161,691877	0,0257327221333981
161,802914	0,025658156722784
161,914380	0,0252008028328419
162,017274	0,0247966535389423
162,118964	0,0241868607699871
162,224825	0,0239000059664249
162,338173	0,0238273404538631
162,450097	0,0240453295409679
162,564606	0,0246085859835148
162,665460	0,0250350646674633
162,777533	0,0255641229450703
162,880188	0,0257398448884487
162,980276	0,025751244276762
163,091830	0,0254658125340939
163,202877	0,0250616483390331
163,310009	0,0245135985314846
163,413954	0,0240543521940708
163,520818	0,023763220757246
163,625058	0,0238805301487446
163,729922	0,0241464860737324
163,835815	0,0246313773095608
163,942452	0,0251480899751186
164,052671	0,0254985801875591
164,156487	0,0256572104990482
164,260632	0,0255161561071873
164,375298	0,0250611789524555
164,487838	0,0245553962886333
164,588280	0,0241137184202671
164,689578	0,0237774662673473
164,791828	0,0237171538174152
164,899601	0,0238795839250088
165,003834	0,0244100652635098
165,115454	0,0248484201729298
165,219547	0,0254216454923153
165,330361	0,0256933085620403
165,431872	0,0256785862147808
165,543878	0,0254235453903675
165,655264	0,0249120555818081
165,766679	0,0244100652635098
165,877677	0,023901429027319
165,986691	0,0237484984099865
166,098004	0,0238515548408031
166,208534	0,0242709182202816
166,321915	0,0248170681297779
166,435981	0,0253907702863216
166,537206	0,02567383274436
166,648722	0,0257892422378063
166,760670	0,0255589000880718
166,870521	0,0250816009938717
166,981786	0,024542573839426
167,093965	0,024099949747324
167,194331	0,0238686613738537
167,305235	0,0239037983119488
167,412755	0,0242500193417072
167,528120	0,0247201882302761
167,639629	0,0252577923238277
167,744813	0,0256391577422619
167,855490	0,0257835499942303
167,967580	0,0256239660084248
168,078773	0,025210302323103
168,179591	0,0247956998646259
168,289505	0,0242994166910648
168,395083	0,0239360965788364
168,503358	0,0238819532096386
168,616196	0,0241873376071453
168,720541	0,0245976634323597
168,827282	0,0251020230352879
168,937617	0,0255873985588551
169,049873	0,0257692970335484
169,157557	0,0256842859089375
169,264556	0,0253841243684292
169,371247	0,0247994996607304
169,485254	0,0243112854659557
169,587752	0,0240657515823841
169,699879	0,0238553546369076
169,810742	0,0240306071937084
169,911468	0,0244817845523357
170,017957	0,0248213447630405
170,129942	0,0254225991666317
170,240212	0,0257488749921322
170,352739	0,0257901959121227
170,453180	0,025511410087347
170,564561	0,0250626020133495
170,676027	0,024534497410059
170,787887	0,0240158848464489
170,888976	0,0238696075975895
170,999025	0,0239303968846798
171,110828	0,0243564061820507
171,220941	0,0247919075191021
171,335020	0,0253722555935383
171,449058	0,025731299072504
171,559148	0,0257897190749645
171,669994	0,0255664996802807
171,770110	0,025194626301527
171,878164	0,0246508531272411
171,988710	0,0241783075034618
172,095665	0,0238411091268063
172,210435	0,0238311402499676
172,324676	0,0241426862776279
172,431691	0,0245454199612141
172,535486	0,0251642428338528
172,649764	0,0254990570247173
172,764945	0,0257308296859264
172,875855	0,0255759991705418
172,988545	0,0251875035464764
173,102910	0,0247691087424755
173,207582	0,0241597853600979
173,314507	0,0238425321877003
173,422026	0,0237926654517651
173,533401	0,0240467600524426
173,640660	0,0244927071034908
173,745876	0,024999912828207
173,854870	0,0254544131457806
173,964002	0,025652464479208
174,074932	0,0256405882537365
174,182890	0,0253480337560177
174,289482	0,0248441435396671
174,395421	0,0244233720004559
174,496256	0,0238658078014851
174,604361	0,0237537212669849
174,716476	0,0238900296390057
174,828205	0,0241792611777782
174,928357	0,0247971229255199
175,036088	0,0252055563032627
175,139097	0,0256201662123203
175,250639	0,0257146842777729
175,365291	0,0255166329443455
175,476114	0,0251124687492847
175,586906	0,0245672650635242
175,694862	0,0240785740315914
175,797840	0,0237988419830799
175,908013	0,023763220757246
176,019867	0,0241279639303684
176,131747	0,0245924405753613
176,233043	0,0251167379319668
176,342891	0,0254468135535717
176,454933	0,0256382115185261
176,564391	0,0255465470254421
176,666241	0,0251799114048481
176,774985	0,0246850438416004
176,886241	0,0241878069937229
176,995958	0,0238016955554485
177,108629	0,0237931422889233
177,222030	0,0240391604602337
177,329141	0,0245297513902187
177,436161	0,0250573791563511
177,542334	0,0254453979432583
177,653750	0,0257388986647129
177,757577	0,0257422216236591
177,859608	0,025504756718874
177,967851	0,0249657221138477
178,081041	0,0244528092443943
178,186715	0,0241303406655788
178,294093	0,0239147208631039
178,400689	0,0240296609699726
178,512694	0,0244623087346554
178,620469	0,0249870903789997
178,727500	0,0255664996802807
178,828339	0,0258091948926449
178,938407	0,0259003825485706
179,043034	0,0256838090717793
179,149156	0,0252653919160366
179,260657	0,0248360671103001
179,361643	0,0243122391402721
179,476403	0,0239569954574108
179,588470	0,0239527188241482
179,698437	0,0241640619933605
179,812474	0,0248189680278301
179,926169	0,0253318808972836
180,035217	0,0256909318268299
180,135269	0,0258737839758396
180,246126	0,0257916189730167
180,349715	0,0254520438611507
180,450212	0,0249320007860661
180,561889	0,0244912765920162
180,671280	0,0239964090287685
180,772021	0,02383778616786
180,877387	0,0239512957632542
180,989387	0,024274718016386
181,104068	0,024874534457922
181,209453	0,0253447107970715
181,318980	0,0256605334579945
181,427815	0,0257241763174534
181,537938	0,0254335217177868
181,649446	0,0250008665025234
181,761520	0,0244684852659702
181,873485	0,0240628980100155
181,983736	0,0238705538213253
182,095742	0,0240092389285564
182,206989	0,0243981964886189
182,316811	0,0248199217021465
182,422878	0,0254092924296856
182,535415	0,0257464982569218
182,638668	0,0258258171379566
182,748802	0,0256534107029438
182,854192	0,0252145789563656
182,964278	0,0247149653732777
183,070112	0,024228174239397
183,184147	0,02395224198699
183,286366	0,02400828525424
183,390949	0,024322684854269
183,506050	0,0247448794543743
183,616278	0,0253494568169117
183,721136	0,0256895087659359
183,828662	0,0259046591818333
183,928663	0,0258353166282177
184,035531	0,0254914574325085
184,146821	0,0249961130321026
184,248727	0,0245482735335827
184,356859	0,02409852668643
184,464686	0,0239360965788364
184,579572	0,0241061262786388
184,687577	0,0244898535311222
184,792959	0,0249975360929966
184,894102	0,0254724584519863
185,006153	0,0257488749921322
185,117598	0,0257830731570721
185,228618	0,0255427546799183
185,340328	0,025002758949995
185,451911	0,0243996195495129
185,563983	0,024032037705183
185,675490	0,0238472856581211
185,779611	0,0239175744354725
185,892568	0,024370651692152
185,997759	0,0248897336423397
186,111059	0,0253119431436062
186,213887	0,0256923548877239
186,319440	0,0257963724434376
186,422446	0,0257037542760372
186,532248	0,0252858214080334
186,646612	0,024752002209425
186,758345	0,0242865942418575
186,859772	0,0239270739257336
186,968763	0,0239484421908855
187,069901	0,0242357738316059
187,174765	0,0246109627187252
187,284668	0,0251556895673275
187,391902	0,0256353579461575
187,505365	0,0258424393832684
187,612618	0,0257916189730167
187,721263	0,0254126228392124
187,826766	0,0250179581344128
187,937998	0,0244029425084591
188,038582	0,0240785740315914
188,145332	0,023930873721838
188,251597	0,0240904502570629
188,364809	0,0245154984295368
188,471068	0,0250132121145725
188,578876	0,0254306681454182
188,686095	0,0257683508098125
188,793367	0,025842908769846
188,904162	0,025655310600996
189,014721	0,0251295678317547
189,120726	0,0245905332267284
189,228682	0,0242020525038242
189,330911	0,0238952599465847
189,438475	0,0239019058644772
189,551177	0,0242177285254002
189,661574	0,0247178189456463
189,761622	0,0251452438533306
189,873012	0,0256092436611652
189,985371	0,0257783196866512
190,096753	0,0257032848894596
190,208253	0,0253793708980083
190,309960	0,024710688740015
190,419765	0,0242319740355015
190,525124	0,024009708315134
190,633672	0,0238582082092762
190,746598	0,0241346172988415
190,857939	0,0245872102677822
190,970223	0,0251081921160221
191,071984	0,0254976339638233
191,183700	0,0257745198905468
191,295697	0,025774996727705
191,406802	0,025436844676733
191,519223	0,0249623991549015
191,621042	0,0243663750588894
191,730814	0,024033460766077
191,842283	0,023880060762167
191,955201	0,0239997319877148
192,070811	0,0245492197573185
192,178940	0,0250797010958195
192,285668	0,0253922007977962
192,400461	0,0257806964218616
192,514881	0,0257892422378063
192,622026	0,025484811514616
192,729960	0,0251813344657421
192,836598	0,0246570222079754
192,951518	0,0241711847484112
193,059243	0,0239555723965168
193,167299	0,0240477062761784
193,275859	0,0243150852620602
193,388296	0,0249638222157955
193,494930	0,0253765247762203
193,604824	0,02570566162467
193,711309	0,0257982723414898
193,824392	0,0255194865167141
193,932440	0,0250687785446644
194,039990	0,0246427766978741
194,147573	0,0241697616875172
194,248967	0,0239341966807842
194,357575	0,0239223204553127
194,471062	0,0242547653615475
194,584042	0,0247482024133205
194,695238	0,0253475569188595
194,797197	0,0257412753999233
194,909007	0,0258714072406292
195,019784	0,0257502980530262
195,119949	0,0254662893712521
195,234557	0,0249685756862164
195,344316	0,0244884304702282
195,455807	0,0240657515823841
195,566727	0,0240030623972416
195,681344	0,0242224745452404
195,792094	0,0246498994529247
195,904776	0,025188934057951
196,015517	0,025681909173727
196,117251	0,0259008593857288
196,225484	0,0258229710161686
196,337477	0,0254962109029293
196,449290	0,024930577725172
196,549373	0,0244927071034908
196,657340	0,0241588391363621
196,768553	0,0239660181105137
196,880635	0,0241032727062702
196,982916	0,0245059989392757
197,092221	0,0249139554798603
197,193041	0,0255717225372791
197,303761	0,0258471854031086
197,419274	0,0258790068328381
197,525391	0,0256752632558346
197,629762	0,0251566432416439
197,740025	0,0247220881283283
197,846762	0,0241811610758305
197,960356	0,0239693485200405
198,068266	0,0240662209689617
198,174768	0,0243526063859463
198,282356	0,0248583890497684
198,394974	0,0252805911004543
198,502879	0,0257412753999233
198,610682	0,0258813835680485
198,719259	0,02572987601161
198,831888	0,025435421615839
198,939652	0,0247401334345341
199,048541	0,0243340842425823
199,156062	0,0239983089268208
199,256377	0,0239033289253712
199,364609	0,0241232179105282
199,477705	0,0246247313916683
199,589583	0,0250502489507198
199,705192	0,0255517773330212
199,817161	0,0257479213178158
199,923365	0,0256377346813679
200,032597	0,0252630226314068
200,132986	0,0248526893556118
200,241942	0,0243350304663181
200,351333	0,0239332430064678
200,462986	0,023805495351553
200,563605	0,0239498727023602
200,674156	0,0243564061820507
200,786118	0,0249885134398937
200,897822	0,0254738889634609
201,010215	0,0257792733609676
201,111556	0,0257930420339108
201,220235	0,0256163664162159
201,331679	0,0252036564052105
201,443180	0,0245929099619389
201,555796	0,0241754613816738
201,662982	0,0239512957632542
201,775640	0,0240329839289188
201,886230	0,0244409330189228
201,987841	0,0249528996646404
202,096601	0,0254430212080479
202,207613	0,0257654972374439
202,321061	0,025852408260107
202,422030	0,0256467573344707
202,528339	0,0253067128360271
202,635134	0,0247975997626781
202,743731	0,0242728181183338
202,856625	0,0239417962729931
202,963769	0,0238634310662746
203,071246	0,0241464860737324
203,178378	0,0246176086366177
203,292057	0,025142390280962
203,399722	0,0255251787602901
203,507974	0,0257697738707066
203,613789	0,0256880857050419
203,725848	0,0253665558993816
203,833986	0,0248707346618176
203,942191	0,0243673287332058
204,050014	0,0239769406616688
204,159028	0,0238615311682224
204,259441	0,0240215845406055
204,364923	0,0245045758783817
204,472837	0,0249709449708462
204,574779	0,0254658125340939
204,675246	0,0257521979510784
204,784579	0,0258386395871639
204,895879	0,0256021209061146
205,006742	0,0251713655889034
205,108890	0,0247182883322239
205,217779	0,0241464860737324
205,326986	0,023885753005743
205,438739	0,0238677076995373
205,540406	0,0241991989314556
205,648067	0,0245857872068882
205,759653	0,0252036564052105
205,869184	0,0256068669259548
205,969334	0,0257730968296528
206,081194	0,025683332234621
206,192247	0,0253964699804783
206,302946	0,0249001793563366
206,403917	0,0242989398539066
206,511678	0,0239170975983143
206,614379	0,0238235406577587
206,723423	0,0239617489278316
206,832245	0,0244480632245541
206,943404	0,0249837674200535
207,056527	0,0253884010016918
207,160104	0,0257578976452351
207,274122	0,0257431752979755
207,387587	0,0255237556993961
207,495008	0,0250740014016628
207,603686	0,024542573839426
207,710543	0,0240496061742306
207,825776	0,0238696075975895
207,932665	0,0239864401519299
208,041100	0,0243573524057865
208,147405	0,0249728448688984
208,259647	0,0254173688590527
208,368190	0,0257350988686085
208,474519	0,0259013287723064
208,582438	0,0256681330502033
208,697069	0,0252350009977818
208,804595	0,024805199354887
208,914786	0,0242400504648685
209,023270	0,0239964090287685
209,137164	0,0240415297448635
209,245222	0,0242965631186962
209,352489	0,0247814543545246
209,460111	0,0253717787563801
209,562736	0,0257080309092999
209,673907	0,0258832834661007
209,787891	0,0257783196866512
209,892018	0,0253537334501743
209,992859	0,0249206013977528
210,101049	0,0244285874068737
210,214274	0,0240348838269711
210,325378	0,0239949859678745
210,437219	0,0242343507707119
210,537643	0,0245967097580433
210,648586	0,02521837875247
210,760131	0,0255940444767475
210,872051	0,0258785299956799
210,987056	0,0259027592837811
211,099717	0,0254919342696667
211,213223	0,0249899365007877
211,324554	0,0243649519979954
211,425379	0,0240609981119633
211,535811	0,0239090211689472
211,649019	0,0240491293370724
211,760893	0,0244627855718136
211,862141	0,0249699987471104
211,965699	0,0255294553935528
212,077311	0,0257830731570721
212,187661	0,0257906727492809
212,297643	0,0255812220275402
212,406144	0,0251267142593861
212,512731	0,0245221517980099
212,620686	0,0241450630128384
212,734619	0,0238686613738537
212,841416	0,0239299200475216
212,949495	0,024225328117609
213,060399	0,0248327441513538
213,173482	0,025267768651247
213,281631	0,0257816426455975
213,390231	0,0258661843836308
213,498398	0,0256600640714169
213,606484	0,0253375805914402
213,720380	0,0247349105775356
213,828349	0,0243288539350033
213,936697	0,0239892862737179
214,044232	0,0239835865795612
214,156521	0,0242766179144382
214,264910	0,0248403437435627
214,372713	0,0251984260976315
214,481448	0,0257194302976131
214,582454	0,0259079821407795
214,690585	0,0258604846894741
214,802900	0,0255494005978107
214,914522	0,0249790214002132
215,023711	0,0243630520999432
215,134962	0,0240011624991894
215,247006	0,023912351578474
215,357406	0,0241099186241627
215,457912	0,0245530195534229
215,566477	0,024999912828207
215,678411	0,0254895575344563
215,791153	0,0258462391793728
215,891959	0,0258362628519535
216,004117	0,0255256555974483
216,115391	0,0251257680356503
216,227582	0,0245240442454815
216,327918	0,0241284407675266
216,435861	0,0239721946418285
216,547089	0,0241151414811611
216,658795	0,0244979225099087
216,772283	0,0251134149730206
216,872288	0,0255318321287632
216,981302	0,0258638076484203
217,093812	0,0259573794901371
217,203937	0,0257203839719296
217,304982	0,0253684557974339
217,412596	0,0249457769095898
217,519569	0,0244433097541332
217,627515	0,0241289101541042
217,737387	0,0240932963788509
217,844800	0,024370651692152
217,952750	0,0249263010919094
218,060083	0,0252630226314068
218,173269	0,0257051847875118
218,280225	0,0259322039783001
218,388938	0,0257968418300152
218,495799	0,0254966877400875
218,610203	0,0249063558876514
218,718728	0,0244950763881207
218,826583	0,0240752510726452
218,934398	0,0240011624991894
219,047736	0,0242234282195568
219,152880	0,0246498994529247
219,264479	0,0252710916101933
219,370925	0,0256382115185261
219,471428	0,0259056054055691
219,580324	0,0259103588759899
219,692212	0,0256025977432728
219,802593	0,0252202786505222
219,905013	0,0245829336345196
220,013817	0,0241545625030994
220,120744	0,0239717178046703
220,230995	0,0240030623972416
220,340675	0,024322684854269
220,441019	0,0248835571110249
220,552692	0,0253998003900051
220,663417	0,0257569514214993
220,776651	0,0258614383637905
220,878288	0,0256500877439976
220,987305	0,0252953134477139
221,099322	0,0246883668005466
221,211262	0,0242804177105427
221,325983	0,0239132978022099
221,437431	0,0239731408655643
221,548471	0,0242956168949604
221,660288	0,024809468537569
221,762523	0,0253204815089703
221,870880	0,0256662331521511
221,982448	0,0258714072406292
222,093150	0,0257369987666607
222,207455	0,0252910442650318
222,314452	0,0247605554759502
222,423336	0,0243573524057865
222,530890	0,0240177847445011
222,643976	0,0239327736198902
222,752031	0,0241640619933605
222,858330	0,0246817208826542
222,966626	0,0251200683414936
223,077712	0,0255759991705418
223,184032	0,0258543081581593
223,292354	0,0258315168321133
223,400237	0,0254705585539341
223,508675	0,024998489767313
223,620565	0,0245577655732632
223,728552	0,0241189412772655
223,836262	0,0239227972924709
223,944063	0,0241151414811611
224,055378	0,0245606116950512
224,164223	0,0249115787446499
224,272188	0,0254943110048771
224,379164	0,0258376859128475
224,479686	0,0259046591818333
224,589531	0,0257156305015087
224,701118	0,0252948440611362
224,813336	0,0247657783329487
224,914991	0,0242880173027515
225,023706	0,0239873863756657
225,135119	0,0240173079073429
225,248904	0,0242675952613354
225,349142	0,0247258879244328
225,457500	0,0252392776310444
225,569604	0,0256291888654232
225,682321	0,0258115716278553
225,782428	0,0257203839719296
225,894140	0,025311466306448
225,999314	0,024825144559145
226,111729	0,0243283770978451
226,213076	0,024050559848547
226,321136	0,0239436961710453
226,433723	0,0242414735257626
226,545644	0,0247073657810688
226,658146	0,0252345241606236
226,758702	0,0256144665181637
226,869345	0,0258880369365215
226,982111	0,0258576385676861
227,094730	0,0255156867206097
227,209347	0,0250151120126247
227,317212	0,0244357101619244
227,425156	0,0240605287253857
227,533697	0,0239622183144093
227,649139	0,0241089724004269
227,757726	0,0245705880224705
227,870609	0,0250934772193432
227,986102	0,0255432315170765
228,086668	0,0258286707103252
228,201335	0,0258096717298031
228,309077	0,0255702994763851
228,423297	0,025123868137598
228,538769	0,0245848409831524
228,647876	0,0240785740315914
228,751087	0,0238890834152699
228,864276	0,0239850096404552
228,977050	0,0243511758744717
229,079678	0,0248346440494061
229,188367	0,0253380574285984
229,296109	0,0256771557033062
229,410457	0,0257702432572842
229,523375	0,0255475006997585
229,635758	0,0251181684434414
229,746507	0,024607639759779
229,860541	0,0240932963788509
229,962409	0,0239009521901608
230,072244	0,0239584185183048
230,185163	0,0243431068956852
230,294965	0,024850320070982
230,397011	0,0254249684512615
230,506653	0,0257175303995609
230,617900	0,0258386395871639
230,730475	0,0256847552955151
230,832520	0,0252326242625713
230,940937	0,0247111655771732
231,053527	0,024324107915163
231,158433	0,024006862193346
231,259231	0,0239921323955059
231,369169	0,0242813639342785
231,481967	0,0247562788426876
231,593592	0,0252910442650318
231,694975	0,0257094614207745
231,806696	0,0258889831602573
231,921644	0,0258742608129978
232,034592	0,0255057103931904
232,135430	0,025114368647337
232,242900	0,0245031528174877
232,350541	0,0241716615855694
232,459099	0,0240035317838192
232,573079	0,0241635851562023
232,681817	0,0245786644518375
232,790917	0,025091577321291
232,898679	0,0255688689649105
233,007352	0,0258780606091022
233,109558	0,0259189046919346
233,215487	0,0257626436650753
233,323110	0,0252753682434559
233,423886	0,0247543789446354
233,535731	0,0243659056723118
233,646602	0,0240410603582859
233,755628	0,0240875966846943
233,865108	0,0243815742433071
233,966179	0,024775754660368
234,074610	0,0253679789602757
234,185583	0,025748398154974
234,294135	0,0259079821407795
234,395314	0,0257868729531765
234,505331	0,0254216454923153
234,619036	0,0249229781329632
234,732505	0,0244167186319828
234,834032	0,0241303406655788
234,945490	0,0240116082131863
235,057732	0,0242077521979809
235,171580	0,0247097425162792
235,273001	0,0251366905868053
235,385132	0,0256633870303631
235,488777	0,0258923061192036
235,603466	0,0258272401988506
235,703873	0,0255589000880718
235,815460	0,0250730477273464
235,922586	0,0244760848581791
236,038055	0,0241379402577877
236,150484	0,023980263620615
236,251869	0,0240989960730076
236,364532	0,0244670622050762
236,477052	0,0250730477273464
236,588029	0,0255403779447079
236,691122	0,0258671306073666
236,792606	0,0258657075464725
236,901476	0,025627288967371
237,014185	0,0251955799758434
237,118120	0,0246622525155544
237,220931	0,0242813639342785
237,332297	0,0239968858659267
237,440029	0,0240035317838192
237,552423	0,0243141315877438
237,661229	0,0247795544564724
237,770079	0,0252972207963467
237,878497	0,0256857089698315
237,991754	0,0258329398930073
238,100538	0,0256662331521511
238,207106	0,025342334061861
238,315932	0,0248474664986134
238,419254	0,0242823176085949
238,534393	0,0239835865795612
238,643417	0,0239498727023602
238,758138	0,0242576189339161
238,861590	0,0247448794543743
238,969234	0,0251832343637943
239,079618	0,0255774222314358
239,189064	0,0259046591818333
239,294080	0,0258324630558491
239,397334	0,0255835987627506
239,500653	0,0252003334462643
239,608131	0,0246261544525623
239,713540	0,0242429040372372
239,825806	0,0240771509706974
239,935934	0,0242058522999287
240,041359	0,0245724879205227
240,143391	0,0249813906848431
240,244725	0,0254767350852489
240,350773	0,0258467085659504
240,452879	0,0259179584681988
240,558469	0,0257897190749645
240,670259	0,0253299809992313
240,776741	0,0247975997626781
240,888942	0,0242215283215046
240,998637	0,0239997319877148
241,101926	0,0238905064761639
241,213292	0,0241018496453762
241,314065	0,024459931999445
241,420937	0,0249585993587971
241,527606	0,0254753120243549
241,638826	0,0256890319287777
241,746593	0,0256743095815182
241,854869	0,0253523103892803
241,968261	0,0247937999665737
242,074572	0,0243013165891171
242,179704	0,0239783637225628
242,286914	0,0238164179027081
242,396797	0,0239560417830944
242,498234	0,024342630058527
242,603706	0,0248004458844662
242,713297	0,0254064463078976
242,819764	0,0257275067269802
242,930952	0,0258847065269947
243,038052	0,0257559977471828
243,143159	0,0252487696707249
243,253297	0,0248213447630405
243,367701	0,02429324015975
243,474680	0,0240685977041721
243,583357	0,0240714512765408
243,688954	0,0243131853640079
243,801701	0,024758655577898
243,911642	0,0252625457942486
244,021707	0,0257279761135578
244,129279	0,0258661843836308
244,231186	0,0257474444806576
244,341196	0,0253746248781681
244,456045	0,0247828774154186
244,557273	0,0243602059781551
244,670863	0,024005439132452
244,782828	0,0239090211689472
244,894914	0,0241716615855694
245,006370	0,0246261544525623
245,113656	0,0251609124243259
245,220682	0,0255399011075497
245,332763	0,0258528850972652
245,447690	0,0258125178515911
245,563244	0,0255337320268154
245,664657	0,0249619223177433
245,775261	0,0244494862854481
245,887282	0,0240277610719204
245,997033	0,0239384733140469
246,109903	0,0240590982139111
246,223103	0,0245720110833645
246,335854	0,0251808576285839
246,448732	0,0255479775369167
246,560833	0,0258053950965405
246,662223	0,0257754735648632
246,774358	0,0254624895751476
246,887671	0,0250683017075062
246,987790	0,0245515964925289
247,096610	0,0241137184202671
247,206373	0,0239275507628918
247,317872	0,024054829031229
247,432809	0,0244485326111317
247,541720	0,0249552689492702
247,651520	0,0254487209022045
247,758774	0,025773573666811
247,870959	0,025842908769846
247,981039	0,0255835987627506
248,092006	0,025049302726984
248,201180	0,0246931128203869
248,315647	0,0240871272981167
248,429634	0,0238995291292667
248,544613	0,0240287072956562
248,658101	0,0244067423045635
248,767516	0,0248241983354092
248,880159	0,0253209583461285
248,991226	0,0256994850933552
249,098873	0,025748398154974
249,208994	0,0255707763135433
249,314736	0,0251694656908512
249,426517	0,0245530195534229
249,530144	0,0240961499512196
249,642374	0,0238254405558109
249,744574	0,0238719843327999
249,855632	0,0241735614836216
249,957225	0,0246517993509769
250,057322	0,0251756347715855
250,158534	0,0256063975393772
250,273936	0,0257911495864391
250,383828	0,0257113538682461
250,483938	0,0254349447786808
250,597325	0,0248792879283428
250,699461	0,0243863202631474
250,812328	0,0240704976022244
250,921844	0,0239341966807842
251,025579	0,0240742973983288
251,138610	0,0245321206748486
251,239359	0,0249728448688984
251,352943	0,0255180560052395
251,453676	0,0258068181574345
251,568538	0,0258319936692715
251,673194	0,0255864448845387
251,773830	0,0251447670161724
251,888680	0,0246161855757236
251,992095	0,0241878069937229
252,106789	0,0239793173968792
252,218268	0,02402538433671
252,328956	0,0244319178164005
252,432170	0,0248536430299282
252,541071	0,0253665558993816
252,654617	0,0257882960140705
252,769253	0,0258804373443127
252,870130	0,0257042311131954
252,981655	0,0253632329404354
253,096212	0,0247653089463711
253,211174	0,0242053754627705
253,314175	0,0239626951515675
253,425986	0,0239916630089283
253,534835	0,024294663220644
253,643518	0,0247933231294155
253,753317	0,0253181122243404
253,868266	0,0256800092756748
253,978730	0,0259151048958302
254,082974	0,0258215479552746
254,184534	0,0254829116165638
254,284961	0,0250630788505077
254,394648	0,0244756080210209
254,496575	0,024119894951582
254,596872	0,0240016393363476
254,705562	0,0241412632167339
254,818656	0,024517398327589
254,934095	0,025123868137598
255,034585	0,0255194865167141
255,135962	0,0258690379559994
255,249170	0,0258870832622051
255,351332	0,0256961546838284
255,462036	0,0253499336540699
255,569399	0,0246660523116589
255,669729	0,0242818407714367
255,773835	0,0240192078053951
255,875690	0,0240116082131863
255,989693	0,024243850260973
256,102099	0,0247021429240704
256,212110	0,0252288244664669
256,326474	0,0257184840738773
256,430025	0,0259165279567242
256,530631	0,025828193873167
256,645658	0,0255726687610149
256,758301	0,0250098891556263
256,866207	0,0245264209806919
256,967932	0,0242020525038242
257,069590	0,0240500830113888
257,178661	0,02417878434062
257,292586	0,0247377641499043
257,407922	0,0251818113029003
257,519553	0,0256500877439976
257,629457	0,02599061653018
257,740666	0,0259288810193539
257,855357	0,0256752632558346
257,964282	0,0252046026289463
258,078485	0,0245862640440464
258,181112	0,0241844840347767
258,295586	0,0240144617855549
258,398575	0,0241403095424175
258,511157	0,0246062092483044
258,616124	0,0249377004802227
258,717975	0,0254990570247173
258,825509	0,0257754735648632
258,935395	0,0258752070367336
259,045083	0,0257189534604549
259,145937	0,0252487696707249
259,247458	0,0248213447630405
259,348403	0,0243407301604748
259,448910	0,024032037705183
259,550908	0,0239935629069805
259,650909	0,0241911299526691
259,751410	0,024541150778532
259,853419	0,0250531025230885
259,953919	0,0255318321287632
