0,100118	0,153840929269791
0,200838	0,15373495221138
0,303097	0,152317136526108
0,404951	0,149545878171921
0,506774	0,146295353770256
0,607699	0,143811419606209
0,707871	0,142364308238029
0,809651	0,142341434955597
0,910569	0,143965274095535
1,011012	0,146379083395004
1,112902	0,150215521454811
1,213240	0,152517020702362
1,313463	0,153833821415901
1,414396	0,153885871171951
1,516254	0,15246444940567
1,618153	0,15026818215847
1,720039	0,14696216583252
1,820178	0,143965274095535
1,920330	0,142462491989136
2,020995	0,142209395766258
2,122020	0,143974810838699
2,223865	0,146331980824471
2,324677	0,149661228060722
2,425991	0,15244123339653
2,527014	0,1537756472826
2,628129	0,153976693749428
2,728210	0,152428925037384
2,828896	0,150242567062378
2,930794	0,147452354431152
3,032807	0,144393891096115
3,133650	0,142398148775101
3,235511	0,142152190208435
3,336957	0,143497496843338
3,437998	0,146228760480881
3,539386	0,149583861231804
3,639988	0,151927709579468
3,741334	0,153717935085297
3,842782	0,153917089104652
3,943353	0,152756154537201
4,043535	0,150226905941963
4,144063	0,147430956363678
4,245027	0,144384384155273
4,347012	0,142320454120636
4,447568	0,142008230090141
4,549465	0,143367916345596
4,651093	0,14557546377182
4,752470	0,149432897567749
4,853018	0,151778444647789
4,954507	0,153436869382858
5,055845	0,153815388679504
5,156972	0,152703136205673
5,258200	0,150664776563644
5,359833	0,146881803870201
5,460826	0,144389614462852
5,562818	0,142529219388962
5,662827	0,142027288675308
5,763884	0,143345519900322
5,865265	0,145593553781509
5,966324	0,148884937167168
6,068208	0,151791706681252
6,169893	0,153450593352318
6,270810	0,153910472989082
6,372684	0,152761369943619
6,472910	0,15069654583931
6,574852	0,147495597600937
6,674920	0,144404381513596
6,774922	0,142548769712448
6,876037	0,141993448138237
6,976277	0,142927154898643
7,077025	0,145528346300125
7,178073	0,148234620690346
7,278573	0,151301130652428
7,379970	0,15337960422039
7,480017	0,153899118304253
7,580204	0,153046384453773
7,682111	0,150681361556053
7,783005	0,148044556379318
7,896595	0,144820526242256
8,008833	0,142249912023544
8,125445	0,14210356771946
8,228940	0,143548935651779
8,341162	0,145908564329147
8,447535	0,149757117033005
8,556537	0,152407601475716
8,668284	0,153788894414902
8,775552	0,153508320450783
8,888366	0,151625841856003
8,991230	0,148679286241531
9,098609	0,145392701029778
9,204837	0,143200665712357
9,306139	0,141901433467865
9,409013	0,142544955015182
9,509939	0,144882887601852
9,624088	0,148078292608261
9,731428	0,151174545288086
9,846213	0,153653591871262
9,956686	0,153752461075783
10,059007	0,152407601475716
10,171337	0,149736225605011
10,277149	0,146458983421326
10,389544	0,143588483333588
10,498990	0,142002984881401
10,607717	0,142315208911896
10,716925	0,144383907318115
10,826023	0,147513195872307
10,935415	0,151182606816292
11,044179	0,153304353356361
11,153763	0,153900533914566
11,263191	0,152847543358803
11,372945	0,150359272956848
11,487452	0,14658360183239
11,596814	0,143671363592148
11,698882	0,142212256789207
11,809067	0,14233809709549
11,919242	0,143926218152046
12,027144	0,146928399801254
12,136407	0,150160491466522
12,245457	0,152983427047729
12,359620	0,153846129775047
12,468861	0,153080940246582
12,579265	0,150804221630096
12,689547	0,147087693214417
12,800227	0,144031956791878
12,909294	0,142145037651062
13,014410	0,141936242580414
13,123891	0,143813326954842
13,234287	0,146790504455566
13,344675	0,150033324956894
13,454396	0,152571007609367
13,564729	0,153740644454956
13,665594	0,153262704610825
13,775366	0,151226714253426
13,886839	0,14817476272583
13,992298	0,144943356513977
14,098281	0,142560690641403
14,205052	0,141819432377815
14,316824	0,142983868718147
14,426920	0,145659208297729
14,536763	0,148930057883263
14,646825	0,151830568909645
14,751520	0,153544276952744
14,860683	0,153506904840469
14,968631	0,152139008045197
15,078301	0,148835077881813
15,182024	0,1460922062397
15,291461	0,142965763807297
15,399643	0,141869977116585
15,507452	0,142447724938393
15,617510	0,145140439271927
15,730333	0,148361474275589
15,839535	0,151796922087669
15,947745	0,153508797287941
16,057194	0,153736382722855
16,161042	0,1521385461092
16,271513	0,149884775280952
16,381344	0,146105542778969
16,491873	0,143311217427254
16,603046	0,14190810918808
16,713123	0,1426712423563
16,822929	0,144124835729599
16,934026	0,147748470306396
17,042854	0,150846898555756
17,146264	0,153028398752213
17,254696	0,153729751706123
17,364777	0,152756631374359
17,471707	0,149854868650436
17,581204	0,146607875823975
17,691883	0,143649935722351
17,803742	0,141965791583061
17,914349	0,142334282398224
18,023313	0,144069105386734
18,137384	0,147147610783577
18,247158	0,150346457958221
18,350692	0,152755215764046
18,452821	0,153752461075783
18,563040	0,153093710541725
18,672944	0,150924667716026
18,780994	0,147821664810181
18,890071	0,144635796546936
19,000485	0,142415314912796
19,111587	0,141986295580864
19,217670	0,143611341714859
19,328205	0,146009430289268
19,437970	0,149243459105492
19,552043	0,152365460991859
19,661824	0,153634190559387
19,770781	0,153257966041565
19,881088	0,151349976658821
19,990420	0,147815495729446
20,100007	0,144646733999252
20,210208	0,142449155449867
20,320191	0,141895711421967
20,430075	0,143259763717651
20,539053	0,146018952131271
20,648939	0,149796023964882
20,759633	0,152065113186836
20,870343	0,153699472546577
20,981050	0,15334552526474
21,083168	0,151441931724548
21,192909	0,148451268672943
21,303267	0,145236596465111
21,413503	0,142766088247299
21,522704	0,141881421208382
21,623007	0,142910480499268
21,731149	0,145977079868317
21,841525	0,148701131343842
21,952238	0,151615887880325
22,060884	0,15321347117424
22,163114	0,153624728322029
22,268017	0,152539744973183
22,379050	0,150032371282578
22,488808	0,146273002028465
22,596185	0,14344510436058
22,703979	0,141879037022591
22,812995	0,142321407794952
22,922784	0,144429624080658
23,031911	0,147548377513885
23,144654	0,151142314076424
23,255288	0,152945548295975
23,365944	0,153701841831207
23,474234	0,152563899755478
23,582746	0,150056570768356
23,692759	0,146831393241882
23,802715	0,143845722079277
23,912889	0,142054945230484
24,021964	0,142086878418922
24,131361	0,143926694989204
24,235290	0,147486567497253
24,345485	0,150637269020081
24,450930	0,152921408414841
24,554273	0,153722658753395
24,663103	0,15317040681839
24,765134	0,151106283068657
24,875452	0,148048833012581
24,985860	0,144884318113327
25,096727	0,142359539866447
25,207300	0,142042070627213
25,317879	0,143587529659271
25,428123	0,145920932292938
25,537639	0,149684011936188
25,648981	0,152340352535248
25,757612	0,153688594698906
25,861651	0,153416991233826
25,973138	0,151566118001938
26,083540	0,148624658584595
26,196958	0,144906222820282
26,300448	0,142870932817459
26,402051	0,141909062862396
26,512131	0,142827093601227
26,612879	0,14532607793808
26,722030	0,148554354906082
26,831450	0,151517301797867
26,942986	0,153390496969223
27,051050	0,153690487146378
27,164240	0,151995927095413
27,274647	0,149211168289185
27,385649	0,145429819822311
27,495118	0,142903342843056
27,605871	0,141908586025238
27,705914	0,142806589603424
27,816953	0,144781962037086
27,927927	0,148479297757149
28,039379	0,15144856274128
28,150512	0,15349555015564
28,261980	0,153647437691689
28,372624	0,152342706918716
28,484357	0,149202153086662
28,594087	0,145959958434105
28,704975	0,14323927462101
28,815029	0,142022058367729
28,926488	0,142281845211983
29,038030	0,144741967320442
29,148240	0,147902458906174
29,260364	0,150974452495575
29,371636	0,153314292430878
29,481754	0,153668731451035
29,596523	0,152017265558243
29,705987	0,149759486317635
29,815349	0,146520346403122
29,926833	0,143242612481117
30,038332	0,141910493373871
30,149341	0,142457723617554
30,259890	0,144685789942741
30,371425	0,148387610912323
30,481881	0,151353761553764
30,588062	0,153273582458496
30,699117	0,153694748878479
30,802669	0,152370661497116
30,914128	0,149782732129097
31,025634	0,146558403968811
31,130573	0,144081488251686
31,240279	0,14204540848732
31,341259	0,142251819372177
31,456215	0,144239127635956
31,566224	0,147302597761154
31,674390	0,150946006178856
31,782821	0,152839958667755
31,891963	0,153772339224815
32,002174	0,153066262602806
32,112639	0,150393918156624
32,220775	0,147216558456421
32,330836	0,144183412194252
32,443946	0,142267554998398
32,547969	0,14212454855442
32,660403	0,143805712461472
32,770554	0,146737709641457
32,880209	0,149952173233032
32,990720	0,152817234396935
33,100459	0,153766661882401
33,203743	0,153294891119003
33,314434	0,151331007480621
33,416103	0,148325845599175
33,521081	0,145116150379181
33,631279	0,142715096473694
33,741836	0,141953870654106
33,851061	0,14333838224411
33,961376	0,146098405122757
34,070928	0,149331301450729
34,182068	0,15206415951252
34,283815	0,153550431132317
34,390462	0,153422191739082
34,491202	0,152091175317764
34,597577	0,149375915527344
34,707282	0,146135985851288
34,819910	0,143355041742325
34,929625	0,141930997371674
35,039095	0,142624542117119
35,148417	0,144991919398308
35,252165	0,148172378540039
35,356149	0,150735437870026
35,466991	0,153166145086288
35,576763	0,153615742921829
35,688632	0,152433186769485
35,801913	0,149906128644943
35,911980	0,146172136068344
36,015573	0,143782839179039
36,124485	0,141958639025688
36,226701	0,14219032227993
36,331040	0,144519135355949
36,439572	0,147093877196312
36,549801	0,15075346827507
36,663161	0,152968749403954
36,763814	0,153706580400467
36,877960	0,153071001172066
36,993150	0,150946483016014
37,102463	0,147331610321999
37,206741	0,144285321235657
37,318426	0,142296627163887
37,425733	0,142068296670914
37,529509	0,143660888075829
37,640170	0,147081032395363
37,750900	0,150257274508476
37,860341	0,152361661195755
37,970624	0,153719812631607
38,079984	0,153124019503593
38,189824	0,151018083095551
38,300297	0,14851301908493
38,410033	0,144827663898468
38,512289	0,142590701580048
38,622973	0,142015859484673
38,734160	0,1429752856493
38,843956	0,146548420190811
38,953889	0,149245843291283
39,064108	0,152371615171432
39,172577	0,15366967022419
39,281471	0,153351202607155
39,392146	0,151032775640488
39,503091	0,14852300286293
39,612590	0,145312264561653
39,726136	0,14254829287529
39,834517	0,141903817653656
39,939960	0,143176376819611
40,047748	0,145342260599136
40,158089	0,149580538272858
40,268213	0,152184024453163
40,379061	0,153400897979736
40,479768	0,153497442603111
40,588772	0,151758536696434
40,698439	0,149482741951942
40,807367	0,146256342530251
40,918102	0,143433660268784
41,027458	0,141819432377815
41,137039	0,142488703131676
41,246882	0,144780531525612
41,356947	0,148468375205994
41,465337	0,151395007967949
41,576211	0,153026506304741
41,687121	0,153590649366379
41,797814	0,152532175183296
41,908685	0,149594768881798
42,011885	0,146394774317741
42,119950	0,143570855259895
42,225277	0,14204016327858
42,334889	0,142359539866447
42,446973	0,144855290651321
42,556715	0,147458538413048
42,667000	0,150583654642105
42,770677	0,152843281626701
42,880203	0,153685286641121
42,988876	0,152879267930984
43,098100	0,150143876671791
43,211655	0,146968811750412
43,321217	0,143970042467117
43,430571	0,142132639884949
43,531321	0,142079249024391
43,645192	0,143809050321579
43,757712	0,146760061383247
43,867565	0,149935081601143
43,978013	0,152718275785446
44,088700	0,153598695993423
44,195923	0,153072893619537
44,307316	0,151083037257195
44,417896	0,147555977106094
44,527699	0,144493415951729
44,636783	0,142437234520912
44,748057	0,142071634531021
44,851756	0,143942415714264
44,961232	0,146352916955948
45,065854	0,149552047252655
45,179879	0,152219086885452
45,289825	0,153690010309219
45,401980	0,152966380119324
45,515327	0,151198744773865
45,625387	0,148184731602669
45,732983	0,145013809204102
45,842611	0,142230838537216
45,953209	0,142133116722107
46,058944	0,143453195691109
46,167269	0,146228283643723
46,273946	0,149433374404907
46,375077	0,152116283774376
46,482382	0,153408944606781
46,593731	0,153358772397041
46,703085	0,15161919593811
46,811730	0,14927764236927
46,916585	0,145544052124023
47,026964	0,14299912750721
47,135842	0,141942918300629
47,239290	0,142762750387192
47,349046	0,144675314426422
47,451108	0,148314446210861
47,557140	0,151267468929291
47,671274	0,153163313865662
47,775420	0,153548061847687
47,877375	0,152623564004898
47,983082	0,150254428386688
48,092317	0,147651046514511
48,193824	0,143692329525948
48,304036	0,142214640974998
48,412079	0,142069727182388
48,520241	0,143344566226006
48,630049	0,147160917520523
48,745526	0,150280058383942
48,854752	0,152608886361122
48,965096	0,153545707464218
49,071165	0,152571007609367
49,180608	0,150683268904686
49,290465	0,14814481139183
49,395495	0,144501030445099
49,500535	0,142144083976746
49,606126	0,141863778233528
49,716150	0,143240228295326
49,824117	0,145977556705475
49,932251	0,14968353509903
50,041899	0,152237564325333
50,142320	0,153366342186928
50,249976	0,153261750936508
50,354766	0,151588380336761
50,467871	0,148756697773933
50,577616	0,145576894283295
50,688203	0,142999589443207
50,797877	0,141904771327972
50,907121	0,142661720514297
51,016501	0,145007625222206
51,121711	0,148165255784988
51,235015	0,151126191020012
51,344125	0,153075739741325
51,453930	0,153516367077827
51,564793	0,151990249752998
51,673727	0,149300917983055
51,779928	0,146621659398079
51,887734	0,143310740590096
51,998045	0,141896188259125
52,098846	0,142102137207985
52,208843	0,144412472844124
52,319886	0,146964058279991
52,425642	0,151036575436592
52,535411	0,152785524725914
52,644815	0,153528660535812
52,749149	0,15264393389225
52,859117	0,150354534387589
52,969838	0,147237941622734
53,076693	0,144221037626266
53,179980	0,142265170812607
53,292795	0,142165541648865
53,405548	0,143608495593071
53,515253	0,146999731659889
53,625501	0,150157168507576
53,734950	0,152569591999054
53,836267	0,153536707162857
53,946552	0,153216779232025
54,055518	0,150932252407074
54,165930	0,147901505231857
54,275644	0,144793391227722
54,376325	0,142571642994881
54,483168	0,141992017626762
54,587779	0,142934307456017
54,692658	0,145418882369995
54,798136	0,148599967360497
54,909767	0,151472732424736
55,010116	0,153257504105568
55,125686	0,153489381074905
55,228712	0,152121961116791
55,337235	0,148969948291779
55,445836	0,146286800503731
55,552822	0,14349177479744
55,658092	0,1420087069273
55,766102	0,142340481281281
55,875580	0,144390091300011
55,979628	0,147437617182732
56,092050	0,150962606072426
56,200505	0,152979165315628
56,311006	0,153524875640869
56,419316	0,152697443962097
56,534035	0,149973034858704
56,644358	0,146821886301041
56,754010	0,143888577818871
56,867998	0,14195816218853
56,970994	0,142252773046494
57,080993	0,143833339214325
57,190813	0,147314488887787
57,301302	0,149935081601143
57,412001	0,152692243456841
57,516322	0,153539553284645
57,617040	0,152768939733505
57,727546	0,151014760136604
57,836811	0,147523656487465
57,941068	0,144522950053215
58,045298	0,142747029662132
58,154962	0,142113104462624
58,265092	0,143672317266464
58,375978	0,146442338824272
58,483740	0,149595245718956
58,593973	0,152201563119888
58,704886	0,153547123074532
58,808095	0,153475195169449
58,910162	0,151550948619843
59,015697	0,14922209084034
59,126021	0,146058440208435
59,229292	0,143069639801979
59,339016	0,14209546148777
59,446259	0,142684116959572
59,552246	0,145347490906715
59,655571	0,147939532995224
59,770844	0,150909498333931
59,877260	0,153159528970718
59,985413	0,153529137372971
60,085619	0,15277037024498
60,197000	0,14963036775589
60,298159	0,147004008293152
60,408003	0,144078150391579
60,510074	0,14245867729187
60,610259	0,1420768648386
60,720344	0,143906205892563
60,829621	0,146777659654617
60,939800	0,149918004870415
61,048930	0,152366399765015
61,156974	0,153495073318481
61,270869	0,153020352125168
61,379666	0,151055544614792
61,490899	0,148104906082153
61,591656	0,144993349909782
61,696490	0,142975762486458
61,800681	0,141969606280327
61,911107	0,143067732453346
62,016712	0,145125210285187
62,123767	0,148251250386238
62,231521	0,151550948619843
62,345898	0,153331339359283
62,454233	0,153155267238617
62,563062	0,151456624269485
62,668250	0,149161323904991
62,777826	0,146016091108322
62,892996	0,143029615283012
62,997197	0,142060667276382
63,102878	0,142570212483406
63,212413	0,144710540771484
63,321817	0,14776511490345
63,429628	0,150762468576431
63,539299	0,153256550431252
63,648081	0,153468564152718
63,758046	0,152568638324738
63,867151	0,14975805580616
63,967885	0,146633073687553
64,078105	0,144202932715416
64,193846	0,142084017395973
64,303472	0,142343819141388
64,413771	0,144216269254684
64,520800	0,147166162729263
64,627290	0,15022785961628
64,737162	0,15253122150898
64,844213	0,153452008962631
64,952705	0,152768939733505
65,062098	0,150653392076492
65,171798	0,147100061178207
65,281762	0,14372806251049
65,390995	0,142262309789658
65,500612	0,142086401581764
65,614592	0,144111022353172
65,723853	0,146529391407967
65,827578	0,149659812450409
65,937240	0,152168869972229
66,038052	0,153379142284393
66,149940	0,153006613254547
66,259681	0,150707468390465
66,374089	0,14824840426445
66,484775	0,144687220454216
66,591063	0,14256639778614
66,700970	0,142179369926453
66,803675	0,143403634428978
66,913677	0,146071285009384
67,019549	0,149225890636444
67,124945	0,151901170611382
67,236765	0,153238087892532
67,337138	0,153300568461418
67,443746	0,152035266160965
67,552982	0,149424821138382
67,662249	0,146291553974152
67,769055	0,143245458602905
67,879139	0,142201766371727
67,993952	0,142857104539871
68,098459	0,145141378045082
68,207888	0,148242697119713
68,312901	0,15116411447525
68,423069	0,152875006198883
68,527858	0,153560847043991
68,629066	0,1527149528265
68,740048	0,150449424982071
68,850482	0,147374391555786
68,955108	0,143983855843544
69,069106	0,142180308699608
69,178967	0,142360970377922
69,281336	0,144163876771927
69,391247	0,147081032395363
69,497021	0,150167614221573
69,607718	0,152532637119293
69,713067	0,1535404920578
69,820219	0,152711167931557
69,929257	0,150914713740349
70,038353	0,147404342889786
70,142032	0,144876226782799
70,251911	0,142467260360718
70,362080	0,142117395997047
70,465030	0,143357902765274
70,575054	0,146491810679436
70,685743	0,149111941456795
70,792923	0,15215465426445
70,901975	0,153327077627182
71,012826	0,153136789798737
71,122798	0,151323422789574
71,227802	0,148989409208298
71,338972	0,145858123898506
71,446922	0,142966717481613
71,555893	0,142129793763161
71,665431	0,143044382333755
71,773921	0,145006194710732
71,876846	0,148612305521965
71,986003	0,151847153902054
72,090664	0,153239041566849
72,199576	0,153501704335213
72,310628	0,152187809348106
72,419363	0,149116218090057
72,530130	0,146478489041328
72,639129	0,143717110157013
72,748107	0,142147898674011
72,858269	0,14252208173275
72,967220	0,144508183002472
73,081033	0,147472321987152
73,196187	0,15094268321991
73,305136	0,153139635920525
73,409772	0,153409421443939
73,524750	0,152422279119492
73,638858	0,149054482579231
73,741401	0,146431401371956
73,845636	0,144076719880104
73,955153	0,142305210232735
74,064103	0,142678871750832
74,173763	0,144434377551079
74,276206	0,147406235337257
74,386979	0,15044704079628
74,497530	0,152669042348862
74,608986	0,153486549854279
74,717911	0,152712121605873
74,819928	0,150508716702461
74,929859	0,147490859031677
75,030782	0,14494526386261
75,143852	0,142449155449867
75,248527	0,142096415162086
75,357022	0,143902868032455
75,467199	0,146234944462776
75,576179	0,149355039000511
75,680052	0,151933386921883
75,791450	0,153377711772919
75,898992	0,152892991900444
76,008153	0,151352822780609
76,112146	0,148033633828163
76,221281	0,145440772175789
76,326888	0,142994835972786
76,428249	0,142030626535416
76,537315	0,14287856221199
76,647411	0,144782438874245
76,756790	0,147829279303551
76,861209	0,151220545172691
76,975766	0,153070047497749
77,081486	0,153415083885193
77,190086	0,152199655771255
77,300681	0,149700149893761
77,407675	0,146595016121864
77,512900	0,143818095326424
77,621327	0,142271354794502
77,730688	0,142489656805992
77,838035	0,144403904676437
77,938268	0,14735347032547
78,042223	0,150410979986191
78,145623	0,15238344669342
78,255202	0,153566047549248
78,363952	0,152867913246155
78,473904	0,150740191340446
78,576135	0,147742301225662
78,684953	0,145182803273201
78,795083	0,142896667122841
78,905910	0,142218455672264
79,010097	0,143235936760902
79,118366	0,145747259259224
79,229109	0,148850277066231
79,339587	0,151963248848915
79,449055	0,153459101915359
79,558963	0,153034076094627
79,669037	0,151538625359535
79,778253	0,148754805326462
79,893904	0,144685789942741
80,002943	0,142587840557098
80,112345	0,142067819833755
80,220414	0,14312157034874
80,330950	0,146098405122757
80,440642	0,148691624403
80,545225	0,151442408561707
80,656128	0,153075262904167
80,758341	0,153058215975761
80,868074	0,151764705777168
80,983106	0,148631304502487
81,090904	0,145045235753059
81,197804	0,143041044473648
81,308078	0,141997262835503
81,410458	0,142762750387192
81,511016	0,14506807923317
81,623926	0,147628709673882
81,732449	0,150613069534302
81,839621	0,152946963906288
81,949464	0,153363972902298
82,059648	0,152195394039154
82,170181	0,149740010499954
82,279210	0,146644026041031
82,392261	0,143817141652107
82,500929	0,142174601554871
82,608401	0,14249013364315
82,717507	0,144551515579224
82,830167	0,148082092404366
82,939787	0,150097846984863
83,041066	0,152692243456841
83,151951	0,15340468287468
83,261340	0,152241826057434
83,371117	0,150283843278885
83,481168	0,147787928581238
83,581554	0,144330561161041
83,692464	0,142290905117989
83,793790	0,142252296209335
83,896112	0,143435090780258
84,006833	0,146067947149277
84,110069	0,149165585637093
84,219895	0,152155131101608
84,329757	0,153283059597015
84,435071	0,153203532099724
84,536969	0,151974141597748
84,647018	0,148890629410744
84,756669	0,145798176527023
84,865192	0,142981007695198
84,975189	0,142168879508972
85,083628	0,142860919237137
85,191881	0,145098075270653
85,291918	0,148144349455833
85,400062	0,151029467582703
85,503150	0,152934655547142
85,605516	0,153393805027008
85,715614	0,152554899454117
85,828936	0,150310426950455
85,931473	0,146760523319244
86,047292	0,143924310803413
86,155779	0,142263263463974
86,262643	0,142511114478111
86,372624	0,14410100877285
86,482078	0,146993070840836
86,593057	0,150513470172882
86,693238	0,152394816279411
86,801781	0,153401374816895
86,912997	0,152566745877266
87,024113	0,150353580713272
87,134115	0,147327333688736
87,240860	0,144383907318115
87,354747	0,14246392250061
87,461579	0,14219556748867
87,571597	0,143709480762482
87,687393	0,146977379918098
87,796725	0,150036633014679
87,905571	0,152392446994781
88,015064	0,153409883379936
88,122196	0,152851328253746
88,223857	0,151276007294655
88,328013	0,148447468876839
88,438395	0,145389378070831
88,539577	0,142753228545189
88,640363	0,142142653465271
88,741761	0,143075823783875
88,856173	0,145472660660744
88,966867	0,148559093475342
89,079653	0,1513641923666
89,194762	0,15311786532402
89,304167	0,153368234634399
89,413818	0,151315361261368
89,522432	0,148488327860832
89,634584	0,145419359207153
89,740546	0,143336474895477
89,846975	0,142138361930847
89,953444	0,142771810293198
90,067497	0,144960969686508
90,177167	0,147987067699432
90,286555	0,151318192481995
90,395932	0,152891576290131
90,506151	0,15343165397644
90,616384	0,152071744203568
90,726541	0,149041652679443
90,831823	0,145941391587257
90,941405	0,144105300307274
91,041725	0,14224562048912
91,152114	0,142527788877487
91,254226	0,144061490893364
91,355012	0,146895125508308
91,467201	0,149950265884399
91,577514	0,152326136827469
91,687599	0,15339332818985
91,797279	0,152895838022232
91,906701	0,150499224662781
92,017776	0,146981671452522
92,127625	0,144119113683701
92,238177	0,142376706004143
92,342099	0,142217978835106
92,450987	0,143658041954041
92,563812	0,146370992064476
92,671702	0,149472296237946
92,780099	0,152359768748283
92,889144	0,153378665447235
92,995810	0,153158575296402
93,097793	0,151433408260345
93,208564	0,148641765117645
93,318097	0,145550727844238
93,428548	0,143116816878319
93,539936	0,142144083976746
93,649994	0,143599912524223
93,760069	0,146286800503731
93,870495	0,148874968290329
93,980854	0,15158885717392
94,090623	0,153301507234573
94,200040	0,153105080127716
94,307487	0,151780337095261
94,415454	0,148621812462807
94,521750	0,145543113350868
94,622620	0,143097758293152
94,733157	0,142142176628113
94,841437	0,14290477335453
94,943809	0,144761964678764
95,054870	0,147767022252083
95,160106	0,151129513978958
95,269536	0,152756154537201
95,380153	0,153322339057922
95,489883	0,152428925037384
95,596911	0,150146722793579
95,707393	0,146092683076859
95,815192	0,143839061260223
95,923010	0,142427697777748
96,031101	0,142470121383667
96,142276	0,144771963357925
96,255239	0,147239372134209
96,365032	0,150266289710999
96,476915	0,152518436312675
96,586149	0,1533592492342
96,695925	0,152471080422401
96,804941	0,149705857038498
96,905217	0,147152841091156
97,015259	0,144262462854385
97,120814	0,142635032534599
97,223688	0,142300441861153
97,332921	0,143893823027611
97,441781	0,14667159318924
97,545728	0,149732425808907
97,647880	0,151477947831154
97,757915	0,153248965740204
97,858811	0,152943655848503
97,969060	0,151843369007111
98,079456	0,148749098181725
98,191809	0,145679205656052
98,298218	0,142917156219482
98,408786	0,142163157463074
98,510035	0,142921447753906
98,619572	0,145685389637947
98,729784	0,148779034614563
98,838184	0,151531994342804
98,942187	0,15301987528801
99,052369	0,153439700603485
99,157563	0,152290612459183
99,271032	0,149861991405487
99,380606	0,14628204703331
99,490666	0,143287390470505
99,592563	0,142379567027092
99,705103	0,142678394913673
99,813061	0,145167097449303
99,922748	0,147677183151245
100,027724	0,150630623102188
100,137641	0,15273579955101
100,247635	0,153432607650757
100,357051	0,152570053935051
100,471473	0,149876713752747
100,584035	0,147338271141052
100,695696	0,144043862819672
100,805346	0,142307117581367
100,914048	0,142703652381897
101,023920	0,144309610128403
101,131652	0,147690013051033
101,243855	0,151071667671204
101,354257	0,152743846178055
101,464225	0,15344113111496
101,574193	0,152573853731155
101,686286	0,150331288576126
101,796718	0,146799057722092
101,897577	0,144400089979172
102,006603	0,142324268817902
102,122142	0,14258499443531
102,233718	0,14377760887146
102,342852	0,146533668041229
102,452457	0,150090739130974
102,561301	0,152412340044975
102,670816	0,153417453169823
102,785402	0,152819126844406
102,895093	0,150350734591484
103,006670	0,147340640425682
103,120968	0,144399613142014
103,228433	0,142453908920288
103,330958	0,142162203788757
103,440159	0,144009083509445
103,542523	0,146323412656784
103,644794	0,148895382881165
103,757834	0,151889801025391
103,858299	0,153054907917976
103,966792	0,153044492006302
104,073894	0,151506870985031
104,181906	0,148346275091171
104,293709	0,145314171910286
104,403816	0,143282622098923
104,514040	0,142125025391579
104,622254	0,143043905496597
104,728662	0,145436495542526
104,841801	0,148490697145462
104,950765	0,151289284229279
105,061606	0,153209686279297
105,171970	0,153072893619537
105,279945	0,151722997426987
105,391081	0,149085819721222
105,498751	0,146045118570328
105,609384	0,143533229827881
105,712019	0,142364785075188
105,823838	0,142953842878342
105,938224	0,145555004477501
106,043838	0,148555770516396
106,154001	0,150908082723618
106,264245	0,153030291199684
106,374093	0,153284952044487
106,479872	0,151998296380043
106,587294	0,149965927004814
106,694879	0,146439969539642
106,805432	0,143424600362778
106,913869	0,142265170812607
107,028773	0,142882838845253
107,132631	0,144595801830292
107,243111	0,147521749138832
107,352913	0,150499701499939
107,464130	0,152908146381378
107,575186	0,153453424572945
107,689478	0,152436971664429
107,797675	0,149643182754517
107,897961	0,147621110081673
108,001645	0,14429247379303
108,106858	0,142579272389412
108,214820	0,142428651452065
108,328413	0,143844768404961
108,436008	0,147021606564522
108,550807	0,150045663118362
108,660853	0,152400031685829
108,770779	0,153478026390076
108,879508	0,152727752923965
108,990578	0,15058745443821
109,092028	0,148146241903305
109,205755	0,144697695970535
109,307148	0,142717003822327
109,416942	0,142359539866447
109,528062	0,143400296568871
109,638912	0,14639239013195
109,750501	0,149444282054901
109,860297	0,151963710784912
109,970767	0,153285890817642
110,071006	0,153077155351639
110,179243	0,151392638683319
110,288171	0,1486526876688
110,389339	0,145623534917831
110,498234	0,143244996666908
110,603324	0,142295196652412
110,713079	0,143113479018211
110,823832	0,145419359207153
110,926910	0,148444145917892
111,037007	0,151248037815094
111,147356	0,1530402302742
111,258411	0,153276428580284
111,368377	0,152162700891495
111,482827	0,14923158288002
111,592861	0,146187841892242
111,703969	0,143621832132339
111,808838	0,142371937632561
111,919370	0,142870932817459
112,029157	0,145404607057571
112,131918	0,147376284003258
112,239913	0,150769114494324
112,347707	0,15276800096035
112,458405	0,153368711471558
112,563982	0,152672827243805
112,667885	0,150143414735794
112,769433	0,147152841091156
112,872382	0,144734352827072
112,976428	0,142534464597702
113,085348	0,142301395535469
113,186414	0,143292635679245
113,296453	0,14621639251709
113,397152	0,149223044514656
113,506892	0,151756167411804
113,616589	0,153121650218964
113,727163	0,153097987174988
113,837650	0,150922298431396
113,953060	0,148089230060577
114,064139	0,145093783736229
114,176296	0,143150165677071
114,279835	0,142149329185486
114,394630	0,143553227186203
114,505283	0,146183550357819
114,611659	0,148751959204674
114,725936	0,152190655469894
114,830063	0,153151959180832
114,937410	0,153186976909637
115,047661	0,151946187019348
115,158170	0,148905351758003
115,259827	0,146377176046371
115,367069	0,143765687942505
115,479433	0,142441049218178
115,581753	0,143074408173561
115,691517	0,144823864102364
115,796892	0,147738501429558
115,908951	0,151077836751938
116,020299	0,15294885635376
116,128539	0,153393805027008
116,240772	0,152291089296341
116,344170	0,149912297725677
116,452871	0,146892741322517
116,555265	0,144122928380966
116,664945	0,142659813165665
116,774890	0,142712712287903
116,880174	0,144632935523987
116,989498	0,146973580121994
117,092723	0,149420082569122
117,195849	0,15179455280304
117,308250	0,152997627854347
117,418255	0,152413755655289
117,525907	0,150477409362793
117,631896	0,147218927741051
117,740826	0,144520565867424
117,841824	0,143235459923744
117,945016	0,142649322748184
118,056936	0,143666133284569
118,166797	0,146590739488602
118,274107	0,149607583880425
118,384213	0,152131915092468
118,493189	0,1535404920578
118,596959	0,153281643986702
118,705988	0,151980310678482
118,814099	0,148387134075165
118,921895	0,145866215229034
119,028919	0,143438428640366
119,133766	0,14243771135807
119,234251	0,142940506339073
119,347885	0,145442202687263
119,458272	0,148469790816307
119,567680	0,151311561465263
119,676424	0,153212055563927
119,787678	0,153646484017372
119,897110	0,152137115597725
120,006762	0,149995341897011
120,116018	0,146325796842575
120,227369	0,143636122345924
120,339318	0,142403870820999
120,445268	0,142784208059311
120,555467	0,144923835992813
120,670109	0,147947609424591
120,779150	0,150909498333931
120,890112	0,153228148818016
121,005050	0,153610527515411
121,112131	0,152599900960922
121,227017	0,150213614106178
121,330545	0,147110998630524
121,445267	0,144239604473114
121,553845	0,142342865467072
121,661302	0,142474889755249
121,771684	0,144266754388809
121,882499	0,147754669189453
121,985724	0,150821283459663
122,095207	0,152763739228249
122,196201	0,153835237026215
122,305795	0,153271228075027
122,410756	0,150794729590416
122,513750	0,148824155330658
122,623792	0,144781962037086
122,731855	0,14279992878437
122,836200	0,142519697546959
122,941255	0,143650412559509
123,051429	0,146274894475937
123,156743	0,149426728487015
123,260147	0,151770859956741
123,370061	0,153776124119759
123,471355	0,153802618384361
123,583957	0,152612686157227
123,694947	0,149528786540031
123,798110	0,146331503987312
123,908473	0,143367916345596
124,014041	0,142407208681107
124,122959	0,142620742321014
124,232851	0,145041435956955
124,339698	0,147195637226105
124,445060	0,149679258465767
124,555679	0,151141837239265
124,655865	0,151686504483223
124,769137	0,150333657860756
124,881669	0,147945240139961
124,991899	0,145554050803185
125,096246	0,143061548471451
125,210208	0,141722172498703
125,323752	0,142277553677559
125,423912	0,144317701458931
125,535009	0,147552654147148
125,649920	0,149725779891014
125,763057	0,151631996035576
125,873024	0,151756167411804
125,981773	0,150454163551331
126,091423	0,148004159331322
126,193043	0,145112350583076
126,302999	0,142997696995735
126,407249	0,14151619374752
126,516196	0,141688793897629
126,629043	0,143824756145477
126,743736	0,146117433905602
126,852778	0,149361208081245
126,962835	0,151484593749046
127,072954	0,151867523789406
127,181106	0,150657653808594
127,291751	0,148277372121811
127,399091	0,145354628562927
127,508026	0,143084406852722
127,617737	0,141189560294151
127,728172	0,141549095511436
127,836982	0,143085837364197
127,938595	0,145828619599342
128,045922	0,148692101240158
128,155693	0,150839313864708
128,261301	0,151728674769402
128,364986	0,151300653815269
128,475085	0,149141848087311
128,589967	0,146371468901634
128,696735	0,143539413809776
128,803899	0,14183945953846
128,913832	0,141165241599083
129,023903	0,142716526985168
129,125638	0,144841000437737
129,234711	0,147694766521454
129,344888	0,150150045752525
129,455083	0,151569440960884
129,560009	0,151203483343124
129,670233	0,149857729673386
129,784052	0,146809041500092
129,898146	0,143938601016998
130,000088	0,142074003815651
130,110939	0,141065090894699
130,220191	0,142047315835953
130,327845	0,14436437189579
130,430797	0,146762907505035
130,539223	0,149858191609383
130,646136	0,151431977748871
130,751818	0,151603549718857
130,851947	0,150623500347137
130,964941	0,148360997438431
131,075617	0,145520269870758
131,186395	0,142894759774208
131,295057	0,141392230987549
131,405632	0,141674980521202
131,515502	0,143982902169228
131,625141	0,146831870079041
131,725227	0,14868925511837
131,833095	0,151086837053299
131,942042	0,151710197329521
132,052494	0,150899529457092
132,163998	0,148809432983398
132,273015	0,145977079868317
132,381977	0,142843768000603
132,492013	0,141310200095177
132,603002	0,141235813498497
132,713088	0,143017709255219
132,822203	0,145706802606583
132,927223	0,148099198937416
133,036924	0,150736391544342
133,143798	0,151676073670387
133,243904	0,151304453611374
133,355904	0,149234443902969
133,465177	0,146487534046173
133,575914	0,143684238195419
133,677008	0,141687378287315
133,782691	0,141141384840012
133,891882	0,142327606678009
133,999105	0,144270077347755
134,112064	0,148076385259628
134,222094	0,150102600455284
134,333838	0,151586025953293
134,444146	0,151457101106644
134,554028	0,149626582860947
134,660289	0,146971672773361
134,769128	0,144111022353172
134,879351	0,141895711421967
134,991428	0,14111801981926
135,095722	0,141964361071587
135,199118	0,144207209348679
135,299277	0,147101014852524
135,409116	0,149730533361435
135,517779	0,151193991303444
135,627331	0,151697874069214
135,732248	0,150724530220032
135,837061	0,148529648780823
135,939218	0,145687282085419
136,048093	0,14304581284523
136,158729	0,141353592276573
136,264006	0,141344055533409
136,373723	0,143068686127663
136,479912	0,145716801285744
136,589334	0,148985624313354
136,699601	0,151011914014816
136,808274	0,151719197630882
136,922796	0,150726437568665
137,032075	0,149368315935135
137,140030	0,146627843379974
137,245544	0,143400773406029
137,353954	0,141568168997765
137,455266	0,141192421317101
137,568988	0,142602622509003
137,678376	0,145586892962456
137,778782	0,14800226688385
137,890829	0,150048032402992
138,006394	0,151598811149597
138,112079	0,151373207569122
138,214715	0,150086939334869
138,323920	0,147101491689682
138,424263	0,144189119338989
138,530903	0,141879513859749
138,641094	0,140988305211067
138,741769	0,141288265585899
138,852310	0,143903821706772
138,955318	0,146792873740196
139,064942	0,14947135746479
139,169314	0,151003867387772
139,273758	0,151585072278976
139,383814	0,150727853178978
139,490015	0,149051159620285
139,600999	0,145835280418396
139,710743	0,142815172672272
139,811321	0,141506180167198
139,919310	0,14139986038208
140,030173	0,143268331885338
140,137763	0,145495042204857
140,239506	0,148366704583168
140,342714	0,150640100240707
140,452333	0,151716351509094
140,552517	0,151503071188927
140,666135	0,149955958127975
140,777982	0,14741051197052
140,887772	0,144112914800644
140,998496	0,141991540789604
141,109303	0,141334041953087
141,211174	0,142221316695213
141,321041	0,144476756453514
141,431714	0,147307366132736
141,541187	0,14982782304287
141,648421	0,151358976960182
141,759736	0,151357561349869
141,869776	0,15016096830368
141,974968	0,147750854492188
142,085345	0,144418179988861
142,193151	0,142118826508522
142,305653	0,14113375544548
142,414903	0,141566261649132
142,530373	0,143875241279602
142,639975	0,147138580679893
142,749619	0,149307548999786
142,855857	0,151069298386574
142,969565	0,151384577155113
143,079391	0,150096908211708
143,189417	0,147236049175262
143,291289	0,145315125584602
143,401948	0,142393380403519
143,513980	0,141140908002853
143,624056	0,141517624258995
143,724976	0,143400773406029
143,836155	0,146126478910446
143,946120	0,149267673492432
144,047335	0,150826975703239
144,152900	0,151463732123375
144,264017	0,150664776563644
144,377343	0,14858666062355
144,477516	0,145793423056602
144,586864	0,143501788377762
144,696912	0,141347393393517
144,806910	0,141271576285362
144,915717	0,142539709806442
145,023696	0,145533591508865
145,132376	0,148350551724434
145,242186	0,150208875536919
145,356791	0,151419654488564
145,464775	0,151071667671204
145,574907	0,149021714925766
145,685164	0,145844325423241
145,794787	0,143174946308136
145,901034	0,141614899039268
146,009715	0,141212925314903
146,111812	0,142259925603867
146,222671	0,144641503691673
146,332208	0,147484675049782
146,441231	0,150243043899536
146,543612	0,151315361261368
146,651411	0,151269376277924
146,760931	0,149460911750793
146,871350	0,146863251924515
146,972452	0,144033387303352
147,085718	0,142159819602966
147,193771	0,141087502241135
147,296849	0,141679272055626
147,408228	0,143708050251007
147,516284	0,146465644240379
147,626577	0,149516925215721
147,736425	0,151121452450752
147,846755	0,151333376765251
147,958206	0,150132015347481
148,070384	0,147319719195366
148,180034	0,144930973649025
148,285197	0,142456769943237
148,393060	0,141109436750412
148,499771	0,141608700156212
148,609998	0,143195912241936
148,724098	0,146359086036682
148,826817	0,149037852883339
148,936419	0,15102519094944
149,044920	0,151321053504944
149,154750	0,150358811020851
149,265433	0,148590937256813
149,375072	0,145382240414619
149,475835	0,142778962850571
149,581253	0,141371712088585
149,691429	0,141212925314903
149,801545	0,142760366201401
149,902399	0,145365104079247
150,011948	0,148166209459305
150,123054	0,15032322704792
150,234153	0,151315361261368
150,343679	0,150793313980103
150,457474	0,148951426148415
150,558650	0,145787715911865
150,669320	0,143458902835846
150,771318	0,141223415732384
150,871755	0,140822812914848
150,985461	0,142154097557068
151,095235	0,144169598817825
151,197638	0,146522253751755
151,309172	0,149132817983627
151,421309	0,150947898626328
151,528864	0,150869652628899
151,637253	0,149323701858521
151,739805	0,147243648767471
151,847261	0,144453898072243
151,957277	0,14212454855442
152,061650	0,140971139073372
152,168979	0,141531452536583
152,278836	0,143492728471756
152,379297	0,146258234977722
152,482903	0,148543894290924
152,594339	0,150976821780205
152,703690	0,151255622506142
152,812938	0,150087416172028
152,923004	0,148208498954773
153,023941	0,145436018705368
153,132598	0,142438665032387
153,242527	0,141360744833946
153,342778	0,14111515879631
153,447525	0,142602622509003
153,548362	0,144714832305908
153,649831	0,147063449025154
153,753425	0,149894267320633
153,863952	0,151148945093155
153,972984	0,151105344295502
154,082146	0,149761855602264
154,196024	0,14638477563858
154,301976	0,144041478633881
154,407822	0,142100229859352
154,512652	0,140914380550385
154,615379	0,14145515859127
154,722365	0,143837630748749
154,829989	0,146187365055084
154,939747	0,1492899954319
155,041126	0,150780498981476
155,150078	0,151367992162704
155,260243	0,150478824973106
155,364797	0,148369073867798
155,472942	0,145592123270035
155,580229	0,142584040760994
155,690044	0,141167148947716
155,799014	0,141515716910362
155,908211	0,142654567956924
156,013054	0,145691096782684
156,122710	0,148019850254059
156,234043	0,150533854961395
156,344005	0,151358038187027
156,446518	0,150910437107086
156,556654	0,148764297366142
156,665100	0,145538821816444
156,774063	0,143282145261765
156,884061	0,141635403037071
156,993527	0,141015484929085
157,097393	0,14224562048912
157,207885	0,145130917429924
157,318498	0,147935256361961
157,433084	0,150196075439453
157,537921	0,151184976100922
157,646974	0,151064082980156
157,751642	0,149545401334763
157,863956	0,146539375185966
157,973004	0,143753781914711
158,079195	0,141922414302826
158,191964	0,140967801213264
158,303138	0,141923367977142
158,415692	0,144174844026566
158,518199	0,147008299827576
158,626862	0,149544924497604
158,735598	0,151195421814919
158,844541	0,151083037257195
158,953113	0,149906605482101
159,061711	0,147059172391891
159,172295	0,144246280193329
159,273977	0,14197151362896
159,382314	0,141065567731857
159,483270	0,141452297568321
159,592161	0,143324077129364
159,701964	0,146064147353172
159,804135	0,148372411727905
159,915718	0,150941729545593
160,025772	0,151339545845985
160,136946	0,15028290450573
160,247723	0,148485958576202
160,351768	0,145230874419212
160,458250	0,143044382333755
160,563880	0,141336902976036
160,674840	0,141151890158653
160,784931	0,14293859899044
160,893864	0,146048918366432
160,996231	0,147911489009857
161,111710	0,150198444724083
161,220142	0,151359930634499
161,329785	0,150782391428947
161,441575	0,148483574390411
161,549540	0,145701572299004
161,658035	0,143432706594467
161,764977	0,141482338309288
161,879577	0,140995934605598
161,995598	0,142464399337769
162,109667	0,145430773496628
162,215930	0,14778271317482
162,325773	0,150064647197723
162,440234	0,151196375489235
162,542577	0,150705099105835
162,649887	0,148821771144867
162,753876	0,146605014801025
162,865663	0,143796652555466
162,969777	0,141420841217041
163,076126	0,14093966782093
163,182500	0,141775101423264
163,297788	0,143996715545654
163,408860	0,14774277806282
163,511597	0,149374976754189
163,622105	0,151106283068657
163,725137	0,151069760322571
163,830908	0,149952635169029
163,936929	0,147154271602631
164,045018	0,144317701458931
164,147423	0,142317116260529
164,248895	0,141018345952034
164,353674	0,141167625784874
164,467822	0,143159702420235
164,577922	0,146335303783417
164,685953	0,148606613278389
164,796752	0,15059220790863
164,908932	0,151298761367798
165,011014	0,150558531284332
165,124859	0,148540571331978
165,237406	0,145794376730919
165,343795	0,1427241563797
165,458059	0,141162380576134
165,567812	0,141340717673302
165,668850	0,142389565706253
165,781045	0,145816713571548
165,892935	0,148964732885361
165,998836	0,1502995043993
166,107218	0,151263207197189
166,222960	0,150773391127586
166,332183	0,148549601435661
166,441857	0,145332261919975
166,542170	0,143120631575584
166,657077	0,141334518790245
166,759891	0,141060322523117
166,868302	0,142378136515617
166,969274	0,144402474164963
167,079287	0,147681459784508
167,190043	0,150309473276138
167,292665	0,15112429857254
167,402102	0,151007652282715
167,508203	0,14941343665123
167,617969	0,146386682987213
167,723037	0,144499614834785
167,828392	0,142156481742859
167,938007	0,14102503657341
168,040150	0,141814664006233
168,150985	0,143542751669884
168,252672	0,146285846829414
168,367380	0,14935028553009
168,477004	0,150807052850723
168,580821	0,151327222585678
168,687886	0,150126799941063
168,795427	0,148277372121811
168,897009	0,145027607679367
169,006884	0,142550200223923
169,110332	0,141187652945518
169,220159	0,141425609588623
169,328053	0,143174469470978
169,438288	0,145850032567978
169,548581	0,148183301091194
169,653767	0,150374934077263
169,757302	0,151382684707642
169,869270	0,150946959853172
169,978264	0,149170339107513
170,087025	0,14652843773365
170,191976	0,143343612551689
170,307039	0,141502842307091
170,416057	0,141144245862961
170,524895	0,142391949892044
170,628130	0,144823387265205
170,738439	0,147634416818619
170,843056	0,149983957409859
170,956273	0,151123821735382
171,057550	0,151191622018814
171,163694	0,149141371250153
171,273362	0,147438570857048
171,388143	0,144168645143509
171,495923	0,142254203557968
171,600100	0,141058415174484
171,709757	0,142035871744156
171,823968	0,143867641687393
171,932986	0,146633073687553
172,042696	0,149580538272858
172,152329	0,150899529457092
172,262079	0,151221483945847
172,371608	0,1501225233078
172,479156	0,147406712174416
172,592713	0,144600078463554
172,702357	0,141931474208832
172,808970	0,141021698713303
172,923912	0,141729801893234
173,033879	0,14382429420948
173,138948	0,146122664213181
173,249288	0,148822247982025
173,350402	0,150915190577507
173,459871	0,151267468929291
173,565898	0,150455117225647
173,671623	0,147930502891541
173,772171	0,145605444908142
173,882869	0,142984822392464
173,991924	0,14134119451046
174,102964	0,141358837485313
174,210622	0,142662197351456
174,321301	0,14566445350647
174,427438	0,147984683513641
174,536874	0,150489270687103
174,641142	0,151299715042114
174,747814	0,150933682918549
174,856988	0,149220183491707
174,963978	0,145662546157837
175,072677	0,143416970968246
175,173696	0,141533359885216
175,284430	0,14106747508049
175,392551	0,142299488186836
175,494692	0,144696265459061
175,600629	0,14704442024231
175,709848	0,149556323885918
175,820987	0,151071667671204
175,930875	0,151093482971191
176,040084	0,149936035275459
176,152723	0,147110998630524
176,261511	0,143874779343605
176,371571	0,142053037881851
176,484761	0,141077965497971
176,597016	0,141984865069389
176,706014	0,144205316901207
176,816713	0,147467568516731
176,928130	0,149872437119484
177,037055	0,151075929403305
177,140841	0,151241883635521
177,240874	0,150279581546783
177,350139	0,14761920273304
177,458156	0,144799575209618
177,561840	0,142713665962219
177,671115	0,141140908002853
177,776167	0,141329273581505
177,877652	0,142943844199181
177,983715	0,145547389984131
178,093741	0,147867769002914
178,198311	0,150422364473343
178,306938	0,151329591870308
178,414694	0,150796622037888
178,524811	0,149344593286514
178,632183	0,146303921937943
178,741708	0,143591344356537
178,853909	0,141667351126671
178,968896	0,141269192099571
179,077804	0,142638370394707
179,187402	0,145118534564972
179,298026	0,147900551557541
179,407680	0,150441348552704
179,517173	0,151279330253601
179,625955	0,150980621576309
179,732242	0,148944780230522
179,842200	0,146740078926086
179,943977	0,1439538449049
180,053748	0,141813233494759
180,168070	0,141040772199631
180,273996	0,142175078392029
180,382975	0,144510090351105
180,491939	0,147763222455978
180,597282	0,149379253387451
180,705660	0,150945067405701
180,815919	0,151058867573738
180,929834	0,149641752243042
181,040293	0,146728202700615
181,148333	0,144388183951378
181,258499	0,141804173588753
181,366020	0,141033619642258
181,477622	0,14159868657589
181,578803	0,143578946590424
181,692278	0,146788120269775
181,799998	0,149667397141457
181,909208	0,15090523660183
182,020275	0,151193052530289
182,128335	0,149938881397247
182,237911	0,147176623344421
182,340518	0,14529512822628
182,453941	0,142377659678459
182,562069	0,141070812940598
182,668785	0,141343578696251
182,780753	0,143107295036316
182,887012	0,145769625902176
182,996505	0,148895382881165
183,103963	0,150479301810265
183,213771	0,151208221912384
183,315880	0,150248736143112
183,424900	0,148536771535873
183,534694	0,145827189087868
183,643851	0,142790392041206
183,748616	0,141243442893028
183,858630	0,141117542982101
183,971601	0,142765611410141
184,080919	0,145332738757133
184,181880	0,148099675774574
184,291785	0,15052105486393
184,396726	0,151239976286888
184,505679	0,150960713624954
184,612464	0,149019807577133
184,720443	0,146856606006622
184,830808	0,143657565116882
184,940971	0,141667827963829
185,051119	0,141092270612717
185,160408	0,142421990633011
185,268832	0,144391521811485
185,372993	0,147185653448105
185,483132	0,149632751941681
185,597101	0,151051759719849
185,708418	0,151090145111084
185,818252	0,149738594889641
185,925799	0,146874666213989
186,029494	0,144544839859009
186,138183	0,142210349440575
186,247739	0,141068428754807
186,357309	0,141823247075081
186,467969	0,143921449780464
186,581186	0,146692052483559
186,690992	0,149614721536636
186,798170	0,151161283254623
186,909810	0,15110769867897
187,021345	0,149421036243439
187,130322	0,147365346550941
187,236792	0,144573420286179
187,347061	0,142215594649315
187,458142	0,141088455915451
187,566143	0,141777485609055
187,680931	0,143867641687393
187,789655	0,146638780832291
187,895394	0,148836493492126
188,004828	0,150701761245728
188,112089	0,15121865272522
188,223691	0,150126799941063
188,329322	0,148329645395279
188,439838	0,145128533244133
188,549600	0,142659336328506
188,665147	0,141192421317101
188,773851	0,141449436545372
188,881048	0,143540844321251
188,991466	0,146249681711197
189,106589	0,149294272065163
189,216120	0,15096640586853
189,326682	0,15129354596138
189,436646	0,150184214115143
189,543632	0,147939056158066
189,651561	0,145615443587303
189,763648	0,14264027774334
189,865868	0,141215309500694
189,975417	0,141361221671104
190,076391	0,142657428979874
190,186944	0,145618766546249
190,296480	0,148353397846222
190,405960	0,150409087538719
190,516258	0,151191622018814
190,618843	0,150623500347137
190,728001	0,148317769169807
190,839843	0,14556547999382
190,954645	0,142946228384972
191,068876	0,141286835074425
191,179976	0,14114186167717
191,288080	0,142556875944138
191,396915	0,145067125558853
191,503502	0,147846862673759
191,609034	0,150080770254135
191,717131	0,151169806718826
191,827928	0,150998175144196
191,936838	0,14880183339119
192,046096	0,146624982357025
192,156283	0,143901914358139
192,271740	0,141854718327522
192,373703	0,141211494803429
192,475019	0,142094984650612
192,580533	0,144304364919662
192,683649	0,147076278924942
192,793731	0,149893805384636
192,902032	0,15107262134552
193,011760	0,151093944907188
193,121857	0,149948373436928
193,229635	0,147599712014198
193,338630	0,144800052046776
193,439806	0,142735585570335
193,549355	0,141170963644981
193,650231	0,141523346304893
193,757060	0,1429543197155
193,868003	0,145532637834549
193,972098	0,148675009608269
194,082162	0,150583177804947
194,192039	0,151236653327942
194,300937	0,150682792067528
194,407946	0,148446515202522
194,512326	0,145741552114487
194,627714	0,142768949270248
194,739309	0,141305431723595
194,847051	0,141559585928917
194,956151	0,142638370394707
195,061911	0,1451266258955
195,170437	0,147902458906174
195,282760	0,150446563959122
195,395963	0,151366084814072
195,496036	0,150825560092926
195,600893	0,149012684822083
195,709908	0,145910933613777
195,824777	0,143683284521103
195,933634	0,141773194074631
196,041752	0,141281113028526
196,149498	0,142389103770256
196,255297	0,144704833626747
196,367203	0,147914826869965
196,477101	0,15016807615757
196,577679	0,15120442211628
196,687787	0,151173606514931
196,798092	0,149763286113739
196,911495	0,146872282028198
197,020276	0,144126743078232
197,125254	0,142019674181938
197,225380	0,141265377402306
197,338280	0,1420768648386
197,446928	0,14379046857357
197,558022	0,146494671702385
197,667037	0,149087235331535
197,779419	0,151007652282715
197,882371	0,151222914457321
197,991947	0,150022402405739
198,101501	0,148156702518463
198,208011	0,144475325942039
198,317700	0,142490610480309
198,424114	0,141198620200157
198,533655	0,14147375524044
198,635598	0,143622785806656
198,749678	0,146323889493942
198,859174	0,148932427167892
198,969087	0,150706991553307
199,078358	0,151203483343124
199,186953	0,150495901703835
199,297190	0,148546755313873
199,408745	0,145398423075676
199,522632	0,14251683652401
199,631166	0,141330704092979
199,744602	0,141332134604454
199,854050	0,143234983086586
199,958211	0,145870983600616
200,066794	0,1485595703125
200,176462	0,150282427668571
200,279637	0,151261791586876
200,391646	0,150569900870323
200,502630	0,148627981543541
200,618262	0,145956620573997
200,724892	0,142949566245079
200,829766	0,14140510559082
200,931252	0,141209587454796
201,037108	0,142545431852341
201,144993	0,14540983736515
201,255003	0,147709980607033
201,365811	0,150274828076363
201,476487	0,151230975985527
201,582802	0,150950282812119
201,688197	0,149011731147766
201,795237	0,146401435136795
201,904898	0,144548177719116
202,015296	0,141713112592697
202,129704	0,141191944479942
202,235677	0,141878560185432
202,350537	0,14397956430912
202,460652	0,147644385695457
202,567891	0,149956911802292
202,671048	0,150919452309608
202,779720	0,151220545172691
202,889920	0,1498012393713
202,999300	0,147426202893257
203,112770	0,144219130277634
203,222425	0,142334759235382
203,326885	0,14118193089962
203,437323	0,141901910305023
203,546773	0,143552750349045
203,649772	0,146683022379875
203,757707	0,148837447166443
203,866768	0,150652438402176
203,977057	0,151180237531662
204,077869	0,150021925568581
204,185394	0,148214191198349
204,291348	0,145022377371788
204,395037	0,142923831939697
204,501990	0,141324028372765
204,611866	0,141236767172813
204,721916	0,143059641122818
204,827238	0,144750535488129
204,935644	0,148393303155899
205,046214	0,150414779782295
205,148456	0,151180237531662
205,251069	0,150801375508308
205,360086	0,149109095335007
205,470324	0,146545082330704
205,582517	0,143835246562958
205,691179	0,141826584935188
205,800438	0,141179546713829
205,910956	0,142425790429115
206,011359	0,144353896379471
206,120561	0,147572129964828
206,225139	0,149905189871788
206,340066	0,151160806417465
206,449693	0,151029467582703
206,550301	0,149543985724449
206,658497	0,147088170051575
206,767715	0,144789576530457
206,870189	0,142443433403969
206,977366	0,14126156270504
207,086704	0,141664490103722
207,196925	0,143900498747826
207,307794	0,146144062280655
207,417623	0,149523571133614
207,527621	0,150843575596809
207,638685	0,151239037513733
207,742863	0,150143876671791
207,853897	0,147517949342728
207,964184	0,144757211208344
208,074097	0,142398625612259
208,179185	0,14130400121212
208,288212	0,14142370223999
208,394228	0,143038183450699
208,502402	0,145595461130142
208,612522	0,148710638284683
208,716998	0,150588884949684
208,825360	0,151201575994492
208,929670	0,15082223713398
209,039928	0,148787096142769
209,148900	0,146159783005714
209,258621	0,143487021327019
209,362481	0,141618236899376
209,467091	0,141187652945518
209,577050	0,142312362790108
209,679829	0,144192934036255
209,780697	0,147372961044312
209,883354	0,149390175938606
209,993779	0,150909498333931
210,095933	0,151143729686737
210,211973	0,149534493684769
210,322857	0,14711195230484
210,426067	0,144814342260361
210,535209	0,142456293106079
210,645221	0,141185745596886
210,752341	0,141819432377815
210,855526	0,143815234303474
210,964117	0,146053671836853
211,073756	0,149103388190269
211,181785	0,150623977184296
211,291286	0,15125846862793
211,404303	0,150279581546783
211,510295	0,14813768863678
211,619773	0,145429819822311
211,729878	0,14260596036911
211,837690	0,141473278403282
211,952174	0,14191859960556
212,057447	0,143489390611649
212,172086	0,146119818091393
212,281214	0,148359581828117
212,394633	0,15067520737648
212,504010	0,151334330439568
212,612195	0,150575116276741
212,722907	0,148179978132248
212,829698	0,145919978618622
212,939688	0,143305972218513
213,040292	0,141452297568321
213,151319	0,141491875052452
213,263785	0,143033891916275
213,373773	0,145574986934662
213,479187	0,148286879062653
213,591531	0,150382056832314
213,696037	0,151308715343475
213,803118	0,150974929332733
213,910794	0,149023130536079
214,012053	0,146423324942589
214,122658	0,144166737794876
214,232762	0,14208497107029
214,339296	0,141309723258018
214,443715	0,142402440309525
214,550562	0,144238173961639
214,660637	0,146957397460938
214,771325	0,149787485599518
214,881053	0,151139944791794
214,990390	0,150988683104515
215,095022	0,15006510913372
215,202623	0,147345393896103
215,317638	0,144593417644501
215,423948	0,142320930957794
215,525610	0,141278252005577
215,628232	0,141821339726448
215,733912	0,143340274691582
215,845053	0,145947575569153
215,955806	0,148598536849022
216,063044	0,150737822055817
216,168629	0,15121391415596
216,278987	0,1505186855793
216,380779	0,148573353886604
216,491006	0,144971430301666
216,597471	0,142877608537674
216,706384	0,141345486044884
216,808907	0,141307815909386
216,913763	0,142451524734497
217,024023	0,145294651389122
217,133840	0,147997036576271
217,243848	0,150126323103905
217,353759	0,151093006134033
217,468286	0,150439456105232
217,568418	0,148919612169266
217,679580	0,146341502666473
217,789817	0,143664702773094
217,890765	0,141730278730392
218,001403	0,141147598624229
218,106879	0,142481565475464
218,219264	0,144857197999954
218,327960	0,147587820887566
218,437992	0,149551093578339
218,549037	0,15105365216732
218,654037	0,150989159941673
218,765197	0,149676412343979
218,867523	0,146863728761673
218,975294	0,144579604268074
219,080064	0,142287090420723
219,195520	0,141189083456993
219,300794	0,141671642661095
219,415922	0,143973380327225
219,527783	0,146694898605347
219,638720	0,149580061435699
219,745983	0,150995329022408
219,847992	0,151064559817314
219,957992	0,149756640195847
220,068083	0,147853523492813
220,178191	0,145134717226028
220,284860	0,142702698707581
220,393876	0,141355499625206
220,503695	0,141719311475754
220,612999	0,143574193120003
220,717729	0,145763918757439
220,824969	0,148435115814209
220,935372	0,150429964065552
221,045891	0,151208698749542
221,151592	0,150078400969505
221,261633	0,148293539881706
221,376978	0,145599260926247
221,477974	0,143052011728287
221,588489	0,141467079520226
221,698777	0,141365513205528
221,808339	0,142793729901314
221,911485	0,145252779126167
222,020416	0,147959977388382
222,130495	0,150131076574326
222,230836	0,151092052459717
222,344110	0,150814175605774
222,452874	0,148772850632668
222,563682	0,146613568067551
222,671512	0,143543228507042
222,782587	0,14174696803093
222,897604	0,141479477286339
223,006181	0,142580226063728
223,113704	0,144483417272568
223,224036	0,147657215595245
223,328896	0,149978742003441
223,439535	0,151240929961205
223,541647	0,1511290371418
223,648558	0,149316102266312
223,759627	0,147235095500946
223,869944	0,144518658518791
223,985556	0,142335712909698
224,097789	0,141408443450928
224,207969	0,142320930957794
224,319545	0,144484370946884
224,424075	0,147202283143997
224,534805	0,149960696697235
224,643784	0,151219129562378
224,751647	0,15110769867897
224,862927	0,149973034858704
224,962955	0,147669583559036
225,073924	0,144931450486183
225,180506	0,142587378621101
225,283917	0,141397953033447
225,398880	0,142222732305527
225,507942	0,143560379743576
225,608340	0,146173566579819
225,716518	0,14879897236824
225,826575	0,150657653808594
225,936586	0,151274591684341
226,047923	0,150494009256363
226,158839	0,148085415363312
226,268863	0,145385563373566
226,378224	0,14290763437748
226,488533	0,14147661626339
226,598705	0,141741722822189
226,707907	0,143517509102821
226,813894	0,14568205177784
226,923934	0,148353397846222
227,024402	0,1506277769804
227,134737	0,151254206895828
227,240313	0,150690853595734
227,344706	0,148891106247902
227,453907	0,146287277340889
227,568600	0,143250226974487
227,677292	0,141777485609055
227,779748	0,141305431723595
227,889681	0,142413407564163
227,999368	0,14514996111393
228,106213	0,147873476147652
228,208129	0,149792224168777
228,318568	0,151116237044334
228,425061	0,151067867875099
228,535853	0,149675935506821
228,642537	0,146839484572411
228,752088	0,144153878092766
228,863878	0,142364308238029
228,968684	0,141374573111534
229,076147	0,142189845442772
229,186014	0,144306749105453
229,292703	0,14655601978302
229,404737	0,14912286400795
229,514588	0,151151791214943
229,623866	0,151223391294479
229,734872	0,150052309036255
229,845369	0,147793635725975
229,955394	0,144625321030617
230,059745	0,142699360847473
230,165367	0,141442283987999
230,275956	0,141939103603363
230,376791	0,143854781985283
230,482166	0,14650085568428
230,591736	0,148672640323639
230,699593	0,150568962097168
230,808089	0,151249468326569
230,913931	0,150524839758873
231,021383	0,148171901702881
231,130841	0,145934253931046
231,246006	0,14296767115593
231,355457	0,141618713736534
231,461895	0,14144991338253
231,567218	0,142930015921593
231,676972	0,145420789718628
231,777535	0,14766626060009
231,889250	0,149917528033257
232,000098	0,15114800632
232,100844	0,150667145848274
232,205885	0,14930185675621
232,309259	0,146824732422829
232,419669	0,14374902844429
232,529080	0,141857102513313
232,639372	0,141314014792442
232,754431	0,142099753022194
232,865219	0,144598662853241
232,972662	0,147760361433029
233,080511	0,149687319993973
233,191231	0,151048436760902
233,297981	0,15093557536602
233,408985	0,149712026119232
233,509261	0,147798389196396
233,621846	0,14464245736599
233,724026	0,142105475068092
233,834763	0,141302093863487
233,940626	0,141626819968224
234,049650	0,144118636846542
234,156633	0,146350055932999
234,264870	0,149300441145897
234,375295	0,150712683796883
234,481903	0,151224806904793
234,596154	0,15034693479538
234,706425	0,147868722677231
234,817051	0,145625427365303
234,927186	0,142465353012085
235,037336	0,141382679343224
235,143774	0,141860917210579
235,251753	0,142982915043831
235,359479	0,146375745534897
235,468605	0,148944780230522
235,580911	0,150721222162247
235,684641	0,151239037513733
235,790765	0,150587931275368
235,903935	0,148303046822548
236,011866	0,145625904202461
236,114056	0,143496066331863
236,221101	0,141736477613449
236,328117	0,141386985778809
236,438530	0,142918109893799
236,539760	0,144909083843231
236,648016	0,147622525691986
236,758768	0,150178045034409
236,858908	0,15097588300705
236,968598	0,150752514600754
237,073597	0,149399667978287
237,175323	0,147394359111786
237,289168	0,144241511821747
237,398147	0,141846612095833
237,507182	0,141233906149864
237,615750	0,141693562269211
237,722800	0,143938601016998
237,831389	0,147073909640312
237,939674	0,149469926953316
238,048724	0,15092371404171
238,149467	0,151115775108337
238,258211	0,150073647499084
238,366730	0,148342475295067
238,475099	0,145244210958481
238,579696	0,14284947514534
238,695082	0,141418933868408
238,801903	0,141830876469612
238,907231	0,143292158842087
239,010976	0,146283462643623
239,122185	0,148872599005699
239,226946	0,150213152170181
239,340683	0,151274591684341
239,450752	0,15045890212059
239,552212	0,148842200636864
239,661972	0,146243035793304
239,771616	0,143626123666763
239,876720	0,141801789402962
239,982978	0,141411781311035
240,093905	0,142862349748611
240,195240	0,144820526242256
240,301530	0,147521287202835
240,412051	0,149785101413727
240,521988	0,151036113500595
240,627223	0,150764852762222
240,729167	0,149466127157211
240,842701	0,146628320217133
240,949031	0,144381523132324
241,055600	0,141979143023491
241,165288	0,141328796744347
241,271213	0,141955301165581
241,380963	0,143948599696159
241,482908	0,147063449025154
241,592511	0,149133294820786
241,706953	0,150807529687881
241,809312	0,151172176003456
241,922608	0,150160014629364
242,032655	0,147596389055252
242,143698	0,144881933927536
242,245436	0,142900004982948
242,357471	0,141391754150391
242,461703	0,141748398542404
242,571098	0,143529415130615
242,680007	0,146116003394127
242,791370	0,148729160428047
242,904965	0,150799006223679
243,015044	0,151220545172691
243,120895	0,150468856096268
243,228056	0,148098737001419
243,337895	0,145880490541458
243,445039	0,143725201487541
243,554179	0,141564831137657
243,667829	0,141649708151817
243,777894	0,143202096223831
243,878671	0,145705848932266
243,980715	0,147949516773224
244,092114	0,15012538433075
244,193909	0,151130944490433
244,294961	0,150912344455719
244,405352	0,149312779307365
244,514375	0,147286921739578
244,625016	0,144157692790031
244,739047	0,142134070396423
244,848842	0,141407012939453
244,957664	0,1422298848629
245,066959	0,144340097904205
245,167980	0,147016853094101
245,277859	0,149463757872581
245,391517	0,151111021637917
245,497893	0,151167437434196
245,612085	0,149697303771973
245,723885	0,147336840629578
245,837165	0,144642934203148
245,942129	0,142186507582664
246,051356	0,141443714499474
246,159908	0,142252296209335
246,269732	0,144349128007889
246,380070	0,146572679281235
246,486889	0,149483218789101
246,595470	0,151014760136604
246,705377	0,151225283741951
246,814036	0,150075554847717
246,923117	0,147843062877655
247,023899	0,145143762230873
247,139099	0,142488226294518
247,243782	0,141528114676476
247,353829	0,141992494463921
247,457177	0,143494635820389
247,558480	0,146047487854958
247,668061	0,148650303483009
247,776128	0,150538116693497
247,886198	0,151196837425232
247,994800	0,150510624051094
248,097689	0,148591414093971
248,207268	0,145523592829704
248,311444	0,143798559904099
248,424085	0,141903340816498
248,528909	0,141430854797363
248,638501	0,143011510372162
248,743736	0,145023807883263
248,854801	0,147699996829033
248,963972	0,150200814008713
249,071130	0,151137098670006
249,177041	0,150856375694275
249,282837	0,149659335613251
249,392878	0,14642807841301
249,503048	0,144202455878258
249,613056	0,14188189804554
249,723747	0,14133308827877
249,827027	0,142077341675758
249,927460	0,144131973385811
250,036939	0,14634482562542
250,139587	0,149261504411697
250,248940	0,150650531053543
250,357232	0,151085883378983
250,457327	0,149982541799545
250,564785	0,147788405418396
250,673010	0,145565956830978
250,777431	0,143085837364197
250,882589	0,14156149327755
250,992237	0,141509994864464
251,093792	0,142617404460907
251,203871	0,145399838685989
251,313623	0,148066893219948
251,423061	0,150426164269447
251,532724	0,151187360286713
251,642874	0,150547608733177
251,752769	0,148694962263107
251,862967	0,146120771765709
251,963883	0,143950030207634
252,073686	0,141846135258675
252,175616	0,141525253653526
252,285849	0,142739400267601
252,395309	0,144642934203148
252,510783	0,147328287363052
252,612888	0,150013387203217
252,722932	0,15119731426239
252,830773	0,151021882891655
252,931132	0,149872913956642
253,040941	0,147120028734207
253,150942	0,144884794950485
253,265661	0,142622634768486
253,378860	0,141470417380333
253,487702	0,142416745424271
253,588475	0,143754735589027
253,703911	0,146794781088829
253,814655	0,149283349514008
253,919662	0,151031836867332
254,034997	0,15119731426239
254,135331	0,150131076574326
254,250233	0,147959023714066
254,350726	0,144845753908157
254,452540	0,14256639778614
254,553694	0,141541466116905
254,654818	0,141709297895432
254,756111	0,143304064869881
254,857589	0,145378425717354
254,957596	0,148026034235954
255,058893	0,150157168507576
255,158980	0,151091575622559
255,259720	0,151081144809723
255,360618	0,149840161204338
