0,100961	0,000813897699117661
0,201974	0,00128410011529922
0,302396	0,00207830220460892
0,403323	0,00279169529676437
0,503703	0,00348398461937904
0,605283	0,00379694625735283
0,707118	0,00375960394740105
0,808362	0,00327594950795174
0,910246	0,00251829624176025
1,010698	0,00178442895412445
1,112327	0,00103599950671196
1,213371	0,000668499618768692
1,314487	0,000702124089002609
1,415481	0,00122633948922157
1,517103	0,00201063603162766
1,618003	0,00272736698389053
1,719315	0,0034206323325634
1,821238	0,00374400243163109
1,921336	0,00370855256915092
2,022360	0,00333741679787636
2,122513	0,00250694528222084
2,223528	0,0017891637980938
2,323994	0,00117425620555878
2,424419	0,000705443322658539
2,526083	0,000754225999116898
2,627322	0,00117330998182297
2,727340	0,00206789374351501
2,828348	0,00279358774423599
2,929957	0,00337713584303856
3,031197	0,00378985330462456
3,132248	0,0037652812898159
3,232918	0,00339793786406517
3,334125	0,00268764048814774
3,435201	0,00180146843194962
3,536057	0,00116999447345734
3,637016	0,000698808580636978
3,738975	0,000713493674993515
3,840514	0,00110797211527824
3,940556	0,0018516331911087
4,041027	0,00272689387202263
4,145137	0,00320738554000854
4,256167	0,00370145216584206
4,364787	0,00372226163744926
4,472441	0,00326696410775185
4,582337	0,00252160802483559
4,690517	0,00164007768034935
4,801139	0,000936556607484818
4,909014	0,000630605965852737
5,018300	0,000798270106315613
5,127050	0,00142659619450569
5,235484	0,00241706147789955
5,343773	0,00318705290555954
5,452381	0,00363385304808617
5,562008	0,00377662107348442
5,673378	0,00340644642710686
5,782584	0,00270703062415123
5,889918	0,00184311345219612
5,997542	0,00121497735381126
6,107209	0,000703547149896622
6,215171	0,0008498914539814
6,324115	0,001468725502491
6,432544	0,0021478570997715
6,541889	0,00308301672339439
6,650152	0,00354545190930367
6,758338	0,00373170897364616
6,867114	0,00349863991141319
6,974627	0,00260155275464058
7,082565	0,00201773643493652
7,190028	0,0010719858109951
7,299901	0,00057518482208252
7,408265	0,000576604157686234
7,517253	0,0010511502623558
7,625466	0,00169924274086952
7,734904	0,00271838158369064
7,842923	0,00338186323642731
7,953077	0,0036863274872303
8,061745	0,00354545190930367
8,170180	0,00300262495875359
8,279803	0,00222072377800941
8,389627	0,00138067454099655
8,497315	0,000780273228883743
8,605822	0,000652391463518143
8,713885	0,000945553183555603
8,821343	0,0016656368970871
8,929635	0,00253106653690338
9,039633	0,00338848307728767
9,149184	0,00376575067639351
9,258270	0,00364047661423683
9,367227	0,00331944972276688
9,475352	0,00230588391423225
9,584042	0,0014583133161068
9,693853	0,000929452478885651
9,802490	0,000659972429275513
9,912444	0,000885412096977234
10,021021	0,00154682993888855
10,132130	0,00238347426056862
10,240341	0,00317712128162384
10,349088	0,00372320041060448
10,455429	0,0037057064473629
10,564005	0,00338848307728767
10,673045	0,00268622115254402
10,782239	0,0016968734562397
10,891161	0,00098959356546402
10,999608	0,000631552189588547
11,110410	0,000729598104953766
11,218963	0,00138730183243752
11,327183	0,00221457332372665
11,437278	0,00317664816975594
11,547310	0,0036863274872303
11,654806	0,00374684110283852
11,764862	0,00343576446175575
11,873874	0,00286074727773666
11,983104	0,00201962888240814
12,092590	0,00110465660691261
12,201815	0,000659972429275513
12,311308	0,000791165977716446
12,421178	0,00124906376004219
12,530253	0,002056535333395
12,637887	0,00291182473301888
12,746236	0,0035393051803112
12,855972	0,00380262359976768
12,965731	0,00354592129588127
13,077313	0,00290662422776222
13,185948	0,00222214311361313
13,296966	0,00125900655984879
13,407112	0,000744279474020004
13,517142	0,000713493674993515
13,626221	0,00113732740283012
13,737307	0,00190842524170876
13,846917	0,00288581475615501
13,956962	0,00350620970129967
14,067310	0,00375865772366524
14,177187	0,00356672331690788
14,286800	0,00287067890167236
14,396369	0,00218618288636208
14,506867	0,00135511159896851
14,617216	0,000795427709817886
14,728002	0,000709231942892075
14,837022	0,00114916265010834
14,947013	0,00208256021142006
15,057036	0,00280162692070007
15,167222	0,00357003137469292
15,274766	0,00382956489920616
15,382295	0,00372840091586113
15,491857	0,00322015210986137
15,601817	0,00213697552680969
15,711501	0,00132718309760094
15,820946	0,000869784504175186
15,930325	0,000732913613319397
16,040464	0,00117567926645279
16,150318	0,00193539634346962
16,260192	0,00263560563325882
16,370039	0,00335538759827614
16,480240	0,00379505380988121
16,590159	0,00361542031168938
16,700154	0,00327784195542336
16,811521	0,00238583981990814
16,921116	0,00154257193207741
17,031788	0,000916190445423126
17,141421	0,000722017139196396
17,251431	0,00108287483453751
17,361646	0,00195905938744545
17,470889	0,00281487032771111
17,581154	0,00350810214877129
17,692034	0,00381774827837944
17,801285	0,00373786315321922
17,910995	0,00333978235721588
18,020412	0,0024317279458046
18,131179	0,00158091261982918
18,240946	0,000862680375576019
18,351486	0,000701654702425003
18,461504	0,00106061995029449
18,569692	0,00164338946342468
18,679909	0,00265168771147728
18,789145	0,00329155102372169
18,898684	0,00380829349160194
19,008966	0,00382861867547035
19,119774	0,00334781780838966
19,228287	0,0024520680308342
19,337197	0,0016036331653595
19,447010	0,00102889537811279
19,557280	0,000705916434526443
19,667166	0,000882569700479507
19,777184	0,00147677212953568
19,886892	0,00230683013796806
19,997327	0,00332843512296677
20,106044	0,00374211743474007
20,214591	0,00376763567328453
20,324764	0,00340550020337105
20,433865	0,00270041078329086
20,542347	0,0018511600792408
20,653305	0,00111081451177597
20,764259	0,000724859535694122
20,873227	0,000893935561180115
20,984429	0,00150754302740097
21,094955	0,00234325975179672
21,205049	0,00325656309723854
21,315587	0,00367214903235435
21,425572	0,00381302461028099
21,535404	0,00341779366135597
21,646200	0,0028446651995182
21,754410	0,00185257941484451
21,863618	0,00108524039387703
21,973804	0,000682707875967026
22,083531	0,000834736973047256
22,193226	0,00130729749798775
22,301746	0,00213177129626274
22,410502	0,00309058651328087
22,520986	0,00357428565621376
22,630778	0,00379742309451103
22,741893	0,00351519510149956
22,851646	0,00287020578980446
22,961457	0,00202672556042671
23,071702	0,00113117322325706
23,182130	0,000773642212152481
23,291146	0,000812951475381851
23,400024	0,00123296678066254
23,510550	0,00231392681598663
23,617719	0,0030045174062252
23,727097	0,00361447408795357
23,836742	0,00384611263871193
23,946891	0,00363622233271599
24,055788	0,0030541755259037
24,165427	0,00223207846283913
24,275057	0,00130492821335793
24,385764	0,000788327306509018
24,496247	0,000847999006509781
24,605051	0,0012495368719101
24,715077	0,00201584026217461
24,825183	0,00297850742936134
24,935173	0,00358374044299126
25,044328	0,00380687788128853
25,154991	0,00358468666672707
25,265287	0,00299505889415741
25,374199	0,00202436000108719
25,484266	0,00134943053126335
25,594226	0,00086173415184021
25,704979	0,000704020261764526
25,812346	0,0012078769505024
25,922918	0,00184879451990128
26,032911	0,0028441958129406
26,141651	0,00360832735896111
26,251159	0,00384895130991936
26,362532	0,00373313203454018
26,472162	0,00333505496382713
26,582095	0,00243929401040077
26,691855	0,00149334222078323
26,802446	0,000941764563322067
26,911177	0,000817686319351196
27,022155	0,00132197514176369
27,130555	0,00209628418087959
27,240885	0,00266587734222412
27,349630	0,00342299416661263
27,458490	0,00389432534575462
27,569660	0,00379269197583199
27,678627	0,00325797870755196
27,788928	0,00245632603764534
27,898520	0,00162161886692047
28,007136	0,000996220856904984
28,117183	0,00078737735748291
28,228114	0,000996220856904984
28,337303	0,00175129994750023
28,447280	0,00273871794342995
28,556034	0,00345372781157494
28,665562	0,00380167737603188
28,775938	0,00379883870482445
28,886404	0,00333505496382713
28,995415	0,00272263959050179
29,104903	0,00187766179442406
29,213658	0,00104309991002083
29,324675	0,000756118446588516
29,435194	0,00103647261857986
29,544821	0,00171154364943504
29,654971	0,00270797684788704
29,763505	0,00321589782834053
29,872343	0,00378985330462456
29,981398	0,00385225936770439
30,091257	0,00335491448640823
30,199544	0,00275574624538422
30,308457	0,00204518064856529
30,418150	0,00118325650691986
30,527016	0,000821948051452637
30,637101	0,000928502529859543
30,746268	0,00160836800932884
30,857169	0,00228695943951607
30,965695	0,00320785865187645
31,076004	0,00372083857655525
31,185911	0,00383759662508965
31,295915	0,00350573286414146
31,404444	0,00283520668745041
31,514559	0,00183601677417755
31,625266	0,00121450424194336
31,735418	0,000772695988416672
31,845368	0,000856999307870865
31,956070	0,00142281129956245
32,064865	0,00223633646965027
32,173911	0,00305701047182083
32,284947	0,00365323945879936
32,393120	0,00385556742548943
32,503352	0,00363479927182198
32,613213	0,00302579998970032
32,722768	0,00205558910965919
32,833871	0,00130067020654678
32,944161	0,000846575945615768
33,053367	0,000876888632774353
33,161364	0,00137262791395187
33,272094	0,0021483302116394
33,381504	0,00298134610056877
33,490612	0,0036957822740078
33,601746	0,00388487055897713
33,711802	0,00366789475083351
33,820976	0,00317664816975594
33,931052	0,00224437937140465
34,041593	0,00133002176880836
34,151506	0,000878781080245972
34,261754	0,000869784504175186
34,370537	0,00139014422893524
34,480643	0,00217198953032494
34,590349	0,00314023718237877
34,699835	0,00365796312689781
34,807212	0,00393403694033623
34,916964	0,00369436666369438
35,027199	0,00320360437035561
35,138855	0,00239104405045509
35,248438	0,0014275424182415
35,358153	0,000890620052814484
35,468555	0,00080442801117897
35,578759	0,00110702589154243
35,689160	0,00193066522479057
35,797235	0,00275858491659164
35,906861	0,00352748110890388
36,017150	0,0037841834127903
36,125802	0,00364898517727852
36,235395	0,00310004130005836
36,344971	0,00243787467479706
36,453812	0,00159700587391853
36,564107	0,00086694210767746
36,673191	0,000701654702425003
36,781217	0,0010407343506813
36,892065	0,00174656882882118
37,003376	0,00259918719530106
37,114211	0,00343434885144234
37,224102	0,00376055017113686
37,334760	0,00372746214270592
37,443435	0,00324899703264236
37,551685	0,00233758240938187
37,661220	0,00164764747023582
37,771535	0,000984381884336472
37,880759	0,000730544328689575
37,989621	0,000961180776357651
38,098975	0,00160174071788788
38,209793	0,00244828313589096
38,320298	0,00332039594650269
38,429648	0,00378938391804695
38,538947	0,00373691692948341
38,648158	0,00326460227370262
38,757184	0,00264884904026985
38,866932	0,00168456882238388
38,978305	0,00112028047442436
39,087253	0,000798270106315613
39,198882	0,00101469084620476
39,308466	0,0016552247107029
39,419646	0,00262188911437988
39,530736	0,00324615836143494
39,640020	0,00373786315321922
39,749638	0,00379363819956779
39,860008	0,00337666273117065
39,971000	0,00278696417808533
40,082189	0,00180194154381752
40,192588	0,00100474804639816
40,302000	0,000755172222852707
40,411441	0,00089867040514946
40,521787	0,00160883739590645
40,631358	0,00244781002402306
40,741275	0,00321684405207634
40,851112	0,00377520546317101
40,961275	0,00382767245173454
41,071267	0,00350100919604301
41,181928	0,00270561501383781
41,291001	0,00187576934695244
41,402529	0,00117757171392441
41,513821	0,000828579068183899
41,622183	0,0010502003133297
41,730331	0,00155961140990257
41,841034	0,00237732380628586
41,948663	0,00330337509512901
42,057074	0,0038040392100811
42,167106	0,00390330329537392
42,275837	0,00357240065932274
42,385305	0,00289574265480042
42,495152	0,00220463424921036
42,604181	0,00130492821335793
42,715337	0,000882096588611603
42,825780	0,000974435359239578
42,935352	0,00141097232699394
43,045260	0,00233379751443863
43,155847	0,00312605127692223
43,266902	0,00374258682131767
43,375932	0,00386218354105949
43,485337	0,00367451831698418
43,593857	0,00298607721924782
43,703292	0,00215732306241989
43,813412	0,00137262791395187
43,923520	0,000836629420518875
44,034036	0,000890620052814484
44,143546	0,00139393284916878
44,253573	0,00218097865581512
44,363949	0,0028739906847477
44,473436	0,00361872836947441
44,583895	0,00387352332472801
44,694049	0,00369436666369438
44,803916	0,00312888994812965
44,911662	0,00232812017202377
45,020592	0,00139345601201057
45,130363	0,000946026295423508
45,239178	0,000817686319351196
45,348266	0,00125664100050926
45,457153	0,00201110914349556
45,567437	0,00283331423997879
45,678931	0,00349533185362816
45,789441	0,00382625684142113
45,900065	0,00364236906170845
46,011181	0,0029539167881012
46,120301	0,00227513164281845
46,230627	0,00145547091960907
46,339135	0,000830475240945816
46,448636	0,000750433653593063
46,558208	0,00120219588279724
46,667319	0,00195716693997383
46,775764	0,00279879197478294
46,883501	0,00339321047067642
46,993373	0,00379742309451103
47,103313	0,00373360142111778
47,213882	0,00324379280209541
47,323920	0,00233285129070282
47,432075	0,00150470435619354
47,540351	0,000995747745037079
47,649802	0,000780750066041946
47,758308	0,00111318007111549
47,869116	0,00181424617767334
47,978423	0,00264175608754158
48,086843	0,00335869565606117
48,196149	0,00371753051877022
48,304776	0,00377851352095604
48,413681	0,00332417711615562
48,523029	0,0026039145886898
48,633010	0,00163581594824791
48,741475	0,00108287483453751
48,852761	0,000779327005147934
48,961645	0,00104357302188873
49,071877	0,00156576558947563
49,180306	0,00238820537924767
49,290118	0,0032825693488121
49,399401	0,00378559902310371
49,507269	0,00382200255990028
49,618297	0,00352559611201286
49,728583	0,00261621549725533
49,838099	0,0019126832485199
49,946237	0,00117852166295052
50,056069	0,000785958021879196
50,167081	0,000934187322854996
50,276119	0,00153310224413872
50,384701	0,00235650688409805
50,493816	0,00302627310156822
50,603278	0,00367924198508263
50,711926	0,00382105633616447
50,820793	0,00353504344820976
50,931319	0,00276757404208183
51,040268	0,00207877531647682
51,149296	0,001312505453825
51,258970	0,000851314514875412
51,369918	0,000906720757484436
51,479076	0,00143701210618019
51,588737	0,00224106758832932
51,700244	0,00317239388823509
51,809074	0,00371138378977776
51,918413	0,00385509803891182
52,028525	0,00364567711949348
52,138200	0,00306221097707748
52,247819	0,00211095064878464
52,358297	0,00124054029583931
52,467185	0,000883046537637711
52,577062	0,000871676951646805
52,688580	0,00133475661277771
52,798246	0,0021066926419735
52,908912	0,00293736159801483
53,018985	0,00359555706381798
53,128465	0,00388156250119209
53,238000	0,00367357209324837
53,346756	0,00308585539460182
53,456204	0,00226803496479988
53,564896	0,00147393345832825
53,674240	0,000888727605342865
53,784523	0,000862207263708115
53,895203	0,00121071562170982
54,003943	0,00191552191972733
54,112083	0,00286784023046494
54,221829	0,00351046398282051
54,330941	0,00377189740538597
54,441279	0,00365938618779182
54,552334	0,00312226638197899
54,661004	0,00233190506696701
54,769932	0,00151322409510612
54,878728	0,000847522169351578
54,986768	0,000750433653593063
55,094471	0,00104404613375664
55,204332	0,00172905623912811
55,313787	0,00257742404937744
55,423643	0,00341164693236351
55,534169	0,00380262359976768
55,644871	0,00372981652617455
55,754178	0,00326838344335556
55,864082	0,0025225542485714
55,974915	0,00156623870134354
56,084387	0,00103836506605148
56,194940	0,00078311562538147
56,305519	0,00109423696994781
56,415578	0,00177875161170959
56,524359	0,00276615470647812
56,634207	0,00337713584303856
56,743431	0,00385604426264763
56,853618	0,00381680205464363
56,962124	0,00346649810671806
57,070279	0,00263418629765511
57,179941	0,00181140750646591
57,290093	0,00114774331450462
57,399733	0,000885885208845139
57,508822	0,00109897181391716
57,618178	0,00184689834713936
57,728519	0,00268574804067612
57,838956	0,00331944972276688
57,948569	0,00386643782258034
58,058346	0,00388676300644875
58,166817	0,0034891851246357
58,277148	0,00263844430446625
58,385816	0,00207499042153358
58,494335	0,00113590434193611
58,604576	0,000874992460012436
58,715874	0,000996697694063187
58,825056	0,00155961140990257
58,933377	0,0025126226246357
59,042056	0,0031733401119709
59,152120	0,00373786315321922
59,263002	0,00391228124499321
59,373036	0,00358374044299126
59,482916	0,0029146634042263
59,591355	0,00193823501467705
59,700536	0,0012192390859127
59,809076	0,000856049358844757
59,919275	0,000970177352428436
60,029052	0,00152505561709404
60,138277	0,0021984837949276
60,248046	0,00326980277895927
60,357046	0,00372320041060448
60,464883	0,00391985103487968
60,575328	0,00368491187691689
60,685276	0,00294729694724083
60,795399	0,00225809961557388
60,905116	0,00147061794996262
61,013465	0,000968758016824722
61,123231	0,000947922468185425
61,233442	0,00143038481473923
61,344696	0,00219990313053131
61,452066	0,00300499051809311
61,561863	0,00368916615843773
61,672900	0,00387636199593544
61,783242	0,00363196060061455
61,893606	0,00314638391137123
62,002342	0,00207262486219406
62,110942	0,00131392478942871
62,219125	0,000964969396591187
62,329798	0,000845156610012054
62,439890	0,00135890021920204
62,548358	0,00199076160788536
62,656847	0,00294303894042969
62,769476	0,00348209217190742
62,880072	0,00382908806204796
62,989269	0,00366364046931267
63,101178	0,00298560038208961
63,210983	0,00231771171092987
63,320980	0,00151133164763451
63,432645	0,00088920071721077
63,542450	0,000808689743280411
63,653461	0,00124196335673332
63,761663	0,00198981538414955
63,871012	0,00282054394483566
63,979729	0,00357664749026299
64,091177	0,0038328729569912
64,200115	0,00373880192637444
64,309317	0,00313598290085793
64,417069	0,0024828165769577
64,527023	0,00152600556612015
64,635296	0,000890146940946579
64,744844	0,000784061849117279
64,855270	0,0010298416018486
64,964042	0,00180572643876076
65,073411	0,00278318300843239
65,182833	0,00346791371703148
65,292118	0,00378702208399773
65,402026	0,00374447926878929
65,512204	0,00337382405996323
65,622831	0,00252018868923187
65,733718	0,00170775875449181
65,843806	0,00108950212597847
65,954360	0,000885412096977234
66,062600	0,00121403113007545
66,172602	0,00191836059093475
66,283073	0,00276047736406326
66,392372	0,00349580869078636
66,503136	0,00387730821967125
66,610575	0,00394443050026894
66,720851	0,00350100919604301
66,831672	0,00262898579239845
66,939933	0,00191741436719894
67,049591	0,00113401189446449
67,158937	0,000884938985109329
67,266870	0,00109565630555153
67,376949	0,00171675160527229
67,487240	0,00251971557736397
67,595844	0,00326932966709137
67,705256	0,00374211743474007
67,815452	0,00381964072585106
67,924134	0,00347783789038658
68,033958	0,00279358774423599
68,141780	0,00196142494678497
68,250577	0,00113590434193611
68,360148	0,000801112502813339
68,469164	0,000947922468185425
68,578790	0,00151369720697403
68,688359	0,00217151641845703
68,798556	0,0030834935605526
68,907474	0,00360974296927452
69,018290	0,00375298783183098
69,128378	0,00339368358254433
69,238630	0,00271885469555855
69,348117	0,00189659371972084
69,457683	0,00117189064621925
69,568493	0,000777903944253922
69,678337	0,000808216631412506
69,787284	0,00136694684624672
69,898566	0,00216252729296684
70,008358	0,00310619175434113
70,115971	0,00358988717198372
70,223178	0,00381964072585106
70,333405	0,00363196060061455
70,443037	0,00293783470988274
70,552414	0,00212372839450836
70,661539	0,00135700404644012
70,770871	0,000849418342113495
70,880258	0,000907193869352341
70,989092	0,00119698792695999
71,098084	0,00204943865537643
71,208151	0,00286547467112541
71,318054	0,00350715592503548
71,428563	0,0038040392100811
71,536887	0,00361447408795357
71,646262	0,00304045900702477
71,754355	0,00237827003002167
71,863131	0,00156008452177048
71,971957	0,00084468349814415
72,080129	0,00078737735748291
72,190501	0,00115815922617912
72,301498	0,00201110914349556
72,411450	0,00283000245690346
72,521868	0,00339509919285774
72,632296	0,00376622006297112
72,740784	0,00367971137166023
72,849509	0,00317475572228432
72,958094	0,00239908322691917
73,068088	0,00158943235874176
73,176184	0,00105920061469078
73,284440	0,000813424587249756
73,394182	0,00109376385807991
73,503918	0,00175792723894119
73,613503	0,00272689387202263
73,720407	0,00332985445857048
73,831111	0,00379883870482445
73,940012	0,00379553064703941
74,049414	0,00339746475219727
74,158220	0,00240239500999451
74,268903	0,00170917809009552
74,378582	0,000960707664489746
74,487044	0,000767484307289124
74,596961	0,001018475741148
74,705904	0,00167415663599968
74,817003	0,00236265733838081
74,927063	0,003242377191782
75,036904	0,00369105860590935
75,145678	0,00370902195572853
75,255330	0,00336862355470657
75,364712	0,00280872359871864
75,474015	0,00172716379165649
75,582117	0,00115673989057541
75,690997	0,000793062150478363
75,800373	0,00100237876176834
75,909614	0,00148908421397209
76,019909	0,00230304524302483
76,129009	0,00320785865187645
76,237195	0,00365465506911278
76,347028	0,00383098050951958
76,456081	0,00342772528529167
76,566885	0,00285601988434792
76,674486	0,0020257793366909
76,781780	0,00126753002405167
76,890268	0,000794954597949982
77,000096	0,000842314213514328
77,110830	0,00132434070110321
77,220248	0,0021066926419735
77,329462	0,00292364880442619
77,437046	0,00355301424860954
77,545095	0,00382436439394951
77,653747	0,00359224900603294
77,764268	0,00287304446101189
77,874717	0,00219280645251274
77,985122	0,00141996890306473
78,092346	0,000922821462154388
78,201849	0,000888727605342865
78,311449	0,00125664100050926
78,420575	0,00212467461824417
78,530121	0,00293594226241112
78,641063	0,00348351523280144
78,748985	0,00381633266806602
78,859182	0,00367545709013939
78,969656	0,00314118340611458
79,080207	0,0023513026535511
79,188707	0,00143275037407875
79,299176	0,000925663858652115
79,409245	0,000854156911373138
79,518593	0,00115815922617912
79,628077	0,00183932855725288
79,738257	0,00279736891388893
79,847797	0,00355396047234535
79,957479	0,00381065532565117
80,067026	0,00371516868472099
80,176679	0,00312273949384689
80,287140	0,00219659134745598
80,394137	0,00153736397624016
80,503650	0,000966388732194901
80,614410	0,000822421163320541
80,721147	0,00124290958046913
80,829203	0,00183128193020821
80,938477	0,00252870097756386
81,047089	0,00347736850380898
81,154608	0,00379978492856026
81,261166	0,00376338884234428
81,370107	0,0034797303378582
81,478040	0,00266635045409203
81,587049	0,00182797014713287
81,696271	0,0011453740298748
81,803363	0,000828579068183899
81,914053	0,000973489135503769
82,021920	0,00154967233538628
82,131277	0,00233994796872139
82,241001	0,00311848521232605
82,350512	0,0037548802793026
82,458915	0,00378607586026192
82,568731	0,00345467403531075
82,676918	0,00290851294994354
82,784926	0,00181708857417107
82,893008	0,00113921985030174
83,002236	0,000825736671686172
83,111937	0,000890146940946579
83,222279	0,00151322409510612
83,332542	0,00229642167687416
83,442044	0,00295486301183701
83,550878	0,00352417305111885
83,660720	0,00370239838957787
83,770769	0,00335538759827614
83,880961	0,00279595330357552
83,990416	0,00199691206216812
84,098907	0,00124196335673332
84,207131	0,000737648457288742
84,318378	0,000776484608650208
84,428149	0,0012182928621769
84,538382	0,0022599920630455
84,648128	0,0029444582760334
84,758028	0,00347074493765831
84,866116	0,00379931554198265
84,975420	0,00354072079062462
85,085390	0,00304140523076057
85,195960	0,00225904583930969
85,305585	0,00145973265171051
85,414959	0,000876415520906448
85,524147	0,000859364867210388
85,631331	0,00118467584252357
85,739867	0,00203145667910576
85,848951	0,00284371897578239
85,958603	0,00355396047234535
86,068351	0,00377709046006203
86,177961	0,00365134701132774
86,287711	0,00314402207732201
86,397614	0,00223870202898979
86,506968	0,00144269317388535
86,616978	0,000918086618185043
86,725575	0,000841367989778519
86,835509	0,00108429417014122
86,943951	0,00188145041465759
87,053504	0,00270514190196991
87,163827	0,00339983031153679
87,272850	0,00376669690012932
87,381072	0,00372036918997765
87,490673	0,00316766276955605
87,599832	0,00239482522010803
87,710140	0,00170917809009552
87,819973	0,000982962548732758
87,928461	0,000790692865848541
88,035354	0,00117852166295052
88,145477	0,0018918588757515
88,256102	0,00258925184607506
88,367199	0,00343340262770653
88,476960	0,00378040596842766
88,585724	0,00383003428578377
88,694390	0,00345798209309578
88,803127	0,00263702496886253
88,912387	0,00170160830020905
89,021693	0,00126326829195023
89,130522	0,000917613506317139
89,240141	0,00110797211527824
89,350164	0,00183222815394402
89,459261	0,00251403823494911
89,568223	0,0032726414501667
89,679119	0,00381916388869286
89,788476	0,00388440117239952
89,897914	0,0035686157643795
90,005300	0,00278223678469658
90,113204	0,00182702392339706
90,224074	0,00115815922617912
90,334893	0,000872153788805008
90,445363	0,00106204301118851
90,555109	0,00165853649377823
90,665004	0,00247571989893913
90,775662	0,00312132388353348
90,884387	0,00367876514792442
90,994893	0,00383145734667778
91,105018	0,00346318259835243
91,215848	0,00291135162115097
91,325125	0,00197277963161469
91,434643	0,00136410817503929
91,544126	0,000937029719352722
91,655267	0,00100522115826607
91,765070	0,00143180415034294
91,874990	0,00233947485685349
91,984711	0,00311659276485443
92,094307	0,0037354938685894
92,203940	0,00385604426264763
92,314303	0,00352653488516808
92,423885	0,00288202986121178
92,534188	0,0020660012960434
92,644337	0,00142328068614006
92,753944	0,000873100012540817
92,863166	0,000881150364875793
92,972133	0,00135085359215736
93,082380	0,0021076388657093
93,191708	0,00291135162115097
93,302237	0,00354450568556786
93,412541	0,00381822511553764
93,522122	0,00366458669304848
93,632161	0,00301681086421013
93,741527	0,00222072377800941
93,850365	0,00146020576357841
93,960764	0,000971123576164246
94,068713	0,0009133480489254
94,178779	0,00132860243320465
94,288859	0,00205937400460243
94,397922	0,00288534164428711
94,509129	0,00363905355334282
94,618511	0,00390755757689476
94,728487	0,00374778732657433
94,838600	0,00321211665868759
94,948492	0,00242368504405022
95,059459	0,00150990858674049
95,168550	0,00105304270982742
95,278512	0,000896774232387543
95,386969	0,0013025626540184
95,497405	0,00201394781470299
95,605906	0,0029539167881012
95,717918	0,0035879947245121
95,826828	0,00384422019124031
95,937302	0,00372462347149849
96,046876	0,00318421423435211
96,158366	0,00254194810986519
96,266385	0,00160174071788788
96,375838	0,00101042911410332
96,485664	0,000843260437250137
96,594842	0,00125190243124962
96,704806	0,00195764005184174
96,813604	0,00276898965239525
96,924391	0,00334640219807625
97,034280	0,00378843769431114
97,144287	0,00367025658488274
97,253493	0,00326507538557053
97,363274	0,00240807235240936
97,471418	0,00186772644519806
97,581830	0,00104594230651855
97,691173	0,00088399276137352
97,801712	0,00112028047442436
97,911008	0,00187576934695244
98,020713	0,00268858671188354
98,130813	0,00339604541659355
98,239430	0,00375960394740105
98,350237	0,00379694625735283
98,457731	0,00338989868760109
98,566966	0,00253012031316757
98,677021	0,00170823186635971
98,784454	0,00114679709076881
98,894051	0,000803004950284958
99,003426	0,00103505328297615
99,112716	0,00154020264744759
99,222027	0,00233900174498558
99,332455	0,00323008373379707
99,443080	0,00371516868472099
99,553596	0,00381018593907356
99,662221	0,00348351523280144
99,772479	0,00283094868063927
99,882528	0,00188618153333664
99,991453	0,00129261985421181
100,101033	0,000886358320713043
100,211309	0,00100095942616463
100,321913	0,00169024616479874
100,432926	0,00249842926859856
100,542789	0,00325467064976692
100,653114	0,00374022498726845
100,762763	0,00384232774376869
100,874291	0,0035879947245121
100,982177	0,00297898054122925
101,091417	0,00204518064856529
101,201192	0,00132670626044273
101,311417	0,000919979065656662
101,420328	0,00098106637597084
101,529891	0,00147677212953568
101,639370	0,00225052982568741
101,750578	0,00317901372909546
101,861126	0,00365607067942619
101,968986	0,00388770923018456
102,078983	0,00363479927182198
102,189476	0,00301681086421013
102,300032	0,00207499042153358
102,410519	0,00134895741939545
102,519586	0,000934187322854996
102,628617	0,000945553183555603
102,738019	0,00147819146513939
102,847163	0,00224627181887627
102,956800	0,00305890291929245
103,066898	0,00366222485899925
103,175965	0,00390708819031715
103,285510	0,00366600230336189
103,395963	0,00317995995283127
103,504515	0,00226756185293198
103,612582	0,00161546468734741
103,722494	0,00101705640554428
103,830841	0,0010293684899807
103,940470	0,00130824372172356
104,050568	0,00199975445866585
104,160256	0,00294776633381844
104,269989	0,00358657911419868
104,380367	0,00388487055897713
104,490430	0,0037747286260128
104,599518	0,00316766276955605
104,708278	0,00238631293177605
104,818028	0,0015932209789753
104,928511	0,00110512971878052
105,038604	0,000895354896783829
105,147719	0,00120219588279724
105,258177	0,00186346471309662
105,368080	0,00265689194202423
105,478197	0,00341495499014854
105,587905	0,00372273102402687
105,697383	0,00362298265099525
105,807049	0,00314165651798248
105,917088	0,00239908322691917
106,027212	0,00148860737681389
106,138282	0,00102084502577782
106,246937	0,000831421464681625
106,358147	0,00128836184740067
106,467464	0,00187766179442406
106,576055	0,0026843287050724
106,685635	0,0032721646130085
106,797121	0,00377236679196358
106,907266	0,00373644009232521
107,017208	0,0033416710793972
107,127822	0,00265831127762794
107,238449	0,00175603479146957
107,348240	0,00115863233804703
107,458254	0,00095786526799202
107,569104	0,0011979341506958
107,677047	0,00182134658098221
107,788095	0,00262236222624779
107,897177	0,00333363562822342
108,007200	0,00376905873417854
108,116956	0,00378843769431114
108,227127	0,00337997078895569
108,336819	0,00269284471869469
108,446910	0,00179200246930122
108,558386	0,00120219588279724
108,667875	0,000996697694063187
108,776989	0,00124054029583931
108,888661	0,00185872986912727
108,998657	0,00265499949455261
109,108219	0,00336956977844238
109,217085	0,0038428045809269
109,328528	0,0038328729569912
109,439120	0,00342867150902748
109,548764	0,00259776785969734
109,658425	0,00194202363491058
109,767289	0,00137357786297798
109,877239	0,000982016324996948
109,987161	0,00120976939797401
110,097184	0,00181377306580544
110,207260	0,00259540230035782
110,317022	0,00330431759357452
110,426980	0,00374069437384605
110,538871	0,0037652812898159
110,649038	0,00353268161416054
110,760142	0,00278791040182114
110,870196	0,00199360027909279
110,980372	0,00120077654719353
111,089903	0,000914771109819412
111,199710	0,00104830786585808
111,310307	0,00171249359846115
111,419894	0,00249322503805161
111,529146	0,00320975109934807
111,638394	0,00365513190627098
111,747993	0,00372131541371346
111,858560	0,00338280946016312
111,968834	0,00273162499070168
112,077893	0,00194249674677849
112,189146	0,001250009983778
112,298904	0,000861261039972305
112,409018	0,00100711360573769
112,520646	0,00155345723032951
112,629682	0,00232149660587311
112,740092	0,00295107811689377
112,849270	0,00357097759842873
112,959731	0,0037161149084568
113,070162	0,0034499429166317
113,179128	0,00271980091929436
113,289221	0,00206079706549644
113,399481	0,00124196335673332
113,509033	0,000876415520906448
113,617110	0,000910982489585876
113,725966	0,00146067887544632
113,835967	0,00223065912723541
113,945909	0,00313456356525421
114,056030	0,0036669485270977
114,165078	0,00383618101477623
114,275718	0,0035974495112896
114,385162	0,00312935933470726
114,495234	0,00236880779266357
114,605196	0,00162114575505257
114,713641	0,00107387825846672
114,823291	0,00109329074621201
114,933880	0,00157712399959564
115,041777	0,00219233334064484
115,152369	0,00308869406580925
115,262088	0,003578070551157
115,371113	0,00385367497801781
115,481625	0,0037354938685894
115,591598	0,00312699750065804
115,700324	0,00236407667398453
115,810180	0,00160789117217064
115,921050	0,00104688853025436
116,030369	0,000992905348539352
116,140104	0,00134043768048286
116,248266	0,0020257793366909
116,357833	0,00282574817538261
116,468612	0,00357901677489281
116,578700	0,00387022271752357
116,688427	0,00374873355031013
116,797961	0,00335680320858955
116,908337	0,00251073017716408
117,018920	0,00172574445605278
117,128524	0,00115200504660606
117,239032	0,000969704240560532
117,349153	0,00131534412503242
117,459172	0,00198176875710487
117,568328	0,00276946648955345
117,678128	0,00352464988827705
117,787280	0,00380498543381691
117,896952	0,0037747286260128
118,007139	0,00336247682571411
118,115185	0,00254100188612938
118,223236	0,00177449360489845
118,332196	0,00127936527132988
118,442156	0,00102699920535088
118,551184	0,00122018530964851
118,660704	0,0019226185977459
118,770024	0,00282338261604309
118,879045	0,00337949767708778
118,987426	0,00378276035189629
119,095533	0,00378749147057533
119,205042	0,00340880826115608
119,315005	0,00260202586650848
119,425376	0,00193871185183525
119,534527	0,00118325650691986
119,645649	0,000912874937057495
119,755163	0,00109471008181572
119,865039	0,00166469067335129
119,975002	0,00242888927459717
120,083721	0,00325467064976692
120,193631	0,00362676009535789
120,304153	0,00371706113219261
120,413960	0,00332559645175934
120,523318	0,00253532454371452
120,632492	0,00200779736042023
120,741453	0,00131723657250404
120,850551	0,000911928713321686
120,960256	0,00110039487481117
121,069802	0,00169214233756065
121,179190	0,00234467908740044
121,288943	0,00332701578736305
121,398127	0,00371895357966423
121,509241	0,00384185835719109
121,618722	0,00354639813303947
121,728986	0,00280162692070007
121,838899	0,00201300159096718
121,948926	0,0013437531888485
122,058358	0,00102889537811279
122,167113	0,00109376385807991
122,278553	0,00159984454512596
122,387123	0,0021984837949276
122,496247	0,00305511802434921
122,606242	0,00358327105641365
122,715064	0,00374637171626091
122,823976	0,00346932932734489
122,934193	0,00287635251879692
123,043136	0,00225620716810226
123,153904	0,00155913829803467
123,263293	0,00112359598278999
123,372421	0,00111270695924759
123,481282	0,00174467638134956
123,591266	0,00236549600958824
123,698194	0,00313739851117134
123,805662	0,0037156455218792
123,914170	0,00394301488995552
124,023803	0,00376905873417854
124,132431	0,00323102995753288
124,241623	0,00247477367520332
124,350565	0,00171911716461182
124,458922	0,00113780051469803
124,568761	0,00106630474328995
124,676993	0,0014691986143589
124,785514	0,00215401127934456
124,894127	0,00280304625630379
125,003985	0,0034598745405674
125,111738	0,0038532055914402
125,219568	0,00370759889483452
125,329235	0,00328776985406876
125,437679	0,00269946455955505
125,546902	0,00181613862514496
125,657233	0,00124196335673332
125,768125	0,00106061995029449
125,876863	0,00136316195130348
125,985442	0,00197987630963326
126,095120	0,0026034452021122
126,205792	0,0033615306019783
126,315149	0,00368585810065269
126,422988	0,00367309525609016
126,532520	0,00330857560038567
126,640153	0,00250457972288132
126,751055	0,0017385222017765
126,861791	0,00114016607403755
126,970495	0,000883519649505615
127,080028	0,0010090060532093
127,190024	0,00145784020423889
127,299768	0,00206978619098663
127,408720	0,00268527492880821
127,518069	0,0029439851641655
127,627083	0,00297614559531212
127,735921	0,00264790281653404
127,843923	0,00209486484527588
127,953448	0,00144932046532631
128,064334	0,000918086618185043
128,172004	0,000677496194839478
128,282187	0,000811532139778137
128,389771	0,00129735469818115
128,499304	0,00195006653666496
128,608708	0,0027543269097805
128,717133	0,00305086374282837
128,825982	0,00310004130005836
128,935302	0,0028441958129406
129,046145	0,0020863451063633
129,155074	0,0013962984085083
129,264855	0,00091240182518959
129,373571	0,0005623959004879
129,483825	0,000670865178108215
129,594018	0,00122681260108948
129,703866	0,00165143609046936
129,813446	0,00229452922940254
129,921143	0,00287777185440063
130,031251	0,00295486301183701
130,137286	0,00276284292340279
130,246008	0,00227465853095055
130,354804	0,00163534283638
130,463981	0,000959761440753937
130,574275	0,000674180686473846
130,683995	0,000711124390363693
130,793133	0,0012187659740448
130,902731	0,00174562260508537
131,011116	0,00229547545313835
131,119996	0,00287966430187225
131,229838	0,00306315720081329
131,339049	0,00291750207543373
131,447766	0,00236549600958824
131,557090	0,00183365121483803
131,666908	0,00112501904368401
131,777796	0,000760380178689957
131,885538	0,000732440501451492
131,993323	0,00111081451177597
132,103992	0,00171107426285744
132,211008	0,00226188451051712
132,321874	0,00280257314443588
132,431886	0,00309673324227333
132,540268	0,00292175635695457
132,648902	0,00252680853009224
132,759423	0,00187103822827339
132,868729	0,00109613314270973
132,978037	0,000653337687253952
133,087171	0,000563342124223709
133,196166	0,000778853893280029
133,304825	0,00142991170287132
133,414000	0,00211047753691673
133,521420	0,00269284471869469
133,629905	0,00298654660582542
133,738270	0,00295580551028252
133,846190	0,00263655185699463
133,956935	0,00203429535031319
134,066000	0,00135937333106995
134,175695	0,000828579068183899
134,284158	0,000607393682003021
134,394243	0,000837575644254684
134,504316	0,00127036869525909
134,614272	0,00215069577097893
134,722890	0,00272122025489807
134,830510	0,0029936395585537
134,940770	0,0030045174062252
135,050365	0,00268764048814774
135,160266	0,00210243463516235
135,268339	0,00129830464720726
135,377783	0,000755172222852707
135,485747	0,000517867505550385
135,595821	0,000631079077720642
135,704866	0,00118893757462502
135,814011	0,00175082683563232
135,922902	0,00252350047230721
136,032181	0,00299269706010818
136,141279	0,00306268408894539
136,249275	0,00281297788023949
136,359804	0,00227229297161102
136,470086	0,00159795209765434
136,580802	0,000983908772468567
136,689733	0,000630605965852737
136,798326	0,000689812004566193
136,908672	0,00113117322325706
137,018084	0,00178442895412445
137,126063	0,00244686380028725
137,235601	0,00295344367623329
137,344756	0,00306126847863197
137,454043	0,00279169529676437
137,563874	0,00234042108058929
137,672935	0,00153925642371178
137,781869	0,000995747745037079
137,890931	0,000569026917219162
138,000004	0,00055481493473053
138,110660	0,0009346604347229
138,219069	0,00169592723250389
138,327126	0,00214596465229988
138,435850	0,00277939811348915
138,545271	0,00300971791148186
138,652309	0,00282764062285423
138,761101	0,00252964720129967
138,871264	0,00179247558116913
138,981519	0,00101563706994057
139,090591	0,000640552490949631
139,199836	0,000516917556524277
139,308944	0,000869784504175186
139,418129	0,00160031765699387
139,526746	0,00206363573670387
139,635915	0,00267486646771431
139,744830	0,00305133685469627
139,855875	0,00298560038208961
139,963293	0,00259067118167877
140,072732	0,00195905938744545
140,180145	0,00117946788668633
140,286972	0,000762749463319778
140,396785	0,000569973140954971
140,505173	0,000765591859817505
140,612362	0,0013962984085083
140,720730	0,0020868182182312
140,829309	0,00261101126670837
140,937230	0,00300688296556473
141,046226	0,00304519012570381
141,152587	0,00277230143547058
141,260003	0,00219659134745598
141,369768	0,00149855017662048
141,479078	0,000805847346782684
141,588637	0,000538710504770279
141,698347	0,000601712614297867
141,808857	0,00111223384737968
141,917804	0,00177685916423798
142,026804	0,00242699682712555
142,135574	0,00291750207543373
142,245840	0,0029941126704216
142,355127	0,00269473716616631
142,461589	0,00223586335778236
142,569638	0,00154777988791466
142,677899	0,000825736671686172
142,787189	0,000493235886096954
142,895396	0,000543918460607529
143,006188	0,000961180776357651
143,114657	0,0017276369035244
143,223172	0,00239340588450432
143,330860	0,00280115380883217
143,439042	0,00300735607743263
143,548313	0,00279642641544342
143,658950	0,00228837877511978
143,770483	0,00163013488054276
143,878729	0,00109755247831345
143,989223	0,000621605664491653
144,099388	0,000652391463518143
144,209704	0,00106772407889366
144,318517	0,00148434564471245
144,427096	0,00237685069441795
144,536044	0,0028143972158432
144,646812	0,0030834935605526
144,756207	0,00296952202916145
144,865049	0,00244875624775887
144,975042	0,00179531425237656
145,085809	0,00124622508883476
145,194132	0,00075327605009079
145,304877	0,000605974346399307
145,414373	0,000985804945230484
145,523040	0,00160031765699387
145,631957	0,00227229297161102
145,741317	0,00274344906210899
145,850065	0,00306883081793785
145,959713	0,00296526774764061
146,068659	0,00262236222624779
146,179830	0,0017692856490612
146,289735	0,0011141262948513
146,398294	0,000709705054759979
146,505513	0,000547710806131363
146,614500	0,000774115324020386
146,724150	0,00141902267932892
146,832764	0,00209439173340797
146,940603	0,00259067118167877
147,049410	0,00298465415835381
147,157925	0,00298985838890076
147,267030	0,00267770513892174
147,374923	0,00210338085889816
147,486198	0,00119935348629951
147,595439	0,000752802938222885
147,704172	0,000520233064889908
147,811956	0,000679865479469299
147,921357	0,00117236375808716
148,030940	0,0019538514316082
148,141818	0,00246673449873924
148,251466	0,0029146634042263
148,360418	0,0029539167881012
148,469783	0,00271648913621902
148,579081	0,00218239799141884
148,689978	0,00139250978827477
148,800321	0,000805847346782684
148,910177	0,000502709299325943
149,020182	0,000634867697954178
149,130493	0,00111459940671921
149,238163	0,00166421756148338
149,348602	0,00230824947357178
149,459034	0,00281912460923195
149,570163	0,00292128324508667
149,678362	0,0025935098528862
149,788666	0,00213650241494179
149,899165	0,00147440657019615
150,008762	0,000868838280439377
150,117974	0,000498447567224503
150,227079	0,000544868409633636
150,335290	0,000936556607484818
150,445172	0,00167983397841454
150,554677	0,00233710929751396
150,663143	0,0028645284473896
150,772767	0,00298087298870087
150,881196	0,00279122218489647
150,988537	0,00220558047294617
151,097968	0,00153215602040291
151,205393	0,00100000947713852
151,314082	0,000543918460607529
151,421716	0,000515025109052658
151,530775	0,000818159431219101
151,641792	0,00140008702874184
151,752196	0,0021682046353817
151,862151	0,00274344906210899
151,969902	0,00290567800402641
152,078911	0,00282811000943184
152,187082	0,00235745310783386
152,297234	0,00172716379165649
152,404847	0,00108571723103523
152,514483	0,000639129430055618
152,623949	0,000546760857105255
152,732093	0,000794954597949982
152,842052	0,00146588310599327
152,953018	0,00203760713338852
153,062104	0,0027845986187458
153,171894	0,00301917642354965
153,280740	0,00294965878129005
153,391284	0,00265499949455261
153,501734	0,00196899473667145
153,611213	0,00130587443709373
153,721765	0,000800639390945435
153,830576	0,000622078776359558
153,941103	0,000944606959819794
154,051560	0,00152410939335823
154,162158	0,00208303332328796
154,271671	0,00267155468463898
154,382325	0,00300309807062149
154,492760	0,00299080461263657
154,603402	0,00256607308983803
154,712823	0,00206221267580986
154,822237	0,00117520615458488
154,931861	0,000763695687055588
155,042080	0,000578027218580246
155,150974	0,000764168798923492
155,259970	0,00127699971199036
155,371329	0,00193965807557106
155,482376	0,00255472213029861
155,589232	0,00294540449976921
155,697969	0,00298749282956123
155,807153	0,00265216082334518
155,916403	0,00206789374351501
156,024813	0,00149381533265114
156,133023	0,000819109380245209
156,240231	0,000535394996404648
156,349922	0,000710178166627884
156,460039	0,00122444704174995
156,569789	0,00189327821135521
156,678938	0,00241800770163536
156,787258	0,00286500528454781
156,896127	0,00298938527703285
157,007070	0,00270608440041542
157,117006	0,0021686777472496
157,226839	0,0015103854238987
157,337018	0,000935133546590805
157,446163	0,000618763267993927
157,557014	0,000724386423826218
157,665368	0,00119556859135628
157,774860	0,0018516331911087
157,883170	0,00259492918848991
157,992822	0,00295202434062958
158,101507	0,0030839629471302
158,209732	0,00287209823727608
158,318003	0,0022599920630455
158,428909	0,00170160830020905
158,539207	0,00108003616333008
158,648282	0,00068838894367218
158,758788	0,000668499618768692
158,868119	0,00110560283064842
158,976686	0,00162209197878838
159,086934	0,00228743255138397
159,196821	0,00292695686221123
159,306053	0,0030536986887455
159,414915	0,00283189490437508
159,524085	0,00242131948471069
159,632854	0,00177401676774025
159,742505	0,00112927705049515
159,851664	0,000684600323438644
159,962046	0,000619713217020035
160,071370	0,00104215368628502
160,180788	0,00144458562135696
160,289050	0,00210905820131302
160,398333	0,00275669246912003
160,508466	0,00301634147763252
160,618108	0,00288581475615501
160,727067	0,00243787467479706
160,835915	0,00180856883525848
160,945097	0,00126989558339119
161,054072	0,00074806809425354
161,162678	0,000659022480249405
161,271668	0,000967808067798615
161,381042	0,00153878331184387
161,490111	0,00209249928593636
161,599209	0,00276898965239525
161,708810	0,0030735619366169
161,819108	0,00303809717297554
161,929604	0,00266966223716736
162,040236	0,00206316262483597
162,151223	0,00128599256277084
162,260818	0,00080442801117897
162,371808	0,000661864876747131
162,482344	0,000948395580053329
162,592408	0,00140766054391861
162,703493	0,00207404419779778
162,815032	0,00267439335584641
162,925479	0,0030641034245491
163,035748	0,00303478538990021
163,145758	0,00266776978969574
163,255898	0,00206126645207405
163,365947	0,00128599256277084
163,477201	0,00078311562538147
163,586805	0,000608816742897034
163,695394	0,000828579068183899
163,806017	0,00125427171587944
163,914954	0,00203003734350204
164,025085	0,00272925943136215
164,136656	0,00304235145449638
164,247146	0,003044243901968
164,358488	0,00273777171969414
164,469146	0,00195905938744545
164,579019	0,00140860676765442
164,690042	0,000866468995809555
164,800219	0,000626817345619202
164,910254	0,000833790749311447
165,018446	0,00135179981589317
165,127937	0,00191221013665199
165,238517	0,00254194810986519
165,348494	0,00302721932530403
165,458013	0,00304093211889267
165,566988	0,00273588299751282
165,674640	0,00217151641845703
165,783782	0,00150280818343163
165,892142	0,000919979065656662
166,002670	0,000617343932390213
166,111698	0,000692177563905716
166,221958	0,00122444704174995
166,330740	0,00188476219773293
166,440362	0,00251073017716408
166,548808	0,00294351205229759
166,659098	0,00305180996656418
166,768539	0,00283946469426155
166,877028	0,00222545489668846
166,986774	0,0016760490834713
167,096924	0,00107009336352348
167,205368	0,000712070614099503
167,315414	0,000758010894060135
167,424938	0,00118230655789375
167,534990	0,00181282684206963
167,645023	0,0024520680308342
167,755573	0,00290709361433983
167,864254	0,00307072326540947
167,973793	0,00288534164428711
168,083761	0,00240901857614517
168,193951	0,00176029279828072
168,303305	0,00104357302188873
168,413429	0,000693123787641525
168,522331	0,000699285417795181
168,632820	0,0010610930621624
168,741983	0,00167368352413177
168,851526	0,00232906639575958
168,960207	0,00289668887853622
169,069170	0,00305653735995293
169,179772	0,0028645284473896
169,289237	0,00237543135881424
169,399288	0,00171343609690666
169,509744	0,000979173928499222
169,618262	0,00065428763628006
169,728559	0,000592712312936783
169,838338	0,000991959124803543
169,949259	0,00149713084101677
170,057164	0,00227938964962959
170,165818	0,00287304446101189
170,275621	0,00304944440722466
170,383809	0,00297661870718002
170,492832	0,00250883772969246
170,601692	0,00186914578080177
170,710347	0,00110654905438423
170,820327	0,000672288239002228
170,930040	0,000596500933170319
171,039826	0,000820528715848923
171,149883	0,00135842710733414
171,259246	0,00201110914349556
171,368414	0,00266871601343155
171,476977	0,00294918566942215
171,586864	0,00285696610808372
171,697073	0,00252586230635643
171,805953	0,00191741436719894
171,915069	0,00125143304467201
172,022863	0,000738121569156647
172,131609	0,000545814633369446
172,241682	0,000811532139778137
172,349414	0,00137310102581978
172,457775	0,00194675475358963
172,566931	0,00258168205618858
172,675188	0,00302721932530403
172,785080	0,0030541755259037
172,894224	0,0028139241039753
173,003874	0,00227323919534683
173,112760	0,00139109045267105
173,223283	0,0008712038397789
173,332495	0,000662814825773239
173,440016	0,000764168798923492
173,549554	0,00120314210653305
173,658497	0,00183980166912079
173,768993	0,00247335433959961
173,878343	0,00291844457387924
173,989087	0,00304897129535675
174,099424	0,00278365612030029
174,210871	0,00224674493074417
174,321191	0,00158848613500595
174,429560	0,000926610082387924
174,539111	0,000677496194839478
174,646919	0,000765591859817505
174,754717	0,00111459940671921
174,863866	0,00195101276040077
174,973839	0,0024624764919281
175,081933	0,0028446651995182
175,191298	0,00302579998970032
175,299667	0,00280966982245445
175,409390	0,00220699980854988
175,518864	0,0016552247107029
175,628476	0,00103552639484406
175,738465	0,000623028725385666
175,847128	0,000623501837253571
175,957158	0,00105399265885353
176,067151	0,00167841464281082
176,176863	0,00232764706015587
176,286138	0,00287162512540817
176,395584	0,00300640985369682
176,504656	0,00285365432500839
176,613797	0,00240050256252289
176,723920	0,00175698101520538
176,833421	0,00103789195418358
176,942672	0,000660445541143417
177,052078	0,000661864876747131
177,160845	0,00105256959795952
177,271398	0,00154919549822807
177,381978	0,00221315398812294
177,491483	0,00280825048685074
177,601698	0,00298938527703285
177,711684	0,0029047317802906
177,822720	0,00238867476582527
177,932303	0,00173379108309746
178,042834	0,00108950212597847
178,152818	0,000646233558654785
178,263809	0,000578973442316055
178,375062	0,00101137533783913
178,485031	0,00139771774411201
178,595725	0,00217388197779655
178,705114	0,00270750373601913
178,814795	0,00296999514102936
178,922781	0,0028645284473896
179,031275	0,00250505283474922
179,139980	0,00190558284521103
179,250066	0,00125806033611298
179,358857	0,000716809183359146
179,470039	0,00064576044678688
179,579474	0,000926610082387924
179,689543	0,00161167979240417
179,800757	0,0021885484457016
179,910520	0,00275196507573128
180,021106	0,00310713425278664
180,131160	0,00298938527703285
180,240705	0,00271838158369064
180,351794	0,00202861800789833
180,461796	0,00135890021920204
180,572380	0,000803481787443161
180,683441	0,00068318098783493
180,792764	0,000869311392307281
180,902879	0,00139393284916878
181,013455	0,00225336849689484
181,123089	0,00270703062415123
181,231786	0,0029936395585537
181,340542	0,00298938527703285
181,450786	0,00263939052820206
181,560504	0,00204849243164063
181,668577	0,00138304382562637
181,777024	0,000789746642112732
181,886097	0,000609289854764938
181,995519	0,000811532139778137
182,105747	0,00123060122132301
182,216676	0,00198981538414955
182,325605	0,0026039145886898
182,434538	0,00297945365309715
182,544931	0,00302627310156822
182,653994	0,00273635610938072
182,761969	0,00207167863845825
182,871990	0,00152410939335823
182,982366	0,000944606959819794
183,092305	0,000620182603597641
183,203067	0,000761326402425766
183,312247	0,00122302770614624
183,421733	0,00196852162480354
183,530972	0,00248423591256142
183,638927	0,00289858132600784
183,746904	0,00300120934844017
183,855673	0,00268196314573288
183,963577	0,00223680958151817
184,073711	0,00158848613500595
184,180748	0,000977277755737305
184,289929	0,000617817044258118
184,399281	0,000664234161376953
184,509286	0,00107530131936073
184,617084	0,00160031765699387
184,726119	0,00235697999596596
184,834925	0,00283520668745041
184,943316	0,00300782918930054
185,053774	0,00283615291118622
185,163315	0,00237353891134262
185,273421	0,00161546468734741
185,382960	0,00109376385807991
185,490263	0,000686969608068466
185,598946	0,000615447759628296
185,705907	0,00100285187363625
185,814134	0,00149192288517952
185,924292	0,00214123353362083
186,035336	0,00269095227122307
186,144796	0,00298181921243668
186,254157	0,00286547467112541
186,363763	0,00235272198915482
186,472305	0,00182276591658592
186,581908	0,0011870451271534
186,691145	0,000737648457288742
186,800764	0,000635813921689987
186,909894	0,000869784504175186
187,020201	0,0015103854238987
187,131961	0,0021686777472496
187,243707	0,00272689387202263
187,353806	0,00302201509475708
187,462519	0,00296857580542564
187,572235	0,00259634852409363
187,681049	0,0018823966383934
187,790044	0,00133664906024933
187,898993	0,000779327005147934
188,008152	0,000659022480249405
188,116828	0,000892516225576401
188,225874	0,00131960585713387
188,335386	0,00217955932021141
188,443763	0,00273730233311653
188,552527	0,00302343443036079
188,661782	0,00300026312470436
188,770646	0,00267108157277107
188,879824	0,00197325274348259
188,989139	0,00142281129956245
189,096972	0,000863153487443924
189,207037	0,000587500631809235
189,317869	0,000763222575187683
189,425974	0,00125095620751381
189,536645	0,00190889462828636
189,646693	0,00261432304978371
189,753704	0,00296290218830109
189,863765	0,00299222394824028
189,973062	0,00268101692199707
190,083972	0,00201158225536346
190,192158	0,00147440657019615
190,302238	0,00100095942616463
190,411905	0,000660445541143417
190,521335	0,000830948352813721
190,629663	0,001229178160429
190,738361	0,00187482312321663
190,848822	0,00250363349914551
190,958002	0,00299222394824028
191,068462	0,00307119637727737
191,177729	0,00287115201354027
191,287881	0,00227844342589378
191,398489	0,00161499157547951
191,506872	0,00101563706994057
191,615444	0,000680338591337204
191,724016	0,000710178166627884
191,834004	0,00119982659816742
191,944405	0,00183790922164917
192,054023	0,00237779691815376
192,163855	0,00293263420462608
192,272372	0,00306741520762444
192,381969	0,00294209271669388
192,492223	0,00249653682112694
192,601073	0,00175224617123604
192,710294	0,00114016607403755
192,819103	0,000745225697755814
192,929085	0,000708281993865967
193,039421	0,00112549215555191
193,148796	0,00172290578484535
193,257995	0,00236313045024872
193,367936	0,00278554484248161
193,478103	0,00305228307843208
193,586910	0,00291182473301888
193,696744	0,00238063558936119
193,804186	0,00185731053352356
193,913066	0,00123817473649979
194,022549	0,000766538083553314
194,131359	0,000747594982385635
194,239522	0,00109471008181572
194,348109	0,00168267264962196
194,458792	0,00244686380028725
194,565743	0,00280730426311493
194,675067	0,00313929095864296
194,785545	0,003013975918293
194,894224	0,0026635117828846
195,004019	0,00206079706549644
195,113616	0,00131771340966225
195,222869	0,000918559730052948
195,333219	0,000752802938222885
195,441378	0,00102273747324944
195,551381	0,00146067887544632
195,661276	0,00232196971774101
195,771244	0,00284088402986526
195,878656	0,00305086374282837
195,987745	0,00304944440722466
196,097271	0,00261101126670837
196,207120	0,00200827047228813
196,316758	0,00145736709237099
196,425058	0,000929925590753555
196,534182	0,000694546848535538
196,644263	0,000890146940946579
196,754236	0,0014071874320507
196,862814	0,00194155052304268
196,972345	0,00271601602435112
197,081020	0,00299884378910065
197,189205	0,00304944440722466
197,298258	0,00273304432630539
197,408719	0,00206410884857178
197,518193	0,00139961391687393
197,625745	0,000937975943088531
197,735908	0,000617343932390213
197,843385	0,000749487429857254
197,953882	0,00121403113007545
198,062955	0,00185589119791985
198,171820	0,00246909633278847
198,280202	0,00293925404548645
198,390335	0,00301634147763252
198,499879	0,00280162692070007
198,609437	0,00230588391423225
198,719214	0,00166800245642662
198,829635	0,00108997896313667
198,939677	0,00075327605009079
199,049805	0,000807266682386398
199,158370	0,00124101713299751
199,267215	0,00197751075029373
199,375121	0,0025031603872776
199,484569	0,00296810269355774
199,590947	0,00312841311097145
199,700008	0,00295344367623329
199,809203	0,00247571989893913
199,920054	0,00170539319515228
200,030579	0,00118657201528549
200,138866	0,000717282295227051
200,247375	0,000711124390363693
200,357847	0,00105541199445724
200,466800	0,00163676217198372
200,574026	0,00217435508966446
200,683468	0,0027037225663662
200,793048	0,00298985838890076
200,902222	0,00287115201354027
201,014187	0,00245490670204163
201,124360	0,00173899531364441
201,234050	0,00112643837928772
201,344256	0,000722017139196396
201,454130	0,000644814223051071
201,563735	0,000898197293281555
201,674564	0,00165948271751404
201,785004	0,00220699980854988
201,894744	0,00275054574012756
202,003820	0,00301823019981384
202,112618	0,00290378555655479
202,222133	0,00246294960379601
202,331589	0,00194060429930687
202,439687	0,00118136033415794
202,549746	0,000652391463518143
202,658242	0,000560499727725983
202,768836	0,000847999006509781
202,879591	0,00129640847444534
202,988411	0,00205416977405548
203,097133	0,00252823159098625
203,206779	0,00287588313221931
203,316935	0,00290047377347946
203,425636	0,0025126226246357
203,534101	0,00182465836405754
203,645034	0,00129782781004906
203,756040	0,000802531838417053
203,864917	0,000617343932390213
203,975876	0,000802531838417053
204,085629	0,00130303576588631
204,194466	0,00195148587226868
204,304951	0,00271554291248322
204,414986	0,00297236070036888
204,525078	0,00297709181904793
204,633888	0,00265594571828842
204,743978	0,00208587199449539
204,852051	0,00132434070110321
204,961155	0,000812951475381851
205,070573	0,000610712915658951
205,180891	0,000832367688417435
205,288712	0,00135984644293785
205,398558	0,0019027441740036
205,506938	0,00243125483393669
205,616775	0,00291797146201134
205,726627	0,00299789756536484
205,835457	0,00267202779650688
205,944013	0,00221410021185875
206,053347	0,00146020576357841
206,162656	0,000988643616437912
206,272126	0,000668972730636597
206,382578	0,00071822851896286
206,493690	0,00119556859135628
206,602909	0,00193823501467705
206,711713	0,00255141034722328
206,823151	0,00290094688534737
206,931844	0,00303904339671135
207,041005	0,00284041091799736
207,149769	0,00234941020607948
207,258964	0,00171343609690666
207,368263	0,0010293684899807
207,476923	0,000684600323438644
207,584275	0,000742856413125992
207,693964	0,00112359598278999
207,803667	0,00173095241189003
207,913241	0,00247335433959961
208,023732	0,00291608273983002
208,133185	0,00306268408894539
208,241679	0,00291087850928307
208,352821	0,00245869159698486
208,462203	0,00183175876736641
208,572093	0,00111554935574532
208,679843	0,0007438063621521
208,788832	0,000724386423826218
208,898035	0,0010610930621624
209,006885	0,00165380164980888
209,116758	0,00230872258543968
209,228202	0,00283851847052574
209,339126	0,00310098752379417
209,449673	0,00297945365309715
209,558770	0,00253721699118614
209,668314	0,00180241465568542
209,778499	0,0012713186442852
209,886804	0,000821948051452637
209,994250	0,000729124993085861
210,103664	0,00104404613375664
210,211648	0,00151322409510612
210,319826	0,00215921550989151
210,429763	0,00271980091929436
210,539601	0,00305511802434921
210,647904	0,00301208347082138
210,757083	0,00258641317486763
210,863862	0,00198271498084068
210,972947	0,0014374852180481
211,082949	0,000854156911373138
211,192493	0,000700231641530991
211,302021	0,000894881784915924
211,411810	0,00140387192368507
211,522280	0,00205795466899872
211,632151	0,00274486839771271
211,742186	0,00307025015354156
211,854435	0,00306552276015282
211,963434	0,0027443952858448
212,073476	0,00207877531647682
212,181228	0,00154304504394531
212,289840	0,00103126466274261
212,399907	0,000795904546976089
212,508963	0,000980120152235031
212,617760	0,00137357786297798
212,728776	0,0021071657538414
212,839158	0,00260911881923676
212,948453	0,00308443978428841
213,057871	0,00306741520762444
213,168040	0,00272500142455101
213,276239	0,0021478570997715
213,384446	0,00149760395288467
213,494060	0,000978700816631317
213,605172	0,000750433653593063
213,713620	0,000841367989778519
213,822179	0,00144978985190392
213,932505	0,00209439173340797
214,042917	0,00259682163596153
214,151369	0,00296148285269737
214,261093	0,00309957191348076
214,372601	0,00280872359871864
214,482390	0,00225715339183807
214,590883	0,00170397385954857
214,701606	0,000946026295423508
214,811197	0,000720597803592682
214,921218	0,00083189457654953
215,032761	0,00119603797793388
215,144375	0,00192545726895332
215,254436	0,00244875624775887
215,365268	0,0029747262597084
215,474790	0,00309720635414124
215,585890	0,00281203165650368
215,695635	0,00238300114870071
215,805340	0,00173662975430489
215,915314	0,00114300847053528
216,025156	0,000760380178689957
216,135341	0,000864576548337936
216,244905	0,00114064291119576
216,354580	0,00173710286617279
216,463554	0,00257647782564163
216,573416	0,00301208347082138
216,683438	0,00313456356525421
216,792945	0,00291844457387924
216,903050	0,00242368504405022
217,012634	0,00168125703930855
217,122215	0,00119319930672646
217,232092	0,000864576548337936
217,342057	0,000850841403007507
217,451637	0,00124480202794075
217,560091	0,00173615664243698
217,668388	0,00246768072247505
217,777961	0,00286831334233284
217,888231	0,00309909507632256
217,998301	0,00297992676496506
218,108037	0,00256701931357384
218,218902	0,0018407478928566
218,329882	0,00121592357754707
218,439220	0,000797323882579803
218,550667	0,000722490251064301
218,660528	0,00109613314270973
218,769580	0,00169308856129646
218,881224	0,0024322010576725
218,990742	0,00277987122535706
219,099816	0,00309011340141296
219,210148	0,00295202434062958
219,319720	0,00260060653090477
219,429790	0,00200022757053375
219,539396	0,00128268077969551
219,648933	0,000873100012540817
219,759415	0,000787850469350815
219,868221	0,00107956305146217
219,977547	0,00162351131439209
220,086057	0,00226235762238503
220,197129	0,00280730426311493
220,307110	0,0030938945710659
220,417102	0,00300924479961395
220,527085	0,00250363349914551
220,636941	0,00197656452655792
220,746093	0,00143464282155037
220,857078	0,000855103135108948
220,967084	0,000712070614099503
221,078798	0,000937029719352722
221,188946	0,00155629962682724
221,300243	0,0021984837949276
221,410920	0,00274770706892014
221,520867	0,00304187834262848
221,631471	0,00300830230116844
221,741610	0,00258452072739601
221,851366	0,0020863451063633
221,961533	0,00143653899431229
222,071601	0,000918559730052948
222,179502	0,000697389245033264
222,288983	0,000917613506317139
222,399489	0,00142659619450569
222,508816	0,00206742063164711
222,617034	0,00264837965369225
222,727783	0,00301870331168175
222,838262	0,00302768871188164
222,946854	0,00273730233311653
223,056779	0,00208966061472893
223,166899	0,00145973265171051
223,278349	0,000890620052814484
223,388735	0,000740017741918564
223,498713	0,000896774232387543
223,608678	0,00146115198731422
223,718406	0,00209155306220055
223,828877	0,00257789716124535
223,938976	0,00300877168774605
224,049085	0,00303809717297554
224,158896	0,00273304432630539
224,268140	0,0021781399846077
224,377066	0,00142044201493263
224,487073	0,000904351472854614
224,597203	0,000699285417795181
224,708071	0,000803004950284958
224,817916	0,00133522972464561
224,928149	0,00198271498084068
225,037920	0,00259445607662201
225,146761	0,00304471701383591
225,257076	0,00308018177747726
225,367485	0,00279074907302856
225,477170	0,00234941020607948
225,585666	0,00160931423306465
225,694270	0,00105825439095497
225,805187	0,000764168798923492
225,914231	0,000904351472854614
226,024135	0,00126894935965538
226,133935	0,00188523530960083
226,243548	0,00260628014802933
226,353693	0,00302059575915337
226,462650	0,00312747061252594
226,572942	0,00289290770888329
226,683057	0,00238915160298347
226,791780	0,00164055079221725
226,900684	0,00116573646664619
227,011160	0,000805847346782684
227,122771	0,000876888632774353
227,230606	0,00120929628610611
227,339462	0,00190416350960732
227,448898	0,00251451134681702
227,558413	0,00300120934844017
227,667726	0,00309767946600914
227,778465	0,00291655585169792
227,890003	0,00244024023413658
227,998745	0,00180194154381752
228,110231	0,00119651481509209
228,218260	0,000756118446588516
228,329935	0,000760853290557861
228,438591	0,00112643837928772
228,546195	0,00170208141207695
228,654915	0,00223633646965027
228,765484	0,00281203165650368
228,875549	0,00302579998970032
228,985280	0,00285696610808372
229,094937	0,00247855857014656
229,205496	0,001758873462677
229,314833	0,00107340514659882
229,424578	0,000755645334720612
229,534293	0,000722017139196396
229,643071	0,00103647261857986
229,752631	0,00161262601613998
229,862320	0,00236549600958824
229,973853	0,00284986943006516
230,084106	0,00306694209575653
230,193893	0,00290898606181145
230,303777	0,00252633914351463
230,414722	0,00191883370280266
230,523362	0,00128646567463875
230,633474	0,000842787325382233
230,742142	0,000727701932191849
230,848571	0,0010397844016552
230,955709	0,00161262601613998
231,065276	0,00215401127934456
231,175993	0,00279831513762474
231,285311	0,00306788459420204
231,395211	0,0030338391661644
231,505488	0,00265925750136375
231,615004	0,00207120552659035
231,725533	0,00131676718592644
231,834007	0,00092613697052002
231,943832	0,000731490552425385
232,053474	0,000909086316823959
232,161674	0,00139724463224411
232,271752	0,00213035196065903
232,380864	0,00270088389515877
232,489281	0,00304566323757172
232,599965	0,0030740350484848
232,709077	0,00275480374693871
232,818212	0,00220274180173874
232,927006	0,00156955048441887
233,036671	0,00104830786585808
233,145650	0,000786904245615005
233,255558	0,00095691904425621
233,363903	0,00134611874818802
233,474000	0,00206363573670387
233,582991	0,00272689387202263
233,692616	0,00301964953541756
233,802753	0,00304707884788513
233,913101	0,00280588492751122
234,022490	0,00217719376087189
234,133525	0,00164433568716049
234,243337	0,00101469084620476
234,352926	0,000756591558456421
234,463427	0,000876415520906448
234,572758	0,00140529498457909
234,682337	0,00191930681467056
234,792440	0,002532958984375
234,902014	0,0029936395585537
235,011527	0,00304707884788513
235,120934	0,00279074907302856
235,232149	0,00226425006985664
235,341185	0,0016249306499958
235,452759	0,000985804945230484
235,562881	0,000743333250284195
235,672878	0,000802531838417053
235,782742	0,00128599256277084
235,894259	0,00191221013665199
236,004975	0,00254667922854424
236,116047	0,00297283381223679
236,225625	0,00309153273701668
236,335782	0,00290662422776222
236,445099	0,00243314728140831
236,556104	0,00181803479790688
236,665652	0,0011453740298748
236,775726	0,000827159732580185
236,885761	0,000911928713321686
236,994798	0,00124006718397141
237,104731	0,00183885544538498
237,215755	0,0024620033800602
237,325242	0,0029737800359726
237,435455	0,00310760736465454
237,545246	0,00289858132600784
237,655443	0,00241327658295631
237,764675	0,00168031081557274
237,872890	0,00118136033415794
237,982121	0,000810582190752029
238,090144	0,00078216940164566
238,201174	0,00111318007111549
238,310983	0,00180951505899429
238,423156	0,00244497135281563
238,534870	0,00292128324508667
238,645308	0,00312605127692223
238,754866	0,00292506441473961
238,864875	0,00246153026819229
238,974729	0,00173710286617279
239,084479	0,00132670626044273
239,193740	0,000899143517017365
239,303139	0,000801585614681244
239,412863	0,00110465660691261
239,522756	0,00166800245642662
239,633841	0,00228601321578026
239,743925	0,00286311283707619
239,854920	0,0030541755259037
239,964503	0,00290709361433983
240,075132	0,00247808545827866
240,185827	0,00186630710959435
240,295295	0,00125711038708687
240,405004	0,000834263861179352
240,515400	0,00073527917265892
240,624917	0,00107908621430397
240,735640	0,00163676217198372
240,847206	0,00226093828678131
240,957032	0,00277703255414963
241,065579	0,00301917642354965
241,176726	0,0029340498149395
241,286155	0,00245821848511696
241,395655	0,00183365121483803
241,505270	0,00130729749798775
241,614477	0,000778380781412125
241,725850	0,000684600323438644
241,835672	0,000956445932388306
241,945078	0,00160599872469902
242,056696	0,00214927643537521
242,167201	0,00271081551909447
242,276717	0,00302532687783241
242,388272	0,00301728397607803
242,497034	0,00250931084156036
242,608240	0,00188902020454407
242,718886	0,00135653093457222
242,828128	0,00080963596701622
242,938197	0,000686496496200562
243,048808	0,000932767987251282
243,158799	0,00146020576357841
243,267856	0,00210006907582283
243,378585	0,00266635045409203
243,487871	0,00298749282956123
243,596763	0,00298181921243668
243,706918	0,00266304239630699
243,817960	0,00201915577054024
243,924879	0,00141191855072975
244,032075	0,00101516395807266
244,141704	0,000796850770711899
244,249970	0,000997643917798996
244,360378	0,00150138884782791
244,470081	0,00215495750308037
244,579330	0,00275669246912003
244,689742	0,00314496830105782
244,801007	0,00319414585828781
244,910787	0,00291844457387924
245,020089	0,00227655097842216
245,129300	0,00162729620933533
245,238766	0,00102652609348297
245,347054	0,000834263861179352
245,456898	0,000937029719352722
245,565248	0,00136978924274445
245,674047	0,00196520984172821
245,782799	0,00256134197115898
245,890241	0,00296573713421822
246,001372	0,00306836143136024
246,111737	0,00284561142325401
246,220065	0,00234657153487206
246,328206	0,00160126760601997
246,436709	0,000969704240560532
246,547043	0,000735756009817123
246,657609	0,000792589038610458
246,766816	0,0011974610388279
246,874832	0,00180146843194962
246,984339	0,00241990014910698
247,093645	0,00288061052560806
247,204019	0,00305937603116035
247,312125	0,00285081565380096
247,422286	0,00246153026819229
247,532064	0,00184547901153564
247,641619	0,00106867030262947
247,749858	0,000786904245615005
247,861088	0,000800639390945435
247,971950	0,00110891833901405
248,080696	0,00179011002182961
248,189184	0,00231818482279778
248,297923	0,00288155674934387
248,406979	0,0030536986887455
248,515365	0,00291560962796211
248,625838	0,00248802080750465
248,734756	0,00188807398080826
248,844159	0,00139345601201057
248,954912	0,000909563153982162
249,064459	0,000851314514875412
249,172781	0,00114679709076881
249,282748	0,00180478021502495
249,392299	0,00253579765558243
249,500167	0,00287067890167236
249,610096	0,00314733013510704
249,719137	0,00309767946600914
249,827957	0,00265121459960938
249,937198	0,00204707309603691
250,047168	0,00141239538788795
250,157062	0,00093560665845871
250,265263	0,000781696289777756
250,366983	0,00105872750282288
250,467831	0,00148908421397209
250,567838	0,00211426243185997
250,667909	0,00267297402024269
250,768995	0,00297283381223679
250,870646	0,00305228307843208
250,972214	0,00277892500162125
251,072440	0,00236880779266357
