0,101964	0,00352261960506439
0,202038	0,00328373908996582
0,302058	0,00183102488517761
0,403044	-3,01003456115723E-5
0,503265	-0,00249823927879333
0,605149	-0,00452059507369995
0,705229	-0,00538156926631927
0,807228	-0,00511904060840607
0,907286	-0,00354988873004913
1,014273	-0,00204366445541382
1,124194	0,000808611512184143
1,234407	0,00269600749015808
1,344698	0,00353297591209412
1,455641	0,00307777523994446
1,566713	0,00108925998210907
1,677964	-0,00132386386394501
1,788195	-0,0039869099855423
1,900195	-0,00520387291908264
2,011712	-0,00542446970939636
2,123214	-0,00395205616950989
2,233422	-0,00168374180793762
2,345361	0,000771477818489075
2,455395	0,00290144979953766
2,566397	0,00353391468524933
2,677459	0,00287888944149017
2,789462	0,00109630823135376
2,899212	-0,000900059938430786
3,010023	-0,00366950035095215
3,110638	-0,00522272288799286
3,211343	-0,0055239349603653
3,326060	-0,00431238114833832
3,434637	-0,00214388966560364
3,544074	0,000344142317771912
3,651686	0,00240592658519745
3,764937	0,00347135961055756
3,878715	0,00313231348991394
3,985922	0,00188085436820984
4,092357	-0,000372409820556641
4,192690	-0,002818763256073
4,301923	-0,00471612811088562
4,412487	-0,00545606017112732
4,524066	-0,00475241243839264
4,633081	-0,00287054479122162
4,742241	-3,76999378204346E-6
4,852345	0,00217887759208679
4,964096	0,00344878435134888
5,075700	0,00335191190242767
5,176733	0,0019414871931076
5,281892	9,07331705093384E-5
5,396030	-0,00239799916744232
5,501126	-0,00447019934654236
5,602830	-0,00549234449863434
5,711698	-0,00520434975624084
5,814472	-0,00369586050510406
5,922471	-0,000515371561050415
6,036951	0,00143428146839142
6,139334	0,00309422612190247
6,246477	0,00358422100543976
6,358428	0,00279097259044647
6,459847	0,000909686088562012
6,570805	-0,00111500918865204
6,672595	-0,00381924211978912
6,778111	-0,00508652627468109
6,889269	-0,0053924024105072
7,004745	-0,0043020099401474
7,117221	-0,00177642703056335
7,217462	0,00106903910636902
7,331406	0,00287230312824249
7,444051	0,00355976819992065
7,554742	0,00301383435726166
7,664948	0,00129467248916626
7,766342	-0,00108914077281952
7,867626	-0,00347360968589783
7,975254	-0,00509783625602722
8,081838	-0,00542399287223816
8,197240	-0,00463321805000305
8,299490	-0,00265544652938843
8,407343	0,00020638108253479
8,511263	0,00200305879116058
8,615287	0,00318403542041779
8,716118	0,00342009961605072
8,824181	0,00224468111991882
8,932905	0,000519037246704102
9,039390	-0,00234858691692352
9,150972	-0,00470623373985291
9,256177	-0,00547914206981659
9,365166	-0,0051129162311554
9,466104	-0,00347642600536346
9,566126	-0,00110419094562531
9,671392	0,000910162925720215
9,782753	0,00250700116157532
9,887328	0,00350804626941681
9,991243	0,00298419594764709
10,099305	0,00165709853172302
10,212834	-0,000639528036117554
10,315973	-0,00376084446907043
10,423336	-0,0050521194934845
10,530984	-0,00542494654655457
10,644295	-0,00438964366912842
10,749360	-0,00190627574920654
10,864652	0,000532671809196472
10,966437	0,00250841677188873
11,081126	0,00337731838226318
11,182991	0,00327667593955994
11,297919	0,00162935256958008
11,408731	-0,000260502099990845
11,515605	-0,00309084355831146
11,616574	-0,00489990413188934
11,730959	-0,00550413131713867
11,843875	-0,00491781532764435
11,954917	-0,00274720788002014
12,066916	-0,000284016132354736
12,178609	0,00194054841995239
12,282558	0,00330677628517151
12,399556	0,00344690680503845
12,501322	0,00171256065368652
12,601805	0,000236958265304565
12,716815	-0,00222623348236084
12,832144	-0,00459551811218262
12,947322	-0,00545275211334229
13,047438	-0,00488954782485962
13,161759	-0,00273405015468597
13,263071	-0,00069737434387207
13,364937	0,00162042677402496
13,465946	0,0031769871711731
13,581487	0,00358140468597412
13,682300	0,0026334673166275
13,795377	0,000288188457489014
13,906131	-0,00217683613300323
14,018203	-0,00429259240627289
14,129184	-0,00537779927253723
14,240391	-0,00522790849208832
14,352439	-0,00349950790405273
14,463647	-0,00116768479347229
14,574809	0,00153675675392151
14,680292	0,00289863348007202
14,792727	0,00345537066459656
14,896702	0,00255495309829712
15,007473	0,000615864992141724
15,112414	-0,00183241069316864
15,213290	-0,00373777747154236
15,324551	-0,00506578385829926
15,435686	-0,00533348321914673
15,547063	-0,0042596310377121
15,658488	-0,00211048126220703
15,764504	0,000711768865585327
15,865647	0,00257986783981323
15,976535	0,00333733856678009
16,087705	0,00292825698852539
16,198891	0,00164534151554108
16,313988	-0,00102658569812775
16,428001	-0,00338461995124817
16,539636	-0,0050700306892395
16,650971	-0,00542634725570679
16,762369	-0,00425492227077484
16,865237	-0,00171196460723877
16,977068	0,000699087977409363
17,079893	0,00203362107276917
17,194899	0,00331804156303406
17,298228	0,00290991365909576
17,410455	0,00163264572620392
17,521513	-0,000611305236816406
17,632510	-0,00374342501163483
17,744049	-0,00524440407752991
17,848698	-0,00554090738296509
17,959449	-0,00481367111206055
18,071039	-0,00213871896266937
18,182084	0,000303715467453003
18,292578	0,00204865634441376
18,398317	0,00336366891860962
18,498778	0,00314313173294067
18,611351	0,00203973054885864
18,722933	-0,000494673848152161
18,834508	-0,00290584564208984
18,945227	-0,00496445596218109
19,047945	-0,00542211532592773
19,165558	-0,00473120808601379
19,277162	-0,00287525355815887
19,388400	0,000333800911903381
19,497332	0,00232790410518646
19,610051	0,00325316190719604
19,721561	0,00311398506164551
19,830048	0,00168858468532562
19,940885	-0,000137776136398315
20,048138	-0,00258153676986694
20,148494	-0,00458420813083649
20,249493	-0,00549942255020142
20,363911	-0,0050346851348877
20,477458	-0,00295950472354889
20,589437	-0,000953212380409241
20,700535	0,00169423222541809
20,812081	0,00323481857776642
20,915025	0,00337119400501251
21,030575	0,00227947533130646
21,130725	0,000255286693572998
21,230974	-0,00179195404052734
21,332258	-0,00403022766113281
21,433123	-0,0053754448890686
21,535317	-0,00537827610969543
21,639285	-0,00434111058712006
21,749296	-0,00220789015293121
21,864705	0,000658661127090454
21,965931	0,00231708586215973
22,067485	0,00340081751346588
22,175406	0,00306414067745209
22,279297	0,00181645154953003
22,381763	-0,000406742095947266
22,487368	-0,00284935534000397
22,596715	-0,00473593175411224
22,698273	-0,00547632575035095
22,798377	-0,00504834949970245
22,911634	-0,00336718559265137
23,012606	-0,00101672112941742
23,124088	0,00131066143512726
23,235443	0,0029447078704834
23,347077	0,0033537894487381
23,458767	0,00237679481506348
23,569619	-3,48091125488281E-5
23,681360	-0,00247752666473389
23,792083	-0,0045083612203598
23,903457	-0,00543294847011566
24,014403	-0,00522272288799286
24,124792	-0,0033869743347168
24,236548	-0,00101153552532196
24,347405	0,00135532021522522
24,458642	0,00315207242965698
24,559414	0,00345395505428314
24,663344	0,00271151959896088
24,764723	0,000857502222061157
24,865747	-0,00153978168964386
24,967380	-0,00348961353302002
25,081520	-0,00522178411483765
25,191368	-0,00530709326267242
25,295262	-0,00435666739940643
25,397992	-0,00226059556007385
25,498026	0,000166893005371094
25,598432	0,00221836566925049
25,703380	0,00324282050132751
25,807301	0,0032983124256134
25,913345	0,00239700078964233
26,023982	0,000413715839385986
26,135890	-0,00243659317493439
26,239346	-0,00474393367767334
26,344750	-0,0054188072681427
26,456023	-0,00512516498565674
26,559411	-0,00312191247940063
26,663295	-0,00113900005817413
26,764579	0,0012180507183075
26,871353	0,00267954170703888
26,975420	0,00342103838920593
27,079693	0,00305002927780151
27,181224	0,00121711194515228
27,281544	-0,000706776976585388
27,394162	-0,00310496985912323
27,506166	-0,00506296753883362
27,613358	-0,0053924024105072
27,714489	-0,00436325371265411
27,817027	-0,0022808313369751
27,919157	-0,000247329473495483
28,019967	0,00195604562759399
28,127360	0,00315113365650177
28,230645	0,00351086258888245
28,333104	0,00256529450416565
28,445649	0,000244006514549255
28,556351	-0,00219234824180603
28,666963	-0,00397230684757233
28,782147	-0,00530757009983063
28,882451	-0,00496162474155426
28,995559	-0,00369115173816681
29,097654	-0,00102189183235168
29,197810	0,000972211360931396
29,303299	0,00300866365432739
29,407250	0,00354708731174469
29,512076	0,00321555137634277
29,613470	0,00140795111656189
29,713623	-0,000114262104034424
29,815097	-0,00292232632637024
29,931032	-0,00472649931907654
30,031398	-0,00534385442733765
30,146970	-0,00495974719524384
30,247127	-0,00303435325622559
30,360103	0,000179126858711243
30,471720	0,00227665901184082
30,582881	0,00344736874103546
30,696579	0,00338436663150787
30,796859	0,00210365653038025
30,897605	0,000352144241333008
31,001547	-0,00207613408565521
31,104194	-0,003893181681633
31,214343	-0,005165696144104
31,319415	-0,00496774911880493
31,432150	-0,00375001132488251
31,546082	-0,00109666585922241
31,656554	0,00122980773448944
31,767257	0,00291226804256439
31,878234	0,00349345803260803
31,989547	0,00279802083969116
32,101134	0,000664770603179932
32,212251	-0,00215612351894379
32,321947	-0,00423890352249146
32,432148	-0,0052354484796524
32,543519	-0,00517982244491577
32,654838	-0,00347454845905304
32,766288	-0,00115169584751129
32,876991	0,00121663510799408
32,987468	0,00293155014514923
33,098733	0,00353297591209412
33,209115	0,00263816118240356
33,319908	0,00110194087028503
33,430672	-0,00167573988437653
33,541438	-0,0038762241601944
33,651960	-0,00527127087116241
33,761328	-0,00514166057109833
33,873060	-0,00346466898918152
33,983948	-0,00075945258140564
34,093270	0,00117902457714081
34,204445	0,00267297029495239
34,315036	0,0034911036491394
34,426920	0,0028252899646759
34,536623	0,000685915350914001
34,648620	-0,00131869316101074
34,761123	-0,0039360523223877
34,872293	-0,00527127087116241
34,983927	-0,00525383651256561
35,093848	-0,00391530990600586
35,205852	-0,00128716230392456
35,315290	0,0010915994644165
35,427269	0,00282764434814453
35,538730	0,00345818698406219
35,650690	0,00283750891685486
35,760075	0,000751256942749023
35,872352	-0,00202484428882599
35,985605	-0,00383290648460388
36,089992	-0,00513599812984467
36,199701	-0,00498849153518677
36,310057	-0,00380370020866394
36,420947	-0,00117051601409912
36,530093	0,000822246074676514
36,641142	0,00292731821537018
36,749951	0,00356917083263397
36,858834	0,0027133971452713
36,969254	0,000832587480545044
37,077789	-0,00157082080841064
37,187463	-0,00312474370002747
37,298858	-0,00500310957431793
37,410835	-0,00525996088981628
37,522412	-0,00386115908622742
37,633379	-0,00165127217769623
37,745296	0,000739514827728271
37,856834	0,00261372327804565
37,968959	0,00347229838371277
38,079757	0,00285395979881287
38,186620	0,000748440623283386
38,287703	-0,00123590230941772
38,396756	-0,00355882942676544
38,512400	-0,00509171187877655
38,619091	-0,00527456402778625
38,719383	-0,00428977608680725
38,827435	-0,00178912281990051
38,940737	0,000217676162719727
39,043658	0,00224891304969788
39,149889	0,00331428647041321
39,256169	0,00312009453773499
39,369544	0,00142958760261536
39,483765	-0,000469744205474854
39,591245	-0,0032532662153244
39,705951	-0,00514872372150421
39,819347	-0,0054277628660202
39,934910	-0,00458985567092896
40,041562	-0,00261496007442474
40,146154	-0,00017961859703064
40,254724	0,00199507176876068
40,367327	0,00326868891716003
40,479004	0,00321179628372192
40,589483	0,00153064727783203
40,697406	-0,00034138560295105
40,812648	-0,00274674594402313
40,920398	-0,00464405119419098
41,021323	-0,00541126728057861
41,123321	-0,00480423867702484
41,223549	-0,00301834940910339
41,323824	-0,000628232955932617
41,423827	0,0012819766998291
41,524328	0,00290662050247192
41,624330	0,00339424610137939
41,725370	0,00282011926174164
41,826878	0,00113484263420105
41,929814	-0,000815868377685547
42,031341	-0,00320711731910706
42,132340	-0,00495502352714539
42,234338	-0,00551968812942505
42,335841	-0,00486645102500916
42,437857	-0,00305600464344025
42,539342	-0,00105293095111847
42,640833	0,00164440274238586
42,742828	0,00295834243297577
42,843702	0,00350004434585571
42,943748	0,00294658541679382
43,045207	0,0012824535369873
43,145242	-0,000674322247505188
43,247210	-0,00265920162200928
43,347946	-0,00484193861484528
43,449943	-0,00542823970317841
43,551446	-0,00485324859619141
43,651447	-0,00308895111083984
43,751458	-0,00106610357761383
43,853040	0,000908747315406799
43,954005	0,00294706225395203
44,055511	0,00347277522087097
44,157468	0,00312244892120361
44,257506	0,00163406133651733
44,358976	-0,000638574361801147
44,461065	-0,00266249477863312
44,561480	-0,00460635125637054
44,663522	-0,0054192841053009
44,765533	-0,00485749542713165
44,865988	-0,00343923270702362
44,967985	-0,00110983848571777
45,068491	0,00122040510177612
45,168498	0,00270351767539978
45,269831	0,0034506618976593
45,371243	0,00294376909732819
45,473205	0,00161385536193848
45,574994	-0,00066821277141571
45,674995	-0,00306588411331177
45,774996	-0,00465628504753113
45,875498	-0,0054536908864975
45,975499	-0,00515155494213104
46,076763	-0,00354376435279846
46,177723	-0,00162398815155029
46,277766	0,000784635543823242
46,378267	0,00262172520160675
46,479237	0,00335285067558289
46,580811	0,00308483839035034
46,682775	0,00158658623695374
46,784361	-0,000266149640083313
46,886278	-0,00272604823112488
46,987282	-0,00468596816062927
47,088794	-0,00549328327178955
47,190779	-0,00519680976867676
47,292206	-0,00359132885932922
47,394100	-0,00167103111743927
47,496039	0,000774294137954712
47,597777	0,00263957679271698
47,697781	0,00339189171791077
47,799210	0,00325128436088562
47,900209	0,00165474414825439
48,000219	-0,000165984034538269
48,100716	-0,0022149384021759
48,202713	-0,00456960499286652
48,304222	-0,00540655851364136
48,406223	-0,00525383651256561
48,506284	-0,00386917591094971
48,606522	-0,00162069499492645
48,708456	0,000429719686508179
48,808501	0,00243131816387177
48,908507	0,00346525013446808
49,008515	0,00333967804908752
49,108741	0,00236691534519196
49,210740	-8,27610492706299E-5
49,312291	-0,00213730335235596
49,413333	-0,00424407422542572
49,515288	-0,0053570568561554
49,615838	-0,00521001219749451
49,715844	-0,00416824221611023
49,816812	-0,00200977921485901
49,918811	0,000443339347839355
50,019813	0,00245481729507446
50,120318	0,00341209769248962
50,220354	0,00339047610759735
50,320528	0,00243461132049561
50,420571	0,000387877225875854
50,522476	-0,00206013023853302
50,623670	-0,00389035046100616
50,723670	-0,00520104169845581
50,824869	-0,00518831610679626
50,925865	-0,00416824221611023
51,025870	-0,00202390551567078
51,127046	0,000403851270675659
51,227356	0,00215490162372589
51,327453	0,00326162576675415
51,429453	0,00346477329730988
51,530455	0,00242049992084503
51,631516	0,000765830278396606
51,731554	-0,00166773796081543
51,831735	-0,00391861796379089
51,933730	-0,00511904060840607
52,033769	-0,00538721680641174
52,135237	-0,00427234172821045
52,236236	-0,00256317853927612
52,336473	-0,00013965368270874
52,438428	0,00199036300182343
52,538936	0,00308623909950256
52,639971	0,00330771505832672
52,741786	0,00252065062522888
52,842827	0,000633269548416138
52,944503	-0,0017961859703064
53,045954	-0,00370246171951294
53,145959	-0,00525854527950287
53,245977	-0,00551827251911163
53,346927	-0,00468125939369202
53,448925	-0,00269779562950134
53,550425	-0,000242635607719421
53,650473	0,00158141553401947
53,750778	0,00303217768669128
53,851300	0,0033222883939743
53,951321	0,00251641869544983
54,052785	0,000650197267532349
54,152787	-0,00135490298271179
54,254783	-0,0036742091178894
54,356290	-0,005061075091362
54,457292	-0,00554986298084259
54,558803	-0,00467702746391296
54,660790	-0,00306117534637451
54,761829	-0,000650808215141296
54,863335	0,00159363448619843
54,965292	0,00288312137126923
55,065800	0,00334250926971436
55,167797	0,00256577134132385
55,269849	0,00106622278690338
55,370825	-0,0012899786233902
55,470827	-0,00362098217010498
55,572331	-0,00500735640525818
55,674080	-0,00551781058311462
55,776080	-0,00466901063919067
55,876626	-0,00307013094425201
55,978583	-0,000682786107063293
56,080088	0,00158093869686127
56,180096	0,00288687646389008
56,282132	0,00336273014545441
56,383676	0,00258880853652954
56,485635	0,00107608735561371
56,587180	-0,00128011405467987
56,689155	-0,00363558530807495
56,791142	-0,00502008199691772
56,892642	-0,00557248294353485
56,993643	-0,00495266914367676
57,094146	-0,00313416123390198
57,194149	-0,000748157501220703
57,294698	0,00120770931243896
57,396320	0,00284174084663391
57,496369	0,00337496399879456
57,596389	0,00282764434814453
57,696391	0,00114613771438599
57,796894	-0,000775918364524841
57,897925	-0,0031769871711731
57,998896	-0,00491923093795776
58,099408	-0,00549517571926117
58,200398	-0,0048617422580719
58,301000	-0,00305929780006409
58,401997	-0,00106985867023468
58,502001	0,00127540528774261
58,602509	0,0027054101228714
58,702517	0,00344784557819366
58,804012	0,00305849313735962
58,905015	0,00156448781490326
59,005364	-0,000721365213394165
59,106878	-0,0027443915605545
59,206880	-0,00467278063297272
59,306956	-0,00550083816051483
59,407261	-0,00509548187255859
59,507261	-0,00350186228752136
59,608765	-0,00114229321479797
59,709767	0,000839635729789734
59,810395	0,00242143869400024
59,911361	0,0033622682094574
60,011361	0,00304156541824341
60,111920	0,00188037753105164
60,213867	-0,000306576490402222
60,314372	-0,00271615386009216
60,415369	-0,00439529120922089
60,516372	-0,00541174411773682
60,616875	-0,00505682826042175
60,718873	-0,00379522144794464
60,819375	-0,00153271853923798
60,919391	0,000843405723571777
61,021374	0,00244072079658508
61,121881	0,00339236855506897
61,221882	0,00309517979621887
61,322384	0,00192221999168396
61,422404	0,000143855810165405
61,524404	-0,00228647887706757
61,625155	-0,00437787175178528
61,725169	-0,00534433126449585
61,826651	-0,00526891648769379
61,928976	-0,0038686990737915
62,030649	-0,00162351131439209
62,132159	0,000383168458938599
62,234156	0,00233589112758636
62,335664	0,00328843295574188
62,436891	0,00313985347747803
62,538904	0,00184418261051178
62,640060	-0,000313162803649902
62,742006	-0,00234577059745789
62,843088	-0,00412631034851074
62,944088	-0,00546972453594208
63,045100	-0,00530049204826355
63,146593	-0,00421582162380219
63,248229	-0,00164797902107239
63,349259	0,000376105308532715
63,451257	0,0023462325334549
63,551257	0,00332368910312653
63,652214	0,00317886471748352
63,753172	0,00219956040382385
63,854670	0,000156551599502563
63,954673	-0,00226294994354248
64,055214	-0,00405001640319824
64,156179	-0,00531181693077087
64,257270	-0,00523780286312103
64,358765	-0,00417105853557587
64,458775	-0,00201307237148285
64,560269	0,000405266880989075
64,662268	0,00212623178958893
64,763267	0,00329360365867615
64,864420	0,00323763489723206
64,966416	0,0022667795419693
65,067596	0,000211089849472046
65,167599	-0,00221258401870728
65,267642	-0,00403259694576263
65,368610	-0,00517746806144714
65,470607	-0,00537167489528656
65,571117	-0,0042078047990799
65,671122	-0,0024629533290863
65,772115	-4,09036874771118E-5
65,873661	0,00207874178886414
65,975620	0,00325222313404083
66,076124	0,00332652032375336
66,176126	0,00224421918392181
66,276457	0,000594720244407654
66,377972	-0,00181546807289124
66,478040	-0,00404626131057739
66,579512	-0,00520293414592743
66,681470	-0,00543907284736633
66,781473	-0,00427611172199249
66,882970	-0,00254341959953308
66,982973	-0,000113800168037415
67,083191	0,00169563293457031
67,183236	0,00307542085647583
67,283242	0,00333686172962189
67,385022	0,00245529413223267
67,485023	0,000589072704315186
67,586529	-0,00143769383430481
67,688523	-0,00372035801410675
67,788538	-0,00523121654987335
67,890071	-0,00554326176643372
67,991031	-0,00460870563983917
68,091541	-0,00265684723854065
68,193531	-0,00060330331325531
68,293535	0,00159457325935364
68,394143	0,00285302102565765
68,496041	0,00327102839946747
68,596543	0,00242333114147186
68,698543	0,00093977153301239
68,798544	-0,0014367550611496
68,899049	-0,00370056927204132
68,999087	-0,00506390631198883
69,099549	-0,00551450252532959
69,199549	-0,00485514104366302
69,299549	-0,00301741063594818
69,400491	-0,000598609447479248
69,501671	0,00126317143440247
69,602172	0,00287654995918274
69,703747	0,00328607857227325
69,805745	0,00269928574562073
69,906248	0,000975489616394043
70,006249	-0,000969201326370239
70,107088	-0,00329940021038055
70,208096	-0,00481273233890533
70,309094	-0,00549376010894775
70,410502	-0,00484193861484528
70,511247	-0,00334836542606354
70,612561	-0,00100590288639069
70,714549	0,00130453705787659
70,814835	0,00272092223167419
70,916834	0,0033707320690155
71,016834	0,00279566645622253
71,117924	0,00141312181949615
71,217966	-0,000831395387649536
71,319216	-0,00283618271350861
71,420113	-0,00468927621841431
71,521042	-0,00539948046207428
71,622589	-0,00495362281799316
71,724241	-0,0032697319984436
71,824396	-0,000950857996940613
71,926354	0,00102344155311584
72,027437	0,0027763843536377
72,128898	0,00344878435134888
72,229899	0,00304673612117767
72,331398	0,00149868428707123
72,431442	-0,000765562057495117
72,533438	-0,00279523432254791
72,634943	-0,00466994941234589
72,736900	-0,00542634725570679
72,838444	-0,00499320030212402
72,940407	-0,00336718559265137
73,041448	-0,00104634463787079
73,141906	0,000928491353988647
73,242907	0,0026814192533493
73,343414	0,00338530540466309
73,443658	0,00298748910427094
73,545237	0,00180375576019287
73,645750	-0,000777319073677063
73,746348	-0,00277687609195709
73,847938	-0,00439953804016113
73,947939	-0,00538063049316406
74,047954	-0,00498424470424652
74,148441	-0,00369963049888611
74,248442	-0,00142499804496765
74,348955	0,000937417149543762
74,450949	0,00247691571712494
74,551946	0,0033138245344162
74,652729	0,00303028523921967
74,753419	0,00184653699398041
74,853965	4,41819429397583E-5
74,955557	-0,00276228785514832
75,057518	-0,00442686676979065
75,159016	-0,00543671846389771
75,259017	-0,0050785094499588
75,360520	-0,003825843334198
75,460987	-0,00197780132293701
75,562947	0,000413253903388977
75,664404	0,00233589112758636
75,764419	0,00316992402076721
75,865911	0,00306037068367004
75,965950	0,00174358487129211
76,067926	-1,12950801849365E-5
76,168404	-0,00242012739181519
76,270397	-0,0044734925031662
76,371791	-0,00539429485797882
76,472760	-0,00528635084629059
76,572804	-0,0038686990737915
76,674265	-0,00203001499176025
76,774270	0,000360608100891113
76,875785	0,00230157375335693
76,975828	0,00314831733703613
77,077204	0,00305144488811493
77,178248	0,00203174352645874
77,279204	-8,47876071929932E-6
77,379344	-0,00202155113220215
77,479815	-0,00416305661201477
77,580312	-0,00537827610969543
77,680980	-0,00538958609104156
77,781940	-0,00417295098304749
77,882447	-0,00203754007816315
77,982483	-4,23192977905273E-6
78,083954	0,00203879177570343
78,183991	0,00317980349063873
78,285949	0,00319674611091614
78,387454	0,00209802389144897
78,487459	0,000439584255218506
78,587957	-0,00195850431919098
78,687990	-0,00377780199050903
78,788957	-0,00520245730876923
78,889468	-0,00532075762748718
78,989468	-0,00441601872444153
79,091022	-0,00236646831035614
79,192010	5,03063201904297E-5
79,292014	0,00181739032268524
79,393519	0,00316475331783295
79,495388	0,00327950716018677
79,596851	0,00247174501419067
79,697421	0,000536888837814331
79,797426	-0,00185169279575348
79,897464	-0,00371094048023224
79,998464	-0,00501018762588501
80,099973	-0,00541551411151886
80,200012	-0,00446172058582306
80,301972	-0,00280416011810303
80,402292	-0,000422731041908264
80,502328	0,00177977979183197
80,602410	0,00296682119369507
80,703409	0,00333544611930847
80,804450	0,00247222185134888
80,905444	0,000937417149543762
81,006289	-0,00139254331588745
81,106789	-0,00367043912410736
81,208368	-0,00494608283042908
81,308372	-0,0053839236497879
81,409876	-0,00463603436946869
81,510486	-0,00275945663452148
81,611126	-0,00077308714389801
81,712993	0,00154003500938416
81,813000	0,00307542085647583
81,913459	0,00349393486976624
82,014460	0,00282576680183411
82,114963	0,00109866261482239
82,216984	-0,000816822052001953
82,318969	-0,00315675139427185
82,420556	-0,00478444993495941
82,520619	-0,00525477528572083
82,621130	-0,00450742244720459
82,721161	-0,00265121459960938
82,823134	-0,000679031014442444
82,923639	0,00160068273544312
83,023643	0,00294564664363861
83,124144	0,00356635451316833
83,226146	0,00289110839366913
83,327144	0,00149726867675781
83,428325	-0,00080600380897522
83,530252	-0,00316004455089569
83,630796	-0,00462707877159119
83,732755	-0,00534527003765106
83,832763	-0,00464215874671936
83,933267	-0,00318358838558197
84,034261	-0,000837042927742004
84,135763	0,00107796490192413
84,236764	0,00278156995773315
84,337847	0,00340269505977631
84,438119	0,00293107330799103
84,539115	0,00137223303318024
84,639658	-0,000517725944519043
84,740658	-0,00290066003799438
84,842208	-0,00473970174789429
84,943230	-0,00543388724327087
85,045168	-0,00498047471046448
85,146711	-0,00333800911903381
85,247674	-0,00140383839607239
85,349182	0,000920489430427551
85,450522	0,00265650451183319
85,551994	0,00328749418258667
85,653557	0,00289298593997955
85,755082	0,00137598812580109
85,856577	-0,000496089458465576
85,958575	-0,00284558534622192
86,058624	-0,00468786060810089
86,159092	-0,0053664892911911
86,260555	-0,00492864847183228
86,360674	-0,0033031702041626
86,460743	-0,00136713683605194
86,561645	0,000590488314628601
86,662770	0,00269129872322083
86,764722	0,00330913066864014
86,864811	0,00307683646678925
86,966810	0,00172054767608643
87,067810	-0,000434026122093201
87,169318	-0,00242763757705688
87,269318	-0,00440660119056702
87,369585	-0,00531840324401855
87,469832	-0,00505401194095612
87,571308	-0,00357247889041901
87,671817	-0,00132761895656586
87,772385	0,000654891133308411
87,872890	0,00230908393859863
87,973938	0,00343090295791626
88,075886	0,00321131944656372
88,177398	0,00184276700019836
88,277428	-0,000330567359924316
88,377909	-0,00232741236686707
88,479899	-0,00405426323413849
88,579902	-0,00522555410861969
88,680417	-0,00508227944374084
88,780419	-0,00393699109554291
88,880919	-0,00179758667945862
88,980925	0,000589072704315186
89,082920	0,00220848619937897
89,183472	0,00328278541564941
89,285428	0,0031454861164093
89,385966	0,00210976600646973
89,486364	4,74750995635986E-5
89,586536	-0,00235563516616821
89,687047	-0,00407120585441589
89,787610	-0,0051473081111908
89,888118	-0,00521141290664673
89,990113	-0,00398313999176025
90,090158	-0,00224599242210388
90,190656	0,000161260366439819
90,292620	0,00216853618621826
90,393124	0,00316287577152252
90,493231	0,00323952734470367
90,594198	0,00208015739917755
90,694681	0,000417962670326233
90,795715	-0,00158636271953583
90,897233	-0,00411736965179443
90,999466	-0,00521376729011536
91,100738	-0,00531227886676788
91,200746	-0,00408251583576202
91,302696	-0,00232928991317749
91,404197	6,2987208366394E-5
91,505012	0,00179952383041382
91,606994	0,00308765470981598
91,707936	0,0031859278678894
91,809509	0,00233353674411774
91,910101	0,00041043758392334
92,012008	-0,00196649134159088
92,112514	-0,0037914514541626
92,212516	-0,00519539415836334
92,313519	-0,00530898571014404
92,415017	-0,00439435243606567
92,515248	-0,00236175954341888
92,616402	-0,000363484025001526
92,716434	0,00177977979183197
92,817405	0,00308765470981598
92,918498	0,00319109857082367
93,020471	0,0023466944694519
93,121977	0,000802963972091675
93,223002	-0,00154966115951538
93,323973	-0,0037665069103241
93,425125	-0,0050177276134491
93,527115	-0,00536884367465973
93,628076	-0,0043618381023407
93,730028	-0,00272181630134583
93,832027	4,41819429397583E-5
93,932530	0,00180140137672424
94,032530	0,00296446681022644
94,133033	0,00330677628517151
94,235073	0,00241205096244812
94,337035	0,000860795378684998
94,437538	-0,00146499276161194
94,538538	-0,00370904803276062
94,640044	-0,00498141348361969
94,741040	-0,00534102320671082
94,841041	-0,00437504053115845
94,941546	-0,0027274489402771
95,043542	-0,000750988721847534
95,145046	0,00180469453334808
95,246049	0,00300207734107971
95,347115	0,00337778031826019
95,448589	0,00267860293388367
95,550181	0,00092943012714386
95,651736	-0,00141370296478271
95,753348	-0,00333094596862793
95,854340	-0,00494983792304993
95,955843	-0,00535517930984497
96,055844	-0,00464969873428345
96,157349	-0,00279711186885834
96,259355	-0,000450938940048218
96,360856	0,00140184164047241
96,460967	0,00289911031723022
96,561893	0,00325222313404083
96,662432	0,00260432064533234
96,764358	0,000853747129440308
96,865864	-0,00145697593688965
96,965869	-0,00335542857646942
97,066867	-0,00477880239486694
97,168368	-0,00538675487041473
97,268380	-0,00464875996112823
97,368876	-0,00314781069755554
97,468878	-0,000804588198661804
97,570762	0,00143945217132568
97,671267	0,00277592241764069
97,773263	0,00337119400501251
97,873810	0,00270681083202362
97,975361	0,00133557617664337
98,077375	-0,000928744673728943
98,177893	-0,0032527893781662
98,279470	-0,00466901063919067
98,379984	-0,00530803203582764
98,481981	-0,00459504127502441
98,581982	-0,00311532616615295
98,683486	-0,00118932127952576
98,784485	0,00147189199924469
98,885035	0,002817302942276
98,986992	0,00339516997337341
99,088995	0,00276792049407959
99,189501	0,00139385461807251
99,291532	-0,000474452972412109
99,392011	-0,00318075716495514
99,492015	-0,00462330877780914
99,592832	-0,00528022646903992
99,693338	-0,0047919899225235
99,794865	-0,00312662124633789
99,896381	-0,00120061635971069
99,997417	0,00110852718353271
100,099445	0,00279051065444946
100,199875	0,00339424610137939
100,300876	0,0029606968164444
100,401380	0,00140044093132019
100,503376	-0,000465050339698792
100,603380	-0,00282770395278931
100,704920	-0,00463415682315826
100,806920	-0,005305215716362
100,908430	-0,00484476983547211
101,008436	-0,00354234874248505
101,108481	-0,00128011405467987
101,209252	0,000677928328514099
101,310436	0,00253003835678101
101,410934	0,00337213277816772
101,511479	0,00310316681861877
101,613342	0,00173981487751007
101,714445	-0,000440597534179688
101,814448	-0,00242012739181519
101,915987	-0,00439387559890747
102,015992	-0,00531888008117676
102,117167	-0,00505024194717407
102,217172	-0,00360403954982758
102,318458	-0,00136901438236237
102,419947	0,000567927956581116
102,519984	0,00241111218929291
102,620388	0,00320050120353699
102,722386	0,00301571190357208
102,822388	0,00196827948093414
102,924228	-0,000104397535324097
103,024412	-0,00248271226882935
103,125858	-0,00444474816322327
103,226893	-0,00530709326267242
103,328777	-0,00510960817337036
103,429324	-0,00397560000419617
103,530584	-0,00181593000888824
103,632078	0,000526547431945801
103,732079	0,00214831531047821
103,832120	0,00320002436637878
103,932581	0,00315630435943604
104,032581	0,00201058387756348
104,133132	-3,76105308532715E-5
104,234089	-0,00200413167476654
104,334093	-0,00408393144607544
104,434592	-0,00510773062705994
104,535595	-0,00515580177307129
104,636094	-0,00389553606510162
104,737136	-0,0021490752696991
104,839110	0,000219076871871948
104,940601	0,00221225619316101
105,040639	0,00316429138183594
105,141178	0,00322118401527405
105,242104	0,00206464529037476
105,344102	0,00039634108543396
105,445607	-0,00197213888168335
105,545977	-0,00378063321113586
105,647153	-0,00513505935668945
105,747156	-0,00522036850452423
105,848730	-0,00427092611789703
105,949287	-0,00224553048610687
106,051276	0,000111415982246399
106,152779	0,0018380731344223
106,252780	0,00308577716350555
106,354789	0,00315394997596741
106,455283	0,00226959586143494
106,555285	0,00034649670124054
106,655789	-0,00161363184452057
106,756785	-0,00381124019622803
106,858787	-0,00517511367797852
106,960290	-0,00527787208557129
107,061289	-0,00432369112968445
107,162794	-0,0026945024728775
107,262833	-0,000338092446327209
107,364805	0,00177554786205292
107,465299	0,00290945172309875
107,565620	0,00322964787483215
107,666329	0,00230249762535095
107,767329	0,000780880451202393
107,867897	-0,00156706571578979
107,969403	-0,00377592444419861
108,071399	-0,00499603152275085
108,172204	-0,0053311288356781
108,274282	-0,00432133674621582
108,376205	-0,00271569192409515
108,477751	-0,000335738062858582
108,579708	0,00179105997085571
108,681208	0,00294329226016998
108,781209	0,00326022505760193
108,881753	0,00233495235443115
108,982755	0,00081142783164978
109,084711	-0,00154024362564087
109,184838	-0,00376319885253906
109,285859	-0,0050351619720459
109,387019	-0,00544708967208862
109,489276	-0,00468315184116364
109,589643	-0,00282299518585205
109,690147	-0,000867143273353577
109,792144	0,00133557617664337
109,892322	0,00281870365142822
109,994227	0,00316335260868073
110,094230	0,00250089168548584
110,194289	0,000767707824707031
110,296286	-0,00116533041000366
110,396423	-0,00344535708427429
110,497466	-0,00508134067058563
110,598423	-0,00553712248802185
110,699923	-0,00483252108097076
110,799928	-0,00302305817604065
110,901471	-0,00106187164783478
111,002427	0,00115318596363068
111,102428	0,00250042974948883
111,203972	0,00309376418590546
111,305930	0,00247645378112793
111,407439	0,0011310875415802
111,508436	-0,00106704235076904
111,610343	-0,00328527390956879
111,711855	-0,00466994941234589
111,813812	-0,00526231527328491
111,913926	-0,00453756749629974
112,014888	-0,00307059288024902
112,115925	-0,000786721706390381
112,216393	0,0014009028673172
112,316394	0,00270916521549225
112,416896	0,00326116383075714
112,516896	0,00278721749782562
112,618893	0,00119736790657043
112,720400	-0,00066821277141571
112,820925	-0,00301505625247955
112,921469	-0,00481931865215302
113,022431	-0,00546076893806458
113,122471	-0,00502008199691772
113,223930	-0,0033789724111557
113,325252	-0,00149603188037872
113,426692	0,000772878527641296
113,526694	0,00245952606201172
113,628012	0,00304391980171204
113,728513	0,00264334678649902
113,828559	0,00111182034015656
113,929066	-0,000710532069206238
114,031016	-0,00265967845916748
114,132017	-0,00480613112449646
114,232520	-0,00544238090515137
114,333519	-0,00516663491725922
114,434067	-0,00368738174438477
114,536068	-0,00148427486419678
114,636572	0,0004386305809021
114,736573	0,00224563479423523
114,837572	0,0030406266450882
114,938125	0,00278955698013306
115,039085	0,00142394006252289
115,139578	-0,000703960657119751
115,240577	-0,00263473391532898
115,340578	-0,00452813506126404
115,442082	-0,00538581609725952
115,542175	-0,00508840382099152
115,642552	-0,00392332673072815
115,742552	-0,00177311897277832
115,842554	0,000562757253646851
115,944273	0,00213609635829926
116,044395	0,00313560664653778
116,144438	0,00291791558265686
116,244443	0,00183054804801941
116,345438	-0,000237464904785156
116,446942	-0,00259566307067871
116,546994	-0,00426574051380157
116,648448	-0,00535328686237335
116,749445	-0,00525006651878357
116,850448	-0,00393886864185333
116,951949	-0,00214859843254089
117,051986	0,000262334942817688
117,152074	0,00226067006587982
117,254071	0,00322777032852173
117,354077	0,00326256453990936
117,454258	0,00208061933517456
117,554264	0,000394463539123535
117,655443	-0,00200460851192474
117,756460	-0,00379380583763123
117,857018	-0,00515297055244446
117,957523	-0,00522084534168243
118,058129	-0,00426998734474182
118,159628	-0,00222954154014587
118,261585	0,000146210193634033
118,361633	0,00185310840606689
118,461786	0,00311163067817688
118,563276	0,00324517488479614
118,664847	0,00230439007282257
118,766781	0,000372827053070068
118,866784	-0,00159905850887299
118,967287	-0,00378203392028809
119,069283	-0,00514872372150421
119,169787	-0,00529390573501587
119,269787	-0,00427138805389404
119,369791	-0,00227001309394836
119,470296	-0,00040203332901001
119,572293	0,00142206251621246
119,673219	0,00224609673023224
119,773263	0,00192409753799438
119,874273	0,00070895254611969
119,974275	-0,00168609619140625
120,074322	-0,00455500185489655
120,175781	-0,00677701830863953
120,277777	-0,00858625769615173
120,377781	-0,00896809995174408
120,478811	-0,00808648765087128
120,580812	-0,00593128800392151
120,682311	-0,00325468182563782
120,782319	-0,00122414529323578
120,883316	0,000377058982849121
120,983433	0,000673696398735046
121,084434	-0,000130727887153625
121,184783	-0,00216177105903625
121,284805	-0,00483016669750214
121,386779	-0,00696432590484619
121,486854	-0,00853194296360016
121,588877	-0,009116530418396
121,690397	-0,00814789533615112
121,790527	-0,00635762512683868
121,892354	-0,00364217162132263
121,992544	-0,00112582743167877
122,092580	0,00030982494354248
122,193089	0,000818490982055664
122,295046	-7,85291194915771E-5
122,395046	-0,00175713002681732
122,496588	-0,00443626940250397
122,598677	-0,00710023939609528
122,700338	-0,00872661173343658
122,801341	-0,00937843322753906
122,902840	-0,00844547152519226
123,002844	-0,00664915144443512
123,102880	-0,00438398122787476
123,203349	-0,00131915509700775
123,304714	0,000195115804672241
123,406217	0,000808611512184143
123,506217	7,04824924468994E-6
123,606891	-0,00161175429821014
123,707967	-0,00378063321113586
123,809961	-0,0068831741809845
123,910431	-0,00848279893398285
124,010434	-0,00915244221687317
124,111432	-0,00849272310733795
124,213059	-0,0064755380153656
124,315016	-0,00421251356601715
124,416523	-0,00154824554920197
124,516563	0,000344142317771912
124,618521	0,000937893986701965
124,719024	0,000564634799957275
124,820032	-0,00148144364356995
124,921567	-0,00366196036338806
125,023523	-0,00640714168548584
125,123529	-0,00849178433418274
125,224093	-0,00916804373264313
125,326028	-0,008766770362854
125,426575	-0,00696904957294464
125,528528	-0,00434865057468414
125,629928	-0,0016898512840271
125,730447	-8,00192356109619E-6
125,831485	0,000862196087837219
125,931520	0,000485658645629883
126,033518	-0,00113852322101593
126,133519	-0,00363558530807495
126,234067	-0,00589922070503235
126,336028	-0,00810915231704712
126,437166	-0,00908200442790985
126,539166	-0,00869967043399811
126,641168	-0,0069110095500946
126,741670	-0,00430294871330261
126,841720	-0,00208649039268494
126,941794	-4,70280647277832E-5
127,042746	0,000770062208175659
127,142748	0,000456973910331726
127,244304	-0,00119215250015259
127,346252	-0,00327020883560181
127,446447	-0,00601381063461304
127,546447	-0,00790324807167053
127,647070	-0,00911936163902283
127,749025	-0,00876487791538239
127,851002	-0,00696763396263123
127,952407	-0,00479434430599213
128,052449	-0,00205166637897491
128,153983	2,67922878265381E-5
128,254482	0,0008687824010849
128,356481	0,000709891319274902
128,457055	-0,00106516480445862
128,558987	-0,00311768054962158
128,659490	-0,00541740655899048
128,760494	-0,00779086351394653
128,862490	-0,00905270874500275
128,964038	-0,00891327857971191
129,065839	-0,00700302422046661
129,166341	-0,00486220419406891
129,266341	-0,00259236991405487
129,366348	-0,000372409820556641
129,466844	0,000755026936531067
129,566844	0,000623390078544617
129,666959	-0,000760868191719055
129,766996	-0,0027279257774353
129,868955	-0,00545793771743774
129,969458	-0,00746415555477142
130,069501	-0,00891989469528198
130,169962	-0,00886128842830658
130,271962	-0,0076841413974762
130,371966	-0,00525194406509399
130,472469	-0,00251330435276031
130,573468	-0,000570386648178101
130,674972	0,000786051154136658
130,776973	0,000758782029151917
130,878984	-0,000286370515823364
130,979483	-0,0025448352098465
131,081495	-0,00526279211044312
131,181981	-0,00731971859931946
131,283977	-0,00880883634090424
131,385981	-0,00880032777786255
131,486484	-0,00763174891471863
131,588481	-0,00524488091468811
131,688985	-0,00254341959953308
131,790110	-0,000617891550064087
131,891002	0,000593304634094238
131,992501	0,000726357102394104
132,092507	-0,00033104419708252
132,192603	-0,00215518474578857
132,294596	-0,00530003011226654
132,395596	-0,0073598325252533
132,496102	-0,00869682431221008
132,598097	-0,00898370146751404
132,699605	-0,00772522389888763
132,801605	-0,00580114126205444
132,903600	-0,00310355424880981
133,005166	-0,000734999775886536
133,106180	0,00062716007232666
133,206735	0,000738576054573059
133,308683	-0,00040861964225769
133,408758	-0,00221776962280273
133,509195	-0,00489708781242371
133,610186	-0,00739286839962006
133,711477	-0,00873653590679169
133,811491	-0,00902387499809265
133,912477	-0,00806380808353424
134,014022	-0,0058416873216629
134,115019	-0,00313274562358856
134,217069	-0,00107456743717194
134,319003	0,000666648149490356
134,420512	0,000813782215118408
134,522511	-2,16364860534668E-5
134,622513	-0,00249777734279633
134,724010	-0,00473874807357788
134,825010	-0,00686806440353394
134,925514	-0,00859051942825317
135,025515	-0,00889343023300171
135,125518	-0,0079566091299057
135,226021	-0,00577002763748169
135,327019	-0,00306729972362518
135,428526	-0,00102847814559937
135,530525	0,00037752091884613
135,632519	0,000851869583129883
135,734497	2,06679105758667E-5
135,834571	-0,0016159862279892
135,935049	-0,00467607378959656
136,035684	-0,00679823756217957
136,137639	-0,00832311809062958
136,239059	-0,00884616374969482
136,339089	-0,00793583691120148
136,439248	-0,00618641078472137
136,541245	-0,00351928174495697
136,642282	-0,00104682147502899
136,742410	0,000358253717422485
136,843413	0,000881478190422058
136,943695	-3,29315662384033E-6
137,045688	-0,00163716077804565
137,145690	-0,003792405128479
137,246920	-0,00682136416435242
137,346921	-0,00836516916751862
137,448451	-0,00896432995796204
137,549421	-0,00798730552196503
137,650424	-0,00623452663421631
137,750598	-0,00401328504085541
137,851603	-0,00106704235076904
137,952717	0,000360608100891113
138,053716	0,000913918018341064
138,153717	0,000293374061584473
138,254221	-0,0015510767698288
138,355289	-0,00369444489479065
138,456726	-0,00631894171237946
138,558739	-0,00827068090438843
138,659722	-0,00888869166374207
138,760227	-0,0082111656665802
138,861273	-0,00622367858886719
138,962732	-0,00401376187801361
139,064729	-0,00144803524017334
139,164730	0,000346958637237549
139,265232	0,00089322030544281
139,365241	0,000471547245979309
139,466754	-0,00120250880718231
139,566754	-0,00372129678726196
139,666763	-0,00594072043895721
139,768257	-0,00808411836624146
139,870258	-0,00895769894123077
139,970434	-0,00851444900035858
140,072389	-0,00672133266925812
140,174392	-0,00411689281463623
140,274574	-0,00195285677909851
140,374576	2,72542238235474E-5
140,475692	0,000799685716629028
140,577692	0,00040009617805481
140,677788	-0,00125518441200256
140,778829	-0,00376744568347931
140,880789	-0,00599400699138641
140,981993	-0,00814126431941986
141,081996	-0,00897660851478577
141,182541	-0,00859524309635162
141,283498	-0,0068010687828064
141,383502	-0,00466147065162659
141,484620	-0,00202342867851257
141,584624	-0,000278845429420471
141,686129	0,000760197639465332
141,786787	0,000440046191215515
141,887822	-0,00119027495384216
141,988649	-0,00322265923023224
142,088652	-0,00588978826999664
142,190140	-0,00774316489696503
142,292140	-0,00887404382228851
142,394151	-0,00867463648319244
142,494639	-0,00707522034645081
142,594642	-0,00457337498664856
142,695145	-0,00234435498714447
142,795148	-0,000195622444152832
142,897143	0,000834941864013672
142,997650	0,000659599900245667
143,097947	-0,000782489776611328
143,199812	-0,00315392017364502
143,300807	-0,00541222095489502
143,402427	-0,00771152973175049
143,503945	-0,00888727605342865
143,604980	-0,00872093439102173
143,706177	-0,00716489553451538
143,806698	-0,00469446182250977
143,906700	-0,00246812403202057
144,007891	-0,000618353486061096
144,108907	0,000652074813842773
144,210366	0,00055946409702301
144,312328	-0,000558644533157349
144,412404	-0,00325749814510345
144,513832	-0,00552251935005188
144,613868	-0,00749483704566956
144,715835	-0,00891706347465515
144,817812	-0,00884900987148285
144,917842	-0,00765204429626465
145,018299	-0,005287766456604
145,118300	-0,00261873006820679
145,218820	-0,000761806964874268
145,319808	0,000409498810768127
145,419813	0,000472486019134521
145,521309	-0,000596717000007629
145,621348	-0,00240647792816162
145,721522	-0,00505682826042175
145,822159	-0,00746038556098938
145,922298	-0,00874409079551697
146,023220	-0,00892461836338043
146,125176	-0,0076104998588562
146,226679	-0,00566866993904114
146,326680	-0,0029854029417038
146,426725	-0,000680431723594666
146,527222	0,000505402684211731
146,629193	0,000693917274475098
146,730381	-0,000474929809570313
146,830381	-0,00228458642959595
146,930422	-0,00447961688041687
147,031883	-0,00699925422668457
147,131885	-0,00864815711975098
147,233094	-0,00892651081085205
147,334093	-0,00786404311656952
147,434102	-0,00562953948974609
147,535597	-0,00340864062309265
147,635601	-0,00097954273223877
147,736107	0,000541120767593384
147,836561	0,000806257128715515
147,937027	-0,000130727887153625
148,037595	-0,00180558860301971
148,139598	-0,00439529120922089
148,241097	-0,0069199800491333
148,342098	-0,00838500261306763
148,443600	-0,00886648893356323
148,545600	-0,00809356570243835
148,645603	-0,00560407340526581
148,746103	-0,0033704936504364
148,846103	-0,00129374861717224
148,946610	0,000422656536102295
149,046610	0,000876784324645996
149,147606	0,000200271606445313
149,248111	-0,00170302391052246
149,349111	-0,00429494678974152
149,449614	-0,00645290315151215
149,551614	-0,0082971453666687
149,652618	-0,00880128145217896
149,753108	-0,00804586708545685
149,853990	-0,00640147924423218
149,954624	-0,00380228459835052
150,056459	-0,00128951668739319
150,158083	0,000224724411964417
150,258092	0,000914379954338074
150,359091	0,000227555632591248
150,460153	-0,00127211213111877
150,560165	-0,00380182266235352
150,662152	-0,00639770925045013
150,764020	-0,00803641974925995
150,865735	-0,00881969928741455
150,967251	-0,00806286931037903
151,069317	-0,00643874704837799
151,171240	-0,00384232401847839
151,271793	-0,00131681561470032
151,372748	0,000198394060134888
151,474245	0,000898391008377075
151,574246	0,000219553709030151
151,674256	-0,00128622353076935
151,774890	-0,00334271788597107
151,875559	-0,00636470317840576
151,977067	-0,00800099968910217
152,078632	-0,00874221324920654
152,178656	-0,00799863040447235
152,280185	-0,00635620951652527
152,382136	-0,00419509410858154
152,483643	-0,00159294903278351
152,585746	0,000336155295372009
152,687644	0,0010601133108139
152,788145	0,000602245330810547
152,888146	-0,00109526515007019
152,988668	-0,00315722823143005
153,089757	-0,00580444931983948
153,189965	-0,0078711211681366
153,291232	-0,0086604505777359
153,392843	-0,00820125639438629
153,494341	-0,00637365877628326
153,594341	-0,00424596667289734
153,696133	-0,00165221095085144
153,796134	0,000267520546913147
153,897136	0,000968441367149353
153,998272	0,000543951988220215
154,098275	-0,000799417495727539
154,199339	-0,00322501361370087
154,300338	-0,00588743388652802
154,401337	-0,00770491361618042
154,502883	-0,00878237187862396
154,604841	-0,00835241377353668
154,706095	-0,00693461298942566
154,806116	-0,00444616377353668
154,908074	-0,00187475979328156
155,008347	-0,00020173192024231
155,108386	0,000754088163375854
155,209224	0,000513851642608643
155,311212	-0,000967323780059814
155,411784	-0,00292466580867767
155,513289	-0,00558662414550781
155,615344	-0,00780926644802094
155,715787	-0,0087956041097641
155,816480	-0,00859996676445007
155,918487	-0,00696149468421936
156,020024	-0,00489236414432526
156,121025	-0,00183147192001343
156,221578	-0,00012601912021637
156,322528	0,000797808170318604
156,422534	0,000661939382553101
156,523070	-0,000783428549766541
156,625033	-0,00271756947040558
156,725539	-0,00535424053668976
156,827532	-0,00758075714111328
156,927534	-0,00858579576015472
157,028050	-0,00854942202568054
157,130034	-0,00681333243846893
157,230537	-0,00476701557636261
157,330538	-0,00254766643047333
157,430542	-1,83433294296265E-5
157,531044	0,000902161002159119
157,631046	0,000878661870956421
157,731634	-0,000380873680114746
157,832470	-0,00265873968601227
157,934469	-0,00488576292991638
158,035976	-0,00725644826889038
158,137557	-0,00859241187572479
158,237912	-0,00858154892921448
158,339600	-0,00721257925033569
158,439604	-0,00482544302940369
158,540103	-0,00261308252811432
158,640103	-0,000688910484313965
158,741606	0,000844806432723999
158,841607	0,000836819410324097
158,943615	-0,000114738941192627
159,044110	-0,00267472863197327
159,146109	-0,00488576292991638
159,246531	-0,00691525638103485
159,346895	-0,00860753655433655
159,448891	-0,00861084461212158
159,550626	-0,00756281614303589
159,652614	-0,00529861450195313
159,753122	-0,00263755023479462
159,853362	-0,000687494874000549
159,953857	0,000755026936531067
160,055876	0,000883355736732483
160,155902	-5,83082437515259E-5
160,257360	-0,00217823684215546
160,357610	-0,00482168793678284
160,459168	-0,00687325000762939
160,559183	-0,00828863680362701
160,661147	-0,00863541662693024
160,761807	-0,00762796401977539
160,863696	-0,00582754611968994
160,964241	-0,0031944215297699
161,064284	-0,000824809074401855
161,166240	0,000475302338600159
161,266744	0,000860795378684998
161,366745	-0,000127434730529785
161,467287	-0,00179806351661682
161,567290	-0,00437739491462708
161,669279	-0,00683976709842682
161,769791	-0,0082404613494873
161,871516	-0,00865289568901062
161,972020	-0,0075458288192749
162,072591	-0,00574833154678345
162,172628	-0,00355695188045502
162,274104	-0,000726997852325439
162,376095	0,00057026743888855
162,476599	0,000986769795417786
162,578596	0,000220030546188354
162,678611	-0,00171525776386261
162,779177	-0,00431379675865173
162,881142	-0,00642696022987366
162,981606	-0,00822770595550537
163,081609	-0,00869636237621307
163,181647	-0,00786876678466797
163,282114	-0,00580680370330811
163,384163	-0,00361862778663635
163,484615	-0,00115075707435608
163,586615	0,000509157776832581
163,687032	0,000931769609451294
163,787122	0,000181466341018677
163,887653	-0,00135254859924316
163,989194	-0,00388705730438232
164,090734	-0,00644251704216003
164,190734	-0,00804349780082703
164,292240	-0,00874976813793182
164,394242	-0,00792732834815979
164,495324	-0,00627365708351135
164,595325	-0,00368031859397888
164,695367	-0,00121566653251648
164,796867	0,000259518623352051
164,898834	0,000897452235221863
164,999414	0,000388815999031067
165,101335	-0,00135302543640137
165,201382	-0,00387857854366302
165,302836	-0,00603125989437103
165,402837	-0,00802981853485107
165,503341	-0,00873512029647827
165,604209	-0,00819559395313263
165,704290	-0,00631658732891083
165,805806	-0,00417530536651611
165,907787	-0,00163716077804565
166,009289	0,000213444232940674
166,109859	0,000839173793792725
166,209902	0,00035683810710907
166,311363	-0,00138595700263977
166,411363	-0,00345806777477264
166,512865	-0,00606143474578857
166,613870	-0,00808365643024445
166,713913	-0,00878095626831055
166,815374	-0,0084497332572937
166,915405	-0,00676426291465759
167,015505	-0,00424925982952118
167,115507	-0,00208884477615356
167,215588	-6,77108764648438E-5
167,315631	0,000752672553062439
167,417592	0,000503048300743103
167,519093	-0,00104492902755737
167,621137	-0,003470778465271
167,722594	-0,00568279623985291
167,822830	-0,00785459578037262
167,923427	-0,00883530080318451
168,024478	-0,00853005051612854
168,126123	-0,00686287879943848
168,227624	-0,00436514616012573
168,327664	-0,00219753384590149
168,428676	-0,000441551208496094
168,530130	0,000720232725143433
168,632125	0,000439584255218506
168,732671	-0,00076979398727417
168,834631	-0,00350987911224365
168,934641	-0,00572475790977478
169,035135	-0,00759869813919067
169,135138	-0,00884002447128296
169,235681	-0,00860470533370972
169,336853	-0,00729751586914063
169,438643	-0,00489848852157593
169,540146	-0,00227518379688263
169,642143	-0,000511616468429565
169,742652	0,0006304532289505
169,843138	0,000425487756729126
169,944529	-0,000751465559005737
170,045037	-0,00260460376739502
170,146604	-0,00567479431629181
170,247582	-0,00755149126052856
170,349109	-0,00869730114936829
170,449126	-0,00857114791870117
170,549616	-0,00727581977844238
170,649617	-0,00531698763370514
170,750121	-0,00267943739891052
170,850421	-0,000502675771713257
170,952446	0,00054582953453064
171,053932	0,000562280416488647
171,155924	-0,000732645392417908
171,257427	-0,00258436799049377
171,357427	-0,00521376729011536
171,457432	-0,00751419365406036
171,558498	-0,00867179036140442
171,659499	-0,00879371166229248
171,760642	-0,00727155804634094
171,862000	-0,00530757009983063
171,962004	-0,00308848917484283
172,063504	-0,000455647706985474
172,165515	0,000619158148765564
172,266006	0,000760674476623535
172,366009	-0,000296235084533691
172,467076	-0,00244036316871643
172,567578	-0,00462755560874939
172,667578	-0,00705870985984802
172,769085	-0,00854232907295227
172,869123	-0,00866660475730896
172,971083	-0,00747501850128174
173,071589	-0,0051916241645813
173,171603	-0,00298586487770081
173,272092	-0,000995069742202759
173,374090	0,000724464654922485
173,474602	0,000857502222061157
173,576613	6,44028186798096E-5
173,678599	-0,00234812498092651
173,778774	-0,00453661382198334
173,879698	-0,00662791728973389
173,980808	-0,00835618376731873
174,081818	-0,00869446992874146
174,182373	-0,00783193111419678
174,282881	-0,00570732355117798
174,383885	-0,00308190286159515
174,485433	-0,00109007954597473
174,587386	0,000475779175758362
174,687424	0,000769123435020447
174,787893	-1,41263008117676E-5
174,887930	-0,00200507044792175
174,988434	-0,0045856237411499
175,090394	-0,00667509436607361
175,192390	-0,00839728116989136
175,293897	-0,00878661870956421
175,393900	-0,00788435339927673
175,495403	-0,00579501688480377
175,595410	-0,00363039970397949
175,697403	-0,00118839740753174
175,797955	0,00039304792881012
175,899697	0,000755488872528076
176,000201	-8,41766595840454E-5
176,102234	-0,00204931199550629
176,204200	-0,00418896973133087
176,304338	-0,00672087073326111
176,404375	-0,00843366980552673
176,504839	-0,00885042548179626
176,606836	-0,00795046985149384
176,706838	-0,00623875856399536
176,807345	-0,00363841652870178
176,909338	-0,00156283378601074
177,010881	0,00023554265499115
177,112846	0,000809550285339355
177,213844	0,000254347920417786
177,314422	-0,00190815329551697
177,416344	-0,0040467232465744
177,516847	-0,00618688762187958
177,616849	-0,00811387598514557
177,716889	-0,00875213742256165
177,817355	-0,00811576843261719
177,917852	-0,00622226297855377
178,018643	-0,00365301966667175
178,119651	-0,00158730149269104
178,221249	0,000191345810890198
178,321750	0,00076630711555481
178,421788	0,000191345810890198
178,522250	-0,00121991336345673
178,622276	-0,00365112721920013
178,724255	-0,00622226297855377
178,824759	-0,00793677568435669
178,926786	-0,0088343620300293
179,027266	-0,00824281573295593
179,127302	-0,00672370195388794
179,227644	-0,00420874357223511
179,329106	-0,0017067939043045
179,431147	-0,000107675790786743
179,531361	0,000732451677322388
179,633314	0,000221908092498779
179,734332	-0,00116533041000366
179,834883	-0,00313510000705719
179,935177	-0,00611802935600281
180,036729	-0,00780785083770752
180,138741	-0,00865620374679565
180,239226	-0,00813795626163483
180,340183	-0,00663264095783234
180,440229	-0,00458891689777374
180,540502	-0,00203707814216614
180,641499	-8,37147235870361E-5
180,742617	0,000682622194290161
180,844618	0,000395864248275757
180,945620	-0,0011686235666275
181,046216	-0,00313745439052582
181,147163	-0,00574362277984619
181,247672	-0,00784610211849213
181,348478	-0,00870345532894135
181,450474	-0,00854988396167755
181,551588	-0,00670906901359558
181,653581	-0,00466617941856384
181,755091	-0,00210060179233551
181,857086	-0,000139191746711731
181,958543	0,000650197267532349
182,060042	0,00038456916809082
182,160054	-0,00115874409675598
182,261548	-0,0031106173992157
182,362546	-0,00571534037590027
182,462549	-0,00753119587898254
182,564049	-0,00871148705482483
182,664103	-0,00856500864028931
182,764560	-0,00709694623947144
182,866557	-0,00472037494182587
182,968558	-0,00216270983219147
183,069115	-0,000458002090454102
183,171068	0,000595659017562866
183,271342	0,000460267066955566
183,372889	-0,000867143273353577
183,472923	-0,00314120948314667
183,574388	-0,00530567765235901
183,675649	-0,0075552761554718
183,777155	-0,00873464345932007
183,878150	-0,00859524309635162
183,979532	-0,00713752210140228
184,081527	-0,00517606735229492
184,183524	-0,00219094753265381
184,284047	-0,000480562448501587
184,385068	0,000496938824653625
184,485082	0,000465437769889832
184,586531	-0,000854909420013428
184,686531	-0,0027109831571579
184,788034	-0,00530286133289337
184,890042	-0,00755101442337036
184,992040	-0,00863541662693024
185,093234	-0,00860705971717834
185,195232	-0,00748586654663086
185,296735	-0,00522226095199585
185,398739	-0,00263567268848419
185,500242	-0,000504076480865479
185,600246	0,000484704971313477
185,702241	0,00046074390411377
185,802288	-0,000871837139129639
185,902560	-0,00272886455059052
186,003540	-0,00531794130802155
186,105535	-0,00758972764015198
186,206099	-0,00868880748748779
186,307609	-0,00867746770381927
186,409604	-0,00757792592048645
186,510155	-0,00530615448951721
186,611836	-0,00271663069725037
186,712815	-0,000866204500198364
186,814316	0,000440984964370728
186,914316	0,000448048114776611
187,014826	-0,000548303127288818
187,116824	-0,00266578793525696
187,217820	-0,00524017214775085
187,319322	-0,00717338919639587
187,419327	-0,00859996676445007
187,519904	-0,00871290266513824
187,621828	-0,00749342143535614
187,721867	-0,00521895289421082
187,822406	-0,0026276707649231
187,923034	-0,000771209597587585
188,024312	0,000413715839385986
188,125313	0,000658184289932251
188,225939	-0,000428378582000732
188,327440	-0,00216270983219147
188,427484	-0,00473545491695404
188,528500	-0,00713704526424408
188,629496	-0,008440762758255
188,731537	-0,00873936712741852
188,832999	-0,00756564736366272
188,934999	-0,00575022399425507
189,036501	-0,00317558646202087
189,136502	-0,000906646251678467
189,236502	0,000277385115623474
189,338044	0,00055287778377533
189,440006	-0,000499844551086426
189,541536	-0,00219611823558807
189,643532	-0,00429965555667877
189,743574	-0,00712667405605316
189,845040	-0,00842516124248505
189,945581	-0,00876960158348083
190,047247	-0,00753827393054962
190,148330	-0,0057181715965271
190,248859	-0,00357154011726379
190,350369	-0,000871837139129639
190,451357	0,000333800911903381
190,552844	0,000666648149490356
190,654840	-0,000180572271347046
190,755906	-0,00214248895645142
190,855910	-0,00426340103149414
190,957905	-0,00673359632492065
191,059423	-0,00840955972671509
191,159465	-0,00880315899848938
191,260686	-0,0078909695148468
191,362701	-0,00581011176109314
191,464651	-0,00365585088729858
191,564709	-0,00127869844436646
191,665713	0,000257164239883423
191,766813	0,000596135854721069
191,868320	-0,000231340527534485
191,970282	-0,00177736580371857
192,071785	-0,00426292419433594
192,173377	-0,00671520829200745
192,273868	-0,00818377733230591
192,375867	-0,00874125957489014
192,476866	-0,00782154500484467
192,578433	-0,00614915788173676
192,680371	-0,00315862894058228
192,780744	-0,00120061635971069
192,882628	0,000184297561645508
192,982670	0,000702843070030212
193,083403	-0,000120371580123901
193,185135	-0,00168091058731079
193,285647	-0,004182368516922
193,385695	-0,00665999948978424
193,487647	-0,00815308094024658
193,588184	-0,00875024497509003
193,690146	-0,00785601139068604
193,790655	-0,00619065761566162
193,892650	-0,00407356023788452
193,993996	-0,00124859809875488
194,094113	0,000133514404296875
194,196107	0,000671818852424622
194,297620	-0,000128373503684998
194,399660	-0,00167620182037354
194,501621	-0,00418190658092499
194,603124	-0,00629489123821259
194,705120	-0,00820079445838928
194,805193	-0,00881166756153107
194,905228	-0,00817763805389404
195,005237	-0,00628450512886047
195,106778	-0,00373446941375732
195,208704	-0,0016983300447464
195,309201	7,19279050827026E-5
195,410246	0,000633746385574341
195,511713	8,79168510437012E-5
195,611715	-0,00165879726409912
195,713766	-0,00370198488235474
195,814761	-0,00622367858886719
195,915760	-0,00812426209449768
196,016154	-0,00874032080173492
196,118122	-0,00813323259353638
196,218687	-0,00662083923816681
196,320311	-0,00414422154426575
196,420314	-0,00166915357112885
196,520813	-0,000118494033813477
196,621817	0,000663831830024719
196,722812	0,000129282474517822
196,823321	-0,00125235319137573
196,924316	-0,00363935530185699
197,025867	-0,00618499517440796
197,127828	-0,00785130262374878
197,227831	-0,00872376561164856
197,328332	-0,00813087821006775
197,428336	-0,00663453340530396
197,528840	-0,00460729002952576
197,628841	-0,00207000970840454
197,728841	-0,000149533152580261
197,829348	0,000606939196586609
197,929388	0,000295251607894897
198,029773	-0,00126975774765015
198,129788	-0,00322878360748291
198,231316	-0,00581246614456177
198,331821	-0,00761522352695465
198,431821	-0,00875261425971985
198,532331	-0,00843225419521332
198,633336	-0,00710779428482056
198,733383	-0,0047147274017334
198,834836	-0,00217589735984802
198,936832	-0,000491857528686523
199,037335	0,000551000237464905
199,137339	0,0004071444272995
199,239342	-0,000928282737731934
199,340918	-0,00318735837936401
199,441916	-0,00533537566661835
199,542418	-0,00752647221088409
199,642423	-0,00857965648174286
199,744419	-0,0085168182849884
199,845925	-0,00704455375671387
199,947057	-0,00467796623706818
200,048075	-0,00253541767597198
200,148137	-0,000447183847427368
200,249652	0,000505402684211731
200,350154	0,000435829162597656
200,452152	-0,000608950853347778
200,553711	-0,00322124361991882
200,655703	-0,00538769364356995
200,757668	-0,00731310248374939
200,859211	-0,00880458950996399
200,961163	-0,00867226719856262
201,061708	-0,00756376981735229
201,163706	-0,00486361980438232
201,263709	-0,00270909070968628
201,364173	-0,00088171660900116
201,464177	0,000414669513702393
201,564677	0,000388339161872864
201,665789	-0,000615060329437256
201,767267	-0,00275897979736328
201,868200	-0,00534245371818542
201,970815	-0,00726824998855591
202,072572	-0,008670374751091
202,174534	-0,0086505264043808
202,275341	-0,00756187736988068
202,377303	-0,00532123446464539
202,479301	-0,00276604294776917
202,579339	-0,000934392213821411
202,679345	0,00036388635635376
202,781081	0,000368118286132813
202,881639	-0,000631064176559448
202,981640	-0,0027608722448349
203,082098	-0,00489990413188934
203,184095	-0,00725692510604858
203,285601	-0,00868171453475952
203,385646	-0,00879843533039093
203,487605	-0,00760436058044434
203,588928	-0,00533914566040039
203,690922	-0,00318217277526855
203,790987	-0,000929221510887146
203,891031	0,000241652131080627
203,991288	0,000489890575408936
204,092879	-0,000568047165870667
204,193962	-0,00269120931625366
204,294509	-0,00481554865837097
204,395556	-0,00718614459037781
204,497514	-0,0084785521030426
204,597687	-0,00876110792160034
204,697728	-0,00789946317672729
204,797849	-0,00580538809299469
204,897896	-0,00326597690582275
204,998849	-0,00132715702056885
205,099059	0,000173479318618774
205,199122	0,000483304262161255
205,300611	-0,000377118587493896
205,402564	-0,00233541429042816
205,503584	-0,00441978871822357
205,605112	-0,00688080489635468
205,707071	-0,00850972533226013
205,808578	-0,00882631540298462
205,910574	-0,00794810056686401
206,011498	-0,00626234710216522
206,113530	-0,00330692529678345
206,214412	-0,00134691596031189
206,314493	-5,18560409545898E-6
206,414503	0,000504940748214722
206,515582	-0,000315994024276733
206,617005	-0,0018700510263443
206,717023	-0,00476418435573578
206,817585	-0,00677323341369629
206,919509	-0,0082201361656189
207,019517	-0,00877434015274048
207,120013	-0,00785130262374878
207,220017	-0,00620102882385254
207,320649	-0,00365066528320313
207,422567	-0,00128151476383209
207,524528	6,48647546768188E-5
207,624959	0,000585779547691345
207,726955	-0,00025862455368042
207,828462	-0,0018126368522644
207,928502	-0,00385692715644836
208,029791	-0,0067557692527771
208,131014	-0,00823526084423065
208,231017	-0,00881120562553406
208,332872	-0,00791552662849426
208,434856	-0,00625385344028473
208,535995	-0,00414657592773438
208,636955	-0,00171054899692535
208,738951	3,47793102264404E-5
208,839432	0,000583440065383911
208,941427	3,27825546264648E-6
209,042940	-0,00174160301685333
209,142949	-0,00378015637397766
209,242974	-0,00629536807537079
209,343048	-0,00815355777740479
209,445090	-0,00875449180603027
209,546204	-0,00811387598514557
209,648200	-0,00622226297855377
209,749818	-0,00413572788238525
209,850357	-0,00168561935424805
209,952320	5,03063201904297E-5
210,053943	0,000580132007598877
210,155945	1,12801790237427E-5
210,257026	-0,00138407945632935
210,357443	-0,00378486514091492
210,458443	-0,00629016757011414
210,558534	-0,00794622302055359
210,659528	-0,00878709554672241
210,759530	-0,0081733763217926
210,860757	-0,00668546557426453
210,961754	-0,00422053039073944
211,062831	-0,00214436650276184
211,164954	-0,000242158770561218
211,266828	0,00054207444190979
211,368332	-7,06315040588379E-6
211,468334	-0,00139583647251129
211,569519	-0,0033365935087204
211,669519	-0,00589215755462646
211,769567	-0,0079471617937088
211,871022	-0,00875873863697052
211,971031	-0,008421391248703
212,071941	-0,00671897828578949
212,172938	-0,00470294058322906
212,272982	-0,00219941139221191
212,374575	-0,000281199812889099
212,476572	0,000448048114776611
212,577076	0,000141039490699768
212,677082	-0,00141841173171997
212,778149	-0,00335448980331421
212,878580	-0,00592279434204102
212,978581	-0,00769075751304626
213,080099	-0,0087956041097641
213,180129	-0,0086321085691452
213,280135	-0,00714555382728577
213,380594	-0,00480660796165466
213,480634	-0,00266578793525696
213,581139	-0,000622585415840149
213,683118	0,000389754772186279
213,783617	0,000246345996856689
213,885605	-0,00110654532909393
213,987600	-0,00335589051246643
214,091923	-0,00552958250045776
214,192373	-0,00770020484924316
214,293135	-0,00884805619716644
214,393135	-0,00868596136569977
214,494136	-0,00757130980491638
214,595259	-0,00492110848426819
214,696264	-0,0027862936258316
214,796391	-0,00104257464408875
214,897392	0,000289604067802429
214,998397	0,000131160020828247
215,099595	-0,000885948538780212
215,201563	-0,00343076884746552
215,302075	-0,00558993220329285
215,403073	-0,00744479894638062
215,503080	-0,00881734490394592
215,604318	-0,00872188806533813
215,705273	-0,00762656331062317
215,805777	-0,00536130368709564
215,905777	-0,002818763256073
216,005807	-0,001047283411026
216,107087	9,21487808227539E-5
216,208470	0,000151380896568298
216,309508	-0,000817283987998962
216,409511	-0,00256459414958954
216,511506	-0,00550319254398346
216,612014	-0,00738391280174255
216,712140	-0,0086127370595932
216,812520	-0,00879134237766266
216,912520	-0,00760671496391296
217,012560	-0,00575634837150574
217,113024	-0,00323255360126495
217,213067	-0,00100496411323547
217,314527	0,000118941068649292
217,414527	0,000385046005249023
217,514579	-0,000496566295623779
217,616037	-0,00250484049320221
217,718031	-0,0045597106218338
217,818541	-0,00701341032981873
217,920541	-0,00857210159301758
218,021875	-0,00891090929508209
218,123654	-0,00768272578716278
218,225656	-0,00584357976913452
218,326265	-0,00374530255794525
218,426310	-0,00108538568019867
218,528265	3,99500131607056E-5
218,629473	0,000369057059288025
218,729473	-0,000493735074996948
218,829643	-0,00242717564105988
218,929703	-0,00450223684310913
219,029733	-0,00653828680515289
219,130783	-0,00847524404525757
219,230785	-0,00881166756153107
219,331412	-0,00810207426548004
219,433334	-0,00578416883945465
219,534294	-0,00366854667663574
219,635843	-0,00167573988437653
219,736789	0,000141516327857971
219,837035	0,000454634428024292
219,937040	-0,000191375613212585
220,038646	-0,00193214416503906
220,139138	-0,00438539683818817
220,239139	-0,00642223656177521
220,339229	-0,008230060338974
220,439281	-0,00874646008014679
220,541217	-0,00803594291210175
220,642718	-0,00652129948139191
220,743720	-0,00362946093082428
220,845220	-0,00167009234428406
220,945220	-0,000161275267601013
221,045729	0,000535011291503906
221,145773	-6,16014003753662E-5
221,247763	-0,00147297978401184
221,348280	-0,00385786592960358
221,450235	-0,00631329417228699
221,550736	-0,00792638957500458
221,650780	-0,00870250165462494
221,752736	-0,00805152952671051
221,853261	-0,00653545558452606
221,955239	-0,00451354682445526
222,055738	-0,00168468058109283
222,157469	-0,000190913677215576
222,259434	0,000513851642608643
222,360501	-5,78463077545166E-5
222,460502	-0,00145134329795837
222,562042	-0,00379851460456848
222,662054	-0,00625385344028473
222,764072	-0,00786027312278748
222,864513	-0,00860658288002014
222,966511	-0,00822770595550537
223,067061	-0,00650385022163391
223,169018	-0,00450317561626434
223,269053	-0,00202813744544983
223,369563	-0,000168800354003906
223,471522	0,000522315502166748
223,572022	0,000173002481460571
223,673074	-0,00141511857509613
223,773074	-0,00333046913146973
223,874526	-0,0058600902557373
223,975527	-0,00784137845039368
224,076976	-0,00861604511737823
224,178952	-0,00823526084423065
224,279897	-0,00651846826076508
224,379971	-0,00452955067157745
224,479971	-0,00203049182891846
224,580476	-0,000428855419158936
224,681450	0,000529378652572632
224,781477	0,000175356864929199
224,881963	-0,0010552853345871
224,982949	-0,00330692529678345
225,084455	-0,00542446970939636
225,184457	-0,00754347443580627
225,285025	-0,00861415266990662
225,386526	-0,00839397311210632
225,488521	-0,00691336393356323
225,590176	-0,00454981625080109
225,690176	-0,00245118141174316
225,790178	-0,000433087348937988
225,891676	0,000538304448127747
225,991681	0,000350728631019592
226,092499	-0,00100590288639069
226,192533	-0,00285641849040985
226,294498	-0,00538769364356995
226,396003	-0,00753921270370483
226,496041	-0,00853288173675537
226,596506	-0,00843650102615356
226,698570	-0,0072866678237915
226,799503	-0,00504034757614136
226,900015	-0,00252647697925568
227,000051	-0,000783905386924744
227,101506	0,000407621264457703
227,201507	0,000322043895721436
227,301508	-0,000713363289833069
227,402010	-0,00283993780612946
227,504010	-0,00495079159736633
227,605608	-0,00720596313476563
227,706606	-0,00852154195308685
227,807106	-0,00853477418422699
227,907110	-0,0072772353887558
228,009111	-0,00502762198448181
228,110517	-0,00291949510574341
228,212346	-0,000750988721847534
228,313935	0,000461205840110779
228,415466	0,000492244958877563
228,515530	-0,000631988048553467
228,616972	-0,00275662541389465
228,717009	-0,00484712421894073
228,817473	-0,00712715089321136
228,917522	-0,00833021104335785
229,019469	-0,00851823389530182
229,120022	-0,007573202252388
229,221043	-0,00546737015247345
229,322526	-0,0029524564743042
229,424522	-0,00109197199344635
229,524522	0,000306069850921631
229,625757	0,000480011105537415
229,725760	-0,000377580523490906
229,825919	-0,00235471129417419
229,926924	-0,00484947860240936
230,028922	-0,00678597390651703
230,129176	-0,00833021104335785
230,230799	-0,00852012634277344
230,331307	-0,00758783519268036
230,431565	-0,00588837265968323
230,532129	-0,00338086485862732
230,633722	-0,00110842287540436
230,735630	0,000166893005371094
230,836134	0,000505402684211731
230,936138	-0,000325396656990051
231,036176	-0,001911461353302
231,137767	-0,00436089932918549
231,239741	-0,00672605633735657
231,341244	-0,00809593498706818
231,441323	-0,00853855907917023
231,543247	-0,00755810737609863
231,643751	-0,00585207343101501
231,743759	-0,00336295366287231
231,844295	-0,00105762481689453
231,946254	0,000218614935874939
232,046452	0,000662416219711304
232,147022	-0,000233694911003113
232,249060	-0,0018121749162674
232,350503	-0,00384137034416199
232,450508	-0,00664915144443512
232,550517	-0,00803075730800629
232,651061	-0,00853335857391357
232,753055	-0,00755384564399719
232,853511	-0,00590817630290985
232,953514	-0,00386115908622742
233,053518	-0,00150966644287109
233,154056	8,46236944198608E-5
233,256016	0,000529378652572632
233,356524	6,72191381454468E-5
233,458524	-0,0019269734621048
233,558563	-0,00393980741500854
233,660029	-0,00601664185523987
233,761026	-0,00815449655056
233,861533	-0,00865714251995087
233,963539	-0,00814694166183472
234,066038	-0,00600814819335938
234,166236	-0,0039365142583847
234,268083	-0,00191569328308105
234,368553	6,2987208366394E-5
234,470133	0,000518560409545898
234,570632	6,15864992141724E-5
234,670632	-0,00156000256538391
234,770643	-0,00392520427703857
234,871194	-0,00599919259548187
234,972135	-0,00790466368198395
235,073639	-0,00866186618804932
235,173643	-0,00816912949085236
235,275638	-0,0068105012178421
235,376144	-0,0040038526058197
235,476145	-0,00196555256843567
235,576644	-0,000389337539672852
235,678073	0,000536426901817322
235,778108	9,54419374465942E-5
235,879656	-0,00115028023719788
235,980224	-0,00343264639377594
236,081728	-0,00589969754219055
236,183063	-0,00759208202362061
236,285028	-0,00856973230838776
236,385530	-0,00812992453575134
236,487526	-0,0067656934261322
236,588070	-0,00439339876174927
236,690031	-0,00195850431919098
236,790034	-0,000374764204025269
236,890535	0,000523731112480164
236,990538	0,000140577554702759
237,091037	-0,00110512971878052
237,192083	-0,0033615380525589
237,294084	-0,00584499537944794
237,394583	-0,00753544270992279
237,496541	-0,00853429734706879
237,598046	-0,0082683265209198
237,700044	-0,00674633681774139
237,800045	-0,00439999997615814
237,900549	-0,00233918428421021
238,000596	-0,000368654727935791
238,101052	0,000486597418785095
238,202916	0,000315457582473755
238,304915	-0,00108161568641663
238,405006	-0,00294114649295807
238,506962	-0,00544284284114838
238,607459	-0,00755669176578522
238,707460	-0,00851020216941833
238,807465	-0,00834675133228302
238,907963	-0,00716772675514221
239,007967	-0,00491075217723846
239,109105	-0,00244930386543274
239,210106	-0,000732168555259705
239,312099	0,000395402312278748
239,413605	0,000267043709754944
239,513608	-0,000814929604530334
239,615107	-0,00295904278755188
239,715143	-0,00505824387073517
239,817118	-0,00728903710842133
239,917652	-0,00854092836380005
240,019608	-0,00840578973293304
240,120117	-0,00724843144416809
240,220377	-0,00503703951835632
240,321407	-0,00295856595039368
240,422922	-0,000873252749443054
240,523879	0,000154197216033936
240,625383	0,000228017568588257
240,725385	-0,000958383083343506
240,825428	-0,00269496440887451
240,926192	-0,0051826536655426
241,026194	-0,00740325450897217
241,127693	-0,00854092836380005
241,228753	-0,00863587856292725
241,330246	-0,0073513388633728
241,432197	-0,00550650060176849
241,532239	-0,00301271677017212
241,632708	-0,000884532928466797
241,734707	0,000165492296218872
241,835264	0,000272214412689209
241,937212	-0,000892072916030884
242,039208	-0,00262108445167542
242,139336	-0,00470010936260223
242,239512	-0,00702850520610809
242,339984	-0,00849083065986633
242,441554	-0,00868408381938934
242,541558	-0,00760766863822937
242,642059	-0,00549328327178955
242,742061	-0,00339215993881226
242,842573	-0,00115592777729034
242,942605	0,000219076871871948
243,042609	0,000419363379478455
243,143071	-0,000521481037139893
243,243924	-0,00212648510932922
243,344943	-0,0045851469039917
243,446952	-0,00657320022583008
243,548943	-0,00824849307537079
243,650608	-0,00861130654811859
243,750608	-0,00784185528755188
243,852113	-0,00584971904754639
243,954109	-0,00336578488349915
244,056108	-0,00144992768764496
244,156488	0,000246345996856689
244,257536	0,000437706708908081
244,359040	-0,000256270170211792
244,459975	-0,00208884477615356
244,560990	-0,00452530384063721
244,661492	-0,00652271509170532
244,761532	-0,00819842517375946
244,862088	-0,00861462950706482
244,963524	-0,00784090161323547
245,063529	-0,00626564025878906
245,164063	-0,00340110063552856
245,266024	-0,00147721171379089
245,366527	-9,63956117630005E-5
245,466537	0,000455573201179504
245,568540	-0,000243097543716431
245,669031	-0,00171807408332825
245,771031	-0,00453473627567291
245,871531	-0,00652223825454712
245,973531	-0,00802509486675262
246,073575	-0,0086798369884491
246,174518	-0,00790797173976898
246,274588	-0,00634065270423889
246,375665	-0,00432227551937103
246,477351	-0,00156565010547638
246,579303	-0,000186681747436523
246,680807	0,000400573015213013
246,782802	-0,000311285257339478
246,883309	-0,00177359580993652
246,984314	-0,00414516031742096
247,086308	-0,00658310949802399
247,187849	-0,00808554887771606
247,289808	-0,00876818597316742
247,390316	-0,008230060338974
247,492314	-0,00646564364433289
247,592820	-0,00403259694576263
247,694828	-0,00202484428882599
247,794869	-0,000263795256614685
247,895319	0,000364825129508972
247,995319	-0,000109091401100159
248,095827	-0,00171807408332825
248,196644	-0,00406745076179504
248,297410	-0,00610765814781189
248,397913	-0,00798210501670837
248,499510	-0,00863541662693024
248,601014	-0,00810395181179047
248,701369	-0,0063231885433197
248,802008	-0,00430954992771149
248,903554	-0,00189357995986938
249,005516	-0,000353142619132996
249,107043	0,000486120581626892
249,208017	3,14861536026001E-5
249,308018	-0,00126835703849792
249,409334	-0,00354234874248505
249,510333	-0,00601851940155029
249,611844	-0,00765016674995422
249,713839	-0,00860185921192169
249,813890	-0,0080982893705368
249,915341	-0,00671142339706421
250,015382	-0,00434865057468414
250,115845	-0,00191663205623627
250,216042	-0,000374287366867065
250,316598	0,000500231981277466
250,418098	5,5462121963501E-5
250,518663	-0,00120861828327179
250,620167	-0,00308471918106079
250,722201	-0,0059487372636795
250,823254	-0,0076005756855011
250,924672	-0,00848232209682465
251,024715	-0,00806616246700287
251,125216	-0,00670813024044037
251,225506	-0,00476276874542236
251,327248	-0,00231894850730896
251,427677	-0,000389337539672852
251,529679	0,000417962670326233
251,630224	0,000217199325561523
251,732183	-0,00120815634727478
251,833191	-0,0030687153339386
251,934831	-0,00555410981178284
