0,100024	-0,00176666676998138
0,202010	-5,54770231246948E-5
0,302018	0,000836744904518127
0,404010	0,000993296504020691
0,505346	0,000127851963043213
0,605348	-0,00117427110671997
0,715354	-0,00313523411750793
0,823103	-0,00489479303359985
0,930911	-0,00599582493305206
1,039973	-0,00591245293617249
1,145927	-0,00482746958732605
1,252771	-0,00303551554679871
1,358869	-0,00109529495239258
1,466553	0,00024019181728363
1,577570	0,00111928582191467
1,689625	0,000786900520324707
1,801070	-0,000474303960800171
1,913128	-0,0026615709066391
2,024565	-0,00449137389659882
2,136653	-0,00578054785728455
2,248115	-0,00577348470687866
2,360093	-0,00468720495700836
2,471580	-0,00291086733341217
2,582802	-0,000988572835922241
2,683153	0,000530228018760681
2,787387	0,00119639933109283
2,900463	0,000855535268783569
3,016359	-0,000689134001731873
3,118055	-0,00227968394756317
3,218732	-0,00387956202030182
3,332660	-0,00567975640296936
3,443516	-0,00587618350982666
3,546816	-0,00518530607223511
3,649352	-0,00389838218688965
3,759912	-0,00162513554096222
3,873110	0,000322461128234863
3,976160	0,000989064574241638
4,085962	0,00117993354797363
4,191588	0,000125497579574585
4,300956	-0,00158093869686127
4,408221	-0,00322885811328888
4,523467	-0,00536423921585083
4,623764	-0,00595813989639282
4,731230	-0,00560864806175232
4,831282	-0,004273921251297
4,938345	-0,00239397585391998
5,039587	-0,000543415546417236
5,152994	0,000753998756408691
5,265503	0,00112023949623108
5,378558	0,000469595193862915
5,480298	-0,00102430582046509
5,589783	-0,0029691755771637
5,700673	-0,00475497543811798
5,813517	-0,00595059990882874
5,914742	-0,00590397417545319
6,030167	-0,00462882220745087
6,142657	-0,00280079245567322
6,254141	-0,000610619783401489
6,355223	0,000545278191566467
6,470546	0,00108684599399567
6,583340	0,00065574049949646
6,683851	-0,000700891017913818
6,798965	-0,00257456302642822
6,906406	-0,00467637181282043
7,012936	-0,00567694008350372
7,121548	-0,00592327117919922
7,225103	-0,00509019196033478
7,329437	-0,00344009697437286
7,444494	-0,00149396061897278
7,555407	0,000142425298690796
7,664998	0,00102715194225311
7,765520	0,000916197896003723
7,874387	-0,000412732362747192
7,981673	-0,00190019607543945
8,089730	-0,00382779538631439
8,193444	-0,00534257292747498
8,305921	-0,0059647262096405
8,412069	-0,00549232959747314
8,526503	-0,00377367436885834
8,641073	-0,00216636061668396
8,750928	-9,9673867225647E-5
8,860810	0,000947684049606323
8,969936	0,00100503861904144
9,084586	-0,000154659152030945
9,195177	-0,00189408659934998
9,305625	-0,00382497906684875
9,417115	-0,00534775853157043
9,531786	-0,00599582493305206
9,642481	-0,00554883480072021
9,752340	-0,00385273993015289
9,863937	-0,00161057710647583
9,974761	-0,000193685293197632
10,074832	0,000863537192344666
10,183086	0,000939697027206421
10,285474	3,19480895996094E-5
10,396817	-0,00131860375404358
10,497190	-0,00355724990367889
10,605678	-0,00517728924751282
10,710201	-0,00599440932273865
10,821196	-0,00572733581066132
10,922168	-0,00445748865604401
11,036981	-0,00293061137199402
11,152176	-0,000732377171516418
11,265735	0,000749766826629639
11,368908	0,00102244317531586
11,481907	0,000296130776405334
11,596571	-0,00127111375331879
11,697569	-0,00287559628486633
11,801019	-0,0049329400062561
11,901818	-0,00583989918231964
12,015143	-0,00594305992126465
12,129936	-0,00476533174514771
12,230016	-0,00329659879207611
12,344375	-0,00106897950172424
12,451877	0,00019131600856781
12,551996	0,000990480184555054
12,659555	0,00076669454574585
12,761199	-0,000149965286254883
12,864948	-0,00218187272548676
12,968029	-0,00408238172531128
13,074663	-0,00549137592315674
13,178779	-0,00597414374351501
13,282035	-0,00553376972675323
13,395882	-0,00384803116321564
13,496886	-0,00225852429866791
13,601349	-0,00071263313293457
13,710102	0,000901147723197937
13,814562	0,00109249353408813
13,919178	0,000342667102813721
14,027873	-0,000903025269508362
14,134909	-0,00282007455825806
14,240949	-0,00465095043182373
14,352214	-0,00593270361423492
14,454546	-0,00599488615989685
14,567927	-0,00506335496902466
14,674269	-0,00336623191833496
14,779944	-0,00142955780029297
14,891735	0,000368058681488037
14,997684	0,0010182112455368
15,111903	0,000777497887611389
15,226404	-0,000634133815765381
15,331441	-0,0024757981300354
15,442006	-0,00433322787284851
15,553120	-0,00564725697040558
15,654737	-0,00601372122764587
15,762253	-0,00525073707103729
15,868113	-0,00366733968257904
15,969271	-0,00206524133682251
16,071719	-0,000292867422103882
16,177973	0,000913843512535095
16,280059	0,000974014401435852
16,391915	0,000124558806419373
16,501028	-0,00180850923061371
16,609777	-0,00341279804706573
16,718601	-0,00506900250911713
16,825016	-0,00593788921833038
16,931875	-0,0057348757982254
17,043223	-0,00452196598052979
17,152751	-0,00269731879234314
17,264088	-0,000813707709312439
17,366325	0,000726267695426941
17,471209	0,00107979774475098
17,580324	0,000561252236366272
17,691167	-0,000830158591270447
17,797816	-0,00304350256919861
17,903768	-0,00455445051193237
18,013697	-0,00575275719165802
18,114573	-0,0058625191450119
18,229456	-0,00482559204101563
18,337508	-0,00307455658912659
18,438612	-0,00148126482963562
18,544923	0,000122204422950745
18,650529	0,000951915979385376
18,763333	0,000659510493278503
18,869826	-0,000324353575706482
18,975190	-0,00242124497890472
19,087751	-0,00400613248348236
19,194472	-0,00548478960990906
19,295055	-0,00606130063533783
19,407605	-0,00552339851856232
19,509208	-0,00407955050468445
19,615789	-0,00249695777893066
19,721936	-0,000393927097320557
19,826023	0,000748828053474426
19,937607	0,000945344567298889
20,051659	0,000135838985443115
20,165405	-0,00176431238651276
20,277813	-0,00397601723670959
20,381240	-0,0052686482667923
20,485233	-0,00596190989017487
20,597009	-0,00567317008972168
20,699715	-0,00463353097438812
20,806932	-0,00251153111457825
20,909656	-0,000963658094406128
21,024592	0,000723913311958313
21,125588	0,000974491238594055
21,231927	0,000498741865158081
21,332349	-0,00085882842540741
21,437483	-0,00305385887622833
21,544677	-0,00456199049949646
21,647991	-0,00579987466335297
21,748541	-0,00606036186218262
21,851367	-0,00538730621337891
21,961530	-0,00415155291557312
22,072068	-0,00194111466407776
22,176868	-0,000239282846450806
22,281888	0,000775620341300964
22,389516	0,00088655948638916
22,504169	-0,000112831592559814
22,612849	-0,00176385045051575
22,724933	-0,00367110967636108
22,836901	-0,00525309145450592
22,948847	-0,00601136684417725
23,060361	-0,00550314784049988
23,172395	-0,00376991927623749
23,282661	-0,00217528641223907
23,394650	-0,000394865870475769
23,506765	0,000884220004081726
23,618769	0,000939697027206421
23,730839	1,36196613311768E-5
23,841834	-0,00163736939430237
23,953826	-0,00386355817317963
24,065951	-0,00535199046134949
24,177964	-0,00595766305923462
24,289994	-0,00546970963478088
24,401001	-0,00374826788902283
24,513189	-0,00183296203613281
24,624430	-0,000116124749183655
24,736598	0,000916197896003723
24,852138	0,000887036323547363
24,961936	-0,000177696347236633
25,064347	-0,00191383063793182
25,172059	-0,00352148711681366
25,275215	-0,00532232224941254
25,384575	-0,00593647360801697
25,494737	-0,00547066330909729
25,601625	-0,00406637787818909
25,709740	-0,00218328833580017
25,815628	-0,000388756394386292
25,917747	0,000653401017189026
26,024144	0,00106193125247955
26,128645	0,000476643443107605
26,234079	-0,00127910077571869
26,345033	-0,00287793576717377
26,457845	-0,00490656495094299
26,563446	-0,00579139590263367
26,676906	-0,00580033659934998
26,778421	-0,00493104755878448
26,891255	-0,00290192663669586
26,998515	-0,000720635056495667
27,104532	0,000441387295722961
27,217545	0,00102198123931885
27,332818	0,000649169087409973
27,433589	-0,000648707151412964
27,542829	-0,00247438251972198
27,646288	-0,00402355194091797
27,754281	-0,00568164885044098
27,855117	-0,00588041543960571
27,959188	-0,00528088212013245
28,062378	-0,00377556681632996
28,170371	-0,0018959641456604
28,272885	-0,000427305698394775
28,378227	0,000871062278747559
28,488169	0,000948160886764526
28,588338	5,40316104888916E-5
28,697841	-0,00128427147865295
28,807808	-0,00319498777389526
28,910814	-0,00491127371788025
29,020310	-0,00590114295482635
29,126914	-0,00583001971244812
29,230151	-0,00473520159721375
29,344209	-0,0026451051235199
29,453254	-0,00107179582118988
29,560350	0,000381216406822205
29,671726	0,000997051596641541
29,781441	0,000425875186920166
29,888880	-0,000994220376014709
29,998629	-0,00288218259811401
30,107927	-0,0046820193529129
30,216482	-0,00583048164844513
30,325736	-0,00588606297969818
30,436533	-0,00505298376083374
30,545901	-0,00305338203907013
30,654304	-0,000881403684616089
30,762941	0,000100582838058472
30,864855	0,000889867544174194
30,965621	0,000547617673873901
31,074532	-0,000473842024803162
31,186735	-0,00256656110286713
31,289021	-0,00412896275520325
31,402229	-0,00555212795734406
31,513494	-0,0060504674911499
31,619304	-0,00546595454216003
31,729735	-0,00369462370872498
31,831029	-0,00210286676883698
31,933319	-0,000363841652870178
32,042628	0,000824511051177979
32,151792	0,000871539115905762
32,258638	-0,00021342933177948
32,370249	-0,00158752501010895
32,478597	-0,00349324941635132
32,585308	-0,00534304976463318
32,691800	-0,00599299371242523
32,799445	-0,0057767927646637
32,908482	-0,00456622242927551
33,019109	-0,00242595374584198
33,125731	-0,000891268253326416
33,239295	0,00047852098941803
33,340302	0,000956147909164429
33,449094	4,65214252471924E-5
33,560064	-0,000969305634498596
33,667069	-0,00284641981124878
33,776902	-0,00489433109760284
33,880465	-0,00593128800392151
33,982940	-0,00592799484729767
34,087455	-0,00512313842773438
34,199670	-0,00317287445068359
34,306562	-0,00128710269927979
34,413272	0,000190839171409607
34,522924	0,000806182622909546
34,633308	0,000504374504089355
34,742055	-0,00102993845939636
34,848518	-0,00257360935211182
34,956794	-0,00442264974117279
35,064616	-0,00574994087219238
35,170761	-0,00612065196037292
35,280028	-0,00557661056518555
35,390300	-0,00383296608924866
35,497589	-0,00192183256149292
35,600724	-0,000481367111206055
35,702331	0,000640705227851868
35,811993	0,000749289989471436
35,921304	5,63263893127441E-6
36,030512	-0,00157061219215393
36,132946	-0,00347396731376648
36,237605	-0,00512596964836121
36,342844	-0,00606223940849304
36,454835	-0,00584083795547485
36,564429	-0,00466224551200867
36,673648	-0,00285394489765167
36,775483	-0,000966489315032959
36,879945	0,000264644622802734
36,989302	0,000977784395217896
37,096989	0,000514715909957886
37,201703	-0,000818878412246704
37,313378	-0,00265873968601227
37,418030	-0,00444477796554565
37,523545	-0,00564631819725037
37,624030	-0,00589172542095184
37,727404	-0,00521966814994812
37,842211	-0,00339727103710175
37,944746	-0,00149114429950714
38,049513	-0,000124573707580566
38,149610	0,000875294208526611
38,263981	0,000902563333511353
38,378237	-4,04417514801025E-5
38,484253	-0,00169238448143005
38,593737	-0,0039021372795105
38,704532	-0,00553989410400391
38,816645	-0,00594541430473328
38,929060	-0,00546783208847046
39,033746	-0,00405131280422211
39,144123	-0,0021931529045105
39,249024	-0,000441402196884155
39,353543	0,000567838549613953
39,457095	0,000909149646759033
39,565321	0,000124558806419373
39,668519	-0,00113478302955627
39,780193	-0,00333705544471741
39,889470	-0,00501720607280731
39,997812	-0,00595201551914215
40,111786	-0,00584037601947784
40,213408	-0,00495600700378418
40,324662	-0,00295178592205048
40,432954	-0,00108447670936584
40,536247	0,000138193368911743
40,642067	0,000850841403007507
40,751719	0,000441849231719971
40,855067	-0,000877633690834045
40,959014	-0,00269967317581177
41,073870	-0,00450360774993896
41,176651	-0,0055898129940033
41,288370	-0,00600665807723999
41,394501	-0,00536470115184784
41,509553	-0,00355160236358643
41,619573	-0,00164254009723663
41,721622	-3,05622816085815E-5
41,823179	0,000868707895278931
41,932410	0,000776082277297974
42,037823	-0,000269830226898193
42,145480	-0,00165992975234985
42,253803	-0,00384286046028137
42,364695	-0,00530913472175598
42,471348	-0,00592139363288879
42,578159	-0,00560016930103302
42,687524	-0,0040593147277832
42,799220	-0,0018799901008606
42,909611	-0,000675976276397705
43,012299	0,000618606805801392
43,121662	0,00100551545619965
43,222925	0,000252887606620789
43,330689	-0,000993281602859497
43,438002	-0,00287747383117676
43,548291	-0,00489433109760284
43,659236	-0,0058530867099762
43,774069	-0,00577725470066071
43,884154	-0,00442829728126526
43,991132	-0,00259853899478912
44,092904	-0,00076669454574585
44,196909	0,000394850969314575
44,312259	0,000988602638244629
44,413496	0,000593692064285278
44,528460	-0,000964134931564331
44,642414	-0,00283841788768768
44,756552	-0,00432993471622467
44,858643	-0,0058111697435379
44,961975	-0,00583331286907196
45,072104	-0,0051085501909256
45,186014	-0,00321003794670105
45,290464	-0,00130778551101685
45,396166	0,000239253044128418
45,504009	0,000940635800361633
45,615621	0,000769048929214478
45,721797	-0,000649169087409973
45,833436	-0,0024677962064743
45,938254	-0,00372475385665894
46,042809	-0,00542262196540833
46,143147	-0,00590679049491882
46,252782	-0,00549091398715973
46,364328	-0,00385084748268127
46,466922	-0,00166088342666626
46,577570	-0,000245854258537292
46,687850	0,000709816813468933
46,791986	0,000965550541877747
46,899415	0,00011327862739563
47,005613	-0,00118696689605713
47,114620	-0,00306326150894165
47,229452	-0,00501060485839844
47,341033	-0,0058446079492569
47,451358	-0,0054880827665329
47,561689	-0,0044400691986084
47,663643	-0,00265027582645416
47,768189	-0,000573962926864624
47,880069	0,000624716281890869
47,985299	0,000918075442314148
48,089767	0,000210583209991455
48,200099	-0,000988572835922241
48,300649	-0,00253035128116608
48,412015	-0,00436004996299744
48,516728	-0,00587476789951324
48,622677	-0,0058540403842926
48,732651	-0,00502850115299225
48,840669	-0,00337940454483032
48,949883	-0,00119307637214661
49,056576	0,000279203057289124
49,163412	0,000818401575088501
49,274665	0,000686779618263245
49,377938	-0,000691011548042297
49,479796	-0,0021771639585495
49,589718	-0,00404520332813263
49,700971	-0,00562089681625366
49,811988	-0,0059901624917984
49,913422	-0,00543816387653351
50,017381	-0,00428898632526398
50,124152	-0,00215788185596466
50,229213	-0,00067456066608429
50,330485	0,000544339418411255
50,436721	0,000878110527992249
50,537358	0,00021950900554657
50,638274	-0,00125512480735779
50,748677	-0,00310277938842773
50,860307	-0,00481052696704865
50,975325	-0,00581681728363037
51,082033	-0,0057942122220993
51,192728	-0,00475968420505524
51,294073	-0,00270673632621765
51,405654	-0,000856488943099976
51,505961	0,000340789556503296
51,619368	0,00101774930953979
51,719496	0,000812768936157227
51,827110	-0,000522717833518982
51,932931	-0,00231213867664337
52,048476	-0,00413414835929871
52,159331	-0,00543110072612762
52,260240	-0,00580175220966339
52,370011	-0,00511044263839722
52,475367	-0,00358407199382782
52,585774	-0,00141732394695282
52,690857	-6,34640455245972E-5
52,801371	0,000806659460067749
52,905681	0,000910073518753052
53,010831	0,000177204608917236
53,122092	-0,00138959288597107
53,228526	-0,00327637791633606
53,339701	-0,00531713664531708
53,448055	-0,00588418543338776
53,552851	-0,00553140044212341
53,663859	-0,00426262617111206
53,767972	-0,00245557725429535
53,878440	-0,000407099723815918
53,981423	0,000577241182327271
54,083609	0,000956624746322632
54,194074	0,000326216220855713
54,309501	-0,00141073763370514
54,419907	-0,00326085090637207
54,525639	-0,00467260181903839
54,625670	-0,00559404492378235
54,737235	-0,00572404265403748
54,847543	-0,00497059524059296
54,948278	-0,00273871421813965
55,052463	-0,00121046602725983
55,153892	-0,000157475471496582
55,262505	0,000935941934585571
55,364087	0,000744596123695374
55,474058	-0,000579595565795898
55,579770	-0,00173045694828033
55,684775	-0,00418451428413391
55,796947	-0,00534634292125702
55,906117	-0,005921870470047
56,014150	-0,00545229017734528
56,119101	-0,00407344102859497
56,225010	-0,00223784148693085
56,325664	-0,000767633318901062
56,437140	0,000617668032646179
56,546047	0,000761047005653381
56,646581	0,000251010060310364
56,750159	-0,00117896497249603
56,865008	-0,00333800911903381
56,966179	-0,00494611263275146
57,077524	-0,00585733354091644
57,188081	-0,00571839511394501
57,298729	-0,00460952520370483
57,410075	-0,00288264453411102
57,520505	-0,00104263424873352
57,622094	0,000142425298690796
57,726839	0,000868245959281921
57,837289	0,000429630279541016
57,943318	-0,000894561409950256
58,049634	-0,0026945024728775
58,163408	-0,0044904351234436
58,273780	-0,00579515099525452
58,378671	-0,00594824552536011
58,484106	-0,0051085501909256
58,585093	-0,00349795818328857
58,690372	-0,00163407623767853
58,791699	-0,000255733728408813
58,895930	0,000761523842811584
59,003170	0,000896915793418884
59,104015	0,000152289867401123
59,204068	-0,00165194272994995
59,315874	-0,00321991741657257
59,423946	-0,00487926602363586
59,535394	-0,00580739974975586
59,643819	-0,00560110807418823
59,753817	-0,00462646782398224
59,867867	-0,00259149074554443
59,971101	-0,00107085704803467
60,077958	0,000617191195487976
60,185391	0,000853657722473145
60,286397	0,000316336750984192
60,400543	-0,00109481811523438
60,511482	-0,00292637944221497
60,619832	-0,0046570748090744
60,724222	-0,00563031435012817
60,833676	-0,00588418543338776
60,940750	-0,00490091741085052
61,043177	-0,00354406237602234
61,147254	-0,00138065218925476
61,250755	-8,03917646408081E-5
61,359984	0,000805243849754333
61,461265	0,000724852085113525
61,574858	-0,000277355313301086
61,686924	-0,00227263569831848
61,799933	-0,00410920381546021
61,903018	-0,00530065596103668
62,009952	-0,00594353675842285
62,124698	-0,00514855980873108
62,230847	-0,00358924269676208
62,340264	-0,002346470952034
62,450366	-0,000596523284912109
62,560163	0,000759631395339966
62,666755	0,000702768564224243
62,775936	-0,000311672687530518
62,886382	-0,00166603922843933
62,996016	-0,00382120907306671
63,107940	-0,00530865788459778
63,214726	-0,00593364238739014
63,318072	-0,00552764534950256
63,431033	-0,00418968498706818
63,538914	-0,00236339867115021
63,649275	-0,000611573457717896
63,760495	0,000567838549613953
63,870491	0,0008343905210495
63,974605	0,000134900212287903
64,089933	-0,0013604462146759
64,198387	-0,00321897864341736
64,311066	-0,00530771911144257
64,421097	-0,00592657923698425
64,521794	-0,00580175220966339
64,635677	-0,00449889898300171
64,742104	-0,0024033784866333
64,856131	-0,000904440879821777
64,966173	0,000411301851272583
65,071696	0,000872001051902771
65,181249	0,000341251492500305
65,294453	-0,00131765007972717
65,407976	-0,00316724181175232
65,520136	-0,00484395027160645
65,623972	-0,00586958229541779
65,738626	-0,00576360523700714
65,849130	-0,00445371866226196
65,963155	-0,00298234820365906
66,072605	-0,000573962926864624
66,183437	0,000507205724716187
66,294164	0,000983893871307373
66,407123	0,000298008322715759
66,521318	-0,00145353376865387
66,622075	-0,00301623344421387
66,730275	-0,00469237565994263
66,839479	-0,00559216737747192
66,941366	-0,00566422939300537
67,053548	-0,00463917851448059
67,165460	-0,00294142961502075
67,273079	-0,00109623372554779
67,382328	0,000351130962371826
67,493969	0,000997990369796753
67,600070	0,000487446784973145
67,706678	-0,0005960613489151
67,818689	-0,00268368422985077
67,931332	-0,00417038798332214
68,042339	-0,00544004142284393
68,144217	-0,00573016703128815
68,252491	-0,00485055148601532
68,354155	-0,00322744250297546
68,456746	-0,00196744501590729
68,569668	0,000204935669898987
68,674593	0,0010097473859787
68,777940	0,000952854752540588
68,878440	0,000206813216209412
68,985163	-0,0013444572687149
69,093381	-0,0035087913274765
69,197570	-0,00503179430961609
69,300926	-0,00572687387466431
69,407955	-0,00537788867950439
69,519340	-0,00434733927249908
69,629768	-0,00228062272071838
69,738979	-0,000498756766319275
69,847788	0,000723913311958313
69,957732	0,00106664001941681
70,060260	0,000578179955482483
70,167210	-0,00105910003185272
70,276613	-0,00291745364665985
70,390952	-0,00438547134399414
70,497656	-0,00556202232837677
70,609471	-0,0056072324514389
70,719373	-0,00447866320610046
70,826452	-0,00272977352142334
70,936499	-0,00119824707508087
71,037244	0,000286251306533813
71,141904	0,000955685973167419
71,245396	0,000657632946968079
71,359480	-0,000525534152984619
71,470866	-0,0022815614938736
71,574308	-0,00407014787197113
71,688888	-0,00537930428981781
71,793666	-0,00574758648872375
71,904570	-0,00486984848976135
72,008397	-0,00357230007648468
72,112790	-0,00170506536960602
72,222238	0,000167801976203918
72,336981	0,000933587551116943
72,437665	0,000970244407653809
72,542713	0,000271216034889221
72,652790	-0,00186823308467865
72,762694	-0,0034344494342804
72,867799	-0,00517493486404419
72,982888	-0,00575606524944305
73,090901	-0,00543391704559326
73,199095	-0,00419861078262329
73,299480	-0,00209817290306091
73,407035	-0,000633671879768372
73,513538	0,000610142946243286
73,616619	0,000996589660644531
73,731718	0,000387802720069885
73,838234	-0,00130590796470642
73,941583	-0,00284594297409058
74,041710	-0,00430215895175934
74,155308	-0,00548949837684631
74,257694	-0,00565198063850403
74,368533	-0,00490845739841461
74,478138	-0,0033365935087204
74,585514	-0,00118319690227509
74,695387	0,000483691692352295
74,796444	0,00100597739219666
74,906433	0,000745072960853577
75,013551	-0,000427305698394775
75,120675	-0,00216636061668396
75,223714	-0,00371204316616058
75,336368	-0,00532467663288116
75,445733	-0,00571227073669434
75,546889	-0,00512173771858215
75,660099	-0,00392331182956696
75,771348	-0,00180663168430328
75,881572	8,31931829452515E-5
75,995563	0,000936403870582581
76,107383	0,000921830534934998
76,217405	-0,00018756091594696
76,326595	-0,00219221413135529
76,438473	-0,00401131808757782
76,550736	-0,00518718361854553
76,663880	-0,00579233467578888
76,766604	-0,00517164170742035
76,872988	-0,00400379300117493
76,987644	-0,00217576324939728
77,097499	-0,000201672315597534
77,208061	0,000825449824333191
77,316940	0,000842854380607605
77,425809	-0,000180050730705261
77,535995	-0,00153204798698425
77,639459	-0,00369133055210114
77,742079	-0,00495459139347076
77,853114	-0,00573581457138062
77,953230	-0,00558745861053467
78,063727	-0,00426168739795685
78,174024	-0,00218045711517334
78,283753	-0,000698059797286987
78,391892	0,000579118728637695
78,499822	0,000974953174591064
78,602521	0,000265583395957947
78,713446	-0,000668913125991821
78,819690	-0,00276270508766174
78,927540	-0,00473332405090332
79,032918	-0,00568306446075439
79,136720	-0,00575229525566101
79,250951	-0,00478510558605194
79,353105	-0,00314654409885406
79,456134	-0,00129932165145874
79,569988	7,03334808349609E-6
79,680319	0,000967428088188171
79,787500	0,000748828053474426
79,895426	-0,000389218330383301
80,003643	-0,00180052220821381
80,113069	-0,00394685566425323
80,215076	-0,00531572103500366
80,318818	-0,00578998029232025
80,429559	-0,00522860884666443
80,540731	-0,003499835729599
80,648573	-0,00197778642177582
80,757333	-0,000297099351882935
80,865874	0,000753521919250488
80,967763	0,00077703595161438
81,077740	-0,000192269682884216
81,177745	-0,00155508518218994
81,281560	-0,00340950489044189
81,383913	-0,00477616488933563
81,486938	-0,00565385818481445
81,590507	-0,00571320950984955
81,705022	-0,00491645932197571
81,806596	-0,0033121258020401
81,914904	-0,00147281587123871
82,018262	0,000223740935325623
82,127902	0,00079067051410675
82,236452	0,000592276453971863
82,342192	-0,000518962740898132
82,452045	-0,00283607840538025
82,564698	-0,00455069541931152
82,677563	-0,00553753972053528
82,786254	-0,00583189725875854
82,895946	-0,00510667264461517
83,007394	-0,00356946885585785
83,116654	-0,00170554220676422
83,225853	-8,32080841064453E-5
83,331146	0,000927478075027466
83,441358	0,000619083642959595
83,547425	-0,000119417905807495
83,655178	-0,00175115466117859
83,769008	-0,00388520956039429
83,869414	-0,00525027513504028
83,972362	-0,0057513415813446
84,083415	-0,00519895553588867
84,194351	-0,00378121435642242
84,305230	-0,00165335834026337
84,415025	-0,000266537070274353
84,524046	0,000796779990196228
84,633196	0,000942990183830261
84,735495	0,000121727585792542
84,838103	-0,00114981830120087
84,947421	-0,00361604988574982
85,059053	-0,00513538718223572
85,167431	-0,00578998029232025
85,277259	-0,00572827458381653
85,387033	-0,00423344969749451
85,497794	-0,00245511531829834
85,604117	-0,000968366861343384
85,719157	0,000371813774108887
85,829502	0,000848501920700073
85,935903	3,43024730682373E-5
86,038869	-0,000928401947021484
86,149031	-0,00272130966186523
86,258797	-0,00492352247238159
86,359017	-0,00571462512016296
86,469108	-0,00578244030475616
86,578968	-0,0047229677438736
86,680119	-0,00335541367530823
86,782628	-0,0012245774269104
86,893360	0,000207751989364624
87,004551	0,000868707895278931
87,114480	0,000549033284187317
87,219954	-0,000643998384475708
87,326919	-0,00208687782287598
87,436347	-0,00419391691684723
87,544287	-0,00531525909900665
87,651683	-0,00585544109344482
87,762221	-0,00518718361854553
87,873520	-0,00339774787425995
87,982154	-0,00157248973846436
88,096714	-2,25752592086792E-5
88,205131	0,00071263313293457
88,314925	0,000639766454696655
88,428891	-0,000417903065681458
88,532199	-0,00211697816848755
88,642014	-0,00394073128700256
88,751660	-0,00535011291503906
88,856352	-0,00589972734451294
88,959635	-0,00541508197784424
89,060457	-0,00431345403194427
89,164830	-0,00252328813076019
89,276398	-0,000485584139823914
89,383466	0,000640243291854858
89,492395	0,00087246298789978
89,607139	0,000138193368911743
89,719968	-0,00165382027626038
89,830549	-0,00286947190761566
89,940632	-0,0047813355922699
90,050765	-0,00571885704994202
90,150976	-0,00539155304431915
90,257780	-0,00441795587539673
90,368243	-0,00268839299678802
90,480433	-0,000893145799636841
90,590253	0,000606387853622437
90,701878	0,000991880893707275
90,812661	0,000380277633666992
90,924407	-0,00101254880428314
91,028270	-0,00313006341457367
91,136041	-0,00428852438926697
91,239852	-0,00559639930725098
91,342728	-0,00569295883178711
91,451112	-0,00497248768806458
91,555653	-0,00312583148479462
91,659349	-0,0013279914855957
91,769285	-5,26607036590576E-5
91,879454	0,000824511051177979
91,989554	0,000679731369018555
92,099996	-0,000834852457046509
92,210209	-0,00230507552623749
92,321189	-0,0040677934885025
92,430754	-0,0053783506155014
92,540977	-0,00575700402259827
92,647526	-0,00494706630706787
92,758955	-0,00339257717132568
92,864302	-0,00183296203613281
92,973999	4,74601984024048E-5
93,081968	0,00090491771697998
93,197021	0,000911489129066467
93,305100	-0,000200718641281128
93,414323	-0,00216352939605713
93,523474	-0,00368568301200867
93,633574	-0,0051414966583252
93,733729	-0,00573910772800446
93,836144	-0,00533315539360046
93,947706	-0,00426827371120453
94,050498	-0,00252518057823181
94,152396	-0,000762000679969788
94,267889	0,000509083271026611
94,371226	0,000902086496353149
94,471331	0,000356301665306091
94,578176	-0,001320481300354
94,687568	-0,00285159051418304
94,803442	-0,00455774366855621
94,910919	-0,00564725697040558
95,023962	-0,00564725697040558
95,127281	-0,00457608699798584
95,232510	-0,00319169461727142
95,337753	-0,00104498863220215
95,447683	0,00015181303024292
95,557507	0,000906318426132202
95,659938	0,000688657164573669
95,769259	-0,000688657164573669
95,884058	-0,00275564193725586
95,994420	-0,00422215461730957
96,103710	-0,00545418262481689
96,213572	-0,00567740201950073
96,320988	-0,00480300188064575
96,436231	-0,00346973538398743
96,538510	-0,00163736939430237
96,641912	-3,95029783248901E-5
96,751497	0,00092652440071106
96,861855	0,000702768564224243
96,962572	-0,000156551599502563
97,066855	-0,0021052211523056
97,169034	-0,00333940982818604
97,272684	-0,00508642196655273
97,386561	-0,00576171278953552
97,496138	-0,00519989430904388
97,597359	-0,00433275103569031
97,708084	-0,00229519605636597
97,818068	-0,000541999936103821
97,924137	0,000598862767219543
98,038622	0,000900208950042725
98,141645	0,00039297342300415
98,250313	-0,00123444199562073
98,354933	-0,00302799046039581
98,456934	-0,00445984303951263
98,571562	-0,00554507970809937
98,672335	-0,0055987536907196
98,774467	-0,00459539890289307
98,876451	-0,00318510830402374
98,980328	-0,00137172639369965
99,086316	-3,9026141166687E-5
99,193447	0,000925123691558838
99,295463	0,000825926661491394
99,409610	-0,000338464975357056
99,517776	-0,00205489993095398
99,626944	-0,00356617569923401
99,741149	-0,00522860884666443
99,850054	-0,00575652718544006
99,961396	-0,00502662360668182
100,064710	-0,00410637259483337
100,166990	-0,00201070308685303
100,271757	-0,000318720936775208
100,373257	0,00072343647480011
100,481831	0,000957086682319641
100,591439	7,80224800109863E-5
100,698693	-0,00117191672325134
100,812118	-0,00299082696437836
100,923002	-0,00468155741691589
101,030817	-0,00573158264160156
101,145532	-0,00555354356765747
101,254833	-0,00415249168872833
101,363892	-0,00267428159713745
101,472930	-0,000632256269454956
101,583213	0,00057065486907959
101,695894	0,00092652440071106
101,806180	0,000439032912254333
101,919652	-0,00144129991531372
102,026126	-0,00326697528362274
102,136950	-0,00486984848976135
102,237329	-0,00564867258071899
102,339942	-0,00556954741477966
102,454672	-0,00445559620857239
102,563292	-0,00272460281848907
102,678242	-0,00122597813606262
102,789095	0,000525534152984619
102,890513	0,000881865620613098
102,991210	0,00040377676486969
103,100286	-0,000628963112831116
103,204791	-0,0026785135269165
103,309931	-0,00441700220108032
103,419229	-0,00526723265647888
103,529472	-0,00581210851669312
103,629786	-0,00493998825550079
103,731697	-0,00395908951759338
103,838422	-0,00214283168315887
103,939240	-0,000203073024749756
104,041106	0,000529766082763672
104,147564	0,000862598419189453
104,254026	0,000101998448371887
104,357625	-0,00140321254730225
104,466434	-0,0029127448797226
104,580185	-0,00482277572154999
104,689903	-0,00572781264781952
104,804096	-0,00553329288959503
104,904493	-0,00468060374259949
105,008496	-0,00272130966186523
105,118186	-0,000952839851379395
105,222954	0,000381216406822205
105,327102	0,000872001051902771
105,437565	0,000573009252548218
105,550129	-0,0008658766746521
105,658727	-0,00265686213970184
105,761991	-0,0043986588716507
105,868654	-0,00554978847503662
105,981738	-0,00576925277709961
106,095735	-0,00496353209018707
106,206101	-0,00310561060905457
106,310872	-0,00158610939979553
106,422553	-2,77459621429443E-5
106,528118	0,000804305076599121
106,637875	0,000692889094352722
106,748365	-0,000580549240112305
106,853407	-0,00199988484382629
106,968359	-0,00409319996833801
107,078459	-0,00539861619472504
107,178501	-0,00580599904060364
107,280619	-0,00534540414810181
107,385983	-0,00399720668792725
107,499814	-0,00220115482807159
107,606126	-0,000265136361122131
107,716274	0,000612497329711914
107,821833	0,000824049115180969
107,932112	8,27163457870483E-5
108,037836	-0,00168673694133759
108,142074	-0,00321191549301147
108,245392	-0,00480958819389343
108,346415	-0,00570566952228546
108,456108	-0,00560204684734344
108,565848	-0,00452102720737457
108,666121	-0,00313758850097656
108,776243	-0,00102148950099945
108,881010	0,000171095132827759
108,990303	0,000860244035720825
109,102332	0,000622838735580444
109,207600	-0,000762000679969788
109,316535	-0,0025157630443573
109,426636	-0,00397507846355438
109,529877	-0,00542497634887695
109,644071	-0,00558887422084808
109,745080	-0,00487455725669861
109,851902	-0,00363253057003021
109,958814	-0,00150994956493378
110,064285	4,69982624053955E-5
110,170467	0,000886097550392151
110,277393	0,000793963670730591
110,389818	-0,00022047758102417
110,500170	-0,00187340378761292
110,605247	-0,0037049800157547
110,714563	-0,00496353209018707
110,825933	-0,00576548278331757
110,932816	-0,00535011291503906
111,046850	-0,00403530895709991
111,147603	-0,00225381553173065
111,258407	-0,000547647476196289
111,360024	0,000599801540374756
111,469370	0,000867769122123718
111,582110	0,000162169337272644
111,685363	-0,00129179656505585
111,793583	-0,00310936570167542
111,906190	-0,00471119582653046
112,017974	-0,00569625198841095
112,119805	-0,00555402040481567
112,229512	-0,00448101758956909
112,335332	-0,00279891490936279
112,442365	-0,000976353883743286
112,557543	0,000717326998710632
112,660236	0,000997990369796753
112,766881	0,000490739941596985
112,868952	-0,000592291355133057
112,969003	-0,00203751027584076
113,072304	-0,00384756922721863
113,180540	-0,00533974170684814
113,286850	-0,00565433502197266
113,388950	-0,00490891933441162
113,504148	-0,00365793704986572
113,614233	-0,00152264535427094
113,716144	-0,000150904059410095
113,823828	0,00090867280960083
113,939295	0,000950038433074951
114,053608	-2,86847352981567E-5
114,155606	-0,00167544186115265
114,266342	-0,00324344635009766
114,368608	-0,00484301149845123
114,471484	-0,00571037828922272
114,572609	-0,00554318726062775
114,677054	-0,00463870167732239
114,779773	-0,00269497931003571
114,885823	-0,00115217268466949
114,998814	0,000290483236312866
115,104167	0,000962257385253906
115,205700	0,000541508197784424
115,320466	-0,00078032910823822
115,431901	-0,00253881514072418
115,542502	-0,00401321053504944
115,646699	-0,00545324385166168
115,748929	-0,00569060444831848
115,859387	-0,00506947934627533
115,965366	-0,00329941511154175
116,079501	-0,00120437145233154
116,190607	3,14861536026001E-5
116,295670	0,000868245959281921
116,399949	0,000717326998710632
116,504411	-0,000346451997756958
116,619062	-0,00200223922729492
116,731000	-0,00385180115699768
116,836239	-0,00526817142963409
116,942297	-0,00587524473667145
117,055761	-0,00527806580066681
117,164688	-0,00411154329776764
117,273361	-0,00204268097877502
117,385521	-0,000390633940696716
117,499913	0,000613898038864136
117,610453	0,000649645924568176
117,720088	-0,000441402196884155
117,824371	-0,00211697816848755
117,929876	-0,00366875529289246
118,040401	-0,0051933079957962
118,154742	-0,00599676370620728
118,265211	-0,00556202232837677
118,375545	-0,00423251092433929
118,481610	-0,00245839357376099
118,586677	-0,000726267695426941
118,696307	0,000425398349761963
118,801709	0,000681132078170776
118,904272	0,000174373388290405
119,014000	-0,00146952271461487
119,127967	-0,00325049459934235
119,235692	-0,0048656165599823
119,343306	-0,00576548278331757
119,449368	-0,00563785433769226
119,564384	-0,0045648068189621
119,664589	-0,00314418971538544
119,766194	-0,0010087788105011
119,871970	0,000377923250198364
119,987125	0,00097307562828064
120,097284	0,000559374690055847
120,199339	-0,000714987516403198
120,304712	-0,00250354409217834
120,409865	-0,00431063771247864
120,516331	-0,00540003180503845
120,626041	-0,00586393475532532
120,741029	-0,00511984527111053
120,851854	-0,00326085090637207
120,957255	-0,00202858448028564
121,069389	-9,87350940704346E-5
121,170154	0,000810414552688599
121,280317	0,000777497887611389
121,387068	-0,00017721951007843
121,493681	-0,00182309746742249
121,598939	-0,00364145636558533
121,711353	-0,00519895553588867
121,812668	-0,00638590753078461
121,914824	-0,00687506794929504
122,016129	-0,00665071606636047
122,123694	-0,00601419806480408
122,230838	-0,00505676865577698
122,345490	-0,00423815846443176
122,457508	-0,00384144484996796
122,566778	-0,00412473082542419
122,668199	-0,00527665019035339
122,782057	-0,00635480880737305
122,888571	-0,00709141790866852
122,993146	-0,00746290385723114
123,093355	-0,00728516280651093
123,206509	-0,006557896733284
123,317972	-0,00550314784049988
123,430290	-0,00438830256462097
123,532969	-0,00379768013954163
123,648544	-0,00378309190273285
123,763335	-0,00425839424133301
123,863516	-0,00518247485160828
123,963745	-0,00644952058792114
124,067819	-0,00721254944801331
124,168175	-0,00761331617832184
124,277784	-0,00750863552093506
124,380250	-0,00692124664783478
124,492533	-0,00593647360801697
124,603715	-0,0046985000371933
124,706883	-0,0040259063243866
124,809205	-0,00371438264846802
124,919248	-0,00394731760025024
125,024162	-0,00472907721996307
125,132878	-0,00579091906547546
125,233053	-0,00668796896934509
125,340832	-0,00758832693099976
125,453894	-0,00774770975112915
125,558095	-0,00731910765171051
125,661480	-0,00642077624797821
125,772574	-0,00549939274787903
125,877161	-0,00452056527137756
125,979422	-0,00385226309299469
126,081864	-0,00383719801902771
126,194027	-0,00437840819358826
126,295287	-0,00531667470932007
126,403455	-0,00643631815910339
126,509197	-0,0073530524969101
126,611197	-0,00777223706245422
126,725040	-0,00765906274318695
126,825366	-0,00708340108394623
126,927818	-0,00589689612388611
127,041497	-0,0049908459186554
127,143563	-0,00416144728660583
127,246507	-0,00383250415325165
127,356698	-0,00406214594841003
127,458512	-0,00467495620250702
127,559824	-0,00588512420654297
127,662929	-0,0067581832408905
127,776367	-0,00752466917037964
127,878788	-0,00775149464607239
127,994598	-0,00741621851921082
128,102944	-0,00638590753078461
128,215120	-0,00527806580066681
128,320946	-0,00431910157203674
128,422053	-0,00376662611961365
128,524751	-0,0037958025932312
128,639270	-0,0042404979467392
128,739314	-0,00518670678138733
128,851717	-0,00627942383289337
128,952176	-0,0071866363286972
129,065126	-0,00766000151634216
129,179610	-0,00751665234565735
129,293683	-0,0066789984703064
129,398917	-0,0056241899728775
129,504945	-0,00458268821239471
129,607988	-0,0039689689874649
129,720341	-0,00372333824634552
129,820860	-0,00402732193470001
129,927566	-0,00487455725669861
130,028504	-0,00575888156890869
130,130868	-0,00698535144329071
130,230960	-0,0075652152299881
130,339297	-0,00774583220481873
130,442299	-0,00736153125762939
130,545971	-0,00645987689495087
130,648823	-0,00557425618171692
130,751193	-0,00458315014839172
130,864858	-0,00389225780963898
130,966556	-0,0039275586605072
131,066597	-0,00426685810089111
131,169544	-0,00530630350112915
131,282469	-0,00639580190181732
131,386614	-0,00719559192657471
131,492652	-0,00775855779647827
131,596870	-0,00770527124404907
131,699319	-0,00702023506164551
131,801848	-0,00635905563831329
131,915313	-0,00511136651039124
132,019665	-0,00424849987030029
132,122186	-0,0038781464099884
132,222562	-0,00400473177433014
132,332012	-0,0047902911901474
132,440542	-0,00564208626747131
132,542856	-0,00685903429985046
132,646237	-0,00748741626739502
132,757540	-0,00778213143348694
132,860081	-0,00743933022022247
132,974673	-0,00661540031433105
133,081508	-0,0055304616689682
133,197150	-0,00438782572746277
133,297322	-0,00390072166919708
133,399872	-0,00380614399909973
133,502167	-0,00442029535770416
133,613264	-0,00521166622638702
133,725736	-0,00648580491542816
133,838989	-0,00724838674068451
133,940255	-0,00775572657585144
134,052792	-0,00765717029571533
134,168388	-0,00685620307922363
134,284294	-0,00579704344272614
134,390547	-0,00461187958717346
134,504724	-0,00390402972698212
134,608363	-0,0038616806268692
134,724276	-0,00422121584415436
134,825420	-0,00524885952472687
134,934663	-0,00651171803474426
135,046119	-0,00714704394340515
135,146617	-0,00772742927074432
135,249268	-0,00773875415325165
135,349436	-0,00717295706272125
135,462116	-0,00618945062160492
135,568083	-0,00512455403804779
135,678183	-0,00424568355083466
135,782923	-0,00385743379592896
135,882999	-0,00397884845733643
135,991412	-0,00475403666496277
136,097672	-0,00559781491756439
136,204683	-0,00666108727455139
136,305857	-0,00748930871486664
136,414793	-0,00778920948505402
136,516634	-0,00752183794975281
136,632540	-0,0066973865032196
136,745210	-0,00560535490512848
136,852437	-0,0044315904378891
136,963488	-0,0038362592458725
137,070052	-0,00376945734024048
137,172084	-0,00432570278644562
137,276747	-0,00507558882236481
137,376942	-0,00615128874778748
137,491408	-0,00709471106529236
137,603180	-0,00764019787311554
137,716045	-0,00739972293376923
137,820301	-0,0069231390953064
137,929015	-0,00593081116676331
138,029585	-0,00470460951328278
138,131090	-0,00405839085578918
138,232584	-0,00376804172992706
138,344908	-0,00402872264385223
138,460366	-0,00480911135673523
138,574041	-0,00587382912635803
138,674795	-0,00690899789333344
138,783736	-0,00760200619697571
138,889403	-0,00775289535522461
138,996500	-0,00716352462768555
139,100002	-0,00657770037651062
139,200665	-0,00532421469688416
139,304908	-0,00452008843421936
139,405703	-0,0039764940738678
139,514597	-0,00386732816696167
139,620168	-0,00451067090034485
139,732759	-0,00531007349491119
139,839924	-0,00639109313488007
139,946336	-0,00727289915084839
140,053047	-0,00771799683570862
140,163412	-0,0075562596321106
140,267261	-0,00700891017913818
140,367811	-0,00582200288772583
140,474443	-0,00477239489555359
140,585035	-0,00410589575767517
140,700226	-0,00376756489276886
140,809604	-0,00421509146690369
140,911421	-0,00493152439594269
141,018704	-0,00600713491439819
141,118754	-0,00700609385967255
141,219482	-0,00763218104839325
141,327303	-0,00770716369152069
141,439105	-0,00727385282516479
141,542438	-0,00619649887084961
141,648359	-0,00513020157814026
141,750518	-0,00436098873615265
141,850612	-0,00382637977600098
141,955571	-0,00386261940002441
142,056224	-0,00430686771869659
142,167579	-0,00523991882801056
142,277382	-0,00631570816040039
142,381244	-0,00723095238208771
142,482375	-0,00769960880279541
142,591501	-0,00763595104217529
142,703647	-0,00688779354095459
142,807752	-0,00606177747249603
142,909607	-0,0050077885389328
143,014467	-0,00419250130653381
143,118741	-0,00386685132980347
143,223887	-0,00408849120140076
143,329516	-0,00468108057975769
143,442138	-0,00585827231407166
143,557835	-0,00688590109348297
143,673790	-0,00767838954925537
143,787485	-0,00773544609546661
143,889371	-0,00721302628517151
144,003162	-0,00627094507217407
144,114518	-0,00518342852592468
144,217086	-0,00430122017860413
144,328686	-0,00383719801902771
144,443364	-0,00407108664512634
144,550659	-0,00496117770671844
144,650914	-0,00565198063850403
144,755110	-0,00672236084938049
144,857831	-0,00749495625495911
144,966361	-0,00777977705001831
145,079184	-0,00736153125762939
145,190614	-0,006299689412117
145,302967	-0,00540849566459656
145,404330	-0,00445230305194855
145,513712	-0,00395956635475159
145,618872	-0,00393837690353394
145,728774	-0,00437134504318237
145,831011	-0,00530159473419189
145,939270	-0,00655318796634674
146,046665	-0,0074063241481781
146,153991	-0,00778308510780334
146,264652	-0,00764113664627075
146,378622	-0,0068359375
146,485036	-0,00560393929481506
146,593884	-0,00476393103599548
146,708652	-0,0040757954120636
146,822955	-0,00390684604644775
146,929431	-0,00439395010471344
147,037668	-0,00512690842151642
147,139221	-0,00637130439281464
147,249117	-0,00730165839195251
147,353988	-0,00776894390583038
147,462295	-0,00771045684814453
147,562888	-0,00712724030017853
147,669844	-0,00613054633140564
147,783363	-0,00490562617778778
147,884484	-0,00421226024627686
147,993625	-0,0038367360830307
148,098327	-0,00405320525169373
148,207488	-0,00477616488933563
148,309196	-0,0056491494178772
148,416946	-0,00672048330307007
148,519256	-0,00765104591846466
148,619553	-0,00786277651786804
148,722368	-0,00758031010627747
148,829185	-0,00694859027862549
148,930953	-0,00591668486595154
149,045359	-0,00487126410007477
149,154024	-0,00407344102859497
149,254480	-0,00395014882087708
149,357246	-0,0042913407087326
149,461712	-0,00512455403804779
149,566779	-0,00634774565696716
149,679113	-0,00714138150215149
149,780658	-0,00765812397003174
149,895634	-0,00773356854915619
149,997036	-0,00715929269790649
150,099664	-0,00636376440525055
150,211829	-0,00528419017791748
150,321421	-0,0041501373052597
150,426323	-0,00385180115699768
150,531775	-0,00396144390106201
150,636999	-0,00459069013595581
150,746888	-0,00592374801635742
150,858321	-0,00677986443042755
150,960966	-0,00742658972740173
151,074172	-0,00775620341300964
151,176331	-0,00747233629226685
151,277702	-0,00668372213840485
151,386355	-0,00544287264347076
151,495351	-0,0044734925031662
151,596321	-0,00396615266799927
151,698137	-0,00385649502277374
151,811938	-0,00420708954334259
151,923395	-0,00520224869251251
152,035705	-0,00627942383289337
152,146089	-0,00721585750579834
152,252023	-0,00772553682327271
152,355150	-0,00765764713287354
152,468010	-0,00703060626983643
152,572259	-0,00604246556758881
152,684042	-0,00499507784843445
152,790256	-0,00419531762599945
152,892254	-0,00388944149017334
152,994961	-0,00407437980175018
153,102395	-0,00491693615913391
153,212915	-0,00614893436431885
153,317937	-0,00697074830532074
153,431997	-0,00765104591846466
153,543110	-0,00774110853672028
153,644053	-0,00718711316585541
153,757974	-0,00642783939838409
153,872524	-0,00535953044891357
153,982484	-0,00433558225631714
154,084689	-0,00393225252628326
154,195404	-0,0040837824344635
154,298704	-0,00478604435920715
154,402329	-0,00564020872116089
154,505274	-0,00670115649700165
154,607088	-0,00740773975849152
154,710192	-0,0078241229057312
154,815697	-0,00753976404666901
154,917046	-0,00690239667892456
155,020942	-0,0058540403842926
155,127018	-0,0046570748090744
155,229045	-0,00413979589939117
155,338106	-0,00380662083625793
155,440517	-0,00411814451217651
155,555030	-0,00494140386581421
155,663336	-0,0058281272649765
155,765138	-0,00701315701007843
155,867764	-0,00763028860092163
155,976463	-0,00770716369152069
156,083705	-0,00713571906089783
156,192434	-0,00637318193912506
156,297968	-0,00512832403182983
156,411785	-0,00438688695430756
156,516961	-0,00389225780963898
156,622635	-0,00394873321056366
156,734128	-0,00471025705337524
156,844467	-0,00553847849369049
156,947454	-0,00677326321601868
157,051906	-0,00754965841770172
157,164817	-0,00776280462741852
157,267497	-0,00749967992305756
157,369411	-0,00686091184616089
157,481057	-0,00544758141040802
157,592237	-0,00461988151073456
157,700151	-0,00393931567668915
157,806117	-0,00383250415325165
157,913235	-0,00424332916736603
158,021699	-0,00513209402561188
158,132355	-0,00623372197151184
158,236707	-0,00719465315341949
158,340138	-0,00774535536766052
158,442234	-0,00775289535522461
158,551202	-0,00722245872020721
158,654372	-0,00607779622077942
158,762014	-0,00501108169555664
158,869741	-0,00431299209594727
158,971756	-0,00387485325336456
159,073079	-0,0041007399559021
159,183227	-0,00470414757728577
159,285559	-0,00554412603378296
159,394954	-0,00681991875171661
159,496715	-0,00752325356006622
159,603734	-0,0079038143157959
159,712941	-0,00756663084030151
159,814956	-0,00687836110591888
159,917016	-0,00561948120594025
160,020490	-0,00478087365627289
160,135182	-0,00409367680549622
160,245243	-0,00394496321678162
160,356887	-0,00448901951313019
160,470600	-0,00526346266269684
160,580589	-0,00651124119758606
160,689901	-0,00742423534393311
160,791236	-0,00784486532211304
160,903468	-0,00771705806255341
161,013505	-0,00699242949485779
161,125243	-0,00592516362667084
161,225253	-0,00485196709632874
161,326944	-0,00416943430900574
161,434912	-0,00379203259944916
161,544254	-0,00411531329154968
161,646734	-0,0047818124294281
161,749370	-0,00584696233272552
161,853062	-0,00691324472427368
161,962506	-0,00771988928318024
162,065111	-0,00783684849739075
162,178047	-0,00739406049251556
162,281874	-0,00646600127220154
162,386722	-0,00557002425193787
162,493124	-0,00455209612846375
162,593595	-0,00387014448642731
162,697411	-0,00384756922721863
162,809227	-0,00433699786663055
162,916222	-0,00526063144207001
163,020833	-0,00635622441768646
163,133405	-0,00727856159210205
163,237720	-0,00774487853050232
163,351709	-0,00752654671669006
163,464155	-0,00674262642860413
163,564747	-0,00566752254962921
163,679367	-0,00476910173892975
163,779662	-0,00390496850013733
163,882313	-0,00371815264225006
163,992430	-0,0041416734457016
164,096858	-0,00485759973526001
164,211503	-0,00613433122634888
164,324238	-0,0071244090795517
164,433521	-0,0076543390750885
164,536833	-0,00772836804389954
164,640394	-0,00709047913551331
164,743345	-0,00625775754451752
164,854804	-0,00498849153518677
164,956619	-0,0042659193277359
165,066371	-0,0037873387336731
165,177375	-0,00392191112041473
165,278095	-0,00443065166473389
165,382754	-0,0055987536907196
165,484535	-0,00650230050086975
165,591401	-0,00748364627361298
165,703578	-0,0077793151140213
165,818594	-0,00746479630470276
165,920577	-0,00663423538208008
166,020804	-0,0057348757982254
166,129920	-0,00454127788543701
166,236630	-0,00398120284080505
166,350202	-0,0038117915391922
166,455061	-0,0042249858379364
166,558189	-0,00528936088085175
166,670710	-0,00637836754322052
166,775878	-0,00732052326202393
166,882627	-0,00781750679016113
166,986251	-0,00770008563995361
167,098070	-0,0071951150894165
167,205732	-0,00619132816791534
167,314046	-0,00493764877319336
167,429399	-0,00405272841453552
167,533168	-0,00385038554668427
167,636453	-0,00408284366130829
167,746053	-0,0048241913318634
167,848833	-0,00607731938362122
167,955844	-0,00696650147438049
168,057786	-0,00761708617210388
168,172133	-0,00788448750972748
168,281739	-0,00736340880393982
168,384836	-0,0064028799533844
168,487641	-0,00548054277896881
168,600198	-0,00448101758956909
168,713886	-0,00387720763683319
168,814909	-0,00389555096626282
168,918592	-0,00445890426635742
169,026811	-0,00542214512825012
169,128029	-0,00649569928646088
169,239225	-0,00726960599422455
169,344157	-0,00778260827064514
169,445205	-0,00764727592468262
169,545233	-0,00697027146816254
169,645269	-0,00609710812568665
169,751364	-0,00499649345874786
169,866540	-0,00400896370410919
169,971442	-0,00369839370250702
170,076628	-0,00399766862392426
170,180325	-0,00463776290416718
170,295413	-0,00588560104370117
170,398132	-0,00677232444286346
170,498746	-0,00759822130203247
170,599974	-0,00775432586669922
170,709939	-0,00735446810722351
170,820659	-0,00664836168289185
170,924872	-0,00536234676837921
171,027724	-0,00439582765102386
171,128067	-0,00382214784622192
171,240680	-0,00380426645278931
171,348392	-0,0042494535446167
171,452528	-0,00517399609088898
171,552973	-0,00611358880996704
171,668045	-0,00727054476737976
171,778087	-0,00780430436134338
171,891802	-0,00773638486862183
171,996463	-0,00707349181175232
172,099375	-0,00584885478019714
172,212775	-0,00478933751583099
172,318916	-0,00403343141078949
172,421192	-0,00381697714328766
172,522337	-0,00408332049846649
172,627710	-0,00485667586326599
172,742706	-0,00593458116054535
172,842786	-0,00697027146816254
172,952522	-0,00773921608924866
173,064134	-0,00779110193252563
173,180059	-0,00735965371131897
173,294011	-0,00623844563961029
173,407316	-0,0049578845500946
173,521735	-0,00409790873527527
173,624639	-0,00376991927623749
173,737680	-0,00401225686073303
173,852753	-0,00479358434677124
173,958883	-0,00605000555515289
174,073468	-0,00689156353473663
174,173902	-0,00759963691234589
174,286580	-0,00772790610790253
174,392338	-0,00714185833930969
174,492646	-0,00654800236225128
174,595400	-0,00526675581932068
174,702057	-0,00433135032653809
174,812650	-0,00384238362312317
174,917959	-0,00378498435020447
175,021106	-0,00446030497550964
175,132912	-0,00544993579387665
175,242628	-0,00638496875762939
175,342633	-0,007292240858078
175,446063	-0,00775337219238281
175,548846	-0,00766047835350037
175,655429	-0,00702211260795593
175,757828	-0,00583048164844513
175,868933	-0,0047813355922699
175,970494	-0,00411108136177063
176,073177	-0,00377227365970612
176,182034	-0,00400850176811218
176,294461	-0,0049319863319397
176,407035	-0,00583566725254059
176,520918	-0,00702919065952301
176,622875	-0,00772884488105774
176,726014	-0,00771988928318024
176,837585	-0,00730119645595551
176,946944	-0,00621016323566437
177,051846	-0,00511136651039124
177,158391	-0,0042249858379364
177,269679	-0,00380709767341614
177,370392	-0,00392049551010132
177,481381	-0,00446455180644989
177,584898	-0,00562325119972229
177,693279	-0,00653575360774994
177,795742	-0,00738368928432465
177,900892	-0,0077434778213501
178,007544	-0,00758643448352814
178,121685	-0,00672236084938049
178,226815	-0,00566233694553375
178,341458	-0,00462788343429565
178,454140	-0,0039190798997879
178,558595	-0,00379955768585205
178,673550	-0,00432005524635315
178,781892	-0,00545747578144073
178,889630	-0,00641842186450958
179,004664	-0,00735776126384735
179,104723	-0,00786183774471283
179,209653	-0,0076991468667984
179,318486	-0,00712911784648895
179,424742	-0,00595153868198395
179,534904	-0,004891037940979
179,643416	-0,00409415364265442
179,756077	-0,0038197934627533
179,865239	-0,00422969460487366
179,970217	-0,0049239844083786
180,077803	-0,00602361559867859
180,178878	-0,00691653788089752
180,283027	-0,00781373679637909
180,385319	-0,00784438848495483
180,490754	-0,00734362006187439
180,598219	-0,00640146434307098
180,709285	-0,00531336665153503
180,816578	-0,00440430641174316
180,920273	-0,00394073128700256
181,022442	-0,00399437546730042
181,124209	-0,00456809997558594
181,230645	-0,0053783506155014
181,335329	-0,00664836168289185
181,440078	-0,00741858780384064
181,540237	-0,00791230797767639
181,647407	-0,00779533386230469
181,750599	-0,00711828470230103
181,850681	-0,0062732994556427
181,955028	-0,00499601662158966
182,057344	-0,0042993426322937
182,172262	-0,00389602780342102
182,280006	-0,00407108664512634
182,385239	-0,0047813355922699
182,499269	-0,00598309934139252
182,612111	-0,00701551139354706
182,725376	-0,00772790610790253
182,836758	-0,00772082805633545
182,938805	-0,00726158916950226
183,039757	-0,00648486614227295
183,140197	-0,00538212060928345
183,249037	-0,00441841781139374
183,357152	-0,00385649502277374
183,465392	-0,00385415554046631
183,567527	-0,00441606342792511
183,680976	-0,00555872917175293
183,782229	-0,00665025413036346
183,896152	-0,00737662613391876
184,001914	-0,00782741606235504
184,116786	-0,0075477808713913
184,218654	-0,00675676763057709
184,321869	-0,00587901473045349
184,424766	-0,0048486590385437
184,533086	-0,00406402349472046
184,639235	-0,00397178530693054
184,748559	-0,0043318122625351
184,855226	-0,00501766800880432
184,967736	-0,00644385814666748
185,072497	-0,00737568736076355
185,177209	-0,00777459144592285
185,282821	-0,00782223045825958
185,384856	-0,00723755359649658
185,499467	-0,00643019378185272
185,609311	-0,00514668226242065
185,713071	-0,0042663961648941
185,821768	-0,00385226309299469
185,931510	-0,00402073562145233
186,035993	-0,0045817494392395
186,136057	-0,00576925277709961
186,249939	-0,00684112310409546
186,356679	-0,00761048495769501
186,459298	-0,00782883167266846
186,560392	-0,00755438208580017
186,669841	-0,00673933327198029
186,783335	-0,00568211078643799
186,892460	-0,00452996790409088
187,000254	-0,00395625829696655
187,103934	-0,00393649935722351
187,216232	-0,00434404611587524
187,324261	-0,0054202675819397
187,427461	-0,00633643567562103
187,534059	-0,00728516280651093
187,641569	-0,00780525803565979
187,753322	-0,00765104591846466
187,855179	-0,00707679986953735
187,966011	-0,0060594230890274
188,078097	-0,00497153401374817
188,178576	-0,00415296852588654
188,287418	-0,00382404029369354
188,399114	-0,00407907366752625
188,509202	-0,0048401951789856
188,609986	-0,00588041543960571
188,713146	-0,00690899789333344
188,828014	-0,00764255225658417
188,930337	-0,00770433247089386
189,040846	-0,0072389543056488
189,148061	-0,00632607936859131
189,248118	-0,00541885197162628
189,363294	-0,00430780649185181
189,475578	-0,00381414592266083
189,584936	-0,00388991832733154
189,694341	-0,00452150404453278
189,807841	-0,00588560104370117
189,911435	-0,00677655637264252
190,024261	-0,00754871964454651
190,131721	-0,00779297947883606
190,244013	-0,00732570886611938
190,349302	-0,00641560554504395
190,463912	-0,00551210343837738
190,571547	-0,00453656911849976
190,684629	-0,00389084219932556
190,794148	-0,00396567583084106
190,895409	-0,00457891821861267
191,008185	-0,0053953230381012
191,113768	-0,00666156411170959
191,224516	-0,00750580430030823
191,339068	-0,00786183774471283
191,448507	-0,0076005756855011
191,555894	-0,00666439533233643
191,662577	-0,00558887422084808
191,765918	-0,00473707914352417
191,871889	-0,00405178964138031
191,978850	-0,00389932096004486
192,082009	-0,00432287156581879
192,187945	-0,00504215061664581
192,298056	-0,00628131628036499
192,412093	-0,00724413990974426
192,518404	-0,00777977705001831
192,622794	-0,0077703595161438
192,734073	-0,00695565342903137
192,849539	-0,00591716170310974
192,950338	-0,00504498183727264
193,055057	-0,00413037836551666
193,165797	-0,00388850271701813
193,268857	-0,00422357022762299
193,378535	-0,0050327479839325
193,485628	-0,00590726733207703
193,593324	-0,00707349181175232
193,706265	-0,00762416422367096
193,807540	-0,00779014825820923
193,910698	-0,00735870003700256
194,024140	-0,00646364688873291
194,126062	-0,00520789623260498
194,240231	-0,00432193279266357
194,341679	-0,00389367341995239
194,442180	-0,00396473705768585
194,543839	-0,00441700220108032
194,652589	-0,00552952289581299
194,754731	-0,00640146434307098
194,863282	-0,00730496644973755
194,969473	-0,00774912536144257
195,076005	-0,00758878886699677
195,187115	-0,00689062476158142
195,297583	-0,0058794766664505
195,402786	-0,00469379127025604
195,508935	-0,00410166382789612
195,614862	-0,00385884940624237
195,720281	-0,00419485569000244
195,828543	-0,00503179430961609
195,940598	-0,00628036260604858
196,041889	-0,00723801553249359
196,147368	-0,00765104591846466
196,252430	-0,0077703595161438
196,353190	-0,00723282992839813
196,464243	-0,0064631849527359
196,577390	-0,00538589060306549
196,679806	-0,00433839857578278
196,788338	-0,00392989814281464
196,901992	-0,0040259063243866
197,002644	-0,00454598665237427
197,112248	-0,00570519268512726
197,215257	-0,00659936666488647
197,321385	-0,00744310021400452
197,431786	-0,00780713558197021
197,532550	-0,00746573507785797
197,633310	-0,00694386661052704
197,739171	-0,00592751801013947
197,839396	-0,00486937165260315
197,947352	-0,00411154329776764
198,053424	-0,00385743379592896
198,161984	-0,0041666179895401
198,270662	-0,00497011840343475
198,373888	-0,00602784752845764
198,481219	-0,00687411427497864
198,589846	-0,00765717029571533
198,693557	-0,00770905613899231
198,806222	-0,00718711316585541
198,907125	-0,00640523433685303
199,009152	-0,00533127784729004
199,109848	-0,0042663961648941
199,223135	-0,00385697185993195
199,332308	-0,00388944149017334
199,445423	-0,00459775328636169
199,548515	-0,00559310615062714
199,653061	-0,00648580491542816
199,761101	-0,00733937323093414
199,871051	-0,00768734514713287
199,973718	-0,00747798383235931
200,080500	-0,00671812891960144
200,190247	-0,00566940009593964
200,297210	-0,00464576482772827
200,403808	-0,00388661026954651
200,509559	-0,00379015505313873
200,620855	-0,00421321392059326
200,723110	-0,00509113073348999
200,833967	-0,00616683065891266
200,944382	-0,00714468955993652
201,050527	-0,00769960880279541
201,155825	-0,00767651200294495
201,264068	-0,00708481669425964
201,369944	-0,00608956813812256
201,478678	-0,00501720607280731
201,583695	-0,00416991114616394
201,690909	-0,0038207471370697
201,796596	-0,00408990681171417
201,903409	-0,0047149658203125
202,004704	-0,00575181841850281
202,105570	-0,00663092732429504
202,209201	-0,00743179023265839
202,319277	-0,00773215293884277
202,420079	-0,0075124055147171
202,532258	-0,00661209225654602
202,646534	-0,00554366409778595
202,760369	-0,00455963611602783
202,863865	-0,00388850271701813
202,968664	-0,00390590727329254
203,080703	-0,00435721874237061
203,189989	-0,00526629388332367
203,292052	-0,006179079413414
203,394341	-0,00727479159832001
203,496657	-0,00776422023773193
203,609375	-0,00766518712043762
203,724913	-0,00699949264526367
203,825120	-0,00581352412700653
203,927044	-0,00494658946990967
204,040581	-0,00425979495048523
204,140810	-0,0038776695728302
204,252878	-0,0041666179895401
204,365380	-0,00512173771858215
204,480826	-0,00602078437805176
204,594595	-0,00702589750289917
204,709247	-0,00774677097797394
204,814768	-0,00772553682327271
204,923345	-0,00713431835174561
205,038055	-0,00615929067134857
205,153450	-0,00490233302116394
205,267659	-0,00400567054748535
205,382999	-0,00381273031234741
205,484465	-0,00407014787197113
205,592302	-0,00484348833560944
205,695672	-0,00608392059803009
205,803451	-0,00703531503677368
205,918285	-0,00757795572280884
206,033155	-0,00764444470405579
206,137059	-0,0069316178560257
206,245602	-0,00628507137298584
206,360895	-0,00503602623939514
206,465222	-0,00408896803855896
206,572791	-0,00380426645278931
206,687654	-0,00398826599121094
206,788514	-0,00470554828643799
206,902077	-0,00570331513881683
207,010251	-0,00677278637886047
207,111260	-0,00751334428787231
207,219485	-0,00773119926452637
207,322211	-0,00737662613391876
207,429545	-0,00632324814796448
207,529860	-0,00545135140419006
207,637359	-0,0044979602098465
207,742306	-0,00392001867294312
207,850266	-0,00392802059650421
207,950771	-0,00432051718235016
208,058512	-0,00523991882801056
208,164101	-0,00628083944320679
208,272454	-0,00709706544876099
208,372769	-0,0077519565820694
208,481882	-0,0076986700296402
208,595637	-0,0070376843214035
208,707930	-0,00602030754089355
208,820295	-0,00480252504348755
208,931297	-0,00409932434558868
209,042239	-0,0038282722234726
209,145371	-0,00412237644195557
209,250218	-0,00502662360668182
209,363807	-0,00624315440654755
209,470215	-0,00706878304481506
209,583432	-0,00756096839904785
209,689644	-0,00767037272453308
209,801863	-0,00712817907333374
209,907307	-0,0059732049703598
210,016613	-0,00529125332832336
210,126891	-0,0042489767074585
210,227920	-0,00382310152053833
210,343250	-0,00402872264385223
210,457950	-0,00467260181903839
210,560725	-0,00589737296104431
210,674495	-0,00691135227680206
210,776322	-0,00758218765258789
210,886643	-0,00778685510158539
210,989076	-0,00741858780384064
211,103993	-0,00644385814666748
211,204544	-0,00558179616928101
211,312677	-0,00449748337268829
211,412716	-0,00409603118896484
211,525106	-0,00411202013492584
211,625713	-0,00460246205329895
211,733966	-0,00572262704372406
211,835086	-0,0065847635269165
211,948402	-0,00737285614013672
212,056779	-0,00789296627044678
212,159873	-0,00764065980911255
212,262965	-0,007028728723526
212,367364	-0,00597791373729706
212,477191	-0,00496871769428253
212,591781	-0,00411108136177063
212,693806	-0,00395438075065613
212,800975	-0,00417649745941162
212,902733	-0,0049075186252594
213,007117	-0,00613008439540863
213,121100	-0,00693538784980774
213,226417	-0,00764867663383484
213,329519	-0,00777600705623627
213,437685	-0,00736153125762939
213,548343	-0,00633785128593445
213,657315	-0,00542309880256653
213,758892	-0,00441183149814606
213,872189	-0,00399485230445862
213,974205	-0,00406450033187866
214,077489	-0,00467637181282043
214,190372	-0,00580033659934998
214,293022	-0,00670163333415985
214,406717	-0,00739642977714539
214,512634	-0,00786985456943512
214,619822	-0,00764113664627075
214,728242	-0,00684866309165955
214,840603	-0,00581587851047516
214,946464	-0,00477758049964905
215,052797	-0,00408661365509033
215,160576	-0,00393366813659668
215,271996	-0,00429698824882507
215,378834	-0,00515986979007721
215,485690	-0,00619649887084961
215,593624	-0,00711780786514282
215,705768	-0,00770668685436249
215,814607	-0,00755532085895538
215,918714	-0,00703531503677368
216,033295	-0,0058964341878891
216,139472	-0,00484348833560944
216,251927	-0,0041167289018631
216,364270	-0,00385367870330811
216,470420	-0,00425133109092712
216,581030	-0,0049658864736557
216,687871	-0,00599817931652069
216,794166	-0,00713761150836945
216,900517	-0,00763688981533051
217,010232	-0,00769820809364319
217,119827	-0,00721868872642517
217,231278	-0,00627236068248749
217,334309	-0,00505770742893219
217,443302	-0,0042579174041748
217,551390	-0,00386591255664825
217,659790	-0,00402449071407318
217,764099	-0,00479923188686371
217,876022	-0,00580504536628723
217,983820	-0,00668655335903168
218,090177	-0,00742094218730927
218,199130	-0,00770574808120728
218,305846	-0,00738558173179626
218,416533	-0,00638921558856964
218,522926	-0,00553847849369049
218,630376	-0,00440947711467743
218,732362	-0,00389225780963898
218,847737	-0,00391343235969543
218,948755	-0,00432334840297699
219,051777	-0,00543110072612762
219,165743	-0,0064721405506134
219,267217	-0,00723141431808472
219,368273	-0,0077076256275177
219,475990	-0,00758972764015198
219,591827	-0,0068010687828064
219,692714	-0,00591668486595154
219,799782	-0,00489574670791626
219,913203	-0,00411391258239746
220,018479	-0,00381933152675629
220,123667	-0,00402684509754181
220,231394	-0,00501814484596252
220,335439	-0,00589689612388611
220,438853	-0,00688920915126801
220,539454	-0,00745677947998047
220,642693	-0,00767084956169128
220,743582	-0,00736294686794281
220,848705	-0,00657534599304199
220,957043	-0,00536282360553741
221,062841	-0,00455963611602783
221,174630	-0,00387202203273773
221,277778	-0,00384849309921265
221,383722	-0,00439253449440002
221,492835	-0,00515562295913696
221,602003	-0,00622618198394775
221,709564	-0,00727479159832001
221,813424	-0,00766707956790924
221,915436	-0,00759822130203247
222,018177	-0,00710791349411011
222,122329	-0,00598922371864319
222,235202	-0,00496353209018707
222,341376	-0,00428193807601929
222,452084	-0,00387626886367798
222,555653	-0,00425180792808533
222,662724	-0,00476016104221344
222,763546	-0,00577019155025482
222,879549	-0,00696225464344025
222,982236	-0,00754636526107788
223,095010	-0,0077877938747406
223,199197	-0,00730448961257935
223,309663	-0,00641606748104095
223,421238	-0,00537553429603577
223,535697	-0,00444900989532471
223,637553	-0,00395108759403229
223,741501	-0,00399485230445862
223,855026	-0,00457045435905457
223,969365	-0,00554978847503662
224,070428	-0,00657863914966583
224,176314	-0,00741811096668243
224,289402	-0,00774960219860077
224,400791	-0,0075034499168396
224,506891	-0,0067840963602066
224,615870	-0,00575700402259827
224,715921	-0,00478087365627289
224,824292	-0,00412756204605103
224,926189	-0,00397507846355438
225,033387	-0,0043906569480896
225,134123	-0,0052182674407959
225,242373	-0,00607919692993164
225,350030	-0,007028728723526
225,459807	-0,00765009224414825
225,560765	-0,00763499736785889
225,670473	-0,00710885226726532
225,775154	-0,00600855052471161
225,883697	-0,00515422224998474
225,984355	-0,00430780649185181
226,095002	-0,00389602780342102
226,195460	-0,00405696034431458
226,306038	-0,00456386804580688
226,406685	-0,00551822781562805
226,519470	-0,00672096014022827
226,619741	-0,00737756490707397
226,728352	-0,00772649049758911
226,836509	-0,00747610628604889
226,941212	-0,00657816231250763
227,041341	-0,00571085512638092
227,148762	-0,00488772988319397
227,249437	-0,00406450033187866
227,356980	-0,00388991832733154
227,462951	-0,00422215461730957
227,571797	-0,00498189032077789
227,674030	-0,00603538751602173
227,788339	-0,00699147582054138
227,903931	-0,00761190056800842
228,004831	-0,00769254565238953
228,112581	-0,00704993307590485
228,218942	-0,00613385438919067
228,326874	-0,00543297827243805
228,427464	-0,00443112850189209
228,538024	-0,00402167439460754
228,652008	-0,00413320958614349
228,764421	-0,0049324631690979
228,880135	-0,00593553483486176
228,993142	-0,00705653429031372
229,093779	-0,00768168270587921
229,199744	-0,00776752829551697
229,313833	-0,00723472237586975
229,427255	-0,00615975260734558
229,532752	-0,00529171526432037
229,641937	-0,00456951558589935
229,743194	-0,0040179044008255
229,851536	-0,00407861173152924
229,957779	-0,00464530289173126
230,068184	-0,00556766986846924
230,171373	-0,0066102147102356
230,277888	-0,00743933022022247
230,377988	-0,00779251754283905
230,486982	-0,00758408010005951
230,587251	-0,0068444162607193
230,701321	-0,00583802163600922
230,803444	-0,00500401854515076
230,911281	-0,00417603552341461
231,011803	-0,00402355194091797
231,125770	-0,00429275631904602
231,240430	-0,00507558882236481
231,340644	-0,00626905262470245
231,449329	-0,00704333186149597
231,553807	-0,00770197808742523
231,665249	-0,00777459144592285
231,767601	-0,00716635584831238
231,876546	-0,00641842186450958
231,982808	-0,00536751747131348
232,093392	-0,00453703105449677
232,195564	-0,00405226647853851
232,307165	-0,00417932868003845
232,409891	-0,00479923188686371
232,511489	-0,00572168827056885
232,621204	-0,00689862668514252
232,721632	-0,00748364627361298
232,835571	-0,00778685510158539
232,935769	-0,00750580430030823
233,048036	-0,00686657428741455
233,149469	-0,00590303540229797
233,249954	-0,00476533174514771
233,360851	-0,0042574405670166
233,476042	-0,00411908328533173
233,577096	-0,00444194674491882
233,691929	-0,0054372251033783
233,794500	-0,0064283162355423
233,902255	-0,00718382000923157
234,003315	-0,00771847367286682
234,110317	-0,00770056247711182
234,211243	-0,00714609026908875
234,313241	-0,00619557499885559
234,414243	-0,0051848292350769
234,515364	-0,00448712706565857
234,615364	-0,00407955050468445
234,715498	-0,00406450033187866
234,815499	-0,00457468628883362
234,917501	-0,00531384348869324
235,017612	-0,00631523132324219
235,118642	-0,00719182193279266
235,219723	-0,00759539008140564
235,319725	-0,00759398937225342
235,420064	-0,00704239308834076
235,520124	-0,00627565383911133
235,622124	-0,00544004142284393
235,722162	-0,0044151246547699
235,822163	-0,00400708615779877
235,922168	-0,00397084653377533
236,022521	-0,00452809035778046
236,122521	-0,00527429580688477
236,223641	-0,00610464811325073
236,325641	-0,00702777504920959
236,425644	-0,00758408010005951
236,526754	-0,00763782858848572
236,626754	-0,00727620720863342
236,726788	-0,00628602504730225
236,826792	-0,00545088946819305
236,927790	-0,00467872619628906
237,028878	-0,00405131280422211
237,129877	-0,00398543477058411
237,229931	-0,0043322890996933
237,329934	-0,00513020157814026
237,431931	-0,00615975260734558
237,531954	-0,00695659220218658
237,633526	-0,0075746476650238
237,734028	-0,00768168270587921
237,836033	-0,00732900202274323
237,938029	-0,00650465488433838
238,038577	-0,00547772645950317
238,140530	-0,00471967458724976
238,241035	-0,00416049361228943
238,343036	-0,00398403406143188
238,443037	-0,00430497527122498
238,543542	-0,00493152439594269
238,643545	-0,00611546635627747
238,744045	-0,00688967108726501
238,844322	-0,00747092068195343
238,945510	-0,00764679908752441
239,045620	-0,00732240080833435
239,146215	-0,00665025413036346
239,246700	-0,00566233694553375
239,348700	-0,0047229677438736
239,449924	-0,00418451428413391
239,550051	-0,00398778915405273
239,650053	-0,00432334840297699
239,750074	-0,0049748420715332
239,852072	-0,00578196346759796
239,952074	-0,0069316178560257
240,052203	-0,00749495625495911
240,153204	-0,00771518051624298
240,254569	-0,00737662613391876
240,356335	-0,00671671330928802
240,458313	-0,00590255856513977
240,558316	-0,00491786003112793
240,659316	-0,00424003601074219
240,760455	-0,00402402877807617
240,861453	-0,00427863001823425
240,962483	-0,00499036908149719
241,064478	-0,00579562783241272
241,164478	-0,0066361129283905
241,264542	-0,00748741626739502
241,366540	-0,00771518051624298
241,466901	-0,00752654671669006
241,567900	-0,00670492649078369
241,667901	-0,00589549541473389
241,768958	-0,00506758689880371
241,868962	-0,0042494535446167
241,968997	-0,00403013825416565
242,068999	-0,00420662760734558
242,170000	-0,00484113395214081
242,271041	-0,0057942122220993
242,371042	-0,0066361129283905
242,471162	-0,00740538537502289
242,573176	-0,00774487853050232
242,675165	-0,00755296647548676
242,775171	-0,00704710185527802
242,876171	-0,00591620802879333
242,976679	-0,00508877635002136
243,078675	-0,00444242358207703
243,178695	-0,00402449071407318
243,279180	-0,00421792268753052
243,381180	-0,00471307337284088
243,482696	-0,00583283603191376
243,584694	-0,00666533410549164
243,685280	-0,00736294686794281
243,785809	-0,00778450071811676
243,887783	-0,00763499736785889
243,988305	-0,0071427971124649
244,090294	-0,00617295503616333
244,190333	-0,00520272552967072
244,291793	-0,00450548529624939
244,391798	-0,00410543382167816
244,493295	-0,00422403216362
244,593297	-0,00469520688056946
244,695298	-0,00559969246387482
244,795802	-0,0065583735704422
244,895805	-0,00725686550140381
244,996305	-0,00761425495147705
245,096306	-0,00759586691856384
245,196702	-0,00698865950107574
245,297937	-0,00622336566448212
245,397937	-0,00522437691688538
245,499025	-0,00439395010471344
245,599026	-0,00404566526412964
245,701025	-0,00407344102859497
245,801528	-0,00465236604213715
245,903526	-0,00539343059062958
246,004066	-0,00641512870788574
246,106036	-0,00726252794265747
246,208053	-0,00764065980911255
246,309535	-0,007610023021698
246,409553	-0,00702071189880371
246,511038	-0,00626763701438904
246,611039	-0,00539955496788025
246,711044	-0,00451914966106415
246,812542	-0,00401085615158081
246,914540	-0,00400048494338989
247,016046	-0,00447630882263184
247,116056	-0,00532467663288116
247,216546	-0,0061870813369751
247,316547	-0,00707632303237915
247,416671	-0,00759775936603546
247,517935	-0,00761568546295166
247,617935	-0,00711968541145325
247,719004	-0,00624692440032959
247,819006	-0,00538872182369232
247,921005	-0,00450596213340759
248,021622	-0,00400519371032715
248,123622	-0,00399485230445862
248,224658	-0,00445419549942017
248,326662	-0,00515986979007721
248,427114	-0,0061880350112915
248,527516	-0,0069410502910614
248,627574	-0,00757560133934021
248,729558	-0,00762841105461121
248,829558	-0,00728185474872589
248,931574	-0,00644668936729431
249,031643	-0,00541415810585022
249,133641	-0,00466883182525635
249,233753	-0,00407250225543976
249,333801	-0,00399860739707947
249,434957	-0,00432804226875305
249,536087	-0,0051419734954834
249,637087	-0,00595718622207642
249,738093	-0,00691182911396027
249,838114	-0,00750580430030823
249,940093	-0,00759303569793701
250,041597	-0,00722435116767883
250,141597	-0,00637176632881165
250,242131	-0,0055563747882843
250,344104	-0,00461281836032867
250,446102	-0,00402167439460754
250,546605	-0,00392143428325653
250,648620	-0,00428898632526398
250,749111	-0,00510148704051971
250,851109	-0,00592610239982605
250,952107	-0,00687365233898163
251,053612	-0,00748316943645477
251,155612	-0,00760860741138458
251,256115	-0,00731486082077026
251,356115	-0,00640711188316345
251,456196	-0,00557331740856171
251,557331	-0,00477898120880127
