0,100013	0,000185877084732056
0,202017	0,00104871392250061
0,303520	0,00161264836788177
0,404533	0,00203824043273926
0,504762	0,00203682482242584
0,605737	0,00166061520576477
0,706738	0,000961214303970337
0,808264	0,000266805291175842
0,908327	-0,000427335500717163
1,009770	-0,000820860266685486
1,111849	-0,000825569033622742
1,212317	-0,000455111265182495
1,314294	0,000172227621078491
1,416291	0,00111597776412964
1,516807	0,0016874223947525
1,630891	0,00210407376289368
1,743976	0,00204011797904968
1,850185	0,00149837136268616
1,962479	0,000845491886138916
2,073832	-0,000104472041130066
2,184444	-0,000673055648803711
2,285587	-0,000888660550117493
2,393757	-0,000608563423156738
2,503893	3,90559434890747E-5
2,607798	0,000836566090583801
2,717354	0,00149931013584137
2,819782	0,00198556482791901
2,921860	0,0021289736032486
3,025025	0,00185389816761017
3,129851	0,00123968720436096
3,243643	0,000431478023529053
3,344217	-0,000455111265182495
3,452431	-0,000818043947219849
3,567483	-0,000870764255523682
3,667975	-0,000365674495697021
3,768542	0,000431954860687256
3,881903	0,0011046826839447
3,983245	0,00171329081058502
4,097624	0,00214168429374695
4,202104	0,00197051465511322
4,310325	0,00141841173171997
4,413996	0,000748112797737122
4,522993	-4,37647104263306E-5
4,625950	-0,000633507966995239
4,727583	-0,000843942165374756
4,832233	-0,00057607889175415
4,939141	3,76403331756592E-5
5,042390	0,000725060701370239
5,144872	0,00150825083255768
5,245882	0,00198039412498474
5,353595	0,00219762325286865
5,458745	0,00192208588123322
5,560092	0,00134128332138062
5,663445	0,000377386808395386
5,770902	-0,000256955623626709
5,881595	-0,000723883509635925
5,987826	-0,000820398330688477
6,096838	-0,000317201018333435
6,203438	0,000141650438308716
6,310650	0,00098051130771637
6,421184	0,00180216133594513
6,531505	0,00211253762245178
6,643654	0,00201660394668579
6,744198	0,00149226188659668
6,851864	0,00069543719291687
6,958266	-8,84681940078735E-5
7,064572	-0,000620797276496887
7,165277	-0,000884890556335449
7,277657	-0,000635862350463867
7,379978	-1,27106904983521E-5
7,491766	0,000818684697151184
7,592278	0,00146591663360596
7,706357	0,00207114219665527
7,821047	0,0021059513092041
7,935783	0,0017353892326355
8,042806	0,00102426111698151
8,147706	4,18722629547119E-5
8,260328	-0,000527128577232361
8,375294	-0,000923022627830505
8,477335	-0,000744596123695374
8,584972	-0,000163763761520386
8,691967	0,000656381249427795
8,796503	0,00132575631141663
8,901294	0,00194182991981506
9,007993	0,00215955078601837
9,113323	0,001937136054039
9,217663	0,00143346190452576
9,321216	0,000358089804649353
9,429967	-0,000296488404273987
9,534354	-0,000794500112533569
9,637612	-0,000888660550117493
9,742079	-0,000493705272674561
9,855092	8,56518745422363E-5
9,964104	0,000912293791770935
10,074370	0,00175702571868896
10,176193	0,00212663412094116
10,280096	0,00210030376911163
10,390894	0,00157219171524048
10,500687	0,000946164131164551
10,609228	0,000123754143714905
10,724277	-0,000538423657417297
10,833512	-0,000846296548843384
10,942603	-0,000537961721420288
11,051824	0,000128462910652161
11,165191	0,000961214303970337
11,273547	0,00170576572418213
11,383883	0,00212991237640381
11,493419	0,00212663412094116
11,605680	0,00157172977924347
11,717420	0,000788107514381409
11,826326	-5,36441802978516E-5
11,935796	-0,000688120722770691
12,036108	-0,000922560691833496
12,139915	-0,000788390636444092
12,253903	-0,000240951776504517
12,364559	0,000710010528564453
12,466668	0,00147202610969543
12,578023	0,00192631781101227
12,691849	0,00204057991504669
12,803508	0,00172269344329834
12,904232	0,00116114318370819
13,018578	0,000188231468200684
13,131566	-0,00061798095703125
13,245369	-0,000916898250579834
13,347855	-0,000854283571243286
13,457397	-0,000223070383071899
13,569860	0,000726476311683655
13,676535	0,00139160454273224
13,778544	0,00197005271911621
13,881551	0,00212709605693817
13,991487	0,00187741219997406
14,094611	0,00136479735374451
14,202368	0,000567927956581116
14,309746	-0,000327557325363159
14,413434	-0,000762492418289185
14,528276	-0,000847697257995605
14,631165	-0,000592559576034546
14,734456	0,000205636024475098
14,848835	0,00104683637619019
14,954500	0,00164556503295898
15,058567	0,00214685499668121
15,161635	0,00208573043346405
15,276997	0,00161358714103699
15,379581	0,000878423452377319
15,485455	4,51803207397461E-5
15,600316	-0,000570416450500488
15,706260	-0,000823214650154114
15,820035	-0,000613734126091003
15,926069	0,00014069676399231
16,037854	0,000956058502197266
16,141550	0,00170812010765076
16,256041	0,00212521851062775
16,366780	0,00219245254993439
16,477160	0,00179558992385864
16,583395	0,00106611847877502
16,692609	0,00036938488483429
16,803428	-0,000454634428024292
16,904404	-0,000802040100097656
17,014622	-0,000721052289009094
17,121450	-0,000243782997131348
17,225853	0,000661090016365051
17,326168	0,0013478696346283
17,438581	0,00197568535804749
17,553582	0,00223948061466217
17,660322	0,00197708606719971
17,766509	0,00132527947425842
17,871999	0,000639438629150391
17,984578	-0,00028190016746521
18,098601	-0,000772848725318909
18,209832	-0,000826507806777954
18,311951	-0,000431105494499207
18,413188	0,000294104218482971
18,514269	0,0011126846075058
18,615227	0,00169259309768677
18,719367	0,00208760797977448
18,819802	0,00205279886722565
18,920618	0,00170153379440308
19,025675	0,00110045075416565
19,132738	0,000124692916870117
19,239226	-0,000571832060813904
19,345490	-0,000875949859619141
19,449321	-0,000829339027404785
19,554020	-0,000252246856689453
19,663906	0,000548169016838074
19,771715	0,00136056542396545
19,876753	0,00196440517902374
19,986839	0,00217506289482117
20,100932	0,00192490220069885
20,211428	0,00130929052829742
20,313890	0,000473365187644958
20,418708	-0,000197187066078186
20,526631	-0,000820398330688477
20,631978	-0,000905141234397888
20,737735	-0,000567600131034851
20,845978	0,00010305643081665
20,954336	0,000932052731513977
21,060207	0,00165779888629913
21,175161	0,00210735201835632
21,286276	0,00193572044372559
21,395085	0,00136104226112366
21,505424	0,00068037211894989
21,620229	-0,000273436307907104
21,731088	-0,000905603170394897
21,841170	-0,00103083252906799
21,942773	-0,000717297196388245
22,052114	-4,18871641159058E-5
22,162396	0,00080457329750061
22,271784	0,00155903398990631
22,382020	0,00201001763343811
22,493531	0,00201237201690674
22,605107	0,00157548487186432
22,717210	0,000704839825630188
22,827753	-0,000111520290374756
22,939710	-0,000804394483566284
23,051534	-0,000934794545173645
23,161551	-0,00062832236289978
23,272227	4,04715538024902E-5
23,384171	0,000858187675476074
23,495711	0,00168412923812866
23,607647	0,00205044448375702
23,719670	0,00197051465511322
23,831305	0,00147391855716705
23,943313	0,000567466020584106
24,054780	-0,000132247805595398
24,165566	-0,000822752714157104
24,275714	-0,000976219773292542
24,385632	-0,000688120722770691
24,496544	-4,23192977905273E-6
24,608488	0,000833272933959961
24,720522	0,00167754292488098
24,825216	0,00208289921283722
24,941049	0,00201049447059631
25,043938	0,00153364241123199
25,147647	0,000782936811447144
25,260974	-0,000169426202774048
25,364515	-0,000564306974411011
25,478724	-0,000900432467460632
25,581343	-0,000688120722770691
25,684329	-7,38799571990967E-5
25,798141	0,000570282340049744
25,899316	0,00138361752033234
26,001232	0,00198744237422943
26,114558	0,00208902359008789
26,229561	0,00179746747016907
26,334443	0,00111410021781921
26,439987	0,000293642282485962
26,555022	-0,000677764415740967
26,668302	-0,000998824834823608
26,770014	-0,00095975399017334
26,871209	-0,000547841191291809
26,972166	0,000223517417907715
27,085244	0,00104166567325592
27,186590	0,00179135799407959
27,289528	0,00207068026065826
27,403046	0,0019286721944809
27,507209	0,00154256820678711
27,607806	0,000643208622932434
27,708494	-0,000160470604896545
27,823410	-0,000652819871902466
27,935608	-0,000927731394767761
28,036450	-0,000713050365447998
28,138019	-0,000132709741592407
28,238740	0,000679433345794678
28,351323	0,00146310031414032
28,463405	0,00200390815734863
28,571690	0,00203728675842285
28,672070	0,00171516835689545
28,785161	0,00102803111076355
28,885224	0,000204697251319885
28,994758	-0,000435814261436462
29,104676	-0,000938087701797485
29,215624	-0,000905141234397888
29,327167	-0,000332266092300415
29,430832	0,000468671321868896
29,531910	0,00112631916999817
29,643609	0,00176265835762024
29,759274	0,00203071534633636
29,862735	0,00183884799480438
29,977992	0,00115314126014709
30,078165	0,000345855951309204
30,191153	-0,000408515334129333
30,293347	-0,000814750790596008
30,404425	-0,000918790698051453
30,505224	-0,000499814748764038
30,617306	8,75294208526611E-5
30,720432	0,000883132219314575
30,820748	0,00169023871421814
30,933003	0,00198556482791901
31,047969	0,00185579061508179
31,151276	0,001453697681427
31,263401	0,000579699873924255
31,364026	-6,25848770141602E-5
31,464182	-0,000705987215042114
31,572478	-0,0009479820728302
31,673888	-0,00075213611125946
31,786427	-0,000304967164993286
31,901474	0,000495940446853638
32,006056	0,00137561559677124
32,106943	0,0018962174654007
32,218634	0,00202742218971252
32,328332	0,00177299976348877
32,430134	0,00118795037269592
32,544877	0,000145405530929565
32,646393	-0,000409454107284546
32,759091	-0,000758722424507141
32,861545	-0,000726699829101563
32,961783	-0,000255078077316284
33,074899	0,000471025705337524
33,189363	0,00122557580471039
33,297581	0,00182521343231201
33,409706	0,0020250678062439
33,515494	0,0018807053565979
33,616746	0,00124014914035797
33,719079	0,000434309244155884
33,832429	-0,000187292695045471
33,932852	-0,000777557492256165
34,044531	-0,000935733318328857
34,150600	-0,000604793429374695
34,263762	-8,75294208526611E-5
34,368608	0,000712364912033081
34,469742	0,00149978697299957
34,573331	0,00184637308120728
34,684236	0,00187599658966064
34,785303	0,00138361752033234
34,897992	0,000687897205352783
34,999919	3,43620777130127E-5
35,105749	-0,000605732202529907
35,207133	-0,000894784927368164
35,318186	-0,000836879014968872
35,420499	-0,00026308000087738
35,522673	0,000475257635116577
35,634618	0,00122980773448944
35,735229	0,0017038881778717
35,849076	0,00191502273082733
35,953324	0,00166013836860657
36,065050	0,00116583704948425
36,165573	0,000393390655517578
36,276699	-0,000237658619880676
36,380637	-0,000913605093955994
36,481468	-0,000967741012573242
36,586434	-0,000733762979507446
36,701515	4,76837158203125E-7
36,802601	0,000804111361503601
36,902921	0,00136950612068176
37,015382	0,00180874764919281
37,115640	0,00180640816688538
37,218705	0,0014612227678299
37,331175	0,000799402594566345
37,431890	1,50501728057861E-5
37,543686	-0,000630676746368408
37,651562	-0,00095173716545105
37,764148	-0,000850990414619446
37,877553	-0,000347316265106201
37,977601	0,000389620661735535
38,078962	0,00104354321956635
38,186132	0,00163380801677704
38,286168	0,0018886923789978
38,394061	0,00166013836860657
38,496545	0,00129611790180206
38,597621	0,00043901801109314
38,710543	-0,000295072793960571
38,811295	-0,000794500112533569
38,926695	-0,000897601246833801
39,037840	-0,00059160590171814
39,152007	5,59985637664795E-5
39,264299	0,000821039080619812
39,368040	0,00157925486564636
39,480960	0,00190326571464539
39,595675	0,00178711116313934
39,701924	0,00129376351833344
39,805480	0,000683188438415527
39,920955	-0,000228717923164368
40,035712	-0,000855699181556702
40,138139	-0,000975281000137329
40,240686	-0,000758722424507141
40,344657	-0,000160008668899536
40,446437	0,000597104430198669
40,559193	0,00122086703777313
40,660673	0,00172317028045654
40,762460	0,00183790922164917
40,875310	0,00149931013584137
40,987892	0,000837966799736023
41,093700	7,76499509811401E-5
41,203554	-0,00056806206703186
41,317393	-0,000886768102645874
41,429409	-0,000776141881942749
41,534966	-0,000288024544715881
41,636909	0,000591456890106201
41,737382	0,00111174583435059
41,845763	0,00171047449111938
41,953359	0,00199073553085327
42,054680	0,00176501274108887
42,167562	0,00130787491798401
42,268106	0,000564634799957275
42,370954	-0,000303551554679871
42,483241	-0,000704586505889893
42,583813	-0,000859946012496948
42,685611	-0,000549256801605225
42,791394	0,000100702047348022
42,892802	0,000745296478271484
43,007417	0,00147815048694611
43,122362	0,00196488201618195
43,224786	0,00197803974151611
43,327671	0,00154022872447968
43,441452	0,0009583979845047
43,542125	0,000184923410415649
43,645567	-0,000473931431770325
43,745663	-0,000828862190246582
43,858755	-0,000758260488510132
43,960894	-0,000299304723739624
44,076437	0,000559002161026001
44,189390	0,00118465721607208
44,293891	0,00180545449256897
44,394420	0,00195594131946564
44,503449	0,00179511308670044
44,618272	0,00114890933036804
44,720107	0,000249400734901428
44,835617	-0,000366151332855225
44,937573	-0,000886768102645874
45,038828	-0,000925853848457336
45,151750	-0,000588312745094299
45,252621	7,67111778259277E-5
45,353983	0,000714242458343506
45,467240	0,00148048996925354
45,568073	0,00180357694625854
45,681182	0,00175890326499939
45,783274	0,00134316086769104
45,884103	0,000503942370414734
45,997923	-0,000139772891998291
46,098393	-0,000693291425704956
46,200166	-0,00106191635131836
46,301149	-0,00090983510017395
46,413580	-0,000493228435516357
46,528917	0,0002555251121521
46,631637	0,00114090740680695
46,733174	0,0016065239906311
46,838850	0,00182802975177765
46,953223	0,0016225278377533
47,054086	0,000942409038543701
47,154393	0,000290811061859131
47,267514	-0,00033743679523468
47,369295	-0,000930562615394592
47,470605	-0,00101906061172485
47,584143	-0,000745534896850586
47,684225	8,94069671630859E-6
47,796420	0,000917941331863403
47,898608	0,00147202610969543
47,999244	0,00179088115692139
48,111573	0,00182004272937775
48,211954	0,00133563578128815
48,313002	0,000745758414268494
48,415915	9,59932804107666E-5
48,517878	-0,00059819221496582
48,632430	-0,000992700457572937
48,734356	-0,00091785192489624
48,835170	-0,000448524951934814
48,949938	0,000287041068077087
49,063051	0,00104495882987976
49,164239	0,00163568556308746
49,264494	0,00184966623783112
49,375983	0,00165779888629913
49,477244	0,00111033022403717
49,579284	0,000481367111206055
49,691777	-0,000372260808944702
49,806740	-0,000809565186500549
49,908604	-0,000974804162979126
50,009957	-0,000698000192642212
50,122868	2,68220901489258E-5
50,224618	0,000692129135131836
50,338676	0,00140571594238281
50,448980	0,00186894834041595
50,551916	0,00185108184814453
50,663636	0,00149931013584137
50,765332	0,000832319259643555
50,868020	-6,7293643951416E-5
50,981630	-0,000591129064559937
51,082885	-0,000879243016242981
51,194510	-0,000743180513381958
51,297915	-0,000216007232666016
51,398610	0,000554755330085754
51,514521	0,00131775438785553
51,615816	0,00188116729259491
51,717690	0,00203824043273926
51,830715	0,00183838605880737
51,935028	0,00126132369041443
52,037126	0,000317156314849854
52,152154	-0,000433921813964844
52,255602	-0,000905603170394897
52,356375	-0,000977635383605957
52,470123	-0,000655636191368103
52,572864	0,000112473964691162
52,674359	0,000644147396087646
52,788216	0,00147956609725952
52,889799	0,0018562525510788
53,004551	0,00182661414146423
53,106328	0,00147721171379089
53,209396	0,000650733709335327
53,324155	-0,000147759914398193
53,425128	-0,000793561339378357
53,530901	-0,00104779005050659
53,643205	-0,000813335180282593
53,757777	-0,000317201018333435
53,860438	0,000473842024803162
53,971324	0,00125709176063538
54,083165	0,00179746747016907
54,195068	0,00192254781723022
54,308051	0,00161640346050262
54,419957	0,000964522361755371
54,535528	1,36494636535645E-5
54,639269	-0,000674933195114136
54,741860	-0,00102707743644714
54,844529	-0,000934794545173645
54,957408	-0,000308722257614136
55,065066	0,000479951500892639
55,167250	0,00114232301712036
55,268184	0,00173163414001465
55,381175	0,00193525850772858
55,481896	0,00179275870323181
55,593913	0,00125002861022949
55,696323	0,000489354133605957
55,797872	-0,000282377004623413
55,909791	-0,000830754637718201
56,012147	-0,000952690839767456
56,114915	-0,000653281807899475
56,227498	-0,000119999051094055
56,328409	0,000678956508636475
56,430092	0,00151294469833374
56,532255	0,00184355676174164
56,641188	0,00196206569671631
56,755177	0,00157502293586731
56,856258	0,000888317823410034
56,958494	5,2228569984436E-5
57,072703	-0,000623151659965515
57,188852	-0,00100211799144745
57,290263	-0,000870302319526672
57,393182	-0,000421687960624695
57,505562	0,000183522701263428
57,608241	0,00111503899097443
57,720660	0,00176689028739929
57,822734	0,00190609693527222
57,923323	0,00171375274658203
58,036419	0,00111973285675049
58,136970	0,000335514545440674
58,248364	-0,000308260321617126
58,363610	-0,000909373164176941
58,464897	-0,000971511006355286
58,578486	-0,000509709119796753
58,678618	-3,99947166442871E-5
58,790047	0,000904306769371033
58,903664	0,00158488750457764
59,016884	0,0019526481628418
59,117867	0,00192442536354065
59,219167	0,00141888856887817
59,332615	0,00068742036819458
59,433381	-0,000104933977127075
59,536100	-0,000707879662513733
59,647438	-0,000927731394767761
59,753033	-0,000769078731536865
59,853326	-0,000227779150009155
59,955120	0,000551462173461914
60,055746	0,00133469700813293
60,169347	0,00179275870323181
60,269364	0,00202459096908569
60,371172	0,00173963606357574
60,485703	0,00121992826461792
60,591830	0,000439956784248352
60,693796	-0,000340253114700317
60,795785	-0,000838279724121094
60,908726	-0,000939041376113892
61,021259	-0,000591129064559937
61,128200	0,000105887651443481
61,229964	0,000899121165275574
61,342112	0,001582071185112
61,450699	0,00193807482719421
61,551991	0,00186096131801605
61,654634	0,00146403908729553
61,769085	0,000726938247680664
61,879303	-8,75294208526611E-5
61,985470	-0,000687181949615479
62,087746	-0,000940442085266113
62,189779	-0,0007220059633255
62,304175	-0,000246137380599976
62,418128	0,000645086169242859
62,520832	0,00128906965255737
62,623874	0,00188446044921875
62,724434	0,00197850167751312
62,837722	0,00174480676651001
62,940789	0,00111033022403717
63,047959	0,000447958707809448
63,149610	-0,000529944896697998
63,261960	-0,000896662473678589
63,364816	-0,000923961400985718
63,467927	-0,000520527362823486
63,582051	0,000191986560821533
63,682976	0,00099414587020874
63,783485	0,00155150890350342
63,894788	0,00194278359413147
64,006853	0,00190703570842743
64,118659	0,00135727226734161
64,220781	0,000621557235717773
64,322300	-0,00015200674533844
64,432018	-0,000628799200057983
64,540484	-0,00086936354637146
64,641470	-0,000658929347991943
64,749608	-7,62343406677246E-5
64,853024	0,000720828771591187
64,954764	0,00148613750934601
65,057791	0,00199590623378754
65,168317	0,00212192535400391
65,270580	0,00186142325401306
65,371934	0,00125238299369812
65,475016	0,000457361340522766
65,588745	-0,000174134969711304
65,702775	-0,000723883509635925
65,804040	-0,000756368041038513
65,905831	-0,000454172492027283
66,006936	0,000219762325286865
66,120989	0,00112961232662201
66,226638	0,00179699063301086
66,333836	0,00208760797977448
66,446848	0,00205186009407043
66,558506	0,00161546468734741
66,660949	0,000735878944396973
66,762437	-5,22434711456299E-5
66,873560	-0,000550657510757446
66,987815	-0,000824153423309326
67,102834	-0,000558197498321533
67,204927	6,68168067932129E-5
67,308614	0,000848785042762756
67,422417	0,0015825480222702
67,524821	0,00201708078384399
67,627797	0,00206126272678375
67,743146	0,00176030397415161
67,851365	0,000964045524597168
67,952762	0,000171765685081482
68,055219	-0,000499814748764038
68,164803	-0,00082746148109436
68,269662	-0,000717759132385254
68,370179	-0,000208944082260132
68,479680	0,000292226672172546
68,582720	0,00119923055171967
68,697649	0,00181345641613007
68,800438	0,00205563008785248
68,915468	0,00185906887054443
69,029160	0,0011780709028244
69,142592	0,000359028577804565
69,255797	-0,000388279557228088
69,358879	-0,000853821635246277
69,464727	-0,000914081931114197
69,566743	-0,000404283404350281
69,679521	0,000198110938072205
69,781828	0,00101765990257263
69,882887	0,00170718133449554
69,995259	0,00200296938419342
70,096411	0,00201001763343811
70,198508	0,00154869258403778
70,310194	0,000844553112983704
70,412313	5,27054071426392E-5
70,514347	-0,000608563423156738
70,615222	-0,000834524631500244
70,717803	-0,000707879662513733
70,832210	-0,000242829322814941
70,946995	0,000650271773338318
71,061808	0,00138407945632935
71,163251	0,00193101167678833
71,275384	0,00200390815734863
71,376082	0,0017194002866745
71,478982	0,00108587741851807
71,590361	0,000401854515075684
71,692480	-0,000421687960624695
71,805853	-0,000848174095153809
71,907812	-0,000821799039840698
72,020059	-0,000466883182525635
72,122210	0,000355735421180725
72,222884	0,00119735300540924
72,326115	0,00174620747566223
72,439906	0,00210735201835632
72,552166	0,00204245746135712
72,663113	0,00154352188110352
72,764635	0,000674247741699219
72,864972	2,02357769012451E-5
72,977652	-0,000577956438064575
73,092353	-0,000781312584877014
73,195711	-0,000559598207473755
73,297174	4,79966402053833E-5
73,409498	0,000962167978286743
73,512253	0,00155574083328247
73,627019	0,00206220149993896
73,739527	0,00205609202384949
73,852801	0,00162675976753235
73,966842	0,000904306769371033
74,079250	-2,77608633041382E-5
74,192397	-0,000550657510757446
74,307869	-0,000850528478622437
74,408630	-0,000616088509559631
74,511071	3,76999378204346E-6
74,624709	0,000660613179206848
74,725248	0,00154539942741394
74,838071	0,00208102166652679
74,939318	0,00210689008235931
75,040681	0,00185108184814453
75,154165	0,00108727812767029
75,254823	0,000274807214736938
75,363751	-0,000303074717521667
75,468660	-0,000760599970817566
75,570058	-0,000766247510910034
75,682939	-0,000339791178703308
75,792810	0,000244215130805969
75,895321	0,00117290019989014
75,995659	0,00178804993629456
76,107847	0,00208994746208191
76,209639	0,00198979675769806
76,311255	0,00140571594238281
76,419866	0,000786691904067993
76,530303	-0,000128477811813354
76,633710	-0,000595375895500183
76,747726	-0,000817090272903442
76,852275	-0,000593021512031555
76,965391	0,000153869390487671
77,066339	0,000816807150840759
77,166874	0,00158394873142242
77,275977	0,00200484693050385
77,389700	0,00216707587242126
77,504639	0,00171516835689545
77,606848	0,00111456215381622
77,707614	0,00030963122844696
77,819557	-0,000301197171211243
77,920502	-0,000788852572441101
78,022288	-0,000713050365447998
78,134722	-0,000252723693847656
78,236740	0,000501126050949097
78,350023	0,00116395950317383
78,450705	0,00187224149703979
78,560019	0,00212052464485168
78,661595	0,00192254781723022
78,774205	0,00134974718093872
78,874232	0,000716134905815125
78,987466	-9,17613506317139E-5
79,093997	-0,000639632344245911
79,207305	-0,000817090272903442
79,308272	-0,000602900981903076
79,422885	0,00024750828742981
79,524695	0,00103366374969482
79,636058	0,00172504782676697
79,737972	0,00205984711647034
79,839501	0,00208666920661926
79,953093	0,00171470642089844
80,053353	0,00100354850292206
80,154840	0,000357627868652344
80,267911	-0,000506877899169922
80,368203	-0,000755429267883301
80,481954	-0,000599607825279236
80,594043	-0,000197649002075195
80,694193	0,000550046563148499
80,806707	0,00132244825363159
80,907668	0,00198133289813995
81,010466	0,00215907394886017
81,122511	0,00188352167606354
81,223261	0,0015101283788681
81,325124	0,00073540210723877
81,428071	-0,000172242522239685
81,540432	-0,000661283731460571
81,653527	-0,000772848725318909
81,755540	-0,000421687960624695
81,857075	0,000257402658462524
81,970406	0,000915110111236572
82,071727	0,00164885818958282
82,184039	0,00210030376911163
82,290786	0,00206643342971802
82,404221	0,00171282887458801
82,517565	0,000982388854026794
82,631653	6,87092542648315E-5
82,743828	-0,000701293349266052
82,846528	-0,000835925340652466
82,955144	-0,00056806206703186
83,068509	4,32878732681274E-5
83,172344	0,000711426138877869
83,286956	0,00155103206634521
83,388529	0,00193007290363312
83,500805	0,00202882289886475
83,601185	0,00172081589698792
83,701831	0,00094287097454071
83,808746	0,000283271074295044
83,910625	-0,000527128577232361
84,025522	-0,000846758484840393
84,138503	-0,000733762979507446
84,252375	-0,000223070383071899
84,365118	0,000684142112731934
84,470065	0,00131022930145264
84,579690	0,00186848640441895
84,681770	0,00203916430473328
84,783603	0,00178006291389465
84,886444	0,0011780709028244
84,998160	0,00050865113735199
85,101145	-0,000363320112228394
85,202921	-0,000717759132385254
85,310936	-0,000909373164176941
85,412010	-0,000574186444282532
85,525941	0,000226348638534546
85,627671	0,000892549753189087
85,730408	0,0015900731086731
85,845307	0,00197380781173706
85,947112	0,00196440517902374
86,060743	0,00162205100059509
86,164175	0,00094333291053772
86,264697	4,65810298919678E-5
86,378576	-0,000500291585922241
86,479957	-0,000826045870780945
86,588829	-0,000711649656295776
86,690827	-9,41157341003418E-5
86,804448	0,000701546669006348
86,915246	0,00134551525115967
87,019010	0,00191785395145416
87,120224	0,0021134614944458
87,232484	0,00187459588050842
87,335703	0,00126978754997253
87,438226	0,000483244657516479
87,546921	-0,000253662467002869
87,650027	-0,00067824125289917
87,751961	-0,000809565186500549
87,854614	-0,000488042831420898
87,968958	0,000144466757774353
88,071091	0,000943809747695923
88,185094	0,00164414942264557
88,288041	0,00205186009407043
88,389197	0,00203682482242584
88,504283	0,00168929994106293
88,618174	0,00087796151638031
88,720358	-5,03659248352051E-5
88,823627	-0,000574186444282532
88,934647	-0,000842049717903137
89,047808	-0,000631153583526611
89,149274	-3,85940074920654E-5
89,250774	0,000609815120697021
89,364068	0,00134928524494171
89,466425	0,00186613202095032
89,569557	0,00197568535804749
89,683858	0,0017438530921936
89,784929	0,00102661550045013
89,898600	0,000201404094696045
89,999367	-0,000521942973136902
90,113111	-0,000920206308364868
90,216044	-0,000965401530265808
90,328769	-0,000528067350387573
90,431935	0,000195756554603577
90,533656	0,000877499580383301
90,637802	0,00155620276927948
90,739461	0,00189951062202454
90,852554	0,00183744728565216
90,954472	0,00136902928352356
91,056928	0,000647440552711487
91,167653	-0,000122353434562683
91,269202	-0,000548303127288818
91,370833	-0,000950798392295837
91,473801	-0,000791668891906738
91,586464	-0,000256016850471497
91,689165	0,000507712364196777
91,797778	0,00116020441055298
91,899165	0,00180874764919281
92,001628	0,00196675956249237
92,115708	0,00169824063777924
92,217366	0,0010886937379837
92,320379	0,00044560432434082
92,432982	-0,000294610857963562
92,534609	-0,000780850648880005
92,637221	-0,000850051641464233
92,751872	-0,000508293509483337
92,853870	0,000189632177352905
92,967207	0,001129150390625
93,069400	0,0016794353723526
93,170668	0,00203071534633636
93,281024	0,00206315517425537
93,396147	0,00147062540054321
93,499284	0,000881731510162354
93,612193	0,00022163987159729
93,713842	-0,000412270426750183
93,815883	-0,000714465975761414
93,916800	-0,000579833984375
94,027048	-6,96480274200439E-5
94,141674	0,000792801380157471
94,250328	0,00149837136268616
94,356742	0,00196675956249237
94,458078	0,00203728675842285
94,572011	0,00169400870800018
94,673169	0,00115549564361572
94,776606	0,000356197357177734
94,890638	-0,00037132203578949
94,997136	-0,000810503959655762
95,097630	-0,000851929187774658
95,200769	-0,000421687960624695
95,301082	0,000280454754829407
95,415160	0,000935345888137817
95,517026	0,00161498785018921
95,618629	0,00197756290435791
95,733171	0,00193525850772858
95,834962	0,00149461627006531
95,948032	0,000899598002433777
96,049274	-9,41753387451172E-6
96,151583	-0,000620335340499878
96,265177	-0,000860884785652161
96,366493	-0,000680595636367798
96,466644	-0,000230595469474792
96,578979	0,000538289546966553
96,690183	0,00141088664531708
96,791579	0,00189951062202454
96,894094	0,00201237201690674
97,008636	0,00166532397270203
97,110206	0,00114326179027557
97,222800	0,000352442264556885
97,326440	-0,000380739569664001
97,427680	-0,000825569033622742
97,540685	-0,000867009162902832
97,653188	-0,000377446413040161
97,761155	0,000223040580749512
97,873170	0,000998854637145996
97,975926	0,00164556503295898
98,077170	0,001953125
98,187269	0,00185719132423401
98,291144	0,00137138366699219
98,404644	0,000502064824104309
98,506099	-0,000136002898216248
98,611287	-0,000631630420684814
98,713153	-0,000885367393493652
98,823477	-0,000639632344245911
98,938109	-4,65959310531616E-5
99,040631	0,000735878944396973
99,151473	0,00144287943840027
99,265799	0,00186754763126373
99,377957	0,00187976658344269
99,480063	0,00162722170352936
99,582944	0,000870436429977417
99,695391	-1,36494636535645E-5
99,805714	-0,000540778040885925
99,909474	-0,000822752714157104
100,010214	-0,000738471746444702
100,124370	-0,000231534242630005
100,226578	0,000511467456817627
100,328896	0,00115643441677094
100,443256	0,00182521343231201
100,552424	0,00198698043823242
100,658774	0,00181345641613007
100,762496	0,00113432109355927
100,864198	0,000329390168190002
100,977616	-0,00040474534034729
101,078506	-0,000832632184028625
101,179150	-0,000944674015045166
101,279866	-0,000662222504615784
101,382041	-3,38852405548096E-5
101,486218	0,000640377402305603
101,586706	0,00124014914035797
101,694448	0,00183932483196259
101,795893	0,00193807482719421
101,909597	0,00161075592041016
102,012162	0,001129150390625
102,113551	0,000380203127861023
102,227049	-0,000294610857963562
102,330004	-0,000729531049728394
102,432367	-0,00074884295463562
102,544616	-0,000330850481987
102,658772	0,000351965427398682
102,765709	0,00120629370212555
102,868601	0,0017763078212738
102,971729	0,00195452570915222
103,077821	0,00183978676795959
103,178897	0,00135022401809692
103,280599	0,000794693827629089
103,395126	4,37647104263306E-5
103,496635	-0,000587373971939087
103,610779	-0,000746488571166992
103,711852	-0,000566184520721436
103,825835	0,000105410814285278
103,940018	0,000844553112983704
104,040354	0,00151436030864716
104,153487	0,00188633799552917
104,268962	0,00196017324924469
104,381873	0,00160793960094452
104,483558	0,000972986221313477
104,597518	0,000232934951782227
104,706713	-0,000456526875495911
104,809510	-0,000706464052200317
104,913112	-0,000542193651199341
105,023479	-0,00012989342212677
105,126023	0,000670969486236572
105,228243	0,00126649439334869
105,330890	0,00178006291389465
105,445792	0,00193431973457336
105,547904	0,00170011818408966
105,662358	0,00122180581092834
105,764704	0,000366568565368652
105,866566	-0,000324264168739319
105,967631	-0,000728592276573181
106,076884	-0,000851929187774658
106,185331	-0,000553488731384277
106,293650	0,000182583928108215
106,396299	0,0008201003074646
106,511036	0,001566082239151
106,617087	0,00187976658344269
106,727983	0,00183978676795959
106,830012	0,00148425996303558
106,943825	0,000712841749191284
107,053042	-3,05771827697754E-5
107,153489	-0,000586435198783875
107,267928	-0,000792622566223145
107,370503	-0,000643864274024963
107,472081	-1,03563070297241E-5
107,585139	0,000597581267356873
107,687387	0,00132715702056885
107,799885	0,00178146362304688
107,912357	0,00199590623378754
108,015238	0,00167801976203918
108,128999	0,00118184089660645
108,229828	0,000433832406997681
108,332046	-0,000334620475769043
108,445279	-0,000664114952087402
108,547059	-0,000687181949615479
108,652729	-0,000290378928184509
108,753016	0,000377386808395386
108,863703	0,00100214779376984
108,978811	0,00165121257305145
109,080735	0,0020010769367218
109,192052	0,00192913413047791
109,305488	0,00138267874717712
109,408712	0,000777751207351685
109,511228	-9,2238187789917E-5
109,618290	-0,000570416450500488
109,720924	-0,000825569033622742
109,834852	-0,000654697418212891
109,935589	-6,10947608947754E-6
110,038670	0,000605106353759766
110,151461	0,00131210684776306
110,253769	0,00182802975177765
110,368003	0,00185389816761017
110,471598	0,00148190557956696
110,573641	0,000944763422012329
110,674715	0,000315755605697632
110,777561	-0,000392049551010132
110,879549	-0,000833109021186829
110,993871	-0,000867009162902832
111,096564	-0,000402390956878662
111,203215	0,000175997614860535
111,305735	0,000941932201385498
111,419438	0,00166109204292297
111,529226	0,00190985202789307
111,632798	0,00186894834041595
111,736670	0,00147250294685364
111,840326	0,000676140189170837
111,955087	3,67015600204468E-5
112,059291	-0,000654220581054688
112,160175	-0,000891953706741333
112,274039	-0,000762954354286194
112,377541	-0,000161409378051758
112,479334	0,00044935941696167
112,594229	0,00128388404846191
112,694913	0,00174856185913086
112,801471	0,00184261798858643
112,907537	0,00160135328769684
113,009611	0,00091087818145752
113,122271	0,000172227621078491
113,226051	-0,000387340784072876
113,338891	-0,000804394483566284
113,440927	-0,000814750790596008
113,542995	-0,000493705272674561
113,643692	3,10540199279785E-5
113,753338	0,000766932964324951
113,868060	0,00142264366149902
113,983043	0,00178053975105286
114,085293	0,00173445045948029
114,196465	0,00120440125465393
114,310313	0,000638499855995178
114,416761	-4,2349100112915E-5
114,531510	-0,000545024871826172
114,635712	-0,000690475106239319
114,745235	-0,000396281480789185
114,847891	7,76499509811401E-5
114,950014	0,000796571373939514
115,064103	0,00145180523395538
115,165546	0,00188727676868439
115,278606	0,00187599658966064
115,383067	0,00158536434173584
115,497174	0,000985205173492432
115,598900	0,000288933515548706
115,701621	-0,000233888626098633
115,804721	-0,000630214810371399
115,918792	-0,000543132424354553
116,020603	-0,00011812150478363
116,124735	0,0005340576171875
116,234082	0,00118277966976166
116,336317	0,00160887837409973
116,437597	0,00182944536209106
116,550536	0,00168789923191071
116,653778	0,00113290548324585
116,768012	0,000473365187644958
116,869036	-3,99947166442871E-5
116,974659	-0,000445693731307983
117,081637	-0,000516772270202637
117,182574	-0,000211775302886963
117,295577	0,000253632664680481
117,400296	0,00103601813316345
117,502187	0,00161029398441315
117,615762	0,00189340114593506
117,718322	0,00186048448085785
117,820232	0,00144851207733154
117,933978	0,000929698348045349
118,034733	0,000239044427871704
118,146919	-0,000307783484458923
118,250355	-0,000556305050849915
118,352012	-0,000420272350311279
118,465592	-4,84734773635864E-5
118,567905	0,000670969486236572
118,678460	0,00103931128978729
118,780709	0,000918880105018616
118,895556	-0,000185415148735046
119,003879	-0,00199533998966217
119,111862	-0,00369253754615784
119,225480	-0,00509142875671387
119,328168	-0,00580157339572906
119,437357	-0,00594894587993622
119,547521	-0,00532323122024536
119,650404	-0,00409719347953796
119,765457	-0,00213195383548737
119,869135	-0,000454634428024292
119,972350	0,000516653060913086
120,087286	0,000889718532562256
120,190503	0,000177875161170959
120,294361	-0,00126862525939941
120,409261	-0,00273743271827698
120,511717	-0,00444819033145905
120,625433	-0,0056452602148056
120,732359	-0,00562873482704163
120,833593	-0,00487571954727173
120,935313	-0,00331343710422516
121,049717	-0,00127145648002625
121,154075	-0,000285670161247253
121,255910	0,000642269849777222
121,369961	0,000307276844978333
121,481121	-0,000866532325744629
121,594194	-0,00224125385284424
121,697967	-0,00394955277442932
121,812792	-0,00534163415431976
121,916117	-0,0055890679359436
122,019272	-0,00482617318630219
122,134278	-0,00360152125358582
122,245161	-0,00149419903755188
122,351382	-0,000145405530929565
122,459569	0,000941455364227295
122,569273	0,000852078199386597
122,681095	-0,000131309032440186
122,793256	-0,00176829099655151
122,907073	-0,0035821795463562
123,013331	-0,00519150495529175
123,120584	-0,00565139949321747
123,230447	-0,00526703894138336
123,330583	-0,00370950996875763
123,438677	-0,00221534073352814
123,539020	-0,000254601240158081
123,646937	0,000761762261390686
123,749363	0,000931575894355774
123,864141	0,0002470463514328
123,967010	-0,00120647251605988
124,070286	-0,00300325453281403
124,181338	-0,00466005504131317
124,284600	-0,00564242899417877
124,386256	-0,00563108921051025
124,494494	-0,00464352965354919
124,603826	-0,0032823234796524
124,704873	-0,0014701634645462
124,818785	3,76403331756592E-5
124,924485	0,000793278217315674
125,031417	0,000484183430671692
125,145570	-0,000476747751235962
125,248030	-0,00249192118644714
125,359998	-0,00398492813110352
125,472227	-0,00553050637245178
125,574239	-0,00588282942771912
125,687648	-0,00519905984401703
125,788594	-0,00370243191719055
125,901727	-0,00188557803630829
126,010335	-0,00029367208480835
126,116393	0,000628620386123657
126,219608	0,000639915466308594
126,324593	-8,18818807601929E-5
126,430637	-0,00159120559692383
126,539263	-0,00340631604194641
126,639546	-0,00500410795211792
126,739789	-0,00583700835704803
126,847663	-0,00568163394927979
126,956275	-0,00453971326351166
127,062939	-0,0028001070022583
127,165348	-0,00128558278083801
127,267845	-2,39908695220947E-5
127,375754	0,00082339346408844
127,482728	0,000395745038986206
127,592877	-0,000885367393493652
127,702008	-0,00235196948051453
127,807236	-0,00410708785057068
127,917831	-0,00537610054016113
128,019746	-0,00575056672096252
128,134516	-0,00509142875671387
128,236198	-0,00334973633289337
128,338938	-0,00183235108852386
128,452108	-0,000217422842979431
128,552799	0,00063285231590271
128,655069	0,00083044171333313
128,770100	6,30617141723633E-5
128,885530	-0,00172308087348938
128,986286	-0,00355294346809387
129,099421	-0,00507444143295288
129,199998	-0,00579874217510223
129,313392	-0,00560465455055237
129,428438	-0,00399389863014221
129,531316	-0,00249567627906799
129,635202	-0,000769078731536865
129,735991	0,000457361340522766
129,839394	0,0008201003074646
129,943291	0,000236228108406067
130,056133	-0,000870764255523682
130,170184	-0,00293725728988647
130,279769	-0,00461238622665405
130,386772	-0,00573121011257172
130,500618	-0,00562164187431335
130,611177	-0,00453783571720123
130,723168	-0,0028434693813324
130,824513	-0,00134019553661346
130,940498	0,000101655721664429
131,049625	0,000804111361503601
131,162480	0,00036938488483429
131,269857	-0,000910311937332153
131,380037	-0,00298911333084106
131,492929	-0,00441750884056091
131,594030	-0,00560134649276733
131,704510	-0,00583700835704803
131,807939	-0,005252406001091
131,910857	-0,00349684059619904
132,020951	-0,00137786567211151
132,135237	-0,000108242034912109
132,240843	0,000742465257644653
132,349284	0,000652611255645752
132,454003	-0,000581726431846619
132,557442	-0,00197695195674896
132,660141	-0,00378260016441345
132,763874	-0,00501164793968201
132,878527	-0,00579118728637695
132,986607	-0,00535532832145691
133,095429	-0,0040193647146225
133,203756	-0,00193691253662109
133,313414	-0,000298365950584412
133,422858	0,000586286187171936
133,538312	0,000811159610748291
133,648944	-0,000120937824249268
133,750226	-0,00168964266777039
133,850310	-0,00322999060153961
133,950521	-0,00485402345657349
134,059535	-0,00569815933704376
134,168668	-0,0057770311832428
134,271384	-0,00463031232357025
134,381838	-0,00264552235603333
134,496795	-0,0008726567029953
134,606762	0,00022493302822113
134,716552	0,000803172588348389
134,826259	0,000422552227973938
134,929611	-0,000823214650154114
135,040105	-0,00256684422492981
135,141181	-0,00433069467544556
135,250436	-0,00555221736431122
135,351316	-0,00584550201892853
135,456598	-0,00508624315261841
135,560741	-0,00355766713619232
135,671843	-0,00204575061798096
135,782111	-0,000424042344093323
135,882567	0,000585809350013733
135,986070	0,000587224960327148
136,096992	-0,000176951289176941
136,202587	-0,00173391401767731
136,306251	-0,00357605516910553
136,406690	-0,00512400269508362
136,509978	-0,00592675805091858
136,610622	-0,00580157339572906
136,715992	-0,0045166015625
136,819433	-0,00339594483375549
136,924494	-0,00158508121967316
137,028933	-0,000113412737846375
137,133206	0,000618740916252136
137,240161	0,000395745038986206
137,349939	-0,000473931431770325
137,456193	-0,00241464376449585
137,566920	-0,00420427322387695
137,667735	-0,00535957515239716
137,775965	-0,0059857964515686
137,887076	-0,00539499521255493
137,992633	-0,00395616888999939
138,098884	-0,00244385004043579
138,206173	-0,000448986887931824
138,309225	0,000671908259391785
138,411916	0,000746235251426697
138,525783	-0,000120937824249268
138,630942	-0,00167033076286316
138,743904	-0,00379297137260437
138,855736	-0,00507065653800964
138,962295	-0,00581859052181244
139,070583	-0,00554892420768738
139,182226	-0,00452934205532074
139,283195	-0,0031055361032486
139,386568	-0,00128981471061707
139,488848	0,00010305643081665
139,602717	0,000722706317901611
139,706585	0,000359028577804565
139,819895	-0,00113818049430847
139,933215	-0,00291416049003601
140,042530	-0,00486864149570465
140,151171	-0,0057302713394165
140,258902	-0,00578317046165466
140,364018	-0,00501212477684021
140,472476	-0,00340960919857025
140,582462	-0,00128981471061707
140,686201	0,00012187659740448
140,794132	0,000729292631149292
140,899176	0,000558048486709595
141,011035	-0,000525712966918945
141,116253	-0,00250746309757233
141,225996	-0,00429815053939819
141,327810	-0,00538696348667145
141,428109	-0,00590597093105316
141,538850	-0,00539782643318176
141,651460	-0,00402691960334778
141,763677	-0,00192561745643616
141,879154	-0,00033743679523468
141,987245	0,000600874423980713
142,101958	0,000498294830322266
142,202846	-0,000308260321617126
142,308893	-0,00191101431846619
142,416438	-0,00400570034980774
142,516555	-0,0051967054605484
142,628226	-0,00588470697402954
142,738258	-0,00552813708782196
142,842817	-0,00454254448413849
142,943982	-0,00284016132354736
143,052820	-0,00107510387897491
143,165479	0,000352919101715088
143,267779	0,000686958432197571
143,367811	0,000346794724464417
143,481004	-0,0008392333984375
143,583708	-0,00287127494812012
143,684961	-0,00433966517448425
143,798932	-0,0055980384349823
143,912149	-0,00590266287326813
144,024868	-0,00507017970085144
144,127151	-0,00346618890762329
144,228378	-0,00162747502326965
144,342562	-8,18818807601929E-5
144,444327	0,000786691904067993
144,546763	0,000590518116950989
144,660800	-0,000212252140045166
144,770060	-0,00211074948310852
144,876093	-0,00419813394546509
144,982326	-0,00531095266342163
145,085619	-0,0058719664812088
145,197342	-0,00540395081043243
145,299180	-0,00432126224040985
145,401451	-0,00225254893302917
145,516652	-0,000561490654945374
145,618068	0,000518068671226501
145,721245	0,000749528408050537
145,835730	-4,70578670501709E-5
145,936879	-0,00154410302639008
146,051208	-0,00304944813251495
146,153951	-0,00471809506416321
146,255548	-0,0057491660118103
146,370187	-0,00581717491149902
146,472564	-0,00490309298038483
146,587009	-0,00328657031059265
146,691406	-0,00148005783557892
146,804865	-4,42415475845337E-5
146,905584	0,000660613179206848
147,008655	0,000359505414962769
147,122385	-0,000798732042312622
147,234826	-0,00280812382698059
147,337733	-0,00428164005279541
147,442330	-0,00540490448474884
147,543627	-0,00595462322235107
147,658308	-0,00513722002506256
147,760593	-0,00387881696224213
147,863877	-0,00206552445888519
147,978427	-0,0004386305809021
148,078998	0,00043855607509613
148,180663	0,000682726502418518
148,282537	-0,000216960906982422
148,397861	-0,00148241221904755
148,499625	-0,00358030200004578
148,609277	-0,00488610565662384
148,711896	-0,00578883290290833
148,824556	-0,00568681955337524
148,925111	-0,00464542210102081
149,040131	-0,00296035408973694
149,152609	-0,00118434429168701
149,266868	0,000449836254119873
149,382202	0,000685542821884155
149,484411	0,000315755605697632
149,586426	-0,00118763744831085
149,699709	-0,00325356423854828
149,801660	-0,00462749600410461
149,905800	-0,00554655492305756
150,019880	-0,00573404133319855
150,134167	-0,00460624694824219
150,235849	-0,00351664423942566
150,336854	-0,00143060088157654
150,436976	-0,000162824988365173
150,539312	0,000692605972290039
150,651869	0,000698253512382507
150,756286	-0,00035625696182251
150,863348	-0,00198167562484741
150,965198	-0,0037863701581955
151,074188	-0,00520850718021393
151,184499	-0,00581197440624237
151,285821	-0,00537514686584473
151,399361	-0,00432929396629333
151,514287	-0,00228977203369141
151,619096	-0,000585958361625671
151,722567	0,00054439902305603
151,836995	0,000811636447906494
151,948980	-6,40004873275757E-5
152,056716	-0,00160816311836243
152,158795	-0,00311355292797089
152,272786	-0,00496587157249451
152,375307	-0,00570099055767059
152,477543	-0,00564432144165039
152,591760	-0,00463268160820007
152,694020	-0,00297026336193085
152,807548	-0,00119563937187195
152,910185	0,000169411301612854
153,015362	0,000729769468307495
153,124479	0,000390082597732544
153,227169	-0,000824630260467529
153,329438	-0,00254516303539276
153,443426	-0,00402221083641052
153,545318	-0,00549131631851196
153,646201	-0,00579214096069336
153,756064	-0,00524343550205231
153,871456	-0,00355437397956848
153,984666	-0,00174897909164429
154,084700	-0,000175073742866516
154,198897	0,000617325305938721
154,312974	0,000558048486709595
154,426561	-0,000523358583450317
154,528940	-0,00190018117427826
154,632174	-0,00399483740329742
154,745910	-0,00517261028289795
154,855451	-0,00583276152610779
154,960415	-0,00544975697994232
155,061686	-0,004190593957901
155,171174	-0,00241981446743011
155,276999	-0,00071871280670166
155,390175	0,000578761100769043
155,494466	0,00076882541179657
155,596204	-6,68168067932129E-5
155,697457	-0,00100257992744446
155,813288	-0,00276382267475128
155,915051	-0,0046812891960144
156,025369	-0,00561976432800293
156,133179	-0,00560228526592255
156,235212	-0,00460484623908997
156,340624	-0,00326487421989441
156,449366	-0,00147205591201782
156,550972	0,000208929181098938
156,653642	0,000773042440414429
156,762233	0,00060698390007019
156,870684	-0,00045698881149292
156,976818	-0,00213289260864258
157,079558	-0,00361472368240356
157,193093	-0,00541387498378754
157,294736	-0,0057576596736908
157,408768	-0,00522692501544952
157,511268	-0,00387269258499146
157,614731	-0,00209237635135651
157,715414	-0,000681057572364807
157,817512	0,000488892197608948
157,932225	0,000780582427978516
158,035000	-1,12950801849365E-5
158,148591	-0,00122293829917908
158,256627	-0,00301598012447357
158,367681	-0,00466996431350708
158,468169	-0,00564619898796082
158,571974	-0,00566650927066803
158,672396	-0,00470487773418427
158,783257	-0,00307396054267883
158,888874	-0,00130534172058105
159,003375	9,12994146347046E-5
159,103646	0,000671908259391785
159,204087	0,000385373830795288
159,316896	-0,000540301203727722
159,421090	-0,00219742953777313
159,523478	-0,00423493981361389
159,634631	-0,00548139214515686
159,736472	-0,00584645569324493
159,838683	-0,00533738732337952
159,939252	-0,003992959856987
160,040915	-0,00251783430576324
160,151910	-0,00106191635131836
160,258195	0,000409379601478577
160,359936	0,000741526484489441
160,473530	0,000136002898216248
160,576168	-0,00124883651733398
160,678911	-0,00305274128913879
160,792005	-0,00469309091567993
160,897475	-0,00559189915657043
161,011586	-0,00573214888572693
161,120409	-0,0047633945941925
161,224182	-0,00315503776073456
161,329817	-0,00165289640426636
161,438616	6,30617141723633E-5
161,541064	0,000674724578857422
161,641117	0,000640854239463806
161,756391	-0,000706464052200317
161,860761	-0,0024188756942749
161,960842	-0,00361707806587219
162,062878	-0,00530056655406952
162,175559	-0,00584928691387177
162,277759	-0,00537988543510437
162,389733	-0,00404247641563416
162,495595	-0,00256495177745819
162,599343	-0,000590667128562927
162,714256	0,000607460737228394
162,816880	0,000757068395614624
162,927556	0,000182107090950012
163,027773	-0,00117351114749908
163,131321	-0,00323565304279327
163,234023	-0,00459775328636169
163,347727	-0,00559945404529572
163,450673	-0,00556451082229614
163,551773	-0,00472848117351532
163,660416	-0,00341008603572845
163,761804	-0,00160910189151764
163,876687	0,000111058354377747
163,979973	0,000790461897850037
164,092056	0,000536412000656128
164,207459	-0,000840172171592712
164,322252	-0,00258003175258636
164,432489	-0,00403635203838348
164,545927	-0,00532227754592896
164,648929	-0,00564619898796082
164,758432	-0,00513722002506256
164,867537	-0,00343082845211029
164,971503	-0,00165195763111115
165,078315	6,68168067932129E-5
165,181327	0,000688850879669189
165,290083	0,000574514269828796
165,392257	-0,000436276197433472
165,499119	-0,00207352638244629
165,607872	-0,00386796891689301
165,712968	-0,0048828125
165,817890	-0,00587525963783264
165,929564	-0,00544551014900208
166,045054	-0,00415143370628357
166,158700	-0,002687007188797
166,259829	-0,000704586505889893
166,375280	0,000519484281539917
166,478904	0,000669077038764954
166,579006	0,000144004821777344
166,683382	-0,00146545469760895
166,792292	-0,0032554417848587
166,903333	-0,00460201501846313
167,008395	-0,00564289093017578
167,118472	-0,00563722848892212
167,222812	-0,00481389462947845
167,332959	-0,00322386622428894
167,435413	-0,00115090608596802
167,550397	3,10540199279785E-5
167,665076	0,000769287347793579
167,772909	0,000527948141098022
167,872933	-0,000569477677345276
167,977639	-0,00253716111183167
168,088683	-0,004245325922966
168,198173	-0,00544078648090363
168,309845	-0,00565327703952789
168,412975	-0,0049833357334137
168,526505	-0,00349448621273041
168,633798	-0,00171037018299103
168,735079	-0,000183537602424622
168,847663	0,000732585787773132
168,953457	0,000611692667007446
169,056304	-0,000363320112228394
169,156985	-0,00195953249931335
169,268325	-0,00346618890762329
169,382741	-0,00498522818088531
169,484061	-0,00578929483890533
169,589422	-0,00540348887443542
169,704492	-0,00412265956401825
169,808140	-0,00238966941833496
169,910320	-0,000965863466262817
170,010811	0,00028422474861145
170,111234	0,000694960355758667
170,211699	0,000185877084732056
170,311943	-0,000874534249305725
170,415410	-0,00258003175258636
170,516981	-0,00431607663631439
170,619011	-0,00537185370922089
170,730805	-0,00583134591579437
170,837896	-0,005289226770401
170,952878	-0,00391276180744171
171,066972	-0,00185024738311768
171,177240	-0,000521004199981689
171,280192	0,000571697950363159
171,388776	0,000427722930908203
171,495835	-0,000212714076042175
171,597713	-0,00201275944709778
171,700745	-0,00350815057754517
171,814642	-0,00504611432552338
171,920641	-0,00583180785179138
172,024599	-0,00562117993831635
172,139791	-0,00423306226730347
172,253462	-0,00248955190181732
172,361038	-0,000786960124969482
172,474727	0,000372201204299927
172,576285	0,000674724578857422
172,683480	-0,000148698687553406
172,798667	-0,00164017081260681
172,906984	-0,00312958657741547
173,017873	-0,0049649178981781
173,119255	-0,00577135384082794
173,225770	-0,00558388233184814
173,341288	-0,00470817089080811
173,444043	-0,00278879702091217
173,559458	-0,00104968249797821
173,662309	0,000220686197280884
173,776851	0,000681310892105103
173,877435	0,000205636024475098
173,978445	-0,00107745826244354
174,089430	-0,00280860066413879
174,190287	-0,00423353910446167
174,303425	-0,00558717548847198
174,406178	-0,00578977167606354
174,509269	-0,00512117147445679
174,624873	-0,00365670025348663
174,727477	-0,00189170241355896
174,830510	-0,000559136271476746
174,942077	0,000477135181427002
175,055138	0,000555232167243958
175,159024	-0,000351548194885254
175,259033	-0,00163829326629639
175,373088	-0,00342045724391937
175,473573	-0,00514902174472809
175,576990	-0,00583039224147797
175,681159	-0,00571373105049133
175,782282	-0,00426560640335083
175,884337	-0,00285100936889648
175,998731	-0,00111652910709381
176,106733	0,000160932540893555
176,221473	0,000616386532783508
176,332511	0,00015905499458313
176,437664	-0,00140753388404846
176,539295	-0,00287222862243652
176,654502	-0,00456756353378296
176,762505	-0,00578835606575012
176,864738	-0,00587102770805359
176,977394	-0,00506593286991119
177,081190	-0,00352372229099274
177,191696	-0,00173768401145935
177,296575	-0,000244706869125366
177,400854	0,000549107789993286
177,504661	0,000415489077568054
177,616879	-0,00060667097568512
177,723161	-0,00192655622959137
177,825901	-0,00396984815597534
177,940734	-0,00532039999961853
178,041106	-0,00582000613212585
178,143483	-0,00548611581325531
178,245474	-0,00398965179920197
178,360290	-0,00222381949424744
178,462037	-0,00081285834312439
178,564332	0,000513836741447449
178,677956	0,000751405954360962
178,792713	-1,22338533401489E-5
178,902647	-0,0011829286813736
179,004050	-0,00324036180973053
179,117287	-0,00456897914409637
179,232080	-0,00569768249988556
179,332765	-0,00551775097846985
179,448269	-0,00444063544273376
179,552891	-0,00278879702091217
179,654976	-0,00105910003185272
179,769998	0,000245153903961182
179,876980	0,000731185078620911
179,991829	0,000295981764793396
180,092966	-0,00123424828052521
180,196363	-0,00240050256252289
180,299756	-0,00439393520355225
180,400014	-0,00555317103862762
180,506295	-0,00581765174865723
180,615377	-0,00519385933876038
180,724708	-0,00378401577472687
180,830830	-0,00201888382434845
180,934398	-0,000443339347839355
181,047261	0,000580161809921265
181,155641	0,000464901328086853
181,255766	-0,000313431024551392
181,359893	-0,00184082984924316
181,460469	-0,00360387563705444
181,564233	-0,00488562881946564
181,675560	-0,00579780340194702
181,780325	-0,00553333759307861
181,887394	-0,0045987069606781
181,995057	-0,00263987481594086
182,098688	-0,00119847059249878
182,202635	0,00026915967464447
182,307959	0,000639915466308594
182,423403	0,000223517417907715
182,527063	-0,00101718306541443
182,627176	-0,00272282958030701
182,732806	-0,00442741811275482
182,847300	-0,00543653964996338
182,960568	-0,00580960512161255
183,062188	-0,00506451725959778
183,166226	-0,00356239080429077
183,270919	-0,00208202004432678
183,371965	-0,000265896320343018
183,482110	0,000485599040985107
183,590068	0,000616863369941711
183,704989	-0,00026354193687439
183,806010	-0,0020659863948822
183,918113	-0,00355058908462524
184,020522	-0,00502865016460419
184,131059	-0,00578600168228149
184,232094	-0,00535579025745392
184,335183	-0,00456000864505768
184,445534	-0,00291086733341217
184,546639	-0,00089147686958313
184,651444	0,000335514545440674
184,760573	0,00073494017124176
184,874289	0,000359028577804565
184,986874	-0,00137315690517426
185,091179	-0,00283026695251465
185,195856	-0,00424060225486755
185,307194	-0,00552813708782196
185,412236	-0,00554324686527252
185,516781	-0,00475725531578064
185,617316	-0,00348553061485291
185,721835	-0,00144568085670471
185,823038	-0,000217422842979431
185,937706	0,000624865293502808
186,046147	0,000547230243682861
186,160975	-0,000406160950660706
186,266023	-0,00229308009147644
186,374660	-0,00403493642807007
186,476406	-0,00516648590564728
186,581608	-0,00578741729259491
186,681666	-0,00539356470108032
186,782213	-0,00438496470451355
186,887159	-0,00240662693977356
186,997529	-0,000989407300949097
187,104125	0,000241398811340332
187,207458	0,000664845108985901
187,308472	0,000153407454490662
187,409302	-0,00114619731903076
187,520885	-0,00287364423274994
187,625327	-0,00452226400375366
187,733376	-0,00556451082229614
187,848065	-0,00573498010635376
187,954114	-0,00502675771713257
188,055666	-0,00354775786399841
188,159591	-0,00178949534893036
188,271666	-4,51803207397461E-5
188,386791	0,000682249665260315
188,497435	0,000378787517547607
188,602304	-0,000325679779052734
188,706191	-0,0021950751543045
188,821088	-0,00393021106719971
188,922931	-0,00507113337516785
189,035616	-0,00569437444210052
189,135766	-0,0051504373550415
189,247324	-0,00379203259944916
189,351012	-0,00204008817672729
189,454292	-0,000664576888084412
189,560784	0,000327512621879578
189,665951	0,000755652785301208
189,774853	0,000128939747810364
189,877528	-0,00125685334205627
189,977701	-0,0030008852481842
190,089429	-0,00459256768226624
190,198959	-0,00553098320960999
190,302060	-0,00551113486289978
190,416968	-0,00452886521816254
190,522163	-0,00261913239955902
190,625834	-0,00116738677024841
190,740635	1,88201665878296E-5
190,841265	0,000808343291282654
190,955450	0,000329390168190002
191,060772	-0,0006885826587677
191,160985	-0,00236846506595612
191,261005	-0,0038052499294281
191,364582	-0,00512021780014038
191,469702	-0,00559473037719727
191,576805	-0,00492432713508606
191,685544	-0,00376798212528229
191,790290	-0,002032071352005
191,903369	-0,00042685866355896
192,008728	0,000667661428451538
192,111810	0,000711426138877869
192,211953	0,000115290284156799
192,327263	-0,00155164301395416
192,432057	-0,00303483009338379
192,536310	-0,00463597476482391
192,641630	-0,00558528304100037
192,741869	-0,00557868182659149
192,856091	-0,00462277233600616
192,956161	-0,00300796329975128
193,061730	-0,00154787302017212
193,164547	0,00010305643081665
193,264889	0,000675663352012634
193,365717	0,00051194429397583
193,469856	-0,000513479113578796
193,581496	-0,00213713943958282
193,685332	-0,00389485061168671
193,788232	-0,00506074726581573
193,890691	-0,0057392418384552
194,003575	-0,00525665283203125
194,117546	-0,00419342517852783
194,218182	-0,0024961531162262
194,322164	-0,000816166400909424
194,432688	0,000349611043930054
194,537804	0,000680834054946899
194,641193	8,32974910736084E-5
194,741530	-0,0010063499212265
194,856359	-0,00267617404460907
194,967710	-0,00456094741821289
195,080090	-0,00556875765323639
195,187336	-0,00548611581325531
195,292202	-0,00453735888004303
195,396221	-0,00293019413948059
195,511733	-0,00118763744831085
195,612860	1,89244747161865E-6
195,716039	0,000806927680969238
195,831164	0,000484183430671692
195,935517	-0,000672578811645508
196,047109	-0,00235667824745178
196,147542	-0,00408680737018585
196,262349	-0,00543229281902313
196,369123	-0,00563298165798187
196,476333	-0,00518536567687988
196,583699	-0,00358784198760986
196,684962	-0,00212064385414124
196,793921	-0,000488519668579102
196,906788	0,000551462173461914
197,011130	0,000670492649078369
197,124650	-0,00021129846572876
197,240156	-0,00176216661930084
197,346883	-0,00352089107036591
197,451400	-0,00497578084468842
197,557279	-0,00567406415939331
197,658473	-0,00545966625213623
197,768653	-0,00437930226325989
197,869913	-0,00241369009017944
197,971369	-0,000720113515853882
198,071385	0,000312924385070801
198,171390	0,000806465744972229
198,271870	0,000365152955055237
198,371876	-0,000625967979431152
198,472382	-0,0020066499710083
198,573382	-0,00375714898109436
198,675375	-0,00511503219604492
198,776897	-0,00563770532608032
198,878878	-0,00517073273658752
198,980648	-0,00413350760936737
199,082668	-0,00271010398864746
199,184643	-0,000707879662513733
199,284767	0,000345855951309204
199,385766	0,000838905572891235
199,486894	0,000563234090805054
199,588894	-0,000571370124816895
199,690910	-0,00196424126625061
199,791101	-0,00372835993766785
199,893097	-0,00513485074043274
199,994636	-0,00572317838668823
200,095601	-0,00543701648712158
200,195647	-0,00430759787559509
200,297104	-0,00291416049003601
200,399111	-0,0012003481388092
200,499610	0,000127047300338745
200,599616	0,00063285231590271
200,701615	0,000383496284484863
200,802112	-0,000493228435516357
200,903192	-0,00209710001945496
201,003247	-0,00381749868392944
201,104244	-0,00503337383270264
201,205824	-0,00574395060539246
201,306327	-0,0055135041475296
201,406335	-0,00459067523479462
201,506831	-0,00296130776405334
201,608830	-0,00124883651733398
201,708830	-8,98838043212891E-5
201,809332	0,000585347414016724
201,909334	0,000484660267829895
202,009836	-0,00049416720867157
202,109841	-0,0020744800567627
202,211847	-0,00356239080429077
202,312343	-0,00504942238330841
202,414344	-0,00571751594543457
202,514849	-0,00568020343780518
202,616000	-0,00467891991138458
202,716352	-0,00337661802768707
202,816523	-0,00161758065223694
202,917100	-0,000381678342819214
203,017815	0,000455006957054138
203,119818	0,000404670834541321
203,219824	-0,000330850481987
203,320319	-0,00180833041667938
203,422325	-0,00355389714241028
203,522831	-0,00483229756355286
203,624822	-0,0057297945022583
203,724860	-0,00567737221717834
203,825326	-0,0048738420009613
203,927330	-0,00332899391651154
204,027865	-0,0018526017665863
204,129849	-0,000336021184921265
204,230335	0,000522762537002563
204,330374	0,000575929880142212
204,432351	-0,000218361616134644
204,532841	-0,00169764459133148
204,633325	-0,00316682457923889
204,734862	-0,00471006333827972
204,836827	-0,00560842454433441
204,937393	-0,00564950704574585
205,037498	-0,00480964779853821
205,139495	-0,0032908022403717
205,239997	-0,00181964039802551
205,339999	-0,000540778040885925
205,441294	0,000531226396560669
205,541359	0,000559940934181213
205,643311	-3,85940074920654E-5
205,743816	-0,00142920017242432
205,845820	-0,00318144261837006
205,947823	-0,0045255720615387
206,048325	-0,00566840171813965
206,150322	-0,00570712983608246
206,250825	-0,00506074726581573
206,350870	-0,00362038612365723
206,452825	-0,00187616050243378
206,553326	-0,000589251518249512
206,653416	0,00041690468788147
206,754503	0,00053076446056366
206,854506	-7,29411840438843E-5
206,956535	-0,00118434429168701
207,057345	-0,00319793820381165
207,159351	-0,00452792644500732
207,259880	-0,00548894703388214
207,361849	-0,00574538111686707
207,461849	-0,00511172413825989
207,562388	-0,00392597913742065
207,664357	-0,00188793241977692
207,764866	-0,000585958361625671
207,866876	0,000320926308631897
207,968856	0,000602275133132935
208,069359	2,83122062683105E-6
208,171370	-0,00110334157943726
208,271872	-0,00281801819801331
208,372743	-0,00445431470870972
208,474341	-0,00541339814662933
208,575843	-0,00571516156196594
208,675846	-0,00506357848644257
208,777344	-0,00391653180122375
208,879350	-0,00220403075218201
208,981346	-0,000608086585998535
209,083209	0,00041690468788147
209,185194	0,000591933727264404
209,286242	0,000131756067276001
209,386244	-0,00141130387783051
209,488239	-0,00283545255661011
209,588408	-0,00423116981983185
209,689408	-0,00556734204292297
209,790442	-0,00577749311923981
209,890447	-0,0052986741065979
209,991952	-0,00397124886512756
210,093947	-0,00224879384040833
210,195943	-0,000901833176612854
210,297026	0,000367969274520874
210,397026	0,000559002161026001
210,498526	0,000132709741592407
210,599532	-0,00112077593803406
210,701579	-0,00282414257526398
210,803034	-0,00421841442584991
210,903037	-0,00526420772075653
211,004292	-0,00573734939098358
211,105088	-0,00528262555599213
211,207079	-0,00395521521568298
211,308169	-0,00223512947559357
211,408184	-0,000854283571243286
211,509669	0,000174582004547119
211,609674	0,00062909722328186
211,711679	0,000184923410415649
211,812172	-0,000826045870780945
211,912176	-0,00246080756187439
212,012680	-0,00414200127124786
212,114676	-0,00520661473274231
212,214679	-0,00572365522384644
212,315185	-0,0052424818277359
212,417194	-0,00416558980941772
212,517686	-0,0024876743555069
212,617690	-0,000815212726593018
212,719690	0,000202342867851257
212,820191	0,000688850879669189
212,920200	0,000257402658462524
213,020395	-0,00076766312122345
213,121274	-0,00213572382926941
213,221283	-0,00416417419910431
213,322368	-0,00523258745670319
213,422383	-0,0057586133480072
213,522869	-0,00546865165233612
213,624204	-0,00429202616214752
213,726199	-0,0029052197933197
213,827703	-0,00117680430412292
213,927705	9,50545072555542E-5
214,029208	0,000574052333831787
214,129229	0,000411719083786011
214,231211	-0,000800624489784241
214,331305	-0,00215032696723938
214,431322	-0,003885418176651
214,531443	-0,00523021817207336
214,631484	-0,00574773550033569
214,733452	-0,00556120276451111
214,834978	-0,00451754033565521
214,934982	-0,00287646055221558
215,036325	-0,00141318142414093
215,137055	-9,879469871521E-6
215,237157	0,000663906335830688
215,337658	0,000506758689880371
215,437683	-0,000252723693847656
215,538733	-0,00205186009407043
215,638763	-0,00350202620029449
215,738773	-0,00477094948291779
215,840239	-0,00567784905433655
215,940241	-0,00553521513938904
216,040779	-0,0047261118888855
216,142749	-0,00288164615631104
216,244744	-0,00144803524017334
216,345244	-0,000241890549659729
216,445245	0,000567466020584106
216,545758	0,000482305884361267
216,645758	-0,000276267528533936
216,746770	-0,0014871209859848
216,848305	-0,00351428985595703
216,950255	-0,00474923849105835
217,051247	-0,00552436709403992
217,152389	-0,00550311803817749
217,252868	-0,00467939674854279
217,354437	-0,00340583920478821
217,456446	-0,00137457251548767
217,556744	-0,000157177448272705
217,658713	0,00058157742023468
217,760212	0,000568404793739319
217,860212	-0,000187769532203674
217,960248	-0,00141507387161255
218,061715	-0,00316870212554932
218,163715	-0,00471949577331543
218,265239	-0,00553238391876221
218,367218	-0,00560842454433441
218,469214	-0,00473697483539581
218,569719	-0,00318709015846252
218,670725	-0,00171789526939392
218,770888	-0,000228717923164368
218,872453	0,000540643930435181
218,972464	0,000634729862213135
219,072990	-0,000165656208992004
219,174957	-0,0013943612575531
219,275269	-0,00312958657741547
219,376227	-0,0044533759355545
219,478223	-0,00547100603580475
219,578728	-0,00555410981178284
219,679728	-0,00489506125450134
219,781232	-0,00343130528926849
219,881288	-0,00167739391326904
219,983234	-0,000397682189941406
220,083731	0,000594288110733032
220,183772	0,000675663352012634
220,284234	6,91711902618408E-5
220,384243	-0,00134679675102234
220,484275	-0,0027821958065033
220,584776	-0,0044349730014801
220,686741	-0,00548091530799866
220,787244	-0,00563061237335205
220,889242	-0,00494793057441711
220,989253	-0,00374913215637207
221,089337	-0,00202453136444092
221,190326	-0,000442400574684143
221,290849	0,000429138541221619
221,391411	0,000685080885887146
221,493415	4,51803207397461E-5
221,593927	-0,00107556581497192
221,695921	-0,00279539823532104
221,796426	-0,00445431470870972
221,896428	-0,0053732693195343
221,996434	-0,0056830495595932
222,096929	-0,00518111884593964
222,196935	-0,0038311779499054
222,297437	-0,0024183988571167
222,399435	-0,000746950507164001
222,499438	0,000360444188117981
222,599939	0,000667199492454529
222,699939	0,00019623339176178
222,800450	-0,000814273953437805
222,902440	-0,00247117877006531
223,002445	-0,00414058566093445
223,102630	-0,00517025589942932
223,204629	-0,00565186142921448
223,305134	-0,00510416924953461
223,405705	-0,0040377676486969
223,505709	-0,00233547389507294
223,607209	-0,000689536333084106
223,707209	0,000263512134552002
223,807735	0,000708609819412231
223,909716	0,000358089804649353
224,012222	-0,000802502036094666
224,112506	-0,00245374441146851
224,212507	-0,00389201939105988
224,313539	-0,00519953668117523
224,413544	-0,00568588078022003
224,513573	-0,00533927977085114
224,613582	-0,00412832200527191
224,714673	-0,00271575152873993
224,816626	-0,00103883445262909
224,917402	0,000198587775230408
225,018072	0,000650733709335327
225,118099	0,000431478023529053
225,220074	-0,000814750790596008
225,320577	-0,00219413638114929
225,420584	-0,00362038612365723
225,520778	-0,00503668189048767
225,622727	-0,00569674372673035
225,722736	-0,00547477602958679
225,824230	-0,00439533591270447
225,924233	-0,00274026393890381
226,025302	-0,00131900608539581
226,127294	3,99947166442871E-5
226,227296	0,000662505626678467
226,327428	0,000462546944618225
226,427430	-0,000332266092300415
226,528935	-0,00215078890323639
226,628941	-0,00357040762901306
226,728945	-0,00481437146663666
226,830489	-0,00560559332370758
226,930507	-0,00546911358833313
227,030540	-0,00464116036891937
227,131912	-0,0030536949634552
227,231913	-0,00135903060436249
227,333417	-0,000164717435836792
227,435415	0,000566527247428894
227,535926	0,000416427850723267
227,637925	-0,000367090106010437
227,739923	-0,00189688801765442
227,841422	-0,00362744927406311
227,941424	-0,00486485660076141
228,042926	-0,00566886365413666
228,144929	-0,00552909076213837
228,246927	-0,00468790531158447
228,347438	-0,00312015414237976
228,447440	-0,00167126953601837
228,547939	-0,000194832682609558
228,649936	0,000555694103240967
228,751939	0,000529348850250244
228,852440	-0,000349193811416626
228,954436	-0,00186438858509064
229,054948	-0,00330354273319244
229,156695	-0,00482334196567535
229,258656	-0,00563675165176392
229,359161	-0,00560417771339417
229,459167	-0,00469402968883514
229,559663	-0,00313901901245117
229,659667	-0,00170235335826874
229,759708	-0,000234827399253845
229,860171	0,000471025705337524
229,960171	0,000504881143569946
230,060677	-0,000175535678863525
230,162671	-0,00160816311836243
230,262679	-0,00335821509361267
230,364178	-0,00465014576911926
230,464214	-0,00561504065990448
230,565682	-0,00566555559635162
230,665682	-0,00498995184898376
230,765683	-0,0035293847322464
230,866222	-0,00178053975105286
230,968185	-0,000476747751235962
231,069733	0,000448897480964661
231,171428	0,000550523400306702
231,272954	-0,000138357281684875
231,374529	-0,00125214457511902
231,476526	-0,00323517620563507
231,577032	-0,00458076596260071
231,677034	-0,00548186898231506
231,777537	-0,00569815933704376
231,877543	-0,004937544465065
231,979539	-0,00375477969646454
232,080040	-0,00204762816429138
232,180050	-0,000501707196235657
232,280591	0,000367030501365662
232,382546	0,000631436705589294
232,482553	-2,44677066802979E-5
232,583051	-0,00116220116615295
232,685049	-0,0028434693813324
232,785550	-0,00441563129425049
232,885552	-0,00526373088359833
232,985554	-0,00555600225925446
233,086056	-0,00497058033943176
233,186800	-0,00360104441642761
233,287303	-0,00214514136314392
233,387926	-0,000546425580978394
233,489886	0,000512883067131042
233,590393	0,000765532255172729
233,692393	0,000246569514274597
233,792904	-0,0010397881269455
233,894895	-0,00246128439903259
233,994896	-0,00413256883621216
234,095397	-0,0052802562713623
234,195400	-0,00555835664272308
234,295905	-0,00515563786029816
234,395941	-0,00392644107341766
234,497580	-0,00225114822387695
234,599474	-0,00089147686958313
234,701451	0,000423014163970947
234,802549	0,000695899128913879
234,904546	0,000308692455291748
235,004548	-0,000856637954711914
235,105737	-0,00252725183963776
235,206327	-0,00392597913742065
235,306573	-0,00518772006034851
235,406574	-0,00563864409923553
235,508574	-0,00525948405265808
235,608636	-0,00402927398681641
235,709632	-0,00233453512191772
235,809889	-0,000964462757110596
235,910989	8,47131013870239E-5
236,010998	0,000627681612968445
236,112493	0,000283747911453247
236,214529	-0,000640571117401123
236,315040	-0,00253337621688843
236,415047	-0,00392833352088928
236,516997	-0,00503998994827271
236,618235	-0,00565564632415771
236,718236	-0,00526987016201019
236,819779	-0,00430239737033844
236,921757	-0,00266295671463013
237,023739	-0,00100918114185333
237,124190	5,78761100769043E-5
237,224614	0,000621095299720764
237,325164	0,00028422474861145
237,426734	-0,000637277960777283
237,528726	-0,00222665071487427
237,630229	-0,00392314791679382
237,732229	-0,00504422187805176
237,832777	-0,00564998388290405
237,934732	-0,0053076446056366
238,035241	-0,00434108078479767
238,135270	-0,00299476087093353
238,237235	-0,0010313093662262
238,338739	2,96533107757568E-5
238,440736	0,000598996877670288
238,542243	0,000396668910980225
238,642244	-0,000632092356681824
238,744243	-0,00220873951911926
238,844752	-0,00364018976688385
238,945773	-0,00502675771713257
239,047252	-0,00564005970954895
239,148690	-0,00543701648712158
239,248923	-0,0043627917766571
239,349429	-0,00304520130157471
239,450000	-0,00134725868701935
239,550510	-1,50501728057861E-5
239,651508	0,000541582703590393
239,753507	0,000368446111679077
239,855329	-0,000417917966842651
239,955331	-0,00192184746265411
240,055465	-0,00363123416900635
240,155522	-0,00481909513473511
240,257518	-0,0055791437625885
240,359062	-0,00539499521255493
240,461068	-0,00453925132751465
240,562623	-0,00298251211643219
240,662624	-0,00125449895858765
240,762625	-9,2238187789917E-5
240,863126	0,00063285231590271
240,965124	0,000479012727737427
241,065664	-0,000320017337799072
241,167029	-0,00184741616249084
241,268982	-0,00356709957122803
241,369025	-0,00478652119636536
241,469028	-0,00552105903625488
241,569528	-0,00544220209121704
241,669533	-0,00461804866790771
241,769534	-0,00334879755973816
241,871062	-0,0016053318977356
241,972031	-0,000369444489479065
242,073573	0,000522762537002563
242,175547	0,000527948141098022
242,277536	-0,000330373644828796
242,378041	-0,00154033303260803
242,478055	-0,00324036180973053
242,578599	-0,0047265887260437
242,680546	-0,00546155869960785
242,780547	-0,00553900003433228
242,881050	-0,00455103814601898
242,981092	-0,00327524542808533
243,081554	-0,00183658301830292
243,182907	-0,000125184655189514
243,284420	0,000570759177207947
243,385965	0,00065496563911438
243,487570	-0,000255540013313293
243,588052	-0,00146874785423279
243,688077	-0,00290568172931671
243,790058	-0,0044897049665451
243,890560	-0,00546297430992126
243,990564	-0,00556308031082153
244,091109	-0,00483419001102448
244,193063	-0,00339075922966003
244,293574	-0,00197742879390717
244,395566	-0,000690937042236328
244,495569	0,00041690468788147
244,596079	0,000489354133605957
244,698068	-4,7534704208374E-5
244,798576	-0,00162510573863983
244,900576	-0,00304237008094788
245,001930	-0,00437222421169281
245,102662	-0,00555269420146942
245,203702	-0,00565658509731293
245,305171	-0,0050947368144989
245,405743	-0,00371988117694855
245,505753	-0,00203113257884979
245,607287	-0,000720590353012085
245,709253	0,000307738780975342
245,809757	0,00050017237663269
245,911757	-1,60038471221924E-5
246,013757	-0,00132183730602264
246,114260	-0,00299853086471558
246,214260	-0,00431938469409943
246,314774	-0,00540962815284729
246,416763	-0,00559993088245392
246,516788	-0,00503148138523102
246,617265	-0,00367790460586548
246,719267	-0,00195859372615814
246,819772	-0,000644341111183167
246,921772	0,000394329428672791
247,023772	0,000633791089057922
247,124271	9,41157341003418E-5
247,225177	-0,00119563937187195
247,326679	-0,00258946418762207
247,428273	-0,00421889126300812
247,530266	-0,00531378388404846
247,630788	-0,00556686520576477
247,732770	-0,00500741600990295
247,833273	-0,00365811586380005
247,933278	-0,00224454700946808
248,035279	-0,000667870044708252
248,135781	0,000376909971237183
248,235805	0,000614970922470093
248,336282	0,000229641795158386
248,436286	-0,000945627689361572
248,538286	-0,00259748101234436
248,638787	-0,0039750337600708
248,738789	-0,00518111884593964
248,839295	-0,00556166470050812
248,941294	-0,00515280663967133
249,041342	-0,00390051305294037
249,141798	-0,00223229825496674
249,242613	-0,000877827405929565
249,343235	0,000283271074295044
249,443774	0,000657320022583008
249,543781	0,000280916690826416
249,644276	-0,000898078083992004
249,744278	-0,00226244330406189
249,844782	-0,00393728911876678
249,946782	-0,00500835478305817
250,046782	-0,00556260347366333
250,147282	-0,00516977906227112
250,248096	-0,00418397784233093
250,348866	-0,00255317986011505
250,450867	-0,00091831386089325
250,552824	0,000100702047348022
250,654328	0,000607460737228394
250,756329	0,000239983201026917
250,857830	-0,000702232122421265
250,957845	-0,00228035449981689
251,059336	-0,00395238399505615
251,161335	-0,00505083799362183
251,262600	-0,00562494993209839
251,363141	-0,00522786378860474
251,463162	-0,0042448490858078
251,563609	-0,00290757417678833
