0,101515	0,000410329550504684
0,202680	0,000721544027328491
0,304661	0,00169214233756065
0,406034	0,00298229232430458
0,506092	0,0040091834962368
0,607660	0,00477288290858269
0,709358	0,00516409799456596
0,809380	0,00490754470229149
0,910893	0,00424030795693398
1,012207	0,00305748358368874
1,112596	0,00176692008972168
1,212996	0,000910036265850067
1,313421	0,000463388860225677
1,414757	0,000796850770711899
1,516485	0,0015932209789753
1,616664	0,00288061052560806
1,717361	0,00414341315627098
1,818049	0,00491037592291832
1,918165	0,0052822045981884
2,018817	0,00512724742293358
2,119780	0,00436506792902946
2,227654	0,00338233634829521
2,338554	0,00184973701834679
2,448108	0,000828105956315994
2,558003	0,000464338809251785
2,667504	0,000873100012540817
2,777462	0,00191883370280266
2,885668	0,00321589782834053
2,993873	0,00437452271580696
3,104755	0,00507338717579842
3,214125	0,00509605929255486
3,323612	0,00458576157689095
3,432650	0,00351471826434135
3,540669	0,00221599265933037
3,648397	0,000913824886083603
3,758708	0,000436387956142426
3,867436	0,000643864274024963
3,976921	0,00172242894768715
4,085494	0,00302532687783241
4,195700	0,00425023213028908
4,305084	0,00505920872092247
4,406672	0,00525953248143196
4,507715	0,00480596348643303
4,608681	0,00381254777312279
4,710580	0,00273351743817329
4,812359	0,00146777927875519
4,913567	0,000629659742116928
5,014600	0,000481866300106049
5,114830	0,00101516395807266
5,216008	0,00212325528264046
5,316597	0,00322393700480461
5,417404	0,00439579412341118
5,517803	0,00512677058577538
5,619597	0,0052628330886364
5,720772	0,0048319436609745
5,820786	0,00384895130991936
5,922144	0,00278081744909286
6,022736	0,00171343609690666
6,124629	0,000679865479469299
6,224804	0,000523552298545837
6,326629	0,000910036265850067
6,428413	0,00214927643537521
6,528657	0,00323906913399696
6,629428	0,00422991439700127
6,730513	0,00503605976700783
6,830741	0,005243930965662
6,932619	0,00492266938090324
7,034576	0,00401533022522926
7,134807	0,00275243446230888
7,237332	0,00168125703930855
7,337702	0,000840891152620316
7,440192	0,000453438609838486
7,540198	0,000830948352813721
7,641434	0,00185826048254967
7,742848	0,00317948684096336
7,843763	0,00418737158179283
7,943808	0,00492266938090324
8,045784	0,00526425614953041
8,147358	0,00496707484126091
8,247728	0,00427054986357689
8,349501	0,00285318121314049
8,451510	0,00179389491677284
8,552281	0,000847522169351578
8,653770	0,000564288347959518
8,755010	0,000936079770326614
8,856123	0,00194060429930687
8,957446	0,00301775708794594
9,059338	0,00421478971838951
9,160792	0,00503038987517357
9,262484	0,00525055453181267
9,362704	0,00492219254374504
9,464550	0,00401438400149345
9,565738	0,0029638446867466
9,666191	0,00167084485292435
9,767307	0,000692654401063919
9,867686	0,000389959663152695
9,969583	0,000637710094451904
10,069650	0,00175508856773376
10,170785	0,00283567979931831
10,270961	0,00386879965662956
10,372380	0,00479650869965553
10,472451	0,00514283403754234
10,573623	0,00493306294083595
10,675299	0,00396144762635231
10,775491	0,00293499976396561
10,877501	0,00185589119791985
10,978833	0,000803004950284958
11,079134	0,00038616731762886
11,180779	0,000630132853984833
11,282441	0,00154115259647369
11,383342	0,0028139241039753
11,484629	0,003852728754282
11,584740	0,00465759262442589
11,685005	0,00511780008673668
11,786605	0,00491179898381233
11,887308	0,00428284332156181
11,988789	0,00289668887853622
12,090674	0,0018099881708622
12,191303	0,000892516225576401
12,292211	0,000329319387674332
12,393299	0,00057518482208252
12,494658	0,00130824372172356
12,596649	0,00256749242544174
12,697532	0,0038532055914402
12,799565	0,00467885658144951
12,900878	0,00516078993678093
13,001873	0,00499684736132622
13,102906	0,00438776239752769
13,204351	0,00324190407991409
13,306256	0,00193208456039429
13,407369	0,000874992460012436
13,508842	0,000446334481239319
13,610398	0,00064576044678688
13,710425	0,00135653093457222
13,811503	0,00258972495794296
13,911720	0,00385651364922523
14,013334	0,0046679861843586
14,114470	0,00514331087470055
14,214791	0,00504834577441216
14,315515	0,00436932966113091
14,415582	0,00322630256414413
14,517271	0,00214028730988503
14,617332	0,00101800262928009
14,717378	0,000444438308477402
14,817391	0,000557657331228256
14,918751	0,0013546384871006
15,019347	0,00237306579947472
15,120802	0,00367734953761101
15,221150	0,00471239909529686
15,321580	0,0051773227751255
15,422838	0,00513953343033791
15,523374	0,00447849556803703
15,623460	0,00355301424860954
15,724001	0,00225573405623436
15,824908	0,00128457322716713
15,926055	0,00059128925204277
16,026212	0,000647183507680893
16,127267	0,0012495368719101
16,227336	0,00242746993899345
16,327395	0,00350006297230721
16,428748	0,00457725301384926
16,529303	0,0051485039293766
16,630785	0,00514378026127815
16,731342	0,00457016751170158
16,831511	0,00348162278532982
16,932982	0,00238820537924767
17,033527	0,00117425620555878
17,133569	0,000467654317617416
17,235490	0,000448703765869141
17,335747	0,00111318007111549
17,437591	0,00208114087581635
17,537673	0,00339037552475929
17,637685	0,00434475019574165
17,738786	0,00504409149289131
17,840312	0,00513197109103203
17,941588	0,00458576157689095
18,043390	0,0037250928580761
18,143419	0,00243598595261574
18,244492	0,00140576809644699
18,344524	0,000580396503210068
18,445460	0,000479023903608322
18,545557	0,000983908772468567
18,646306	0,00210243463516235
18,746354	0,003193199634552
18,847500	0,00435278192162514
18,948206	0,00498030707240105
19,049679	0,00518016144633293
19,150241	0,00473319366574287
19,251456	0,00393214449286461
19,352597	0,00266776978969574
19,452834	0,00141618028283119
19,553350	0,000674180686473846
19,653830	0,000425491482019424
19,755398	0,000939872115850449
19,855992	0,00182655081152916
19,957571	0,00312132388353348
20,059490	0,00427953526377678
20,159957	0,00491699203848839
20,260799	0,0051201619207859
20,362368	0,00479840114712715
20,462757	0,00389857962727547
20,563768	0,00264837965369225
20,665448	0,00159653276205063
20,766123	0,000678446143865585
20,867329	0,000435914844274521
20,967424	0,000821948051452637
21,068616	0,00185872986912727
21,169331	0,00295202434062958
21,270430	0,00418690219521523
21,370652	0,00501149520277977
21,472521	0,00523070618510246
21,573552	0,00491983070969582
21,675395	0,00420297309756279
21,776962	0,00276615470647812
21,877308	0,00170444697141647
21,977485	0,000878307968378067
22,077508	0,000479970127344131
22,177783	0,000843260437250137
22,279392	0,00165285542607307
22,380720	0,00291702896356583
22,481303	0,00413159653544426
22,582371	0,00484470650553703
22,682445	0,00517165288329124
22,782708	0,00485463067889214
22,884555	0,00413254275918007
22,984666	0,00292222946882248
23,086659	0,00164338946342468
23,187346	0,000825736671686172
23,288887	0,000449176877737045
23,390724	0,000813897699117661
23,490740	0,00163345038890839
23,592115	0,00268858671188354
23,693547	0,00412498041987419
23,794422	0,00484895333647728
23,895765	0,00516929104924202
23,996736	0,00486643984913826
24,098874	0,00415050610899925
24,199398	0,00315394997596741
24,299424	0,00184547901153564
24,401226	0,000797796994447708
24,501534	0,000397540628910065
24,601537	0,000619713217020035
24,702586	0,00153831019997597
24,803171	0,0025835745036602
24,903242	0,00364993140101433
25,004228	0,00476201251149178
25,104577	0,00510172918438911
25,204968	0,00499590113759041
25,305495	0,00430930778384209
25,405582	0,00317570194602013
25,506014	0,00209959596395493
25,606399	0,00101469084620476
25,707377	0,000498916953802109
25,808760	0,000649549067020416
25,910653	0,00147061794996262
26,011439	0,00269331410527229
26,112910	0,00374117121100426
26,214306	0,00470625981688499
26,315942	0,0051385872066021
26,416195	0,00501858070492744
26,517395	0,00446857139468193
26,619291	0,00316530093550682
26,719301	0,00207404419779778
26,820367	0,00112833082675934
26,921365	0,000443968921899796
27,022807	0,000587500631809235
27,123319	0,00124148651957512
27,224185	0,00267486646771431
27,324441	0,00374353304505348
27,424855	0,00460041686892509
27,525548	0,00515653565526009
27,627329	0,0050809420645237
27,729318	0,00454795733094215
27,829663	0,00347359105944633
27,931410	0,00218381732702255
28,031668	0,00123391300439835
28,133118	0,000559549778699875
28,234051	0,000647652894258499
28,335296	0,00127368420362473
28,435383	0,00224485248327255
28,535742	0,00373265519738197
28,637333	0,00458906963467598
28,737397	0,00509228184819221
28,837681	0,00506960973143578
28,939295	0,00454134121537209
29,039612	0,00367073342204094
29,140047	0,00240334123373032
29,240509	0,00123154744505882
29,340736	0,00062870979309082
29,441642	0,000536341220140457
29,543467	0,00127794593572617
29,645430	0,00225147604942322
29,745487	0,00333741679787636
29,847332	0,00461884215474129
29,947377	0,00513811036944389
30,047998	0,00521700456738472
30,149279	0,00460466369986534
30,250718	0,0037354938685894
30,351311	0,0026734471321106
30,453118	0,001270841807127
30,554087	0,00064670667052269
30,654136	0,000521183013916016
30,755092	0,00106630474328995
30,856064	0,00217766687273979
30,957440	0,00324048474431038
31,057747	0,00436129048466682
31,158016	0,00501951947808266
31,259672	0,00510786846280098
31,359716	0,00464672222733498
31,460472	0,00365465506911278
31,561385	0,00260911881923676
31,661491	0,00157948955893517
31,761589	0,000609762966632843
31,862092	0,000499866902828217
31,963301	0,000921402126550674
32,064992	0,00197609141469002
32,166201	0,003262709826231
32,267521	0,00424408540129662
32,369287	0,00501621887087822
32,470525	0,00519244000315666
32,570536	0,00485510006546974
32,670809	0,00393781438469887
32,771145	0,00269899144768715
32,872501	0,0016552247107029
32,973008	0,000883046537637711
33,073547	0,000564288347959518
33,175063	0,000971123576164246
33,275264	0,00180667266249657
33,377275	0,00327547639608383
33,477345	0,00425637885928154
33,577597	0,00493400916457176
33,678609	0,00522692874073982
33,779998	0,0048796720802784
33,881287	0,00415286794304848
33,982613	0,00294824317097664
34,084277	0,00169214233756065
34,185336	0,000912874937057495
34,285508	0,0005623959004879
34,387531	0,000986751168966293
34,489048	0,00181093439459801
34,589131	0,00306930765509605
34,690241	0,00425968691706657
34,791325	0,0049377866089344
34,891406	0,0052340142428875
34,993388	0,00488298013806343
35,094078	0,00415853783488274
35,195251	0,00294682011008263
35,296567	0,00187009200453758
35,397583	0,000880677253007889
35,498847	0,000508867204189301
35,599463	0,000797796994447708
35,700901	0,00172479823231697
35,801481	0,00298371165990829
35,903059	0,00400682166218758
36,003965	0,00488723441958427
36,104725	0,00520377978682518
36,205270	0,00497085973620415
36,305334	0,00417035445570946
36,405369	0,00319225341081619
36,507450	0,00192924588918686
36,607644	0,00108003616333008
36,707734	0,000600289553403854
36,809458	0,000892516225576401
36,909507	0,00163770839571953
37,011073	0,00287871807813644
37,112538	0,00411033257842064
37,213082	0,00487400218844414
37,314213	0,00527748093008995
37,414723	0,00504693016409874
37,515266	0,0044071339070797
37,615600	0,00324757769703865
37,717676	0,0021781399846077
37,818778	0,00110607594251633
37,919929	0,00061165913939476
38,020963	0,000886831432580948
38,121020	0,00162966176867485
38,221544	0,00267060846090317
38,321662	0,00395293906331062
38,423365	0,0049283392727375
38,524971	0,00532661005854607
38,625177	0,00522031262516975
38,725320	0,00450826063752174
38,827711	0,00355442985892296
38,927726	0,00224627181887627
39,029383	0,00113921985030174
39,130922	0,000653814524412155
39,230990	0,000778853893280029
39,332973	0,00159747898578644
39,433996	0,00261668488383293
39,535575	0,00387920066714287
39,635655	0,00484753772616386
39,737722	0,00524440780282021
39,838148	0,00519480183720589
39,938859	0,00441421940922737
40,039489	0,003460343927145
40,141333	0,00237070024013519
40,242860	0,0010402612388134
40,343626	0,000543918460607529
40,445488	0,00056760385632515
40,547357	0,00144884362816811
40,647469	0,00246105715632439
40,747519	0,00352039560675621
40,848745	0,00457394495606422
40,949004	0,00510834529995918
41,049386	0,00508708879351616
41,149530	0,00448700413107872
41,251159	0,00339888408780098
41,351246	0,00232433527708054
41,452837	0,00133002176880836
41,553158	0,000520233064889908
41,653687	0,000552918761968613
41,755385	0,00111223384737968
41,855488	0,0024828165769577
41,957413	0,00356955453753471
42,057446	0,00449597463011742
42,159350	0,00521653518080711
42,259552	0,00520850345492363
42,360752	0,00477335974574089
42,461315	0,0037841834127903
42,562954	0,00252018868923187
42,662980	0,00152174383401871
42,763415	0,000764641910791397
42,864409	0,000717282295227051
42,965033	0,00125616416335106
43,066564	0,00215732306241989
43,167618	0,00363527610898018
43,268949	0,00455126538872719
43,369106	0,00512677058577538
43,469837	0,00523968413472176
43,571378	0,00477855280041695
43,671581	0,00400115177035332
43,772205	0,00275291129946709
43,873304	0,00152742490172386
43,974070	0,000821948051452637
44,074762	0,000610236078500748
44,175350	0,00116099789738655
44,275871	0,00203666090965271
44,377342	0,00331330299377441
44,479368	0,00444163009524345
44,581210	0,00505023822188377
44,681497	0,0052051953971386
44,783329	0,00471570715308189
44,883437	0,00393309071660042
44,985024	0,00291655585169792
45,085650	0,00151843205094337
45,187325	0,000824790447950363
45,287394	0,000613551586866379
45,389379	0,00103173777461052
45,490034	0,00206552818417549
45,591582	0,00314496830105782
45,692772	0,00432679429650307
45,793287	0,00511306896805763
45,894935	0,00531291589140892
45,995433	0,00499826297163963
46,097274	0,00410749390721321
46,197429	0,0028739906847477
46,297460	0,00185447186231613
46,398933	0,000953603535890579
46,499453	0,000697389245033264
46,601356	0,00107293203473091
46,701741	0,00207357108592987
46,803374	0,00314496830105782
46,904908	0,00432396307587624
47,006516	0,00502141192555428
47,107636	0,00532000139355659
47,207670	0,00498030707240105
47,308581	0,00428000465035439
47,409649	0,00308160111308098
47,511614	0,00181755796074867
47,613163	0,00104688853025436
47,713670	0,000719174742698669
47,813739	0,00112738460302353
47,915666	0,00192877277731895
48,017470	0,00319981947541237
48,117498	0,00440477207303047
48,217595	0,00509984418749809
48,319036	0,00537385419011116
48,420717	0,005052600055933
48,520861	0,0043301023542881
48,622527	0,00331377610564232
48,722993	0,00177260115742683
48,823051	0,000945553183555603
48,925044	0,000557184219360352
49,025064	0,000811059027910233
49,125590	0,0017484612762928
49,227404	0,00281770899891853
49,327669	0,00408291444182396
49,429365	0,00498456135392189
49,529388	0,00532188639044762
49,629669	0,00510598346590996
49,729690	0,00429890677332878
49,831337	0,00329580530524254
49,931492	0,00220037624239922
50,031707	0,00108997896313667
50,133216	0,000539656728506088
50,235169	0,00068933516740799
50,337399	0,00168125703930855
50,439397	0,00273304432630539
50,540939	0,00378985330462456
50,641638	0,00488865002989769
50,743143	0,00522787496447563
50,843727	0,0051003135740757
50,945390	0,00423841550946236
51,045419	0,00324521213769913
51,145568	0,00216962397098541
51,245608	0,00107908621430397
51,347299	0,000563342124223709
51,447443	0,000744279474020004
51,547511	0,00139771774411201
51,650510	0,0028342604637146
51,752421	0,00389952585101128
51,852875	0,00489289686083794
51,952949	0,00535212084650993
52,054842	0,00523070618510246
52,155492	0,00468546524643898
52,257538	0,00336909666657448
52,357674	0,00229263678193092
52,457725	0,00133712217211723
52,558789	0,000653337687253952
52,658834	0,000808216631412506
52,759377	0,0014478974044323
52,859430	0,00265925750136375
52,960928	0,00393214449286461
53,061108	0,00478753075003624
53,162771	0,00533086434006691
53,263275	0,00523212179541588
53,364991	0,00468404963612556
53,465526	0,00356719270348549
53,565581	0,00227229297161102
53,667350	0,0013129785656929
53,767445	0,000732440501451492
53,868787	0,000785011798143387
53,969594	0,00141854956746101
54,071858	0,00240807235240936
54,171943	0,00370287522673607
54,272498	0,0047648511826992
54,372562	0,00525433197617531
54,472608	0,00526425614953041
54,573411	0,00464010611176491
54,674513	0,00373454764485359
54,775965	0,00264932587742805
54,875987	0,00124480202794075
54,976342	0,000652391463518143
55,077650	0,000560499727725983
55,178323	0,00131581723690033
55,279193	0,00229547545313835
55,379230	0,00338706374168396
55,479567	0,0046779029071331
55,580112	0,00518582388758659
55,682080	0,00526661798357964
55,783621	0,0047544501721859
55,885523	0,0037156455218792
55,986367	0,00263560563325882
56,087640	0,00141191855072975
56,189214	0,000652864575386047
56,290765	0,00056665763258934
56,392653	0,00117425620555878
56,492769	0,00231629237532616
56,592985	0,00341353937983513
56,694986	0,00455315783619881
56,795487	0,00522645190358162
56,897220	0,0053204707801342
56,997253	0,00483430549502373
57,097405	0,00381774827837944
57,198104	0,00273919478058815
57,299361	0,0016968734562397
57,399391	0,000811532139778137
57,500210	0,000615447759628296
57,601312	0,00105588510632515
57,701563	0,00212514773011208
57,803038	0,00343765690922737
57,904039	0,00440902635455132
58,005349	0,00516268238425255
58,107351	0,00530819222331047
58,207393	0,00493590161204338
58,308852	0,00398744270205498
58,408973	0,00270892307162285
58,509477	0,00166137889027596
58,611417	0,000767957419157028
58,711523	0,000568553805351257
58,812533	0,00100237876176834
58,913600	0,00205937400460243
59,015285	0,0031534768640995
59,115631	0,00434049591422081
59,217527	0,00511118397116661
59,317784	0,00528315082192421
59,418834	0,00490329787135124
59,519238	0,0041552297770977
59,619797	0,00291229784488678
59,720978	0,00165238231420517
59,821121	0,000867892056703568
59,922442	0,000551026314496994
60,023650	0,00100237876176834
60,125541	0,00184453278779984
60,227512	0,00312794372439384
60,329273	0,00413207337260246
60,429626	0,00498409196734428
60,531613	0,00524630025029182
60,632979	0,00497510656714439
60,733523	0,00412073358893394
60,835175	0,00289716199040413
60,936483	0,00185210630297661
61,037586	0,000896774232387543
61,139608	0,000602658838033676
61,239621	0,000934187322854996
61,339932	0,00189990550279617
61,441169	0,00316530093550682
61,543029	0,00414388999342918
61,643687	0,00497132912278175
61,744750	0,00519857928156853
61,845615	0,00490471348166466
61,947345	0,0040285624563694
62,047525	0,00278507545590401
62,147531	0,00173189863562584
62,247636	0,000896301120519638
62,347659	0,000507920980453491
62,448789	0,000880204141139984
62,549312	0,00170018896460533
62,649369	0,00298607721924782
62,750908	0,00420816615223885
62,851629	0,00495290383696556
62,951670	0,00529637560248375
63,053200	0,00501479580998421
63,153249	0,00431450828909874
63,254861	0,00310571864247322
63,355421	0,00181235373020172
63,457441	0,000955972820520401
63,557451	0,000541079789400101
63,657493	0,000743333250284195
63,757618	0,00164717808365822
63,857695	0,00269189849495888
63,957823	0,00395483151078224
64,059376	0,00487636402249336
64,159411	0,00522787496447563
64,259580	0,00506818667054176
64,361130	0,00429701432585716
64,461248	0,00333930924534798
64,561276	0,00205748155713081
64,662800	0,00116904824972153
64,763407	0,000633921474218369
64,865039	0,00075753778219223
64,965621	0,00156671181321144
65,065646	0,0027945339679718
65,167716	0,00385225936770439
65,269233	0,00483761355280876
65,369776	0,00528598949313164
65,470415	0,00517779216170311
65,570931	0,00448652729392052
65,671144	0,00334450975060463
65,772708	0,00224816426634789
65,873227	0,00113401189446449
65,975016	0,000570919364690781
66,075035	0,000692654401063919
66,175593	0,00149713084101677
66,277158	0,00273351743817329
66,377224	0,00381113216280937
66,477394	0,00468263402581215
66,577639	0,00526141747832298
66,678742	0,00520094111561775
66,779826	0,00467507168650627
66,880861	0,00359698012471199
66,980896	0,00229594856500626
67,080936	0,00132860243320465
67,181008	0,000641971826553345
67,281047	0,000647183507680893
67,381067	0,00132670626044273
67,481184	0,00250552594661713
67,583118	0,00358516350388527
67,683232	0,00465711578726768
67,784993	0,0052344836294651
67,887427	0,00522787496447563
67,987604	0,0046585313975811
68,087632	0,00378843769431114
68,187736	0,00250789150595665
68,289365	0,00132812932133675
68,389431	0,000703547149896622
68,489452	0,000636760145425797
68,589513	0,00114016607403755
68,689534	0,00225384160876274
68,789672	0,00354450568556786
68,890846	0,00447234883904457
68,991397	0,00514283403754234
69,092845	0,00519102439284325
69,194382	0,00475965067744255
69,295012	0,00394301488995552
69,395115	0,00245301425457001
69,495663	0,00143133103847504
69,597225	0,000723440200090408
69,697438	0,000513602048158646
69,798405	0,00106583163142204
69,900332	0,0019846074283123
70,000527	0,00328020378947258
70,102398	0,004436906427145
70,202626	0,00505023822188377
70,302791	0,00522975996136665
70,404350	0,00477996841073036
70,504805	0,00398129597306252
70,607180	0,00272594764828682
70,707538	0,00148482248187065
70,809204	0,000765115022659302
70,909920	0,000533498823642731
71,010677	0,00106014683842659
71,110750	0,00195290520787239
71,211043	0,00301681086421013
71,311779	0,00422140583395958
71,412010	0,0050044022500515
71,513855	0,00521133467555046
71,614011	0,0048702172935009
71,714720	0,00396191701292992
71,816515	0,00293736159801483
71,917625	0,00166894868016243
72,019501	0,000762749463319778
72,120166	0,000507920980453491
72,220790	0,000911928713321686
72,322739	0,00193539634346962
72,423623	0,00299884378910065
72,525387	0,00418878719210625
72,626033	0,00487636402249336
72,726597	0,00518346205353737
72,827235	0,00484612211585045
72,927945	0,00412545725703239
73,028317	0,00292506441473961
73,129247	0,001861572265625
73,229503	0,000877834856510162
73,331293	0,000518813729286194
73,432487	0,000928979367017746
73,533103	0,00175319612026215
73,634082	0,0030239075422287
73,735740	0,0040474645793438
73,836551	0,00492692366242409
73,937294	0,00523353740572929
74,038734	0,00499306246638298
74,140601	0,0041746087372303
74,241213	0,00317995995283127
74,341701	0,00189091265201569
74,442234	0,000886831432580948
74,542809	0,000515971332788467
74,644585	0,000773642212152481
74,745135	0,00170255452394485
74,845527	0,00275101885199547
74,946623	0,00398885831236839
75,047364	0,00487777963280678
75,147392	0,00519054755568504
75,247493	0,00497463718056679
75,347936	0,0043400265276432
75,448912	0,00318752601742744
75,549426	0,00191221013665199
75,650158	0,00104262679815292
75,750869	0,000531602650880814
75,852522	0,000695493072271347
75,953259	0,00152979046106339
76,054816	0,0027642622590065
76,157336	0,00381065532565117
76,259197	0,00478186085820198
76,360779	0,00520850345492363
76,462517	0,00507385656237602
76,563322	0,0043584518134594
76,663577	0,00320833176374435
76,765509	0,00213508307933807
76,867369	0,00105304270982742
76,967567	0,000541549175977707
77,068658	0,000700704753398895
77,169462	0,00135085359215736
77,269542	0,00276236981153488
77,369958	0,00381822511553764
77,470752	0,00467270985245705
77,571317	0,00524866208434105
77,672389	0,00512677058577538
77,772505	0,00458529219031334
77,873251	0,00349533185362816
77,974174	0,00220841914415359
78,075549	0,00126610696315765
78,175730	0,000625394284725189
78,277412	0,00073527917265892
78,378627	0,00136884301900864
78,479336	0,00254715234041214
78,579914	0,00380971655249596
78,681496	0,00464813783764839
78,782643	0,00513102486729622
78,884100	0,00508519634604454
78,985266	0,004532840102911
79,085637	0,00363905355334282
79,185821	0,00213555619120598
79,286446	0,00117236375808716
79,387452	0,000581342726945877
79,487642	0,000609762966632843
79,589213	0,00123533234000206
79,689512	0,00220463424921036
79,791330	0,00348540768027306
79,891531	0,0045432336628437
79,992488	0,00505165383219719
80,093981	0,00508992001414299
80,194113	0,00450259074568748
80,294203	0,00363527610898018
80,395522	0,00235650688409805
80,495685	0,00119272619485855
80,596597	0,000605028122663498
80,697947	0,000515025109052658
80,799334	0,00125995278358459
80,900788	0,00222261622548103
81,002247	0,00329769775271416
81,103260	0,00456449761986732
81,204842	0,00506818667054176
81,306268	0,00514472648501396
81,406440	0,00464529916644096
81,507393	0,00363479927182198
81,608713	0,00256843864917755
81,708848	0,00134091079235077
81,810687	0,000561919063329697
81,911299	0,00044538825750351
82,012617	0,00101374462246895
82,113196	0,00213224440813065
82,213697	0,00321920588612556
82,314606	0,0043589286506176
82,414752	0,0050426758825779
82,516179	0,00514992699027061
82,617336	0,00469208136200905
82,718753	0,00371989235281944
82,820460	0,00268338248133659
82,920735	0,0014895536005497
83,021497	0,000811532139778137
83,122775	0,000623028725385666
83,224149	0,00118846446275711
83,324532	0,00208729133009911
83,425058	0,00336956977844238
83,525343	0,00432348623871803
83,625381	0,00506582483649254
83,726161	0,00522267445921898
83,827241	0,00486123934388161
83,927334	0,00394017621874809
84,027555	0,00267959758639336
84,127582	0,00163818150758743
84,228532	0,000847522169351578
84,328868	0,000519286841154099
84,428975	0,000932767987251282
84,529014	0,00175934657454491
84,629148	0,00303573161363602
84,729193	0,00420485809445381
84,829266	0,00488061830401421
84,929304	0,0051579512655735
85,030565	0,00479650869965553
85,130935	0,00407299026846886
85,231571	0,00308301672339439
85,332718	0,00163203105330467
85,432847	0,000851787626743317
85,533429	0,00052165612578392
85,635431	0,000823371112346649
85,737518	0,00177449360489845
85,838765	0,0028243288397789
85,939418	0,00405030325055122
86,041128	0,00492408499121666
86,141630	0,00521181151270866
86,243292	0,00497889146208763
86,344895	0,00416563078761101
86,446508	0,00317664816975594
86,547489	0,0019131563603878
86,648075	0,000932294875383377
86,748613	0,000584185123443604
86,848970	0,000772222876548767
86,949065	0,00179578736424446
87,049240	0,00284041091799736
87,150790	0,00386974588036537
87,251097	0,0049089603126049
87,353123	0,00518866255879402
87,453591	0,00502944365143776
87,555025	0,00429323688149452
87,655567	0,00312888994812965
87,757608	0,00205985084176064
87,857653	0,000984381884336472
87,959196	0,000500340014696121
88,059556	0,000673234462738037
88,159604	0,00150801613926888
88,260564	0,00273824855685234
88,361118	0,00377851352095604
88,461200	0,00473272427916527
88,561591	0,00515039637684822
88,661600	0,00501858070492744
88,762406	0,00446762517094612
88,862911	0,00318468734622002
88,964712	0,00212372839450836
89,065184	0,00121071562170982
89,166228	0,000613078474998474
89,267347	0,000766538083553314
89,367628	0,00143417343497276
89,467700	0,00241564214229584
89,568476	0,00388912484049797
89,669534	0,00470767542719841
89,770524	0,00517259910702705
89,871244	0,00508661195635796
89,972483	0,00452433153986931
90,073159	0,00362865254282951
90,174127	0,00213082507252693
90,275116	0,00120503455400467
90,375464	0,000639129430055618
90,476679	0,000718701630830765
90,577277	0,00137736275792122
90,677483	0,00236691534519196
90,778478	0,00365040078759193
90,880455	0,00469445064663887
90,981931	0,00518299266695976
91,082647	0,00518866255879402
91,183600	0,00457064434885979
91,283850	0,00366127863526344
91,384583	0,00258215516805649
91,485473	0,00120693072676659
91,587493	0,000620659440755844
91,688661	0,000605974346399307
91,789955	0,00131771340966225
91,891235	0,00228932499885559
91,993232	0,00356577709317207
92,094115	0,00446242466568947
92,194436	0,00509936735033989
92,295206	0,00515984371304512
92,395575	0,00465806201100349
92,495968	0,00362345203757286
92,597394	0,00255472213029861
92,697534	0,00133286044001579
92,799462	0,000559080392122269
92,900247	0,000475708395242691
93,000365	0,00105967372655869
93,101515	0,00219564512372017
93,201546	0,00327311083674431
93,303174	0,00439153984189034
93,404305	0,00504787638783455
93,506008	0,00512441620230675
93,607507	0,00463159754872322
93,707556	0,00382057949900627
93,808639	0,00257837027311325
93,909353	0,00136978924274445
94,010436	0,000692654401063919
94,111895	0,000525444746017456
94,212221	0,000966861844062805
94,312794	0,00202152132987976
94,414537	0,00329580530524254
94,514666	0,00424361601471901
94,616411	0,0049859844148159
94,717560	0,0051291398704052
94,818076	0,00476390495896339
94,918919	0,00383145734667778
95,020390	0,00257032737135887
95,121297	0,00154304504394531
95,222769	0,000670865178108215
95,324500	0,000467181205749512
95,425488	0,000924240797758102
95,527245	0,00198981538414955
95,627299	0,00307119637727737
95,728429	0,00425732508301735
95,828531	0,00502471998333931
95,928655	0,00520944967865944
96,029593	0,00484990701079369
96,131508	0,00392410531640053
96,231528	0,00289148837327957
96,333104	0,00164670124650002
96,434696	0,000776957720518112
96,534918	0,000565234571695328
96,635322	0,00101042911410332
96,736683	0,00184642523527145
96,837636	0,00310997292399406
96,939246	0,00411127880215645
97,039833	0,00495479628443718
97,140709	0,00522267445921898
97,242700	0,00495431944727898
97,342972	0,00410466268658638
97,444723	0,00288344919681549
97,544980	0,00182702392339706
97,646283	0,00085747241973877
97,746399	0,000528287142515182
97,847372	0,000839944928884506
97,948808	0,00179152935743332
98,049192	0,00306599587202072
98,151227	0,0040677897632122
98,252831	0,00492313876748085
98,354199	0,0052056722342968
98,455373	0,00495007261633873
98,557518	0,00428284332156181
98,659385	0,00289101526141167
98,761011	0,00183128193020821
98,861249	0,000970650464296341
98,962838	0,000504601746797562
99,063610	0,000807743519544601
99,164329	0,00157049670815468
99,265576	0,00304282456636429
99,366126	0,0040474645793438
99,467278	0,00490376725792885
99,567597	0,00519007816910744
99,668732	0,00494392588734627
99,769952	0,00428567454218864
99,870569	0,00311706587672234
99,972565	0,00184169411659241
100,072710	0,000977750867605209
100,173890	0,000491812825202942
100,274532	0,000771272927522659
100,375853	0,00151511654257774
100,476467	0,00274912640452385
100,577257	0,00395388528704643
100,677544	0,0047067366540432
100,778476	0,00509653612971306
100,880455	0,00484233722090721
100,980601	0,00419067963957787
101,081694	0,00302910804748535
101,182567	0,00196852162480354
101,282821	0,000913824886083603
101,384777	0,000475235283374786
101,486372	0,000649549067020416
101,587532	0,00151890143752098
101,688469	0,0027746669948101
101,789466	0,00383476540446281
101,890391	0,00481541082262993
101,991902	0,00521605834364891
102,093231	0,0051097609102726
102,194794	0,0043976865708828
102,296594	0,00324521213769913
102,397305	0,00217719376087189
102,497583	0,00125095620751381
102,599267	0,000610236078500748
102,699468	0,000785011798143387
102,801274	0,00143038481473923
102,902120	0,00262046977877617
103,003493	0,00385745987296104
103,104305	0,00467696413397789
103,205617	0,00516882166266441
103,305839	0,00503794476389885
103,406060	0,00446998700499535
103,507486	0,00336673110723495
103,608016	0,00209344550967216
103,709659	0,00115815922617912
103,810730	0,000544868409633636
103,910991	0,000680811703205109
104,011267	0,00133049488067627
104,111458	0,00231203436851501
104,211602	0,00358610972762108
104,312997	0,00462592765688896
104,414249	0,00510409101843834
104,515320	0,0050332210958004
104,616375	0,00447707250714302
104,716610	0,00359036400914192
104,817366	0,00232764706015587
104,919314	0,00118846446275711
105,020335	0,00062870979309082
105,121254	0,000635813921689987
105,222607	0,00136126577854156
105,323472	0,00233994796872139
105,423544	0,00361542031168938
105,524673	0,00466090068221092
105,625258	0,00513717159628868
105,726549	0,00518440827727318
105,826638	0,004513930529356
105,927388	0,00361919775605202
106,028508	0,0025533027946949
106,130378	0,00116715580224991
106,231275	0,000584658235311508
106,333220	0,000506024807691574
106,434749	0,001250009983778
106,535182	0,00221173092722893
106,637162	0,00327169522643089
106,737637	0,0043783076107502
106,839144	0,00500960275530815
106,939205	0,00507716462016106
107,040827	0,00458009168505669
107,142141	0,00357240065932274
107,242802	0,00251876935362816
107,343172	0,0014999695122242
107,443371	0,000578973442316055
107,544534	0,000500340014696121
107,645545	0,000953603535890579
107,747338	0,00222782045602798
107,849252	0,0033024288713932
107,949273	0,0042525939643383
108,049509	0,005052600055933
108,151112	0,00512204691767693
108,252720	0,00474878773093224
108,354126	0,00380498543381691
108,454600	0,00255141034722328
108,556535	0,00134895741939545
108,657294	0,000670392066240311
108,758673	0,000492285937070847
108,858829	0,00106772407889366
108,958836	0,00196615606546402
109,060539	0,00322866439819336
109,160978	0,00417603179812431
109,261446	0,00491416081786156
109,362479	0,00505354627966881
109,463327	0,00468971952795982
109,564624	0,00376244261860847
109,665942	0,0025130920112133
109,767495	0,00149097666144371
109,868714	0,000632025301456451
109,969416	0,000435914844274521
110,069842	0,000890146940946579
110,170010	0,00173568353056908
110,270422	0,00300688296556473
110,370740	0,00418973341584206
110,472254	0,00486549362540245
110,573439	0,00513102486729622
110,674863	0,00476862862706184
110,775336	0,00403423234820366
110,877214	0,00282243639230728
110,977248	0,00159227102994919
111,077610	0,000832367688417435
111,179324	0,000527340918779373
111,279494	0,000846575945615768
111,381261	0,00180667266249657
111,482404	0,00306552276015282
111,582927	0,00405644997954369
111,683967	0,00489526614546776
111,785516	0,00516220554709435
111,886342	0,00490282103419304
111,987202	0,00405975803732872
112,088290	0,00283993780612946
112,189033	0,00177875161170959
112,290326	0,000797323882579803
112,390736	0,000455807894468307
112,491760	0,00075327605009079
112,593678	0,00170302763581276
112,695177	0,00295627862215042
112,796368	0,003951046615839
112,897639	0,00469066575169563
112,998722	0,00507102534174919
113,100251	0,0048224963247776
113,202091	0,00417413935065269
113,303190	0,00281628966331482
113,405164	0,00177401676774025
113,507260	0,000938922166824341
113,607648	0,00049276277422905
113,709687	0,000794481486082077
113,809935	0,00155724585056305
113,909948	0,00279264152050018
114,010729	0,00401012971997261
114,112550	0,00476578995585442
114,212697	0,00515134260058403
114,314366	0,00490423664450645
114,415123	0,00424550846219063
114,516358	0,00307686999440193
114,617550	0,00180241465568542
114,719567	0,000941291451454163
114,819616	0,000456284731626511
114,919641	0,000731963664293289
115,020354	0,0014895536005497
115,120459	0,00273966416716576
115,221858	0,00399169698357582
115,322560	0,00478139147162437
115,423427	0,00518346205353737
115,525195	0,00509228184819221
115,625402	0,00438728556036949
115,725447	0,00346507504582405
115,826464	0,00219990313053131
115,927354	0,00113353878259659
116,027501	0,000673234462738037
116,127884	0,000795427709817886
116,228578	0,00160931423306465
116,328760	0,00260722637176514
116,428878	0,00366410985589027
116,530377	0,00482721999287605
116,631174	0,00522692874073982
116,732676	0,00519385561347008
116,832876	0,0044458843767643
116,934655	0,00353079661726952
117,035456	0,00247808545827866
117,135950	0,00136552751064301
117,237371	0,000760853290557861
117,338521	0,000803004950284958
117,438639	0,0015004426240921
117,540361	0,00263607874512672
117,641611	0,00365370884537697
117,741977	0,00463254377245903
117,842355	0,00512866303324699
117,943257	0,00508235767483711
118,043430	0,00461175665259361
118,143601	0,00339462980628014
118,245504	0,00233994796872139
118,347529	0,00122255459427834
118,448373	0,000661864876747131
118,549252	0,000657130032777786
118,650687	0,00136126577854156
118,750866	0,00231439992785454
118,851044	0,00356483086943626
118,951080	0,00444069132208824
119,051244	0,00506913289427757
119,152724	0,00510267540812492
119,252773	0,00466609373688698
119,354626	0,00369105860590935
119,455667	0,00247571989893913
119,557214	0,00154067948460579
119,657261	0,0009133480489254
119,757304	0,000830948352813721
119,857336	0,00135605782270432
119,957512	0,00224059447646141
120,057606	0,00346082076430321
120,159405	0,00450495257973671
120,259573	0,00504362210631371
120,361115	0,00514755770564079
120,461154	0,00465427711606026
120,562694	0,00386596843600273
120,663229	0,0028839223086834
120,764900	0,00154493749141693
120,865517	0,00093039870262146
120,965525	0,000768903642892838
121,067563	0,0013754703104496
121,169515	0,00225431472063065
121,270639	0,00326791033148766
121,370681	0,00451535359025002
121,471255	0,00504409149289131
121,572836	0,00516882166266441
121,672890	0,00476059690117836
121,772897	0,00383759662508965
121,873405	0,00284088402986526
121,973513	0,00165096297860146
122,075027	0,000849418342113495
122,175300	0,00067891925573349
122,277324	0,00114679709076881
122,377470	0,00217057019472122
122,477532	0,00319651141762733
122,577589	0,00410796329379082
122,679215	0,00477572157979012
122,781204	0,00470058992505074
122,881286	0,00419966503977776
122,982781	0,0030536986887455
123,083387	0,00212136283516884
123,184869	0,00126279518008232
123,285510	0,00059223547577858
123,385542	0,000460546463727951
123,487608	0,000760853290557861
123,589181	0,00154919549822807
123,690757	0,00250647217035294
123,790757	0,00325088575482368
123,890843	0,00372226163744926
123,991341	0,00358752533793449
124,092794	0,003093421459198
124,192983	0,00219375267624855
124,292985	0,00124148651957512
124,393031	0,000582762062549591
124,493573	0,000254455953836441
124,593659	0,000359639525413513
124,695144	0,000987224280834198
124,795201	0,00174089148640633
124,895349	0,00263560563325882
124,997382	0,0032924972474575
125,099285	0,00341212376952171
125,199383	0,00312037765979767
125,299903	0,00219375267624855
125,400992	0,00136363506317139
125,501383	0,000614501535892487
125,602933	-5,26048243045807E-5
125,704018	-5,02355396747589E-5
125,805026	0,000328842550516129
125,905074	0,0013229213654995
126,007145	0,00214076042175293
126,107190	0,00281676277518272
126,207409	0,00331566855311394
126,307494	0,00322346389293671
126,409465	0,00274534150958061
126,510998	0,00184027478098869
126,611566	0,000796850770711899
126,713102	8,90903174877167E-5
126,814660	-0,000375866889953613
126,915256	-0,000199057161808014
127,015273	0,00036248192191124
127,115339	0,00116478651762009
127,217423	0,00233994796872139
127,317429	0,00294303894042969
127,417446	0,00324048474431038
127,517509	0,00297898054122925
127,617647	0,00243787467479706
127,719242	0,00169308856129646
127,819260	0,00073101744055748
127,919291	1,89617276191711E-6
128,019364	-0,000278688967227936
128,119418	-0,000118482857942581
128,219634	0,000635340809822083
128,319668	0,00140197947621346
128,420182	0,0021582692861557
128,520253	0,00279831513762474
128,621805	0,00295486301183701
128,721874	0,00266020372509956
128,822434	0,00195811316370964
128,923995	0,00100995600223541
129,024503	0,000237874686717987
129,124803	-0,000397201627492905
129,224887	-0,00055033341050148
129,326406	-0,000168722122907639
129,427448	0,000622551888227463
129,528117	0,00161309912800789
129,629636	0,00234751775860786
129,729723	0,00283899158239365
129,831224	0,0029841847717762
129,931823	0,00257978960871696
130,031828	0,00195811316370964
130,133378	0,00098106637597084
130,234237	7,25053250789642E-5
130,334408	-0,000434648245573044
130,434768	-0,000555548816919327
130,536090	-7,67745077610016E-5
130,637461	0,000609289854764938
130,737626	0,00161215290427208
130,838749	0,00246389582753181
130,939107	0,00290851294994354
131,040648	0,00298371165990829
131,142667	0,00252397358417511
131,244049	0,00186725333333015
131,345093	0,00102889537811279
131,447111	-2,74889171123505E-5
131,547248	-0,000503871589899063
131,647452	-0,000587314367294312
131,747546	-3,93353402614594E-5
131,849406	0,00066613033413887
131,951306	0,00150138884782791
132,053171	0,0024719350039959
132,153632	0,00287304446101189
132,254342	0,00291229784488678
132,355770	0,00249085947871208
132,456393	0,00169781967997551
132,557559	0,000884465873241425
132,658959	2,46427953243256E-5
132,759317	-0,000494860112667084
132,860472	-0,000512879341840744
132,960581	-0,000146444886922836
133,060652	0,000811532139778137
133,162171	0,00161167979240417
133,262784	0,00228412076830864
133,364602	0,00283331423997879
133,464752	0,00280351936817169
133,564753	0,00242794305086136
133,665144	0,00145973265171051
133,765395	0,000625394284725189
133,865798	-9,66787338256836E-5
133,967268	-0,000641368329524994
134,067329	-0,000608175992965698
134,168176	-0,000152133405208588
134,269477	0,000578027218580246
134,369558	0,00173473730683327
134,471319	0,00241280347108841
134,572277	0,00285128876566887
134,674275	0,00286263972520828
134,775486	0,00244686380028725
134,877236	0,00175035372376442
134,979196	0,000548657029867172
135,080617	-0,000214222818613052
135,180695	-0,000736203044652939
135,282414	-0,000796429812908173
135,382575	-0,000280112028121948
135,484013	0,00048518180847168
135,584432	0,00150943547487259
135,685125	0,00236644223332405
135,786537	0,00280872359871864
135,887362	0,00285507366061211
135,987596	0,0024113841354847
136,089591	0,00172479823231697
136,191513	0,000720597803592682
136,292588	-0,000204745680093765
136,392831	-0,000711072236299515
136,493323	-0,000776514410972595
136,595284	-0,000266838818788528
136,696434	0,000486601144075394
136,797277	0,0014999695122242
136,897332	0,00224059447646141
136,998850	0,0027945339679718
137,100706	0,00284088402986526
137,200829	0,00250647217035294
137,301410	0,00170302763581276
137,402641	0,000874519348144531
137,503358	-9,194016456604E-5
137,604887	-0,000718187540769577
137,706467	-0,000809710472822189
137,807443	-0,000388193875551224
137,909164	0,000489447265863419
138,011017	0,00151511654257774
138,112668	0,0022704005241394
138,213149	0,00282858684659004
138,314083	0,00289338082075119
138,414433	0,00256039574742317
138,515614	0,00191741436719894
138,617167	0,000927083194255829
138,717494	-6,87204301357269E-5
138,817635	-0,000636152923107147
138,919219	-0,000833421945571899
139,020911	-0,000439863651990891
139,122878	0,000252563506364822
139,222934	0,001250009983778
139,324786	0,00216583907604218
139,426660	0,00265925750136375
139,527249	0,00281770899891853
139,628168	0,0024724081158638
139,729205	0,00184784457087517
139,829622	0,000883046537637711
139,931515	-8,29361379146576E-5
140,033319	-0,000634729862213135
140,134497	-0,000833421945571899
140,236107	-0,000400044023990631
140,336219	0,000302311033010483
140,436456	0,0011453740298748
140,536503	0,00224012136459351
140,637227	0,00272642076015472
140,738695	0,00289810821413994
140,839436	0,00252539291977882
140,939486	0,00189753994345665
141,041230	0,00108429417014122
141,141230	7,10822641849518E-5
141,243214	-0,000645160675048828
141,343299	-0,000867094844579697
141,445247	-0,000562187284231186
141,545247	0,000227451324462891
141,647219	0,00106725096702576
141,747502	0,00188286975026131
141,848619	0,00265736505389214
141,948763	0,00283331423997879
142,048824	0,00263986364006996
142,150291	0,00185826048254967
142,250751	0,00104925408959389
142,352588	0,000201866030693054
142,454441	-0,000670291483402252
142,554688	-0,000885114073753357
142,656590	-0,00066554918885231
142,757268	4,40701842308044E-5
142,858631	0,00104120746254921
142,959402	0,00185778364539146
143,061019	0,00256985798478127
143,162876	0,00283000245690346
143,262986	0,00264128297567368
143,364920	0,00200968980789185
143,467231	0,00106535851955414
143,567543	7,01360404491425E-5
143,668829	-0,000552702695131302
143,769506	-0,000852864235639572
143,871430	-0,000545118004083633
143,972554	8,2455575466156E-5
144,074046	0,000918086618185043
144,175428	0,00191221013665199
144,277393	0,00263418629765511
144,378543	0,00290000066161156
144,480290	0,00265263393521309
144,581591	0,00209770351648331
144,683045	0,00131345167756081
144,784852	0,000145953148603439
144,885496	-0,000494387000799179
144,987198	-0,000810656696557999
145,087743	-0,00055365264415741
145,188712	5,6389719247818E-5
145,290691	0,000880204141139984
145,392689	0,00185447186231613
145,493908	0,00256843864917755
145,594652	0,00283378735184669
145,696534	0,00267250090837479
145,797152	0,00204754620790482
145,897537	0,00126847624778748
145,997623	0,000267248600721359
146,098443	-0,00052899494767189
146,198873	-0,000843856483697891
146,300448	-0,000673137605190277
146,400665	1,65849924087524E-5
146,502307	0,000829525291919708
146,602939	0,00164954364299774
146,703192	0,00242983549833298
146,804402	0,00279358774423599
146,905233	0,00263797119259834
147,005536	0,00214880332350731
147,105979	0,00123154744505882
147,206695	0,000372905284166336
147,307260	-0,000501025468111038
147,407738	-0,000921633094549179
147,509121	-0,000825833529233932
147,609517	-0,000215645879507065
147,710253	0,000740490853786469
147,811526	0,00157002359628677
147,912893	0,00226708874106407
148,014827	0,00276095047593117
148,116462	0,00269757211208344
148,217744	0,00217766687273979
148,318640	0,00144932046532631
148,419191	0,000442072749137878
148,520640	-0,000427540391683578
148,621900	-0,000828679651021957
148,723414	-0,000775091350078583
148,825198	-0,000168722122907639
148,927201	0,000613078474998474
149,027229	0,00162303820252419
149,129166	0,0024317279458046
149,229282	0,00278885662555695
149,330579	0,00277277454733849
149,432366	0,00225052982568741
149,533357	0,00152695178985596
149,635140	0,00052165612578392
149,735428	-0,000354062765836716
149,836679	-0,000759914517402649
149,938747	-0,00077366828918457
150,040609	-0,000133652240037918
150,142367	0,000642918050289154
150,242548	0,00148482248187065
150,343275	0,00244686380028725
150,444226	0,00280020758509636
150,544467	0,00281487032771111
150,644651	0,00237495824694633
150,745185	0,00154541060328484
150,847212	0,000709231942892075
150,948801	-0,00021849200129509
151,049154	-0,000750433653593063
151,150533	-0,000776514410972595
151,252426	-0,000272054225206375
151,353763	0,000621605664491653
151,454286	0,00146067887544632
151,556012	0,00231723859906197
151,657202	0,00278270617127419
151,758663	0,00280493870377541
151,859220	0,00237022712826729
151,960814	0,00154967233538628
152,061249	0,000715386122465134
152,163218	-0,000197634100914001
152,263525	-0,000719133764505386
152,365292	-0,000734306871891022
152,465358	-0,000330831855535507
152,565385	0,000527340918779373
152,667348	0,00154588371515274
152,767452	0,00240476056933403
152,868942	0,00282338261604309
152,969042	0,00288581475615501
153,070003	0,00253532454371452
153,170726	0,00175035372376442
153,272074	0,000737175345420837
153,373461	-5,8293342590332E-5
153,475002	-0,000687360763549805
153,575042	-0,000780306756496429
153,675813	-0,000389616936445236
153,777323	0,000454861670732498
153,877364	0,0014791376888752
153,977401	0,00222687423229218
154,078029	0,0027344636619091
154,179120	0,00290614739060402
154,280462	0,00256086885929108
154,381057	0,00195290520787239
154,481601	0,000970177352428436
154,583556	1,27926468849182E-5
154,683693	-0,000561710447072983
154,784726	-0,000756595283746719
154,884767	-0,000357378274202347
154,985477	0,000313684344291687
155,087569	0,00131345167756081
155,189304	0,00219801068305969
155,289389	0,00269000604748726
155,391252	0,00284135714173317
155,491874	0,00257742404937744
155,592983	0,00187103822827339
155,693526	0,000889673829078674
155,794839	7,77170062065125E-5
155,895236	-0,000641841441392899
155,997290	-0,000843856483697891
156,097359	-0,000561710447072983
156,197410	0,000218447297811508
156,298586	0,00105588510632515
156,399177	0,00199360027909279
156,499233	0,00263040512800217
156,600175	0,0027945339679718
156,700788	0,00253153964877129
156,802460	0,00182891637086868
156,904270	0,0010189525783062
157,004886	4,31239604949951E-5
157,105388	-0,000586841255426407
157,206505	-0,000878948718309402
157,307245	-0,000586841255426407
157,407287	3,41199338436127E-5
157,507461	0,00101516395807266
157,607549	0,00195811316370964
157,707728	0,0025225542485714
157,809259	0,0027637891471386
157,909414	0,00258026272058487
158,009489	0,00193823501467705
158,111193	0,00098959356546402
158,211348	0,000155430287122726
158,313083	-0,000641841441392899
158,413223	-0,000939656049013138
158,514720	-0,000731464475393295
158,615229	-9,95025038719177E-6
158,717361	0,000818159431219101
158,817369	0,00181945040822029
158,917370	0,00246153026819229
159,017411	0,0028143972158432
159,117458	0,00266067683696747
159,217512	0,00215732306241989
159,319217	0,00125143304467201
159,420753	0,000231713056564331
159,521303	-0,000472579151391983
159,622938	-0,000889383256435394
159,723180	-0,000712968409061432
159,823948	-0,000144075602293015
159,925455	0,000820528715848923
160,027225	0,00166752934455872
160,127640	0,00247146189212799
160,229640	0,0028541274368763
160,331491	0,00279264152050018
160,433038	0,00226188451051712
160,533577	0,00138351693749428
160,634356	0,000544868409633636
160,735038	-0,000308077782392502
160,837240	-0,000742368400096893
160,937322	-0,000669341534376144
161,037651	-9,0520828962326E-5
161,139197	0,000833313912153244
161,239243	0,00164717808365822
161,340674	0,00242084637284279
161,441627	0,00276520848274231
161,543165	0,00271554291248322
161,643290	0,00231156125664711
161,743325	0,00148198008537292
161,843355	0,000500340014696121
161,943596	-0,000203322619199753
162,043635	-0,000696372240781784
162,144171	-0,000678353011608124
162,245086	-0,000154029577970505
162,345850	0,000743333250284195
162,447276	0,00156623870134354
162,547278	0,00237590447068214
162,647785	0,00281156226992607
162,748827	0,00279264152050018
162,849959	0,00233001261949539
162,951495	0,0014900304377079
163,052172	0,000668972730636597
163,153219	-0,000207114964723587
163,253264	-0,000670764595270157
163,353318	-0,000705856829881668
163,453900	-0,000190999358892441
163,553912	0,000544868409633636
163,655484	0,00151748582720757
163,755489	0,0022093653678894
163,856027	0,00270844995975494
163,956125	0,0027037225663662
164,057177	0,0023309588432312
164,157558	0,00151700899004936
164,257601	0,000518813729286194
164,358583	-0,000240296125411987
164,459181	-0,000822514295578003
164,561179	-0,000843383371829987
164,662490	-0,000427540391683578
164,763564	0,000294730067253113
164,863578	0,00130729749798775
164,963799	0,0021989569067955
165,064833	0,00266682356595993
165,165375	0,00278223678469658
165,265423	0,00240286812186241
165,366310	0,00176076963543892
165,467373	0,000955972820520401
165,569370	-0,00014028325676918
165,671360	-0,000664126127958298
165,771479	-0,000788841396570206
165,872789	-0,000340312719345093
165,973294	0,000383798032999039
166,074239	0,00140434876084328
166,176021	0,00217766687273979
166,277566	0,00278365612030029
166,379418	0,00289338082075119
166,480705	0,00258925184607506
166,581620	0,00181992724537849
166,682732	0,000819109380245209
166,782848	-8,05780291557312E-6
166,884932	-0,000699691474437714
166,986357	-0,00085049495100975
167,087410	-0,000523779541254044
167,187597	0,000310365110635757
167,288658	0,0013338103890419
167,389766	0,00212940573692322
167,489815	0,00276946648955345
167,590840	0,00292932242155075
167,691029	0,0026540532708168
167,791069	0,00206931307911873
167,892986	0,00110418349504471
167,993552	0,000106621533632278
168,095196	-0,000508137047290802
168,197305	-0,0007769875228405
168,297352	-0,000449821352958679
168,399233	0,000206127762794495
168,499742	0,00120550766587257
168,601337	0,0021478570997715
168,702969	0,00269473716616631
168,803225	0,00292742997407913
168,904810	0,00265641883015633
169,005249	0,00207593664526939
169,107275	0,00111696869134903
169,207534	0,000128895044326782
169,308939	-0,000481586903333664
169,409407	-0,000750906765460968
169,511012	-0,000426590442657471
169,611132	0,000225555151700974
169,712864	0,00105920061469078
169,814701	0,00218807533383369
169,914906	0,0027443952858448
170,017157	0,00298560038208961
170,117298	0,00272311270236969
170,217342	0,00214549154043198
170,318611	0,00135558471083641
170,418702	0,000341162085533142
170,520236	-0,000435125082731247
170,620607	-0,000705856829881668
170,720794	-0,000561237335205078
170,822720	0,000253036618232727
170,923281	0,00108145549893379
171,024218	0,00204943865537643
171,124306	0,00272831320762634
171,224415	0,00295013189315796
171,324741	0,00281723588705063
171,425841	0,00208776444196701
171,527550	0,00129356980323792
171,629258	0,000442545861005783
171,731213	-0,000505290925502777
171,832874	-0,000796902924776077
171,934549	-0,000668395310640335
172,035164	-8,53091478347778E-6
172,135209	0,000973016023635864
172,237244	0,0018000490963459
172,338189	0,00255755707621574
172,439660	0,00287919119000435
172,541587	0,00275763869285583
172,642368	0,00216394662857056
172,743369	0,0012287050485611
172,845048	0,000372905284166336
172,945573	-0,000475898385047913
173,045950	-0,00087420642375946
173,146030	-0,000749483704566956
173,247430	-9,85749065876007E-5
173,348574	0,000869311392307281
173,448713	0,00169308856129646
173,549325	0,00235556066036224
173,649335	0,0027637891471386
173,750557	0,00266966223716736
173,851058	0,0022188313305378
173,951585	0,00133854523301125
174,052664	0,000328842550516129
174,154091	-0,00039435550570488
174,254645	-0,000866618007421494
174,355672	-0,000748060643672943
174,457253	-0,000230338424444199
174,559727	0,000722963362932205
174,660738	0,00173284485936165
174,761425	0,00240996479988098
174,862569	0,00285034254193306
174,964045	0,0028347335755825
175,065729	0,00235414132475853
175,165866	0,00148908421397209
175,265924	0,000647652894258499
175,366102	-0,00024835392832756
175,467628	-0,00072956457734108
175,569189	-0,000691629946231842
175,669296	-0,000126540660858154
175,770878	0,000815320760011673
175,871076	0,00164954364299774
175,971699	0,00247098878026009
176,073443	0,00288155674934387
176,173494	0,00284088402986526
176,273519	0,00234467908740044
176,373550	0,00163108482956886
176,475413	0,000617343932390213
176,575444	-0,000162560492753983
176,677149	-0,000739522278308868
176,777269	-0,000753752887248993
176,877318	-0,000329885631799698
176,977384	0,000557184219360352
177,077406	0,00140529498457909
177,177466	0,00228695943951607
177,277528	0,00279642641544342
177,377556	0,0028446651995182
177,477688	0,00254242122173309
177,579023	0,00162824243307114
177,679607	0,000789273530244827
177,779635	-2,18003988265991E-5
177,879894	-0,000743318349123001
177,981524	-0,000804491341114044
178,082663	-0,000456459820270538
178,183181	0,000374797731637955
178,284181	0,00136884301900864
178,385507	0,00212420150637627
178,485610	0,00269804522395134
178,587638	0,00279736891388893
178,689232	0,00249133259057999
178,790780	0,00173946842551231
178,891318	0,000758010894060135
178,991379	-4,12315130233765E-5
179,093309	-0,000690679997205734
179,194412	-0,000813029706478119
179,295235	-0,000457406044006348
179,397528	0,000380009412765503
179,498659	0,0012287050485611
179,599165	0,00216441974043846
179,700299	0,00274723395705223
179,801388	0,0028744637966156
179,903163	0,00254667922854424
180,003446	0,00178490206599236
180,103572	0,000949814915657043
180,203656	-4,36007976531982E-5
180,304538	-0,000636152923107147
180,405204	-0,000875156372785568
180,505326	-0,000510033220052719
180,605452	0,000152114778757095
180,705588	0,0011562667787075
180,807178	0,00209155306220055
180,907243	0,00261857733130455
181,007359	0,0028342604637146
181,107382	0,00261810794472694
181,207417	0,00194580852985382
181,307583	0,00114916265010834
181,407625	0,000154007226228714
181,509267	-0,000580675899982452
181,611175	-0,000807810574769974
181,712781	-0,000523779541254044
181,812805	0,000251613557338715
181,913397	0,00109802559018135
182,015407	0,00207782909274101
182,117229	0,00276804342865944
182,217254	0,00299033150076866
182,317292	0,00285223498940468
182,417423	0,00210953131318092
182,518404	0,0013020895421505
182,618677	0,000446334481239319
182,720585	-0,000381555408239365
182,820684	-0,000736679881811142
182,920695	-0,000571668148040771
183,021967	9,85674560070038E-5
183,123163	0,00107340514659882
183,223738	0,00188618153333664
183,324001	0,0025230273604393
183,424485	0,00290756672620773
183,526058	0,00276331603527069
183,627422	0,00228648632764816
183,727447	0,0012192390859127
183,829184	0,000372432172298431
183,930859	-0,000345524400472641
184,032650	-0,000809710472822189
184,133516	-0,000660333782434464
184,234669	-0,000133652240037918
184,335944	0,000811059027910233
184,437294	0,00179294869303703
184,538021	0,00244118645787239
184,638646	0,00282243639230728
184,738881	0,00269284471869469
184,839360	0,00221504643559456
184,941330	0,00131629034876823
185,043312	0,000291887670755386
185,145237	-0,000433225184679031
185,247178	-0,000892702490091324
185,347513	-0,000769399106502533
185,448319	-9,99979674816132E-5
185,549866	0,000705443322658539
185,651364	0,00153736397624016
185,752263	0,00234325975179672
185,853764	0,00273966416716576
185,954882	0,00268764048814774
186,055551	0,00217624753713608
186,157326	0,00130398198962212
186,257341	0,000470496714115143
186,357578	-0,00039340928196907
186,457703	-0,000826310366392136
186,559746	-0,000749483704566956
186,661678	-0,000134598463773727
186,762887	0,000824790447950363
186,864794	0,00168314948678017
186,964950	0,00252444669604301
187,065752	0,00294493138790131
187,166037	0,00290898606181145
187,266253	0,00250931084156036
187,367536	0,00151464343070984
187,468418	0,000659972429275513
187,569442	-0,000104263424873352
187,671188	-0,000708229839801788
187,771971	-0,000661283731460571
187,872598	-0,000221334397792816
187,973278	0,000825263559818268
188,073507	0,00165380164980888
188,175175	0,00235461443662643
188,275497	0,00283851847052574
188,375560	0,00282101705670357
188,477170	0,00242841616272926
188,577597	0,00160174071788788
188,678935	0,000597920268774033
188,780628	-0,000161610543727875
188,881381	-0,000659860670566559
188,982750	-0,000716287642717361
189,084634	-0,000273946672677994
189,184729	0,000443492084741592
189,286304	0,00161357223987579
189,386484	0,00231439992785454
189,487163	0,00274865329265594
189,588685	0,00278838351368904
189,688857	0,00239387899637222
189,789217	0,00172527134418488
189,889463	0,000726755708456039
189,990640	-0,000200007110834122
190,091823	-0,000699218362569809
190,192631	-0,000816822052001953
190,293403	-0,00029480829834938
190,395135	0,000438757240772247
190,497515	0,00145925953984261
190,597605	0,00233237817883492
190,698903	0,00277939811348915
190,800228	0,00287682563066483
190,901233	0,00245774537324905
191,001426	0,00179862976074219
191,101860	0,000965915620326996
191,203274	-0,000142179429531097
191,304907	-0,000650376081466675
191,405179	-0,000785049051046371
191,506235	-0,000398620963096619
191,607262	0,000434968620538712
191,707267	0,00128883495926857
191,807417	0,00218807533383369
191,907950	0,00275196507573128
192,008923	0,00285743549466133
192,110320	0,00252444669604301
192,211446	0,00176076963543892
192,312386	0,000927556306123734
192,413559	-3,79122793674469E-5
192,515305	-0,000703487545251846
192,616517	-0,000847175717353821
192,717136	-0,000472579151391983
192,817948	0,000204708427190781
192,918708	0,00123012438416481
193,018737	0,00201773643493652
193,118994	0,00269095227122307
193,219035	0,00289810821413994
193,319890	0,00267533957958221
193,421840	0,00200022757053375
193,523798	0,00104973092675209
193,625431	0,000249717384576797
193,726324	-0,00047210231423378
193,827425	-0,000689256936311722
193,927755	-0,000423748046159744
194,028647	0,000343527644872665
194,130498	0,0013338103890419
194,230600	0,00210054218769073
194,332409	0,00274865329265594
194,433948	0,00293026864528656
194,535042	0,00269284471869469
194,636592	0,00200401246547699
194,737156	0,00120314210653305
194,838693	0,000216551125049591
194,939003	-0,000517617911100388
195,039230	-0,000738576054573059
195,141207	-0,000464994460344315
195,242492	0,000299468636512756
195,344420	0,00112359598278999
195,445091	0,00207309797406197
195,545458	0,00272500142455101
195,647174	0,00291182473301888
195,747874	0,00268243625760078
195,849822	0,00199596583843231
195,951226	0,0011974610388279
196,052697	0,00036248192191124
196,153769	-0,000533264130353928
196,255176	-0,000764183700084686
196,355177	-0,000584468245506287
196,455612	0,000257775187492371
196,557902	0,00108619034290314
196,658425	0,00189753994345665
196,758644	0,00269946455955505
196,859446	0,00289668887853622
196,961214	0,00274723395705223
197,062104	0,00213082507252693
197,163134	0,00119130685925484
197,265058	0,000345423817634583
197,367373	-0,000468309968709946
197,469187	-0,000796902924776077
197,569728	-0,000629514455795288
197,670271	5,40204346179962E-5
197,770736	0,00102699920535088
197,871413	0,00184027478098869
197,973260	0,00255944952368736
198,074872	0,00284892320632935
198,175872	0,00270183011889458
198,276228	0,00208445265889168
198,377419	0,00114916265010834
198,477420	0,000302311033010483
198,577470	-0,000501971691846848
198,678569	-0,000827256590127945
198,779452	-0,000678353011608124
198,880341	-0,00013270229101181
198,980715	0,000818636268377304
199,082608	0,00181708857417107
199,184466	0,00256086885929108
199,285600	0,00285365432500839
199,387198	0,00273682549595833
199,487341	0,00226945430040359
199,587507	0,00138872489333153
199,687525	0,00038190558552742
199,787597	-0,000310923904180527
199,888762	-0,000747110694646835
199,989144	-0,000660810619592667
200,090385	-6,63474202156067E-5
200,191210	0,000711597502231598
200,292817	0,0017172247171402
200,393973	0,00250741839408875
200,494600	0,00286925956606865
200,596319	0,00283331423997879
200,697560	0,00231487303972244
200,798663	0,0015932209789753
200,900645	0,00059223547577858
201,001162	-0,000266365706920624
201,102389	-0,000703010708093643
201,203800	-0,000616710633039474
201,304922	-9,47713851928711E-6
201,405010	0,000780750066041946
201,507111	0,001799575984478
201,607165	0,00250079482793808
201,708833	0,00298701971769333
201,810642	0,00296573713421822
201,912547	0,00257221981883049
202,013483	0,00157097354531288
202,115219	0,000721070915460587
202,215770	-2,36965715885162E-5
202,317100	-0,000606279820203781
202,417200	-0,000543221831321716
202,517350	-9,62056219577789E-5
202,618331	0,000797796994447708
202,718695	0,00179436802864075
202,820281	0,00247950479388237
202,920317	0,00294351205229759
203,020635	0,00291371718049049
203,121475	0,00251167640089989
203,221790	0,00182702392339706
203,322756	0,000661864876747131
203,423608	-9,24132764339447E-5
203,524237	-0,000589210540056229
203,625115	-0,000666972249746323
203,725132	-0,000179152935743332
203,825261	0,000558130443096161
203,927082	0,00156150385737419
204,027400	0,00240759924054146
204,129256	0,00283520668745041
204,229288	0,00290236622095108
204,330420	0,00247808545827866
204,432386	0,00180620327591896
204,533097	0,000819109380245209
204,634459	-9,38363373279572E-5
204,735162	-0,000578302890062332
204,836267	-0,000684518367052078
204,936384	-0,000159714370965958
205,037196	0,000577077269554138
205,138478	0,00141618028283119
205,238527	0,00231581926345825
205,339305	0,00286500528454781
205,441157	0,00296195596456528
205,542821	0,00250174105167389
205,643922	0,0018204003572464
205,744451	0,000988643616437912
205,844697	1,42157077789307E-5
205,947197	-0,000622875988483429
206,047380	-0,000747110694646835
206,148588	-0,000453140586614609
206,250542	0,000493235886096954
206,352422	0,00132907554507256
206,452547	0,00223680958151817
206,552584	0,00279736891388893
206,653907	0,00290803983807564
206,754353	0,00265831127762794
206,855205	0,00180099532008171
206,957267	0,000977750867605209
207,057388	0,000161591917276382
207,157474	-0,000631410628557205
207,257509	-0,000767976045608521
207,358508	-0,000486325472593307
207,460459	0,000277198851108551
207,562394	0,00126563385128975
207,663277	0,00203429535031319
207,764488	0,00266635045409203
207,866382	0,00284371897578239
207,968408	0,00259587541222572
208,070883	0,00190889462828636
208,171267	0,000943183898925781
208,272942	0,000133156776428223
208,373031	-0,000580675899982452
208,473996	-0,000795479863882065
208,574270	-0,000511929392814636
208,674458	0,000253509730100632
208,774907	0,00108477100729942
208,875395	0,00201773643493652
208,976275	0,00265263393521309
209,077498	0,00283236801624298
209,178446	0,00257600471377373
209,279602	0,00188286975026131
209,380412	0,00107624754309654
209,480726	8,76672565937042E-5
209,582400	-0,000555075705051422
209,683720	-0,000876102596521378
209,784716	-0,000603910535573959
209,887145	0,000152114778757095
209,987362	0,00098106637597084
210,089163	0,00192025303840637
210,189192	0,00249417126178741
210,290286	0,00276331603527069
210,390616	0,00260155275464058
210,491053	0,00199691206216812
210,591184	0,00106251612305641
210,692731	0,000239294022321701
210,794283	-0,000549387186765671
210,895382	-0,000865668058395386
210,996485	-0,000678826123476028
211,097532	9,95025038719177E-6
211,197544	0,000993382185697556
211,299173	0,00180288776755333
211,399448	0,00253579765558243
211,501185	0,00281723588705063
211,601866	0,0026734471321106
211,702692	0,00208019465208054
211,803052	0,00116005167365074
211,903946	0,000350162386894226
212,005582	-0,000336047261953354
212,107125	-0,000742841511964798
212,207452	-0,00055365264415741
212,308626	-2,36928462982178E-6
212,409254	0,000951711088418961
212,511005	0,00192025303840637
212,612764	0,00254762545228004
212,713045	0,00290189310908318
212,814552	0,00275669246912003
212,915209	0,00226756185293198
213,015512	0,00137452408671379
213,115534	0,000373378396034241
213,216313	-0,000326093286275864
213,317378	-0,000709649175405502
213,419154	-0,000588264316320419
213,519377	-4,78662550449371E-5
213,620576	0,000728175044059753
213,720674	0,00187293067574501
213,820729	0,00251498445868492
213,921264	0,00286074727773666
214,022853	0,00281770899891853
214,123908	0,00228412076830864
214,224439	0,00156055763363838
214,325038	0,000552918761968613
214,425892	-0,000305235385894775
214,526176	-0,000695422291755676
214,626956	-0,000636152923107147
214,727513	-2,98582017421722E-5
214,827685	0,000746648758649826
214,929183	0,00159179791808128
215,030691	0,00255377590656281
215,132249	0,00290851294994354
215,233538	0,0029141902923584
215,335243	0,00235414132475853
215,436337	0,00163770839571953
215,536845	0,000800639390945435
215,636854	-0,000220384448766708
215,736929	-0,000620029866695404
215,837893	-0,000633779913187027
215,938396	-0,000127963721752167
216,038900	0,000762749463319778
216,140256	0,00159700587391853
216,240302	0,00243645533919334
216,341981	0,002894327044487
216,443529	0,00290803983807564
216,545479	0,0025731660425663
216,646786	0,00163818150758743
216,746805	0,000808689743280411
216,847459	4,07546758651733E-5
216,948959	-0,000621452927589417
217,050248	-0,00062856450676918
217,150339	-0,000237450003623962
217,251843	0,000776011496782303
217,352851	0,0016145184636116
217,454549	0,00233521685004234
217,554852	0,00288297608494759
217,656000	0,00293736159801483
217,756025	0,0026034452021122
217,856043	0,00197893008589745
217,956540	0,000843733549118042
218,056562	6,68168067932129E-5
218,157068	-0,00048774853348732
218,258575	-0,00063757598400116
218,360581	-0,00026257336139679
218,461114	0,00041649118065834
218,561304	0,00156813114881516
218,661360	0,00228790566325188
218,761477	0,00277608633041382
218,861524	0,00291608273983002
218,963503	0,00255897641181946
219,065049	0,00193113833665848
219,166622	0,000961653888225555
219,266820	2,41659581661224E-5
219,368454	-0,000527098774909973
219,469545	-0,000700641423463821
219,570736	-0,000273946672677994
219,670916	0,000417910516262054
219,772184	0,00124101713299751
219,873983	0,00230777636170387
219,974864	0,00280730426311493
220,075124	0,00298134610056877
220,175592	0,0026441216468811
220,275635	0,00203192979097366
220,378034	0,00123438611626625
220,478173	0,000259194523096085
220,578347	-0,000450294464826584
220,678614	-0,000647056847810745
220,778626	-0,000356905162334442
220,878902	0,000420752912759781
220,979947	0,00124101713299751
221,079992	0,00202672556042671
221,180538	0,00278601795434952
221,282085	0,00294303894042969
221,382458	0,00275574624538422
221,482559	0,00195243209600449
221,584024	0,00114963576197624
221,685664	0,000320788472890854
221,785821	-0,000457406044006348
221,886480	-0,000750433653593063
221,987957	-0,000555075705051422
222,089325	0,000147849321365356
222,189871	0,00112123042345047
222,291142	0,00192593410611153
222,392790	0,00263277068734169
222,494300	0,00289905443787575
222,595562	0,00273351743817329
222,695877	0,00224154070019722
222,795943	0,00119130685925484
222,896098	0,000378116965293884
222,996180	-0,000285323709249496
223,097258	-0,000678826123476028
223,198070	-0,000477321445941925
223,299480	8,8617205619812E-5
223,401346	0,00120550766587257
223,501559	0,00200306624174118
223,603379	0,00261668488383293
223,704485	0,00295107811689377
223,806005	0,00278223678469658
223,907358	0,00227655097842216
224,009344	0,00136647373437881
224,109609	0,000362955033779144
224,209699	-0,000320877879858017
224,309830	-0,000699691474437714
224,410536	-0,000548437237739563
224,510767	1,89617276191711E-6
224,611691	0,000773169100284576
224,712659	0,00190510973334312
224,813518	0,00251640379428864
224,915329	0,00283284112811089
225,016784	0,0027041956782341
225,116850	0,00220841914415359
225,217503	0,00147771835327148
225,317837	0,000479497015476227
225,419708	-0,000372547656297684
225,521689	-0,000749483704566956
225,621855	-0,000681199133396149
225,722887	-6,68205320835114E-5
225,822964	0,000709705054759979
225,924662	0,00168267264962196
226,026573	0,0024520680308342
226,126964	0,0027746669948101
226,227651	0,00270750373601913
226,327796	0,0021682046353817
226,429251	0,00144032388925552
226,529424	0,00061165913939476
226,629430	-0,000387243926525116
226,729596	-0,000756122171878815
226,830606	-0,000739522278308868
226,931351	-0,000197634100914001
227,033002	0,000713493674993515
227,133694	0,00154824927449226
227,235232	0,00238300114870071
227,336608	0,00281770899891853
227,437095	0,00281628966331482
227,537705	0,00235224887728691
227,639353	0,00151369720697403
227,739357	0,000693600624799728
227,839364	-6,96666538715363E-5
227,939406	-0,000703010708093643
228,040639	-0,000697318464517593
228,142443	-0,000288642942905426
228,243782	0,000569500029087067
228,344633	0,0015520378947258
228,445875	0,00225336849689484
228,547008	0,00275858491659164
228,648155	0,00278270617127419
228,748712	0,00242084637284279
228,848719	0,00163392350077629
228,949307	0,000648602843284607
229,049549	-0,000117063522338867
229,150506	-0,000697795301675797
229,250565	-0,000735729932785034
229,351732	-0,000318035483360291
229,453516	0,000549603253602982
229,554670	0,00155582651495934
229,655241	0,00229358300566673
229,756951	0,00277750566601753
229,857334	0,00292648375034332
229,959391	0,00255424901843071
230,060429	0,00178064405918121
230,160954	0,000965915620326996
230,261537	3,60161066055298E-5
230,363430	-0,000495333224534988
230,463565	-0,000643264502286911
230,563602	-0,000210907310247421
230,664868	0,000473812222480774
230,765606	0,00146020576357841
230,865734	0,0023309588432312
230,966891	0,00280257314443588
231,067458	0,00293688848614693
231,168461	0,0025632344186306
231,269392	0,00193066522479057
231,369435	0,00112691149115562
231,469475	0,000153534114360809
231,570024	-0,000531841069459915
231,670169	-0,000706329941749573
231,771222	-0,000383451581001282
231,871248	0,000405121594667435
231,972055	0,00122728571295738
232,073701	0,00213934108614922
232,173772	0,00274486839771271
232,275397	0,00289338082075119
232,377334	0,00261432304978371
232,477716	0,00190510973334312
232,579431	0,00110939145088196
232,679757	0,000292837619781494
232,780849	-0,000533264130353928
232,881342	-0,000707279890775681
232,981519	-0,000473525375127792
233,083103	0,000258248299360275
233,184457	0,00122586637735367
233,285576	0,00199785828590393
233,387339	0,00264459475874901
233,487398	0,00284892320632935
233,587953	0,00263655185699463
233,689476	0,00196804851293564
233,789715	0,00100664049386978
233,891306	0,000178173184394836
233,991401	-0,000576883554458618
234,093413	-0,000844806432723999
234,194854	-0,000604856759309769
234,295523	0,000139318406581879
234,395559	0,000966388732194901
234,495564	0,00193208456039429
234,595682	0,002532958984375
234,696232	0,00285838171839714
234,797747	0,00268290936946869
234,899371	0,00217577442526817
234,999443	0,00126989558339119
235,099476	0,000284779816865921
235,200869	-0,00037776306271553
235,301400	-0,000742841511964798
235,403297	-0,000523306429386139
235,504633	5,54434955120087E-5
235,605630	0,00101658329367638
235,706481	0,00198271498084068
235,807138	0,00258830562233925
235,907161	0,00291560962796211
236,007736	0,00280493870377541
236,107799	0,00224296003580093
236,209468	0,00151511654257774
236,310525	0,000537760555744171
236,411735	-0,000277739018201828
236,511777	-0,000620979815721512
236,613462	-0,000504817813634872
236,713522	0,000135999172925949
236,815329	0,000921402126550674
236,916250	0,00189375504851341
237,017601	0,00263891741633415
237,119388	0,00293830782175064
237,219773	0,00284371897578239
237,321726	0,00227418541908264
237,422895	0,00154493749141693
237,524291	0,000549130141735077
237,625556	-0,000160191208124161
237,726906	-0,00061291828751564
237,828374	-0,000501498579978943
237,929372	-9,49949026107788E-7
238,029464	0,0010610930621624
238,130502	0,00186251848936081
238,230610	0,00251356512308121
238,330653	0,00293074175715446
238,431969	0,00284797698259354
238,532871	0,0024019218981266
238,634568	0,00154115259647369
238,736239	0,000552445650100708
238,836830	-0,000154975801706314
238,937143	-0,000582098960876465
239,038705	-0,000520937144756317
239,139490	-2,32197344303131E-5
239,239782	0,000723440200090408
239,341652	0,00184737518429756
239,443194	0,00248612836003304
239,543422	0,00285932794213295
239,644886	0,00280966982245445
239,744992	0,00236644223332405
239,845155	0,00166327133774757
239,945876	0,000663287937641144
240,047049	-0,000217542052268982
240,148724	-0,0006532222032547
240,248747	-0,000661283731460571
240,349347	-9,8101794719696E-5
240,450790	0,000652864575386047
240,551388	0,0014999695122242
240,651431	0,00248328968882561
240,752825	0,00287919119000435
240,852871	0,00293925404548645
240,954575	0,00244544446468353
241,055073	0,00177401676774025
241,155177	0,000958811491727829
241,255428	4,45432960987091E-5
241,357037	-0,000520937144756317
241,457251	-0,000582098960876465
241,558083	-0,000130806118249893
241,659403	0,000727228820323944
241,759529	0,00155724585056305
241,860982	0,00240712612867355
241,961456	0,00290709361433983
242,061551	0,00295344367623329
242,163144	0,00265925750136375
242,263632	0,00177354738116264
242,363676	0,000942237675189972
242,464582	0,000170592218637466
242,564665	-0,000488698482513428
242,665710	-0,00061861053109169
242,767262	-0,000289116054773331
242,869472	0,00067133828997612
242,970877	0,00150091573596001
243,071533	0,00223113223910332
243,173461	0,00280068442225456
243,275094	0,00289905443787575
243,375663	0,0026034452021122
243,475720	0,00186583027243614
243,576774	0,000896301120519638
243,677295	0,000115152448415756
243,778503	-0,000466886907815933
243,879602	-0,000678826123476028
243,981462	-0,000356432050466537
244,082587	0,000439703464508057
244,182800	0,00143038481473923
244,283243	0,00216915085911751
244,384189	0,00268858671188354
244,486088	0,00285507366061211
244,587739	0,00256654620170593
244,688013	0,00198129564523697
244,789395	0,00103789195418358
244,890313	9,85674560070038E-5
244,990806	-0,000484906136989594
245,091518	-0,000711072236299515
245,192736	-0,000370178371667862
245,293731	0,000271040946245193
245,395632	0,00124101713299751
245,496212	0,00214265286922455
245,596320	0,00265925750136375
245,697431	0,00286122038960457
245,798454	0,0025632344186306
245,899725	0,00197230651974678
246,000697	0,00102699920535088
246,101308	6,871297955513E-5
246,202838	-0,00051572173833847
246,302844	-0,00075564906001091
246,404682	-0,000503871589899063
246,505221	0,000247351825237274
246,606698	0,00106346234679222
246,708372	0,00201016291975975
246,809529	0,00266966223716736
246,910876	0,00288202986121178
247,012631	0,00268290936946869
247,114528	0,00203003734350204
247,215477	0,00109613314270973
247,315755	0,000284779816865921
247,416940	-0,00045882910490036
247,518460	-0,000709649175405502
247,619840	-0,0004744753241539
247,720643	0,000107571482658386
247,820772	0,00106393545866013
247,921402	0,00201868265867233
248,022073	0,00259682163596153
248,123656	0,00289574265480042
