0,101150	0,154111474752426
0,201715	0,152274504303932
0,303096	0,148940980434418
0,404797	0,145549774169922
0,505718	0,143232598900795
0,607021	0,142102137207985
0,707203	0,142717957496643
0,807775	0,145065695047379
0,908043	0,148526325821877
1,009925	0,151270315051079
1,112305	0,153857946395874
1,214007	0,154827281832695
1,315758	0,154322862625122
1,417254	0,151737213134766
1,519096	0,148931473493576
1,629970	0,146094113588333
1,743437	0,143217340111732
1,851795	0,142071634531021
1,952944	0,142949566245079
2,053240	0,145518362522125
2,160704	0,149020284414291
2,271091	0,152204871177673
2,383528	0,154296860098839
2,495390	0,154779553413391
2,599298	0,153044492006302
2,702531	0,150728330016136
2,818461	0,147233188152313
2,926356	0,144063875079155
3,039265	0,142182216048241
3,148259	0,142623588442802
3,262556	0,144986674189568
3,365789	0,148377150297165
3,470021	0,151661857962608
3,582686	0,154051408171654
3,694540	0,154797971248627
3,810236	0,153773754835129
3,919116	0,150774329900742
4,020024	0,146690145134926
4,130240	0,144587695598602
4,239849	0,142460107803345
4,350593	0,142375752329826
4,460896	0,14449580013752
4,570048	0,147711411118507
4,671026	0,151120975613594
4,783840	0,15372171998024
4,886951	0,154685959219933
4,990104	0,154325231909752
5,090577	0,152244195342064
5,201832	0,148438915610313
5,314165	0,145108550786972
5,419867	0,142919063568115
5,530408	0,142081156373024
5,631137	0,143525123596191
5,735439	0,145873352885246
5,850233	0,149401098489761
5,964057	0,152878314256668
6,070018	0,154533267021179
6,179796	0,154468014836311
6,286087	0,15305869281292
6,399375	0,149054005742073
6,501084	0,146163582801819
6,601905	0,143285483121872
6,709650	0,142081156373024
6,813796	0,142788499593735
6,918528	0,144851475954056
7,022047	0,148192331194878
7,131287	0,152012050151825
7,236208	0,153980478644371
7,343945	0,154757335782051
7,451890	0,153875932097435
7,560902	0,151386469602585
7,665264	0,148010343313217
7,778474	0,144266754388809
7,887174	0,142515406012535
7,998061	0,142373844981194
8,101160	0,143928602337837
8,210820	0,14698737859726
8,314386	0,15048736333847
8,428989	0,153629928827286
8,536012	0,154736071825027
8,645480	0,154368728399277
8,751193	0,151856154203415
8,865684	0,148606613278389
8,969453	0,145188987255096
9,084553	0,142706513404846
9,192695	0,142074480652809
9,297846	0,143400773406029
9,412633	0,146315336227417
9,520152	0,149807900190353
9,640157	0,153162360191345
9,755034	0,154623091220856
9,863249	0,154131338000298
9,971911	0,152354091405869
10,078567	0,149272888898849
10,180416	0,145785808563232
10,282177	0,143127769231796
10,394846	0,142116442322731
10,510231	0,14346843957901
10,619781	0,146373361349106
10,740387	0,150425225496292
10,848909	0,15282529592514
10,958986	0,154589042067528
11,070216	0,154203236103058
11,175795	0,151994034647942
11,282663	0,149917051196098
11,393368	0,145842418074608
11,503919	0,142821848392487
11,604881	0,142083540558815
11,715320	0,143393158912659
11,826416	0,145743921399117
11,935616	0,149169385433197
12,045085	0,152750954031944
12,153929	0,154534682631493
12,263252	0,154534682631493
12,369458	0,153296783566475
12,478641	0,150484994053841
12,588893	0,147034913301468
12,698960	0,143572762608528
12,808763	0,142146468162537
12,916307	0,142777055501938
13,025388	0,145730122923851
13,134475	0,148553878068924
13,237847	0,151865154504776
13,347755	0,154112428426743
13,463321	0,154757335782051
13,572923	0,153369188308716
13,684846	0,150565162301064
13,793178	0,147144287824631
13,903096	0,144063398241997
14,009873	0,142336666584015
14,111934	0,14286282658577
14,225687	0,144752442836761
14,327144	0,148028403520584
14,429686	0,151414439082146
14,535112	0,153558000922203
14,644231	0,154845714569092
14,749142	0,154301583766937
14,863570	0,151679396629333
14,971142	0,148976132273674
15,080037	0,145519316196442
15,189375	0,142739877104759
15,298965	0,142270416021347
15,401781	0,143775701522827
15,508217	0,146238267421722
15,616458	0,150232598185539
15,726081	0,153136789798737
15,835658	0,154702976346016
15,939654	0,15467081964016
16,049930	0,152696505188942
16,162027	0,149063020944595
16,272968	0,146174520254135
16,381854	0,14346843957901
16,491245	0,142288520932198
16,601855	0,143183052539825
16,711933	0,145745351910591
16,822848	0,149123325943947
16,933116	0,152752369642258
17,033393	0,154543668031693
17,144160	0,154785692691803
17,253016	0,153480395674706
17,364943	0,150195598602295
17,474549	0,146751493215561
17,584168	0,143792361021042
17,693989	0,142272785305977
17,802959	0,143095850944519
17,913320	0,145633518695831
18,023038	0,148460283875465
18,131990	0,151751905679703
18,241175	0,154268950223923
18,351236	0,154720470309258
18,463905	0,153425499796867
18,571978	0,150145307183266
18,682708	0,146720111370087
18,792780	0,143355041742325
18,901239	0,142318069934845
19,012342	0,142472505569458
19,120904	0,144947648048401
19,230160	0,14830256998539
19,340065	0,151587918400764
19,449103	0,153918042778969
19,559934	0,154658526182175
19,668584	0,153405159711838
19,777241	0,151244729757309
19,885659	0,147908642888069
19,995970	0,144194364547729
20,106300	0,14227469265461
20,216498	0,14251683652401
20,326679	0,144982874393463
20,436719	0,148317292332649
20,547367	0,152071267366409
20,655090	0,153924182057381
20,768931	0,154695883393288
20,879893	0,15373070538044
20,990024	0,150728330016136
21,098712	0,147329702973366
21,199587	0,145123779773712
21,305564	0,142539232969284
21,406033	0,142161250114441
21,521136	0,143988147377968
21,631822	0,147054404020309
21,742269	0,150459855794907
21,852180	0,153578817844391
21,967885	0,154658064246178
22,074742	0,154248625040054
22,188240	0,151307761669159
22,297786	0,148539155721664
22,407199	0,145194217562675
22,510924	0,142819464206696
22,620889	0,142193183302879
22,729746	0,144006699323654
22,844677	0,146478489041328
22,955045	0,149924635887146
23,064153	0,153241872787476
23,173059	0,154675081372261
23,282862	0,154270842671394
23,394284	0,152286812663078
23,504731	0,148570030927658
23,613889	0,145233735442162
23,723952	0,143113479018211
23,833866	0,142146468162537
23,943824	0,143563240766525
24,052740	0,146411418914795
24,163131	0,149871960282326
24,272066	0,152813449501991
24,381957	0,154605597257614
24,490747	0,154304891824722
24,600112	0,152767524123192
24,711607	0,149230644106865
24,822611	0,14583957195282
24,931799	0,14317399263382
25,040871	0,142207011580467
25,151790	0,143219724297523
25,254433	0,145867168903351
25,363658	0,149281442165375
25,473807	0,152326136827469
25,583734	0,154249578714371
25,694900	0,154382914304733
25,804967	0,152683243155479
25,912853	0,14973147213459
26,022233	0,146321997046471
26,130826	0,143136352300644
26,236689	0,142200812697411
26,346136	0,142879515886307
26,456336	0,145328462123871
26,568018	0,149261981248856
26,676754	0,152336552739143
26,786084	0,154064178466797
26,895135	0,154545560479164
27,005171	0,153107449412346
27,114923	0,150309473276138
27,225260	0,14688703417778
27,333202	0,143863826990128
27,441702	0,142258495092392
27,550940	0,142829954624176
27,663118	0,144799098372459
27,773194	0,148069739341736
27,877995	0,151877954602242
27,988312	0,153810188174248
28,097415	0,154673665761948
28,205825	0,153518736362457
28,312180	0,150392025709152
28,417925	0,147535070776939
28,527173	0,144841954112053
28,636851	0,14244057238102
28,746760	0,142407685518265
28,861729	0,144321516156197
28,970955	0,147460907697678
29,078828	0,151378884911537
29,187981	0,154069870710373
29,297214	0,154703453183174
29,405661	0,154136061668396
29,515849	0,151493117213249
29,625894	0,147598758339882
29,736172	0,144890993833542
29,843103	0,142657905817032
29,948814	0,142266124486923
30,057672	0,144282937049866
30,166187	0,146840438246727
30,276120	0,150271505117416
30,385301	0,153426915407181
30,497873	0,154625922441483
30,607621	0,154300630092621
30,719881	0,151963710784912
30,828996	0,148191377520561
30,938068	0,14540983736515
31,047022	0,142650753259659
31,156248	0,142170786857605
31,266029	0,143795698881149
31,377161	0,146776229143143
31,482716	0,149658381938934
31,592018	0,152659088373184
31,701623	0,1545729637146
31,810140	0,1541578322649
31,920783	0,152034789323807
32,033759	0,149426251649857
32,135625	0,145485043525696
32,247155	0,142976716160774
32,355919	0,142218932509422
32,462590	0,143414109945297
32,568282	0,1456668227911
32,677924	0,149597138166428
32,787867	0,15215228497982
32,898329	0,154172956943512
33,007171	0,154456198215485
33,107773	0,152883991599083
33,218881	0,149982064962387
33,329022	0,146567910909653
33,438626	0,143653273582458
33,547994	0,142166495323181
33,653356	0,142761319875717
33,762720	0,145102351903915
33,863847	0,147840678691864
33,974323	0,151659965515137
34,077094	0,153625667095184
34,186345	0,154595196247101
34,293770	0,153563678264618
34,403695	0,151524871587753
34,513131	0,148265510797501
34,622149	0,144006699323654
34,730173	0,142248958349228
34,839815	0,142138838768005
34,948592	0,144031956791878
35,057209	0,147712364792824
35,166148	0,150534808635712
35,276699	0,153549015522003
35,385230	0,154517188668251
35,495810	0,154069870710373
35,605972	0,152019619941711
35,715830	0,148868799209595
35,826041	0,14546599984169
35,927968	0,142651230096817
36,036150	0,142107382416725
36,146040	0,143208771944046
36,246689	0,146514162421227
36,356804	0,149955958127975
36,467794	0,152875944972038
36,575282	0,154475584626198
36,685929	0,154375344514847
36,792788	0,152616947889328
36,903795	0,149608060717583
37,004625	0,146193072199821
37,112600	0,143426984548569
37,214183	0,142259448766708
37,320021	0,142726063728333
37,424099	0,144965723156929
37,534174	0,148847430944443
37,639772	0,151556640863419
37,747599	0,15388397872448
37,857959	0,154679328203201
37,968530	0,153725504875183
38,078425	0,151281222701073
38,181928	0,147381037473679
38,292630	0,144247710704803
38,401454	0,142582610249519
38,511724	0,142325222492218
38,620914	0,14442104101181
38,729893	0,147600188851357
38,834818	0,150934144854546
38,945003	0,153152897953987
39,051892	0,154503956437111
39,160596	0,153915673494339
39,268843	0,151221960783005
39,378920	0,148494035005569
39,492634	0,144687220454216
39,597499	0,142817080020905
39,707555	0,142211779952049
39,809973	0,143976241350174
39,919050	0,14646327495575
40,028039	0,14986863732338
40,136205	0,152815341949463
40,244903	0,154572501778603
40,348900	0,154420733451843
40,453338	0,152703136205673
40,561017	0,149167016148567
40,668670	0,146328181028366
40,778394	0,143501788377762
40,888176	0,142220363020897
40,998015	0,142914295196533
41,108124	0,145867645740509
41,218136	0,149249166250229
41,326981	0,152329921722412
41,436454	0,154019251465797
41,547252	0,154587149620056
41,656801	0,153066262602806
41,766894	0,150278151035309
41,867590	0,14745044708252
41,981998	0,143876671791077
42,091485	0,142187938094139
42,192553	0,142612636089325
42,301745	0,145286560058594
42,412261	0,148053109645844
42,522108	0,151843369007111
42,628868	0,154020667076111
42,737522	0,154648140072823
42,846806	0,153777062892914
42,961371	0,150900483131409
43,069727	0,147531732916832
43,178611	0,144383430480957
43,288519	0,142666012048721
43,400969	0,142435327172279
43,507006	0,144315794110298
43,615883	0,148016050457954
43,724683	0,151311084628105
43,827134	0,153716027736664
43,936077	0,154579117894173
44,046637	0,153751045465469
44,156487	0,151869416236877
44,265998	0,147504165768623
44,376091	0,144814342260361
44,486404	0,142858535051346
44,595989	0,142207011580467
44,705603	0,143779039382935
44,811879	0,146754831075668
44,921879	0,150692760944366
45,032774	0,1529810577631
45,140976	0,154442965984344
45,250368	0,154208421707153
45,360810	0,152331814169884
45,471286	0,14925342798233
45,575456	0,144834816455841
45,690593	0,142852813005447
45,793700	0,14209021627903
45,903826	0,143336474895477
46,005067	0,146106958389282
46,110044	0,148950472474098
46,216825	0,15249428153038
46,328823	0,154235854744911
46,436509	0,154178634285927
46,550161	0,152319028973579
46,659773	0,14983257651329
46,768310	0,146447569131851
46,876662	0,143182575702667
46,986420	0,142109766602516
47,089958	0,142708420753479
47,200268	0,14555025100708
47,309940	0,148350074887276
47,423203	0,151574656367302
47,533714	0,153818219900131
47,635105	0,154447212815285
47,744211	0,153450593352318
47,854231	0,150421425700188
47,963786	0,147600188851357
48,073695	0,143969088792801
48,183837	0,142247051000595
48,293966	0,142414838075638
48,404742	0,144474372267723
48,513863	0,148803249001503
48,623862	0,151913017034531
48,733712	0,153701841831207
48,843128	0,154394268989563
48,952251	0,153038337826729
49,062154	0,150891944766045
49,171127	0,147578313946724
49,280569	0,144426763057709
49,395647	0,142160773277283
49,503945	0,142448678612709
49,613144	0,144062921404839
49,723933	0,147120028734207
49,830993	0,151029467582703
49,939942	0,153514951467514
50,047998	0,154519557952881
50,150796	0,154036283493042
50,259980	0,151530101895332
50,363684	0,148283079266548
50,467103	0,145016193389893
50,576745	0,1427241563797
50,685741	0,142340958118439
50,789890	0,143323123455048
50,899041	0,146590262651443
51,008081	0,150011479854584
51,108409	0,152462556958199
51,219925	0,154297798871994
51,330694	0,154463291168213
51,441352	0,152548745274544
51,551049	0,149557739496231
51,659892	0,145639702677727
51,769715	0,143784269690514
51,882661	0,14222463965416
51,997765	0,143316939473152
52,107785	0,146017521619797
52,212997	0,14883317053318
52,322312	0,152812987565994
52,431788	0,154389068484306
52,533468	0,15441931784153
52,643509	0,152923300862312
52,753302	0,149549677968025
52,863432	0,14670917391777
52,970027	0,143407449126244
53,077726	0,142280891537666
53,187049	0,142976716160774
53,298621	0,14497572183609
53,408073	0,148236513137817
53,508329	0,151503071188927
53,609027	0,153829097747803
53,721397	0,154616475105286
53,830757	0,153699949383736
53,935609	0,1512560993433
54,044457	0,147966623306274
54,153704	0,144757211208344
54,262099	0,142480611801147
54,371415	0,142403870820999
54,481191	0,144069105386734
54,583835	0,147081509232521
54,683930	0,149908512830734
54,794638	0,15349555015564
54,905013	0,154516249895096
55,014318	0,153938367962837
55,122075	0,152184963226318
55,232946	0,149101495742798
55,332967	0,145728215575218
55,442842	0,143498927354813
55,552755	0,142222255468369
55,662810	0,14360611140728
55,766937	0,146448522806168
55,876294	0,149833053350449
55,986932	0,152725368738174
56,093270	0,154357850551605
56,201773	0,154440134763718
56,308887	0,152995258569717
56,418461	0,149667873978615
56,528033	0,146273463964462
56,636605	0,143868580460548
56,746754	0,142270892858505
56,856394	0,143190667033195
56,965727	0,145306557416916
57,072702	0,148624658584595
57,181996	0,151322945952415
57,289745	0,153939306735992
57,403383	0,154503479599953
57,511299	0,153017982840538
57,626160	0,150776714086533
57,736881	0,146330073475838
57,847459	0,143519878387451
57,956952	0,142285659909248
58,069917	0,14261931180954
58,178235	0,145244210958481
58,286337	0,148540571331978
58,395843	0,151702612638474
58,505955	0,153589218854904
58,613146	0,154424041509628
58,721160	0,152955964207649
58,828686	0,151224806904793
58,929683	0,147972330451012
59,040826	0,144283890724182
59,149921	0,142378613352776
59,259780	0,142230838537216
59,369814	0,143795698881149
59,478956	0,147317349910736
59,587804	0,150640100240707
59,689721	0,152881145477295
59,799953	0,154389068484306
59,909679	0,153598695993423
60,019847	0,151722520589828
60,128281	0,148568600416183
60,234368	0,145243734121323
60,342671	0,142819941043854
60,454785	0,142103090882301
60,558508	0,143351718783379
60,666909	0,146681591868401
60,776788	0,149488911032677
60,877857	0,152433648705482
60,986151	0,154137015342712
61,096932	0,154040530323982
61,202059	0,152588993310928
61,313242	0,149164646863937
61,422056	0,146346732974052
61,534069	0,143166854977608
61,645347	0,142099276185036
61,760042	0,143009126186371
61,869798	0,1460922062397
61,979040	0,149446189403534
62,081265	0,152386292815208
62,188859	0,153920873999596
62,297761	0,154177218675613
62,408612	0,152176439762115
62,516852	0,1502515822649
62,624917	0,146333411335945
62,730144	0,143882870674133
62,840052	0,142097368836403
62,951356	0,142946228384972
63,053458	0,144501984119415
63,161036	0,148268356919289
63,271153	0,151469424366951
63,380809	0,153692856431007
63,486059	0,15438386797905
63,599457	0,153368234634399
63,706902	0,150394856929779
63,817071	0,147624433040619
63,923649	0,144500553607941
64,038019	0,142523989081383
64,148007	0,142583087086678
64,249633	0,144617229700089
64,358535	0,147227957844734
64,466204	0,150567054748535
64,575163	0,153194546699524
64,685313	0,154438704252243
64,794902	0,153982847929001
64,903765	0,151484116911888
65,014046	0,147710457444191
65,123600	0,145031899213791
65,233083	0,142777532339096
65,341772	0,142306163907051
65,451276	0,14375139772892
65,565865	0,147206097841263
65,673285	0,150528639554977
65,775708	0,153188392519951
65,884858	0,154357388615608
65,993209	0,154214099049568
66,102748	0,152014419436455
66,208003	0,148922458291054
66,309254	0,146135032176971
66,415361	0,143435090780258
66,521042	0,142292812466621
66,631666	0,143094897270203
66,740733	0,145574986934662
66,845013	0,148311585187912
66,956038	0,151982665061951
67,062082	0,154195189476013
67,172393	0,154360696673393
67,280851	0,15320448577404
67,385967	0,150042802095413
67,495858	0,147241741418839
67,605827	0,143791899085045
67,714493	0,142443910241127
67,826037	0,142772763967514
67,929092	0,144538670778275
68,033344	0,147683367133141
68,141869	0,150977298617363
68,251297	0,153745368123055
68,361714	0,154506787657738
68,470920	0,153823897242546
68,583212	0,15160308778286
68,692088	0,147825479507446
68,799801	0,144196733832359
68,909666	0,142573550343513
69,024516	0,142469644546509
69,125213	0,143982902169228
69,231638	0,146971672773361
69,340870	0,150318950414658
69,445701	0,153008043766022
69,555423	0,154417902231216
69,665128	0,153792202472687
69,777046	0,151632949709892
69,886597	0,148465991020203
69,996118	0,145220398902893
70,101527	0,143193051218987
70,210090	0,142319977283478
70,318153	0,14367088675499
70,433132	0,14649324119091
70,535450	0,149839699268341
70,645058	0,152693659067154
70,754164	0,154401823878288
70,863042	0,154055669903755
70,963211	0,152922824025154
71,072295	0,150156691670418
71,178714	0,146272048354149
71,286420	0,143511787056923
71,395937	0,142265170812607
71,505878	0,1429752856493
71,613024	0,145883828401566
71,715382	0,148096352815628
71,825184	0,151323884725571
71,936233	0,153903365135193
72,038819	0,15437439084053
72,149886	0,153308615088463
72,258927	0,151247560977936
72,368413	0,147456154227257
72,477477	0,144374370574951
72,586945	0,142545908689499
72,692651	0,142567828297615
72,799808	0,144900992512703
72,909710	0,14754219353199
73,017069	0,151328161358833
73,126917	0,153682440519333
73,234952	0,154532790184021
73,343697	0,153671562671661
73,452591	0,151315823197365
73,563402	0,14863558113575
73,672139	0,144408658146858
73,780807	0,142547339200974
73,891339	0,142525896430016
74,001031	0,143590867519379
74,112796	0,147449493408203
74,221274	0,150214567780495
74,330769	0,152945548295975
74,440902	0,154338002204895
74,550857	0,153609588742256
74,660742	0,151754274964333
74,769768	0,148619443178177
74,879847	0,144856244325638
74,989920	0,142716526985168
75,098837	0,142262786626816
75,208277	0,143532276153564
75,311687	0,146285369992256
75,417226	0,149637490510941
75,526483	0,152542114257813
75,636516	0,154217422008514
75,744919	0,154094457626343
75,847467	0,152229025959969
75,957694	0,149770393967628
76,066488	0,145891442894936
76,176960	0,143257856369019
76,279689	0,142223685979843
76,389101	0,143141105771065
76,496124	0,14567443728447
76,607288	0,149003654718399
76,709039	0,15159597992897
76,811015	0,153514474630356
76,919704	0,15441033244133
77,027814	0,153016567230225
77,139032	0,150856375694275
77,248485	0,147555023431778
77,358315	0,144025281071663
77,469823	0,142262786626816
77,582150	0,142814695835114
77,692161	0,144633889198303
77,803710	0,148343428969383
77,911128	0,151491701602936
78,012438	0,153428822755814
78,123845	0,15435029566288
78,225732	0,153611481189728
78,335815	0,151339545845985
78,445904	0,148141011595726
78,556907	0,144947648048401
78,667374	0,142537802457809
78,777120	0,142426744103432
78,885875	0,143787130713463
78,992103	0,146657809615135
79,102369	0,150503501296043
79,216013	0,153109341859818
79,326047	0,154364943504333
79,426353	0,154076009988785
79,531404	0,151836723089218
79,641234	0,148749098181725
79,751253	0,145474076271057
79,860661	0,143329799175262
79,964384	0,142252296209335
80,071945	0,143774271011353
80,182610	0,14664164185524
80,292624	0,148876398801804
80,401590	0,152764201164246
80,504625	0,154135599732399
80,612636	0,154364943504333
80,721522	0,153106972575188
80,836327	0,149962604045868
80,947352	0,146616905927658
81,056991	0,143780931830406
81,163805	0,142355725169182
81,274103	0,14342126250267
81,379675	0,145092353224754
81,494143	0,149427682161331
81,598853	0,151501655578613
81,700735	0,153970539569855
81,810748	0,154442489147186
81,919638	0,153478026390076
82,034149	0,150542870163918
82,148335	0,146684437990189
82,251364	0,144246757030487
82,351393	0,142670288681984
82,451594	0,14265838265419
82,559654	0,144191980361938
82,670954	0,147187545895576
82,781018	0,151028037071228
82,890779	0,153478026390076
83,002032	0,15449070930481
83,111506	0,153819650411606
83,212807	0,152076482772827
83,322148	0,147885367274284
83,429957	0,145217537879944
83,539675	0,142713189125061
83,650060	0,142404347658157
83,751230	0,14417627453804
83,865859	0,146614998579025
83,979811	0,149951219558716
84,088974	0,152777940034866
84,200688	0,154442489147186
84,307233	0,154068917036057
84,416248	0,152111068367958
84,525727	0,149059697985649
84,633749	0,145270854234695
84,742264	0,142971962690353
84,851777	0,142422467470169
84,964007	0,143430799245834
85,067188	0,146598353981972
85,176334	0,149380192160606
85,278847	0,15276326239109
85,387618	0,154194250702858
85,498723	0,154403239488602
85,609489	0,152960225939751
85,722515	0,150202706456184
85,831278	0,146330550312996
85,941312	0,143598005175591
86,048286	0,142367169260979
86,158758	0,143367916345596
86,266045	0,145477414131165
86,377095	0,148724406957626
86,487356	0,152278289198875
86,596643	0,153917565941811
86,705038	0,154357388615608
86,810247	0,152941763401031
86,915675	0,150721222162247
87,026237	0,147449493408203
87,135892	0,143981948494911
87,235991	0,142437234520912
87,345506	0,142814695835114
87,455101	0,144500553607941
87,563014	0,148141488432884
87,668620	0,151358515024185
87,777011	0,153661161661148
87,880083	0,154468014836311
87,989831	0,153862684965134
88,099930	0,151259899139404
88,210031	0,148601859807968
88,320732	0,144857674837112
88,422642	0,142994835972786
88,533159	0,142419129610062
88,634653	0,143612772226334
88,736416	0,146921277046204
88,847018	0,150239244103432
88,954830	0,152951702475548
89,065635	0,154224038124084
89,165794	0,154060393571854
89,275021	0,152603685855865
89,382574	0,149190753698349
89,491893	0,146423801779747
89,602556	0,14334075152874
89,711487	0,142379567027092
89,821133	0,143028184771538
89,930910	0,14586478471756
90,041147	0,149157524108887
90,150777	0,152583315968513
90,260940	0,1540637165308
90,371174	0,154367789626122
90,486636	0,152228072285652
90,595876	0,149762809276581
90,709625	0,146444723010063
90,819598	0,143651843070984
90,924818	0,142294242978096
91,033055	0,142944797873497
91,145390	0,145258486270905
91,253575	0,149060174822807
91,355390	0,151637688279152
91,465175	0,153785109519958
91,574464	0,154398515820503
91,680635	0,153324693441391
91,793685	0,15032796561718
91,903843	0,147040620446205
92,012152	0,144506752490997
92,120041	0,142462968826294
92,226109	0,142949566245079
92,333435	0,144765302538872
92,442349	0,147906273603439
92,550824	0,151130944490433
92,655855	0,153199285268784
92,770950	0,154401361942291
92,880017	0,153637498617172
92,993090	0,150875344872475
93,102629	0,147633463144302
93,207438	0,145000964403152
93,308099	0,143089652061462
93,417689	0,142388626933098
93,526170	0,143853336572647
93,637131	0,14726647734642
93,746188	0,150534808635712
93,851902	0,153110772371292
93,961302	0,15421599149704
94,071585	0,1540187895298
94,178317	0,152223348617554
94,287977	0,148713484406471
94,397778	0,145463615655899
94,506748	0,143356472253799
94,615884	0,142254680395126
94,723499	0,143420308828354
94,832841	0,146080315113068
94,944615	0,149378299713135
95,054739	0,152301043272018
95,156836	0,154030606150627
95,265879	0,154172018170357
95,376290	0,152274966239929
95,484830	0,149349808692932
95,594441	0,146609768271446
95,695866	0,143793314695358
95,807160	0,14238004386425
95,919907	0,143145874142647
96,027939	0,146085560321808
96,136104	0,148278325796127
96,245695	0,151409700512886
96,354536	0,154032498598099
96,458956	0,154183834791183
96,567410	0,153035491704941
96,677795	0,150946959853172
96,781212	0,14663402736187
96,894199	0,144200071692467
97,004807	0,142496332526207
97,108445	0,142641708254814
97,217035	0,145048096776009
97,320919	0,147674337029457
97,430788	0,150386795401573
97,539727	0,153330385684967
97,650865	0,154335156083107
97,751842	0,153663039207458
97,861202	0,151934817433357
97,971070	0,1483443826437
98,081814	0,145151853561401
98,191074	0,142893329262733
98,299978	0,142357155680656
98,404053	0,144094824790955
98,513239	0,146485149860382
98,621428	0,14975805580616
98,722102	0,152546852827072
98,830813	0,154172956943512
98,938457	0,153981417417526
99,040318	0,152282550930977
99,149088	0,149416759610176
99,259681	0,146156445145607
99,368787	0,143196389079094
99,477255	0,142350479960442
99,586155	0,143110141158104
99,692002	0,14551454782486
99,799925	0,149312779307365
99,909022	0,151837199926376
100,018484	0,154071748256683
100,129869	0,15428552031517
100,238720	0,153183192014694
100,349625	0,150113508105278
100,450904	0,14681950211525
100,560964	0,143951460719109
100,670096	0,142452016472816
100,781506	0,142824232578278
100,889994	0,145426973700523
100,999703	0,148093029856682
101,107660	0,15171967446804
101,209287	0,153530091047287
101,314804	0,154324293136597
101,423750	0,153452962636948
101,538807	0,151137098670006
101,647465	0,147953316569328
101,758720	0,144403904676437
101,868049	0,14261120557785
101,969849	0,142506346106529
102,081186	0,144505321979523
102,196509	0,147532686591148
102,307170	0,150761052966118
102,421630	0,153522998094559
102,531866	0,154303953051567
102,643220	0,153462886810303
102,752301	0,150654330849648
102,861050	0,147959023714066
102,965777	0,145316064357758
103,075287	0,142759889364243
103,178305	0,142371937632561
103,286093	0,14364755153656
103,395639	0,146375268697739
103,506681	0,150693222880363
103,611403	0,152481019496918
103,717174	0,154102966189384
103,822739	0,153947830200195
103,923904	0,152098283171654
104,031964	0,149143755435944
104,141040	0,146419048309326
104,249064	0,143692806363106
104,359661	0,14240625500679
104,469690	0,143066301941872
104,579749	0,145886212587357
104,693074	0,14969302713871
104,801668	0,152130022644997
104,912930	0,154010266065598
105,021863	0,15430773794651
105,128768	0,152598470449448
105,238282	0,149784162640572
105,338454	0,146507024765015
105,448945	0,143774747848511
105,559758	0,142577365040779
105,662321	0,142851382493973
105,773321	0,144898608326912
105,883467	0,147994190454483
105,993704	0,151639580726624
106,105176	0,153751045465469
106,206893	0,154339417815208
106,316974	0,153273105621338
106,427485	0,150289535522461
106,542836	0,147574990987778
106,651185	0,144544377923012
106,759708	0,142678394913673
106,868646	0,142801821231842
106,976773	0,144405797123909
107,085408	0,147944763302803
107,191009	0,150645315647125
107,297743	0,153180822730064
107,408776	0,15434604883194
107,514341	0,153851330280304
107,624914	0,151358038187027
107,731299	0,148770958185196
107,836615	0,145562618970871
107,947687	0,143194481730461
108,049116	0,142546385526657
108,158187	0,144025281071663
108,272388	0,146864682435989
108,382953	0,149609014391899
108,488843	0,152856066823006
108,598577	0,154299214482307
108,701897	0,154106751084328
108,811703	0,152324706315994
108,917057	0,148855969309807
109,026043	0,146137893199921
109,136547	0,143885731697083
109,246753	0,142511591315269
109,357205	0,143313124775887
109,462343	0,146272048354149
109,572889	0,148992732167244
109,682906	0,151993095874786
109,796786	0,154113844037056
109,907318	0,154213160276413
110,017064	0,152694135904312
110,120183	0,150448471307755
110,225454	0,146664932370186
110,335703	0,144271031022072
110,440007	0,142602145671844
110,553097	0,143000543117523
110,663435	0,145205646753311
110,769801	0,148374781012535
110,879884	0,151492640376091
110,984598	0,153678178787231
111,094148	0,154315307736397
111,205164	0,153070524334908
111,307312	0,150969713926315
111,418198	0,147760838270187
111,527380	0,144681021571159
111,636831	0,142722725868225
111,744605	0,142539232969284
111,853941	0,144628643989563
111,967672	0,148241281509399
112,077671	0,151359930634499
112,188514	0,15355658531189
112,298644	0,154261872172356
112,408841	0,153584972023964
112,518875	0,151406854391098
112,620069	0,148295447230339
112,729741	0,145126149058342
112,839832	0,142910957336426
112,949982	0,142481565475464
113,054449	0,14373567700386
113,163931	0,147041097283363
113,274992	0,150762945413589
113,387969	0,152846127748489
113,498834	0,154106751084328
113,601728	0,15373307466507
113,703061	0,15223091840744
113,804253	0,14938685297966
113,914803	0,145657315850258
114,024001	0,143249273300171
114,131804	0,142425790429115
114,242799	0,143182575702667
114,349869	0,146070808172226
114,461463	0,149329870939255
114,561552	0,152277812361717
114,671050	0,154099181294441
114,775904	0,154371082782745
114,887177	0,153030753135681
114,997159	0,150914713740349
115,105760	0,147207051515579
115,216903	0,144405335187912
115,327374	0,142896667122841
115,432866	0,143205910921097
115,536317	0,145184695720673
115,637512	0,147642016410828
115,746362	0,150724530220032
115,861373	0,153355941176414
115,961389	0,154109120368958
116,071029	0,153262227773666
116,179606	0,151475101709366
116,283723	0,148510172963142
116,394014	0,145012378692627
116,496517	0,143284529447556
116,607074	0,142792299389839
116,707628	0,143907159566879
116,818534	0,1464604139328
116,929075	0,149498403072357
117,038842	0,152464926242828
117,152935	0,153622359037399
117,262859	0,153279274702072
117,371504	0,151752382516861
117,481193	0,149006992578506
117,592020	0,146035134792328
117,703052	0,143291682004929
117,810981	0,142984345555305
117,921477	0,14423294365406
118,032635	0,146298199892044
118,142161	0,150234490633011
118,247680	0,15227735042572
118,347966	0,153484180569649
118,454733	0,153564631938934
118,564712	0,151758536696434
118,674122	0,149029791355133
118,784925	0,145996585488319
118,897402	0,143573716282845
119,007978	0,142648383975029
119,118502	0,143696144223213
119,228748	0,146230176091194
119,333208	0,148846477270126
119,443632	0,15217550098896
119,556415	0,15385228395462
119,665677	0,154014050960541
119,776931	0,152600839734077
119,886921	0,148949533700943
119,994671	0,146868959069252
120,104853	0,14419150352478
120,215797	0,142788499593735
120,321812	0,143832385540009
120,431982	0,14582671225071
120,544606	0,149428158998489
120,653888	0,152211502194405
120,763922	0,153885871171951
120,869688	0,154140323400497
120,977077	0,152634933590889
121,087062	0,150500178337097
121,196894	0,146855175495148
121,307881	0,144133880734444
121,411064	0,142897620797157
121,517810	0,143145874142647
121,627613	0,145010471343994
121,735831	0,147087693214417
121,850792	0,150103077292442
121,952828	0,15105839073658
122,062555	0,150858268141747
122,172598	0,148762404918671
122,281814	0,145746782422066
122,391713	0,142267554998398
122,502197	0,139798134565353
122,612050	0,138080984354019
122,722168	0,13862419128418
122,826074	0,141010716557503
122,933889	0,143796652555466
123,040811	0,147145718336105
123,147393	0,149535432457924
123,258444	0,150335550308228
123,365100	0,149252489209175
123,468379	0,146590262651443
123,578650	0,143741875886917
123,688007	0,139853477478027
123,795238	0,138046607375145
123,906289	0,137609302997589
124,007325	0,139640688896179
124,112829	0,142909541726112
124,219737	0,145820528268814
124,330948	0,149097695946693
124,441321	0,150349318981171
124,547400	0,149978265166283
124,658703	0,14758925139904
124,767845	0,144847184419632
124,877950	0,140767484903336
124,987974	0,137940630316734
125,096579	0,13750234246254
125,205491	0,139108136296272
125,311614	0,141643509268761
125,419898	0,145749628543854
125,529913	0,148318722844124
125,635515	0,1502705514431
125,745944	0,150052770972252
125,855491	0,148165732622147
125,961118	0,14498096704483
126,071368	0,142053514719009
126,174877	0,138663813471794
126,285471	0,137568712234497
126,395666	0,138489112257957
126,505724	0,141165241599083
126,607207	0,144097208976746
126,717381	0,147943332791328
126,821253	0,149977311491966
126,931800	0,150366395711899
127,037866	0,149289041757584
127,147913	0,146648764610291
127,257762	0,14317113161087
127,368865	0,139362499117851
127,476215	0,137490883469582
127,586945	0,1381024569273
127,689848	0,139573886990547
127,800863	0,143470346927643
127,905679	0,147478505969048
128,016852	0,14982782304287
128,126883	0,150574654340744
128,234015	0,149448081851006
128,343874	0,146828547120094
128,453898	0,143914312124252
128,564254	0,140449330210686
128,669851	0,137855172157288
128,778861	0,137677580118179
128,889929	0,139156341552734
128,995213	0,142840906977654
129,105672	0,14638763666153
129,216001	0,149556800723076
129,326471	0,15059694647789
129,436138	0,15028290450573
129,546860	0,147441893815994
129,651602	0,144598662853241
129,762278	0,141082257032394
129,872041	0,138126328587532
129,982409	0,137694761157036
130,092924	0,139552891254425
130,196794	0,142181739211082
130,307406	0,145759627223015
130,414713	0,148764297366142
130,525738	0,150372564792633
130,636782	0,150249689817429
130,736814	0,148375257849693
130,846755	0,145200878381729
130,947302	0,14222177863121
131,048597	0,139543831348419
131,151894	0,137545794248581
131,262793	0,13803705573082
131,371176	0,140414521098137
131,481652	0,143897637724876
131,595701	0,148247927427292
131,705062	0,149954542517662
131,814968	0,150454163551331
131,925340	0,14947609603405
132,032564	0,146383360028267
132,142983	0,142275646328926
132,253068	0,139604419469833
132,363801	0,137740597128868
132,467392	0,138070464134216
132,578418	0,140452191233635
132,687924	0,143915742635727
132,797614	0,147311165928841
132,908102	0,149754732847214
133,012792	0,150543808937073
133,121067	0,149547308683395
133,232204	0,146990224719048
133,346210	0,142901435494423
133,458540	0,140112549066544
133,570047	0,13773438334465
133,680871	0,13780552148819
133,785064	0,139918372035027
133,886973	0,14265313744545
133,995215	0,146214962005615
134,107775	0,149080112576485
134,215237	0,150567054748535
134,325309	0,149598091840744
134,431674	0,147563099861145
134,540664	0,144164353609085
134,649526	0,140677332878113
134,757778	0,138171210885048
134,868241	0,13751620054245
134,968550	0,138971164822578
135,078072	0,141960546374321
135,186944	0,145551681518555
135,296698	0,148591890931129
135,407801	0,150296181440353
135,520925	0,15008220076561
135,629828	0,148459821939468
135,738207	0,145370334386826
135,847994	0,141237244009972
135,958059	0,138169303536415
136,059702	0,137468457221985
136,169654	0,138553068041801
136,279872	0,141334995627403
136,384010	0,14431294798851
136,495230	0,14763867855072
136,603907	0,149894744157791
136,712773	0,150259643793106
136,827852	0,148876860737801
136,937505	0,145978987216949
137,052091	0,141830876469612
137,162879	0,138500079512596
137,271865	0,137492328882217
137,381137	0,138228952884674
137,489604	0,140786558389664
137,600691	0,144913837313652
137,708959	0,147652000188828
137,820794	0,150173783302307
137,929589	0,15047313272953
138,035188	0,148600429296494
138,139101	0,146108388900757
138,247707	0,143123954534531
138,352950	0,139823898673058
138,459786	0,137654647231102
138,569811	0,137777358293533
138,680934	0,139765217900276
138,791455	0,143642783164978
138,896662	0,147594958543777
139,006823	0,149613291025162
139,109773	0,150493532419205
139,213288	0,149670720100403
139,319768	0,147692859172821
139,430827	0,144371047616005
139,534180	0,140870988368988
139,639682	0,138300567865372
139,741613	0,137657999992371
139,849717	0,138903886079788
139,952989	0,141860917210579
140,058954	0,14599896967411
140,165395	0,14806404709816
140,274739	0,150121107697487
140,384135	0,150343149900436
140,494636	0,148639380931854
140,600830	0,145028099417686
140,714031	0,141462311148643
140,828889	0,13866762816906
140,938946	0,137568712234497
141,047942	0,138901501893997
141,157840	0,140748888254166
141,268838	0,144806236028671
141,378024	0,14850589632988
141,487015	0,150319427251816
141,596727	0,150496378540993
141,697023	0,149089619517326
141,805518	0,146242558956146
141,920693	0,142694130539894
142,029999	0,139109089970589
142,141601	0,137640804052353
142,252875	0,138266667723656
142,361758	0,140743166208267
142,471305	0,144807189702988
142,571521	0,147587358951569
142,681593	0,150148153305054
142,795263	0,150527685880661
142,903916	0,149484157562256
143,019513	0,146292984485626
143,128247	0,142736539244652
143,238280	0,139550507068634
143,347998	0,137737721204758
143,456516	0,137981683015823
143,560618	0,140151664614677
143,669893	0,144115775823593
143,770950	0,146983087062836
143,881129	0,14953638613224
143,994361	0,150546193122864
144,103646	0,149761378765106
144,212727	0,147352531552315
144,321648	0,143355041742325
144,427579	0,1400276273489
144,533984	0,138138741254807
144,636640	0,137657999992371
144,746970	0,13920596241951
144,860018	0,142288997769356
144,969754	0,146406188607216
145,081180	0,148811802268028
145,182586	0,150510147213936
145,293065	0,150235444307327
145,401878	0,14788630604744
145,512894	0,144609600305557
145,621777	0,141094177961349
145,730654	0,138462379574776
145,839948	0,137607872486115
145,949685	0,138812720775604
146,059798	0,141698330640793
146,169844	0,145236119627953
146,279996	0,148387134075165
146,388952	0,150424271821976
146,503454	0,150277674198151
146,605895	0,148412317037582
146,714226	0,145856231451035
146,824271	0,141723126173019
146,930709	0,138861402869225
147,038897	0,137618377804756
147,148653	0,138465717434883
147,253833	0,141651138663292
147,363399	0,145166143774986
147,474433	0,147872999310493
147,584274	0,150018125772476
147,693856	0,150409564375877
147,801438	0,149221137166023
147,913691	0,146453753113747
148,019691	0,142357632517815
148,132634	0,138920113444328
148,247866	0,137720540165901
148,358131	0,138497695326805
148,466581	0,140581950545311
148,577412	0,144593417644501
148,687650	0,147895812988281
148,797005	0,150253474712372
148,897124	0,150537639856339
149,006046	0,149252951145172
149,110962	0,147027313709259
149,220025	0,143580392003059
149,334618	0,140216544270515
149,439688	0,137830823659897
149,550035	0,13815926015377
149,659811	0,139971807599068
149,768042	0,143856674432755
149,877726	0,146731525659561
149,987127	0,149353131651878
150,097232	0,150473609566689
150,209654	0,149499833583832
150,312329	0,146429508924484
150,414337	0,144120544195175
150,523817	0,14065682888031
150,632962	0,138193160295486
150,742691	0,137673750519753
150,852179	0,138992160558701
150,965553	0,142562106251717
151,074085	0,146070331335068
151,184463	0,148905828595161
151,295170	0,150379210710526
151,397760	0,149718657135963
151,506732	0,147920042276382
151,614675	0,144698172807693
151,724287	0,141189560294151
151,826428	0,138838976621628
151,942046	0,137534335255623
152,051695	0,138936340808868
152,161858	0,141910016536713
152,265268	0,145425543189049
152,372856	0,148461237549782
152,481044	0,150155752897263
152,596004	0,149951219558716
152,706143	0,148379534482956
152,813295	0,145314171910286
152,919864	0,141228184103966
153,030756	0,138509154319763
153,140713	0,137514293193817
153,250423	0,138543516397476
153,359643	0,140749841928482
153,464896	0,144207686185837
153,579726	0,147513672709465
153,689963	0,149939358234406
153,799905	0,150233075022697
153,913005	0,14875528216362
154,024781	0,145887151360512
154,128811	0,141791313886642
154,237000	0,139255121350288
154,346912	0,137500435113907
154,457636	0,13820318877697
154,560490	0,140700712800026
154,671182	0,144166260957718
154,783950	0,147487998008728
154,892820	0,149457588791847
155,001346	0,150350734591484
155,112047	0,149190753698349
155,212871	0,146549358963966
155,320794	0,143677562475204
155,429652	0,139837741851807
155,539010	0,137863770127296
155,648464	0,137845620512962
155,757638	0,139801949262619
155,866391	0,143057733774185
155,980567	0,147063910961151
156,090847	0,149234920740128
156,202683	0,150479778647423
156,311874	0,149616613984108
156,418830	0,146664932370186
156,527038	0,143196389079094
156,638168	0,140413090586662
156,748453	0,137757778167725
156,857787	0,137717202305794
156,967588	0,139352470636368
157,076905	0,143025800585747
157,184955	0,14649561047554
157,293014	0,149206429719925
157,402859	0,150419533252716
157,513340	0,149862945079803
157,623448	0,147671967744827
157,726660	0,143784746527672
157,828911	0,14092344045639
157,932692	0,138355940580368
158,043019	0,137575402855873
158,152943	0,138845652341843
158,261825	0,141706436872482
158,362799	0,145214691758156
158,473670	0,148289263248444
158,582762	0,150078877806664
158,684628	0,150276258587837
158,793130	0,14850352704525
158,898750	0,146089360117912
159,008155	0,142602145671844
159,117609	0,139455541968346
159,226434	0,137560129165649
159,328717	0,138183146715164
159,438567	0,140102043747902
159,546841	0,14401575922966
159,657472	0,147351577877998
159,765750	0,149893328547478
159,866441	0,150345519185066
159,976274	0,149262920022011
160,089650	0,146140739321709
160,198517	0,143239751458168
160,304065	0,140461266040802
160,413899	0,137932509183884
160,522805	0,137985989451408
160,632484	0,139673605561256
160,732698	0,142860442399979
160,843704	0,146882265806198
160,952933	0,149432420730591
161,063766	0,150392487645149
161,168798	0,149927020072937
161,279524	0,147800758481026
161,386900	0,144554853439331
161,493196	0,140582427382469
161,595555	0,138503432273865
161,705715	0,13766086101532
161,815637	0,139253214001656
161,925948	0,141679272055626
162,038345	0,14575819671154
162,148495	0,148688778281212
162,250846	0,150123476982117
162,361023	0,150118261575699
162,464842	0,148256480693817
162,574923	0,145738691091537
162,679800	0,142239898443222
162,788805	0,139240339398384
162,898969	0,137689977884293
163,007708	0,138549238443375
163,114030	0,140632510185242
163,223200	0,144030526280403
163,332947	0,148299247026443
163,444033	0,150175198912621
163,554829	0,150341719388962
163,661965	0,149137571454048
163,774208	0,145833373069763
163,882559	0,142908096313477
163,992954	0,139737546443939
164,101667	0,13789527118206
164,212028	0,138256639242172
164,324786	0,141112774610519
164,435771	0,143971472978592
164,544939	0,147307842969894
164,649962	0,149917528033257
164,750156	0,150430917739868
164,861204	0,149095788598061
164,965084	0,14687941968441
165,067507	0,143443673849106
165,177791	0,140631556510925
165,285653	0,137975469231606
165,388297	0,137727707624435
165,497514	0,139068052172661
165,607984	0,142026335000992
165,711793	0,14552216231823
165,820784	0,148869752883911
165,930793	0,150227382779121
166,040039	0,150045186281204
166,149582	0,148252680897713
166,257484	0,14403623342514
166,371494	0,141173824667931
166,482995	0,138240903615952
166,594615	0,137618377804756
166,705186	0,139100506901741
166,815876	0,142628356814384
166,925204	0,145568802952766
167,039989	0,148923873901367
167,147275	0,150313273072243
167,255688	0,149956911802292
167,362922	0,148345336318016
167,474269	0,144728630781174
167,578247	0,141245350241661
167,687960	0,138293877243996
167,798793	0,137639850378036
167,906674	0,13871343433857
168,016806	0,141457065939903
168,120627	0,145492181181908
168,229914	0,148045986890793
168,345037	0,149979218840599
168,455154	0,150091215968132
168,563560	0,148338198661804
168,669758	0,145298466086388
168,779846	0,142364785075188
168,893936	0,138914376497269
169,002952	0,137616470456123
169,109765	0,138336852192879
169,223344	0,141370758414268
169,333204	0,14485576748848
169,434125	0,147519379854202
169,543436	0,149722456932068
169,654031	0,150191336870193
169,764006	0,148337244987488
169,867828	0,146433308720589
169,978108	0,142391011118889
170,083402	0,139784783124924
170,187896	0,137822702527046
170,294147	0,138047084212303
170,402884	0,139800995588303
170,504109	0,143014371395111
170,613059	0,146465182304382
170,713550	0,148736283183098
170,822524	0,150260120630264
170,932763	0,149666458368301
171,035469	0,147452831268311
171,142349	0,144785284996033
171,256439	0,140793710947037
171,366631	0,138331115245819
171,467069	0,137613117694855
171,568933	0,138619899749756
171,677658	0,141325935721397
171,789692	0,144779577851295
171,895680	0,147938579320908
172,002748	0,149914681911469
172,117681	0,150104016065598
172,225100	0,14798229932785
172,339902	0,145426020026207
172,448819	0,141948163509369
172,558155	0,138688147068024
172,665928	0,137678533792496
172,775370	0,138622283935547
172,881729	0,141310676932335
172,990994	0,144751489162445
173,101111	0,147911489009857
173,207387	0,149686381220818
173,307828	0,150303781032562
173,417158	0,148837447166443
173,526653	0,146026089787483
173,631484	0,143144443631172
173,741089	0,139487043023109
173,848569	0,137925356626511
173,952674	0,138087183237076
174,062701	0,140261858701706
174,172344	0,14355942606926
174,281069	0,146431878209114
174,390984	0,149412482976913
174,501014	0,150334596633911
174,611742	0,149542093276978
174,720850	0,146640688180923
174,831859	0,143829524517059
174,931884	0,140988305211067
175,036451	0,138222754001617
175,151366	0,137797892093658
175,261605	0,139379680156708
175,371051	0,142415314912796
175,479659	0,145891904830933
175,587500	0,148777604103088
175,691932	0,150388702750206
175,799861	0,150076970458031
175,907446	0,147728532552719
176,016148	0,144485801458359
176,121934	0,141058892011642
176,232587	0,138834670186043
176,347745	0,137787386775017
176,457004	0,138928234577179
176,562931	0,141735047101974
176,673919	0,14517280459404
176,783248	0,148601859807968
176,894164	0,150136291980743
177,000905	0,150074601173401
177,109949	0,14847169816494
177,218924	0,145523592829704
177,327464	0,141500934958458
177,431154	0,139125794172287
177,536850	0,137671366333961
177,647308	0,138541132211685
177,757772	0,140628695487976
177,868087	0,144021481275558
177,981161	0,147823572158813
178,084133	0,149644136428833
178,184289	0,150378733873367
178,298082	0,149335086345673
178,400022	0,146267294883728
178,510023	0,142848536372185
178,619494	0,140165030956268
178,723045	0,138117730617523
178,837126	0,13835021853447
178,947766	0,140201762318611
179,053876	0,143451288342476
179,162317	0,146821886301041
179,272849	0,149331301450729
179,381850	0,15032322704792
179,496655	0,14928762614727
179,606857	0,14673438668251
179,714592	0,143343135714531
179,819706	0,14054998755455
179,929685	0,13820843398571
180,031264	0,137685209512711
180,140772	0,139568150043488
180,250063	0,142701268196106
180,361120	0,146127417683601
180,471445	0,148498773574829
180,579648	0,150251105427742
180,689757	0,149768501520157
180,798661	0,147729948163033
180,909946	0,144538670778275
181,020631	0,141117542982101
181,130830	0,138532072305679
181,235454	0,137647017836571
181,337804	0,138806045055389
181,448628	0,14154814183712
181,553604	0,144995242357254
181,654806	0,147609695792198
181,763969	0,149921804666519
181,873594	0,149969726800919
181,982888	0,148187577724457
182,084070	0,145719647407532
182,195566	0,141713112592697
182,309684	0,138918206095695
182,413672	0,137697622179985
182,523086	0,138247579336166
182,632176	0,141043156385422
182,742545	0,144452467560768
182,852490	0,147660076618195
182,962175	0,149775624275208
183,075870	0,150188013911247
183,185011	0,148668825626373
183,296998	0,145797699689865
183,406971	0,142927154898643
183,507283	0,139336720108986
183,615678	0,13792297244072
183,721159	0,137843236327171
183,830009	0,140011876821518
183,936594	0,143807619810104
184,046526	0,147120505571365
184,156995	0,149497449398041
184,267986	0,150307089090347
184,382956	0,149058282375336
184,492712	0,14690700173378
184,601891	0,142986729741096
184,706402	0,140291437506676
184,821872	0,137963533401489
184,932576	0,137876182794571
185,036244	0,139565289020538
185,145674	0,14264552295208
185,253789	0,146063670516014
185,364205	0,148860722780228
185,472669	0,150245413184166
185,579844	0,149679735302925
185,690939	0,147470891475677
185,795436	0,144212454557419
185,904207	0,140870034694672
186,013100	0,138458073139191
186,120446	0,13790625333786
186,232287	0,139194995164871
186,346620	0,142075434327126
186,457021	0,146086022257805
186,566634	0,149213552474976
186,669734	0,150152891874313
186,783011	0,149956434965134
186,888284	0,147977560758591
186,997055	0,144867181777954
187,103786	0,141440853476524
187,214589	0,139143943786621
187,322391	0,137792631983757
187,432514	0,138817489147186
187,546423	0,142027765512466
187,655168	0,144890516996384
187,761818	0,14841040968895
187,872137	0,149916097521782
187,981773	0,150074601173401
188,092222	0,148751005530357
188,201658	0,145391762256622
188,312786	0,141946732997894
188,422284	0,138711526989937
188,535358	0,137733906507492
188,646204	0,138698160648346
188,747414	0,141356930136681
188,857507	0,144202455878258
188,963498	0,147439509630203
189,074056	0,149881452322006
189,178140	0,150186121463776
189,287972	0,148798495531082
189,391083	0,146548897027969
189,500902	0,143184959888458
189,609822	0,139598220586777
189,720727	0,137942537665367
189,827304	0,138274312019348
189,931553	0,139961302280426
190,041219	0,143136352300644
190,147631	0,14703206717968
190,257000	0,14947135746479
190,364066	0,150382056832314
190,474615	0,149802669882774
190,580747	0,147176146507263
190,689558	0,143860965967178
190,794802	0,140573352575302
190,904386	0,138595074415207
191,013602	0,137947306036949
191,121922	0,139946520328522
191,231809	0,142506346106529
191,334037	0,145923793315887
191,443979	0,148348182439804
191,553328	0,150211721658707
191,664605	0,149963557720184
191,768879	0,14848168194294
191,879493	0,144985243678093
191,988028	0,14154814183712
192,098203	0,138856634497643
192,208694	0,137757778167725
192,308888	0,13868910074234
192,411150	0,14182086288929
192,522015	0,144101485610008
192,636847	0,147814065217972
192,746586	0,149983003735542
192,853155	0,150180891156197
192,963724	0,148815125226974
193,067186	0,145525977015495
193,176889	0,14209546148777
193,290755	0,139189273118973
193,400116	0,137779265642166
193,510949	0,138095304369926
193,626005	0,141199097037315
193,732833	0,144582942128181
193,833097	0,147259339690208
193,935425	0,149231106042862
194,045744	0,150125846266747
194,154885	0,149133771657944
194,264043	0,146060824394226
194,372600	0,143237844109535
194,478905	0,139603942632675
194,593537	0,137866631150246
194,701707	0,138094827532768
194,811365	0,139710336923599
194,921061	0,14397194981575
195,023029	0,146730571985245
195,132758	0,149225413799286
195,234041	0,150172352790833
195,343064	0,149713918566704
195,450827	0,147171854972839
195,561114	0,144474372267723
195,671371	0,140603885054588
195,772168	0,138304382562637
195,881500	0,137841805815697
195,982677	0,138627544045448
196,083753	0,142297580838203
196,192718	0,144609123468399
196,301921	0,14822606742382
196,409499	0,150066062808037
196,519565	0,150192752480507
196,624759	0,148641765117645
196,739762	0,145734876394272
196,851326	0,142282322049141
196,957105	0,138922974467278
197,067495	0,137756824493408
197,168844	0,138006031513214
197,278020	0,140478432178497
197,386871	0,143790945410728
197,494057	0,147078186273575
197,605727	0,149403467774391
197,711186	0,150184690952301
197,820673	0,149213552474976
197,930048	0,146751493215561
198,039951	0,14342126250267
198,148306	0,139312863349915
198,248875	0,138087660074234
198,357156	0,137846097350121
198,464204	0,13954621553421
198,569784	0,142602145671844
198,679944	0,146541744470596
198,786793	0,149089142680168
198,895852	0,150128215551376
199,009544	0,149274796247482
199,121496	0,147317349910736
199,228372	0,144664362072945
199,342919	0,140739351511002
199,452039	0,138141125440598
199,552427	0,137856125831604
199,662011	0,139144420623779
199,771047	0,142022535204887
199,881113	0,145428881049156
199,982240	0,148734852671623
200,091133	0,149824976921082
200,201172	0,149950742721558
200,310676	0,148228913545609
200,423191	0,145260870456696
200,525513	0,141851380467415
200,632001	0,138685286045074
200,742168	0,137751564383507
200,851581	0,13845856487751
200,951745	0,140913903713226
201,062937	0,144257694482803
201,174791	0,147461861371994
201,284227	0,149616613984108
201,385922	0,150187537074089
201,494745	0,149044036865234
201,595780	0,145909041166306
201,704786	0,14308488368988
201,815549	0,139936983585358
201,924935	0,138050422072411
202,031955	0,138065695762634
202,142022	0,139965116977692
202,251760	0,143696621060371
202,362725	0,146954074501991
202,469576	0,149034529924393
202,574363	0,150148153305054
202,683946	0,149286672472954
202,792130	0,146388590335846
202,901728	0,144159108400345
203,007035	0,140825673937798
203,109603	0,138389348983765
203,218980	0,137800276279449
203,326533	0,139415934681892
203,434792	0,141871884465218
203,538036	0,145288467407227
203,647412	0,148638904094696
203,758045	0,149958804249763
203,868017	0,149826407432556
203,978311	0,147486105561256
204,087171	0,144884794950485
204,192893	0,142055422067642
204,302688	0,138872385025024
204,411205	0,137859463691711
204,519780	0,139155387878418
204,624174	0,141426563262939
204,724638	0,14481195807457
204,839572	0,14791339635849
204,946422	0,149640336632729
205,053411	0,150194182991982
205,156310	0,148799926042557
205,261266	0,146050825715065
205,372273	0,143216863274574
205,477877	0,14006245136261
205,587855	0,137877136468887
205,698442	0,138477653264999
205,814445	0,140369191765785
205,924031	0,1441400796175
206,028810	0,146855652332306
206,133500	0,149240612983704
206,244097	0,150161907076836
206,353277	0,14936737716198
206,462805	0,147033482789993
206,564236	0,143209725618362
206,672012	0,140507057309151
206,782558	0,138089567422867
206,890879	0,138010799884796
206,998774	0,139824852347374
207,107955	0,142362400889397
207,218824	0,146243497729301
207,328869	0,148839354515076
207,431164	0,149931281805038
207,541949	0,149715334177017
207,648104	0,147412896156311
207,751558	0,144266277551651
207,861704	0,140958741307259
207,964785	0,138810336589813
208,074330	0,137755870819092
208,182728	0,138989299535751
208,291075	0,141747921705246
208,397029	0,145115688443184
208,500997	0,147632032632828
208,610869	0,149784162640572
208,718898	0,149838745594025
208,828722	0,148253634572029
208,934019	0,145918548107147
209,038319	0,142574027180672
209,147183	0,139557182788849
209,256006	0,137864246964455
209,365891	0,138101026415825
209,468899	0,140152618288994
209,577932	0,143337905406952
209,684669	0,146609291434288
209,795642	0,149306133389473
209,904851	0,149983003735542
210,014611	0,148959025740623
210,120992	0,146979764103889
210,230704	0,143783316016197
210,345108	0,140556663274765
210,453086	0,138127282261848
210,567736	0,138190299272537
210,677645	0,140237540006638
210,781644	0,142849951982498
210,883579	0,14617832005024
210,985467	0,148802772164345
211,092091	0,150030001997948
211,202001	0,149764224886894
211,304075	0,147536963224411
211,412809	0,144992396235466
211,527879	0,141127556562424
211,636350	0,138659998774529
211,747094	0,137847542762756
211,848673	0,13937109708786
211,952818	0,141702145338058
212,062114	0,145047605037689
212,168629	0,148017004132271
212,280804	0,149773240089417
212,388845	0,149909928441048
212,497892	0,148369550704956
212,608768	0,145551681518555
212,717342	0,142206057906151
212,826474	0,138973072171211
212,926717	0,137894794344902
213,036146	0,138385057449341
213,146096	0,141120404005051
213,255001	0,143866688013077
213,365662	0,147524610161781
213,479488	0,149740964174271
213,593954	0,150007203221321
213,697916	0,148762404918671
213,808608	0,146150261163712
213,917510	0,142842814326286
214,026477	0,139413073658943
214,131286	0,138079553842545
214,244668	0,138449013233185
214,351941	0,140676856040955
214,451997	0,14335885643959
214,560929	0,146118387579918
214,670673	0,149119064211845
214,779649	0,15013961493969
214,886317	0,149176985025406
214,990733	0,147251263260841
215,099742	0,144062921404839
215,201883	0,140343442559242
215,312595	0,138314887881279
215,423515	0,137997925281525
215,528248	0,139788120985031
215,642098	0,142234653234482
215,754890	0,14610743522644
215,865555	0,148782819509506
215,976364	0,150140076875687
216,085387	0,149479895830154
216,200611	0,147294044494629
216,310978	0,14467865228653
216,425998	0,140876233577728
216,535529	0,138575986027718
216,636296	0,137960195541382
216,748535	0,139021277427673
216,857461	0,142184123396873
216,966804	0,146056056022644
217,076572	0,148376673460007
217,187309	0,149943619966507
217,296527	0,149693980813026
217,398749	0,148141011595726
217,509478	0,145212784409523
217,613205	0,141342625021935
217,728162	0,138503909111023
217,835174	0,137869492173195
217,939737	0,138591259717941
218,049755	0,141506180167198
218,155892	0,144839093089104
218,264835	0,147833079099655
218,372927	0,149688750505447
218,482594	0,14993080496788
218,592091	0,148493558168411
218,700585	0,145764380693436
218,805964	0,142992451786995
218,919507	0,139544308185577
219,030778	0,137941107153893
219,140821	0,138380289077759
219,247859	0,140541404485703
219,357892	0,144293427467346
219,467913	0,147410035133362
219,583444	0,149510756134987
219,683490	0,15004375576973
219,785382	0,148888736963272
219,894082	0,146340548992157
220,001734	0,143031522631645
220,114236	0,139978960156441
220,224057	0,138011276721954
220,334497	0,138364046812057
220,437152	0,140061020851135
220,544273	0,143133491277695
220,653602	0,146427601575851
220,762919	0,149262458086014
220,872886	0,150093585252762
220,981498	0,149498403072357
221,090718	0,147358700633049
221,196807	0,144211024045944
221,308957	0,140941098332405
221,418857	0,138320624828339
221,525803	0,138131096959114
221,636222	0,139184013009071
221,743077	0,14195054769516
221,848583	0,145827665925026
221,958843	0,148551970720291
222,062672	0,149961650371552
222,172599	0,149858191609383
222,281493	0,147831648588181
222,391224	0,144831955432892
222,501909	0,141016915440559
222,609492	0,13927373290062
222,719577	0,137968778610229
222,825920	0,139213129878044
222,933866	0,141443714499474
223,038539	0,144730061292648
223,149754	0,147750854492188
223,256760	0,149828776717186
223,367852	0,149957865476608
223,479908	0,148234620690346
223,591078	0,145390808582306
223,701168	0,142057329416275
223,807831	0,139260843396187
223,917233	0,13802082836628
224,028613	0,138829424977303
224,136471	0,140885770320892
224,246755	0,144131034612656
224,356313	0,147723764181137
224,457836	0,149640813469887
224,557914	0,150018125772476
224,659671	0,148958548903465
224,760319	0,146457076072693
224,862124	0,143761411309242
224,962227	0,140561908483505
225,063257	0,138648062944412
225,163521	0,1379334628582
225,263556	0,138823226094246
225,365352	0,141362652182579
225,467278	0,144646257162094
225,567590	0,147691920399666
225,669554	0,149408221244812
225,771034	0,150036171078682
225,872993	0,148971378803253
225,973671	0,146963596343994
226,075020	0,14376425743103
226,175573	0,14055523276329
226,276632	0,138630881905556
226,376795	0,137891456484795
226,477079	0,138763546943665
226,577118	0,141277775168419
226,677744	0,144005283713341
226,779560	0,147172331809998
226,880764	0,149357408285141
226,981526	0,150025248527527
227,083141	0,14927051961422
227,185117	0,147008776664734
227,285256	0,144377708435059
227,387005	0,141094654798508
227,487295	0,138659998774529
227,588612	0,137881428003311
227,688654	0,138742551207542
227,789215	0,141239151358604
227,890482	0,143960982561111
227,992387	0,147118136286736
228,092485	0,14930471777916
228,194476	0,14998871088028
228,294544	0,149490803480148
228,396465	0,147014945745468
228,496490	0,144398182630539
228,596510	0,141634449362755
228,698517	0,138685286045074
228,798835	0,137896701693535
228,900856	0,138474315404892
229,001944	0,141234859824181
229,101976	0,143968135118484
229,202061	0,146660178899765
229,302141	0,149082958698273
229,402260	0,150059893727303
229,503130	0,149579584598541
229,605025	0,148016050457954
229,705605	0,144517704844475
229,806542	0,141753166913986
229,908385	0,139445051550865
230,009704	0,137956857681274
230,110233	0,138506770133972
230,211296	0,140264242887497
230,311834	0,143942892551422
230,413618	0,146627366542816
230,513673	0,148738175630569
230,615661	0,149989649653435
230,716774	0,149561554193497
230,817654	0,148005589842796
230,919516	0,145061418414116
231,019518	0,141750782728195
231,119618	0,139438852667809
231,219752	0,138106763362885
231,321180	0,138463333249092
231,421203	0,140207007527351
231,521724	0,142767995595932
231,622788	0,146575048565865
231,722945	0,148714423179626
231,823466	0,149886682629585
231,923529	0,149588122963905
232,024679	0,14804171025753
232,124963	0,14564922451973
232,224989	0,142340958118439
232,325542	0,139476537704468
232,425550	0,138137310743332
232,525732	0,138100549578667
232,627254	0,14019937813282
232,729681	0,142740830779076
232,829700	0,145504087209702
232,929767	0,148692578077316
233,029888	0,149887636303902
233,129907	0,149941250681877
233,231735	0,148483097553253
233,332949	0,145717740058899
233,432968	0,142958134412766
233,533006	0,139928385615349
233,633033	0,138161659240723
233,733440	0,138101503252983
233,835063	0,139754727482796
233,935115	0,142165541648865
234,036859	0,145479321479797
234,137876	0,147898659110069
234,239463	0,149706318974495
234,339492	0,149924635887146
234,439511	0,148820817470551
234,539664	0,146255865693092
234,641537	0,142982915043831
234,743056	0,140394955873489
234,843740	0,138347834348679
234,945654	0,13808336853981
235,045676	0,13932192325592
235,147517	0,142106905579567
235,249876	0,1454126983881
235,351502	0,147843062877655
235,451580	0,149665981531143
235,553235	0,149894267320633
235,654886	0,148803249001503
235,755764	0,146749123930931
235,857017	0,142969578504562
235,958030	0,140371575951576
236,059868	0,13853731751442
236,160152	0,138014137744904
236,261150	0,139243677258492
236,361232	0,141482815146446
236,462541	0,145333215594292
236,563517	0,147780805826187
236,663519	0,149426251649857
236,765154	0,149961650371552
236,865948	0,148818448185921
236,967472	0,146780520677567
237,069489	0,143565624952316
237,169508	0,140414521098137
237,269686	0,138566911220551
237,369724	0,137907683849335
237,469857	0,139222204685211
237,571823	0,141450867056847
237,673377	0,144746735692024
237,775265	0,147748962044716
237,875463	0,149406313896179
237,976511	0,149988234043121
238,077910	0,14914944767952
238,179936	0,146833777427673
238,280899	0,143647074699402
238,381408	0,140988782048225
238,483270	0,138662859797478
238,583301	0,138022258877754
238,683865	0,13897068798542
238,785090	0,141526684165001
238,885547	0,144831478595734
238,987355	0,147399574518204
239,087506	0,149522140622139
239,189533	0,150128692388535
239,289697	0,149295687675476
239,391009	0,146997362375259
239,493514	0,144355326890945
239,594824	0,141118496656418
239,694971	0,139047056436539
239,795613	0,138048514723778
239,896122	0,138989299535751
239,997705	0,141010716557503
240,099658	0,144230082631111
240,199673	0,147325426340103
240,299750	0,149191230535507
240,399822	0,150048032402992
240,500384	0,149234443902969
240,601453	0,147411465644836
240,701823	0,144314363598824
240,801840	0,141597732901573
240,903084	0,139008402824402
241,003838	0,13801509141922
241,105313	0,138659045100212
241,205839	0,140968754887581
241,306822	0,143644213676453
241,407345	0,14684946835041
241,507918	0,149215444922447
241,608200	0,15006510913372
241,709590	0,149551093578339
241,810970	0,147486105561256
241,911493	0,144949555397034
242,012691	0,141655907034874
242,113819	0,139051824808121
242,214645	0,138063788414001
242,315169	0,138624683022499
242,416217	0,140427872538567
242,517214	0,143538936972618
242,617466	0,146244451403618
242,718310	0,148803249001503
242,819776	0,149967819452286
242,920285	0,149672627449036
243,021689	0,147864446043968
243,121738	0,144913837313652
243,222986	0,142159819602966
243,324027	0,139377295970917
243,425556	0,138039439916611
243,527300	0,13837169110775
243,627824	0,140410214662552
243,729647	0,143529891967773
243,831605	0,146249681711197
243,933082	0,148830324411392
244,034997	0,150026202201843
244,135575	0,149759009480476
244,237078	0,147967100143433
244,337561	0,145032852888107
244,439585	0,14227993786335
244,539611	0,139877825975418
244,639630	0,138113915920258
244,739676	0,138416558504105
244,841510	0,139997094869614
244,942593	0,143540367484093
245,043174	0,146252542734146
245,144222	0,148472175002098
245,245253	0,149945050477982
245,347147	0,149773240089417
245,447236	0,148390933871269
245,547346	0,145610213279724
245,647391	0,142315685749054
245,747852	0,139911696314812
245,849616	0,138384580612183
245,950548	0,138415604829788
246,051924	0,139974191784859
246,152737	0,142410546541214
246,253787	0,146225422620773
246,355258	0,148461237549782
246,455643	0,149817392230034
246,557166	0,149803623557091
246,657724	0,148434638977051
246,759521	0,146180704236031
246,859570	0,142908096313477
246,960500	0,139927908778191
247,061667	0,138369306921959
247,162667	0,138191252946854
247,263467	0,139871135354042
247,363769	0,142286613583565
247,465108	0,145556434988976
247,566975	0,148318246006966
247,667666	0,149681627750397
247,767911	0,149822607636452
247,867935	0,148345798254013
247,969548	0,146118864417076
248,069701	0,143426984548569
248,170596	0,140347257256508
248,270818	0,138372644782066
248,370855	0,138093397021294
248,471037	0,13948418200016
248,572796	0,142284229397774
248,673160	0,145030945539474
248,774841	0,147959023714066
248,875114	0,149734795093536
248,975366	0,149986803531647
249,076825	0,14877712726593
249,177890	0,146196886897087
249,278916	0,143491297960281
249,381043	0,140387326478958
249,482161	0,138386487960815
249,582618	0,1380695104599
249,683967	0,13942214846611
249,785781	0,141679272055626
249,887049	0,144935727119446
249,988017	0,147856846451759
250,089557	0,149449035525322
250,190891	0,149926543235779
250,292641	0,148754328489304
