0,100501	-0,000782221555709839
0,201842	-0,000212714076042175
0,302099	0,000948473811149597
0,402099	0,00202919542789459
0,502679	0,00315940380096436
0,603182	0,00373241305351257
0,705183	0,00381937623023987
0,805685	0,00324590504169464
0,907938	0,00236208736896515
1,018463	0,00108534097671509
1,127339	-5,69373369216919E-5
1,236601	-0,000710666179656982
1,344664	-0,000665485858917236
1,453947	7,38799571990967E-5
1,564946	0,00168074667453766
1,676935	0,0027095228433609
1,787360	0,00360362231731415
1,897740	0,00389741361141205
2,008206	0,00340054929256439
2,118135	0,00256472826004028
2,228594	0,00129278004169464
2,340085	9,74088907241821E-5
2,451100	-0,000746920704841614
2,563114	-0,000704079866409302
2,673893	0,00019480288028717
2,785368	0,00120009481906891
2,897051	0,00268884003162384
3,007031	0,00360973179340363
3,117291	0,00391951203346252
3,227312	0,00356365740299225
3,337297	0,00240910053253174
3,448007	0,0011511892080307
3,549288	0,000176921486854553
3,663778	-0,000579342246055603
3,766867	-0,000601455569267273
3,868605	0,000101640820503235
3,983210	0,00105054676532745
4,087714	0,00233200192451477
4,197512	0,00352464616298676
4,299050	0,00394488871097565
4,411627	0,00380809605121613
4,513672	0,00302542746067047
4,619948	0,00182512402534485
4,732817	0,000537320971488953
4,839043	-0,000416025519371033
4,942571	-0,000753030180931091
5,044131	-0,000383540987968445
5,144740	0,000391483306884766
5,256215	0,00163091719150543
5,365722	0,00302636623382568
5,475333	0,0037742406129837
5,590746	0,00388002395629883
5,698191	0,00331076979637146
5,808619	0,00221540033817291
5,916551	0,000928238034248352
6,031749	-0,000175535678863525
6,142584	-0,000749737024307251
6,248955	-0,000520035624504089
6,360112	0,000362306833267212
6,464189	0,00139154493808746
6,578912	0,00283880531787872
6,693202	0,00377096235752106
6,807202	0,00389976799488068
6,910449	0,00333239138126373
7,022892	0,0024542361497879
7,123117	0,000973865389823914
7,225759	-0,000154823064804077
7,335888	-0,000683844089508057
7,445422	-0,000689491629600525
7,548005	0,000161394476890564
7,662652	0,0013778954744339
7,769703	0,00242602825164795
7,884273	0,00346401333808899
7,986029	0,00395287573337555
8,087933	0,00372348725795746
8,196734	0,00291073322296143
8,307763	0,00147099792957306
8,418758	0,000255495309829712
8,529859	-0,000536039471626282
8,640920	-0,000633940100669861
8,752930	-9,50545072555542E-5
8,858538	0,000977158546447754
8,966128	0,00223137438297272
9,077629	0,00329150259494781
9,188407	0,00385323166847229
9,296830	0,00362382829189301
9,406614	0,00279319286346436
9,521357	0,0015556663274765
9,631464	0,000135526061058044
9,746186	-0,000662654638290405
9,848714	-0,000824108719825745
9,950913	-0,000339776277542114
10,064867	0,000902369618415833
10,176483	0,00219376385211945
10,287775	0,00328491628170013
10,398423	0,00385510921478271
10,503129	0,00378270447254181
10,607251	0,00287969410419464
10,714237	0,00189095735549927
10,827037	0,000639408826828003
10,938045	-0,000448495149612427
11,039940	-0,00070972740650177
11,148236	-0,000379785895347595
11,257798	0,000563666224479675
11,367945	0,00204943120479584
11,468522	0,0031866729259491
11,579759	0,00378882884979248
11,692149	0,00393219292163849
11,798789	0,00325247645378113
11,913963	0,00215567648410797
12,028407	0,000898614525794983
12,139494	-0,000142589211463928
12,254506	-0,000649482011795044
12,355685	-0,000441908836364746
12,468632	0,000415459275245667
12,575840	0,00185708701610565
12,685846	0,00304611027240753
12,795440	0,00382831692695618
12,900181	0,00397449731826782
13,001006	0,00357118248939514
13,110572	0,00218529999256134
13,218057	0,00131957232952118
13,325293	0,000155285000801086
13,434075	-0,000577941536903381
13,535619	-0,000640526413917542
13,642923	-1,03563070297241E-5
13,747081	0,00107735395431519
13,848310	0,00231647491455078
13,951766	0,0033220499753952
14,054074	0,00379540026187897
14,158442	0,00368399918079376
14,262751	0,00279366970062256
14,370830	0,00181242823600769
14,475944	0,000761255621910095
14,582659	-0,000414609909057617
14,696996	-0,000797286629676819
14,806454	-0,00036659836769104
14,921936	0,000439003109931946
15,023976	0,00167840719223022
15,134508	0,00302213430404663
15,237933	0,00363746285438538
15,343368	0,00378693640232086
15,443782	0,00313165783882141
15,553265	0,00224971771240234
15,658194	0,000986561179161072
15,765737	-0,000117644667625427
15,876229	-0,000729024410247803
15,985472	-0,000574171543121338
16,086884	9,31620597839355E-5
16,194564	0,00146253407001495
16,303242	0,0024862140417099
16,411074	0,00330701470375061
16,514613	0,00379447638988495
16,618984	0,00351901352405548
16,727995	0,00263006985187531
16,828997	0,00182701647281647
16,934457	0,00037170946598053
17,044858	-0,000550165772438049
17,160102	-0,00084388256072998
17,260767	-0,000432029366493225
17,363412	0,000755146145820618
17,466438	0,00180961191654205
17,566987	0,00278051197528839
17,669849	0,00357823073863983
17,774238	0,00373758375644684
17,881750	0,00336483120918274
17,994531	0,00241568684577942
18,100949	0,000755608081817627
18,214431	-0,000156238675117493
18,314680	-0,000729501247406006
18,427218	-0,000808119773864746
18,529235	-2,87145376205444E-5
18,632021	0,00111827254295349
18,742300	0,00236490368843079
18,845738	0,0032026469707489
18,958597	0,00371831655502319
19,068021	0,00334978103637695
19,179131	0,00239688158035278
19,286692	0,00135955214500427
19,395353	-2,21282243728638E-5
19,496471	-0,000586405396461487
19,609808	-0,000876367092132568
19,723943	-0,000243768095970154
19,838679	0,000856265425682068
19,947715	0,0023263543844223
20,062711	0,00315751135349274
20,165680	0,00368635356426239
20,277303	0,00355708599090576
20,391635	0,00264512002468109
20,506359	0,00123585760593414
20,610777	0,000432401895523071
20,719785	-0,000582650303840637
20,825067	-0,000759631395339966
20,933571	-0,000429198145866394
21,048863	0,00093388557434082
21,158323	0,00199629366397858
21,269382	0,00310017168521881
21,372855	0,00373993813991547
21,473599	0,00373382866382599
21,582191	0,0029323548078537
21,690617	0,00199863314628601
21,800247	0,000765010714530945
21,914462	-0,000341668725013733
22,027361	-0,000668779015541077
22,135876	-0,000304475426673889
22,243433	0,000461578369140625
22,343687	0,00186556577682495
22,451763	0,00283505022525787
22,561118	0,00373899936676025
22,672216	0,00383113324642181
22,783588	0,00327645242214203
22,894654	0,00221963226795197
23,005696	0,000748082995414734
23,116906	-0,000123769044876099
23,228929	-0,00072149932384491
23,340019	-0,000391080975532532
23,450949	0,000365599989891052
23,563042	0,00156694650650024
23,675043	0,0029323548078537
23,787058	0,00368118286132813
23,899131	0,00379493832588196
24,011118	0,00327175855636597
24,123206	0,00222855806350708
24,235265	0,000778183341026306
24,346594	-0,000228241086006165
24,457592	-0,000710666179656982
24,568649	-0,000477209687232971
24,679627	0,000557079911231995
24,791198	0,00177009403705597
24,903139	0,00293000042438507
25,015125	0,00366567075252533
25,122240	0,00374040007591248
25,237073	0,00293846428394318
25,337481	0,00218906998634338
25,443693	0,000940009951591492
25,544109	-0,000151991844177246
25,644624	-0,000698432326316833
25,749587	-0,000722900032997131
25,863197	7,85738229751587E-5
25,964692	0,00124198198318481
26,066246	0,00227557122707367
26,181653	0,00325389206409454
26,295612	0,00372302532196045
26,407961	0,00328773260116577
26,512235	0,00231835246086121
26,623748	0,0010942816734314
26,724239	0,00012563169002533
26,832630	-0,000710204243659973
26,937698	-0,000813767313957214
27,047657	-0,000225409865379333
27,152170	0,000847339630126953
27,263152	0,00208844244480133
27,364747	0,00315704941749573
27,469453	0,00373335182666779
27,573387	0,00365674495697021
27,685936	0,00295539200305939
27,788904	0,00201320648193359
27,891216	0,000778660178184509
27,997101	-0,000241890549659729
28,097991	-0,000683367252349854
28,212164	-0,000571340322494507
28,323429	0,00033925473690033
28,434659	0,00155095756053925
28,538871	0,00275230407714844
28,640272	0,00359751284122467
28,743479	0,00386826694011688
28,856130	0,00356413424015045
28,962025	0,00248150527477264
29,067592	0,00123491883277893
29,178935	-8,94069671630859E-5
29,285381	-0,000555336475372314
29,397533	-0,00072808563709259
29,503458	-5,08278608322144E-5
29,608952	0,0012650191783905
29,722619	0,0022784024477005
29,822720	0,00327926874160767
29,924727	0,00374698638916016
30,035058	0,00364638864994049
30,135874	0,00294926762580872
30,238782	0,00179126858711243
30,342911	0,000363245606422424
30,457395	-0,000539332628250122
30,561379	-0,000824108719825745
30,665112	-0,000392019748687744
30,767393	0,000394299626350403
30,881631	0,00141693651676178
30,982394	0,00279366970062256
31,086295	0,00356319546699524
31,201156	0,00375215709209442
31,302716	0,00323602557182312
31,406570	0,00241239368915558
31,518856	0,00116248428821564
31,622895	1,03563070297241E-5
31,727745	-0,000705018639564514
31,829688	-0,000728562474250793
31,931317	-0,000305891036987305
32,041481	0,000713735818862915
32,154851	0,00215475261211395
32,258508	0,00316926836967468
32,365602	0,00361771881580353
32,468386	0,00347998738288879
32,575373	0,00284820795059204
32,685714	0,00148935616016388
32,791767	0,000447466969490051
32,892134	-0,00054168701171875
33,002899	-0,000948399305343628
33,115434	-0,00055675208568573
33,218202	0,000217854976654053
33,332961	0,00143855810165405
33,437247	0,00278051197528839
33,545060	0,00350490212440491
33,648788	0,0035918653011322
33,749308	0,00316080451011658
33,861599	0,00218060612678528
33,964190	0,00114601850509644
34,064747	1,17570161819458E-5
34,168871	-0,000718668103218079
34,269364	-0,000786930322647095
34,371785	-0,000166118144989014
34,481611	0,000915080308914185
34,590383	0,00217589735984802
34,705690	0,00320030748844147
34,806372	0,00367036461830139
34,912073	0,00358386337757111
35,019762	0,0028364509344101
35,128205	0,0017009824514389
35,238633	0,000685513019561768
35,342426	-0,000414133071899414
35,443393	-0,00071348249912262
35,545240	-0,000443324446678162
35,656874	0,000435233116149902
35,763347	0,00185944139957428
35,870279	0,00280776619911194
35,975558	0,00359845161437988
36,082067	0,00373195111751556
36,192082	0,00329290330410004
36,307182	0,00230191648006439
36,415733	0,000849694013595581
36,525681	-0,000209420919418335
36,629823	-0,000759631395339966
36,741236	-0,000704541802406311
36,847004	0,000160917639732361
36,949895	0,00111544132232666
37,054761	0,00253510475158691
37,164507	0,00340853631496429
37,270747	0,00370655953884125
37,385118	0,00348234176635742
37,487231	0,00265169143676758
37,595432	0,00125984847545624
37,697891	0,000120460987091064
37,810891	-0,000547334551811218
37,915926	-0,000751152634620667
38,022912	-0,000268235802650452
38,124510	0,000748082995414734
38,232546	0,00199629366397858
38,347018	0,00308701395988464
38,456095	0,00372254848480225
38,563112	0,00364638864994049
38,667997	0,00306585431098938
38,773502	0,00197042524814606
38,888990	0,000547662377357483
38,997174	-0,00025177001953125
39,101281	-0,000701725482940674
39,211597	-0,000457912683486938
39,317136	0,000398531556129456
39,430185	0,00179173052310944
39,531929	0,00291495025157928
39,643615	0,00355097651481628
39,748692	0,00375215709209442
39,859918	0,00317962467670441
39,969373	0,00233857333660126
40,073389	0,00109992921352386
40,175355	-1,41113996505737E-5
40,277393	-0,000745505094528198
40,390096	-0,00069466233253479
40,498688	-0,000175997614860535
40,599263	0,00129136443138123
40,702541	0,00231695175170898
40,817677	0,00328020751476288
40,919275	0,00372067093849182
41,019374	0,00350584089756012
41,120884	0,00286795198917389
41,233919	0,00194784998893738
41,337077	0,000341609120368958
41,450250	-0,000403791666030884
41,552179	-0,000735148787498474
41,654702	-0,000413671135902405
41,768879	0,00052131712436676
41,871986	0,00173577666282654
41,972714	0,00270012021064758
42,082882	0,00359657406806946
42,184225	0,00373430550098419
42,287370	0,00331781804561615
42,401572	0,00216509401798248
42,502187	0,000939533114433289
42,613824	-0,000128000974655151
42,715110	-0,000673010945320129
42,815640	-0,000678658485412598
42,927469	-4,04715538024902E-5
43,028489	0,00105713307857513
43,141611	0,00229203701019287
43,244312	0,00312227010726929
43,344621	0,00365908443927765
43,457325	0,00355285406112671
43,558883	0,00283221900463104
43,661345	0,00171461701393127
43,768046	0,000502511858940125
43,873298	-0,000310584902763367
43,975798	-0,000807642936706543
44,080274	-0,000580757856369019
44,192549	0,00025784969329834
44,303553	0,00163091719150543
44,418348	0,00277204811573029
44,526022	0,00350537896156311
44,626322	0,00364215672016144
44,741032	0,00309312343597412
44,841693	0,0020700991153717
44,943026	0,000857681035995483
45,056331	-6,44773244857788E-5
45,156750	-0,000810474157333374
45,268695	-0,00078834593296051
45,370253	-0,000163301825523376
45,485068	0,000943765044212341
45,585075	0,00235222280025482
45,697895	0,00326235592365265
45,800295	0,0035993903875351
45,900523	0,00347669422626495
46,013764	0,00241944193840027
46,114756	0,00145173072814941
46,228919	0,000439465045928955
46,330133	-0,000599101185798645
46,441720	-0,000863179564476013
46,543437	-0,00054498016834259
46,645847	0,000179275870323181
46,747160	0,00158199667930603
46,858376	0,00275464355945587
46,960252	0,00352230668067932
47,071144	0,00369951128959656
47,186117	0,0032261461019516
47,287397	0,00221727788448334
47,399428	0,00101478397846222
47,512836	-6,21229410171509E-5
47,627459	-0,000707373023033142
47,728727	-0,000511094927787781
47,841544	0,000120460987091064
47,946097	0,0014747679233551
48,047618	0,00266063213348389
48,156400	0,00351007282733917
48,256418	0,00377942621707916
48,361508	0,00341276824474335
48,462596	0,00267660617828369
48,574876	0,00170661509037018
48,677123	0,000512376427650452
48,778436	-0,000440493226051331
48,887100	-0,000661715865135193
49,000334	-0,000153884291648865
49,107124	0,000664815306663513
49,211662	0,00187025964260101
49,312594	0,00299628078937531
49,421660	0,00358951091766357
49,522683	0,00372771918773651
49,632239	0,00329573452472687
49,746945	0,0023028552532196
49,848134	0,000875547528266907
49,960672	-0,00029224157333374
50,061236	-0,000719606876373291
50,164622	-0,000572279095649719
50,274521	0,000174105167388916
50,384453	0,00133086740970612
50,488624	0,0023423433303833
50,591965	0,00314295291900635
50,703900	0,00368447601795197
50,804425	0,00332675874233246
50,904673	0,0026136189699173
51,008064	0,00146536529064178
51,122741	0,000300198793411255
51,233636	-0,000570878386497498
51,335411	-0,000729501247406006
51,438712	-0,000235766172409058
51,540139	0,000769719481468201
51,646869	0,00177338719367981
51,748012	0,00289380550384521
51,851423	0,00358104705810547
51,953074	0,00370655953884125
52,062532	0,00338222086429596
52,165569	0,00230519473552704
52,267785	0,00111968815326691
52,381187	7,04824924468994E-6
52,495923	-0,000637248158454895
52,596438	-0,000633001327514648
52,699459	-0,000120937824249268
52,802333	0,000919312238693237
52,917091	0,00231178104877472
53,021266	0,00326564908027649
53,124674	0,00365439057350159
53,239890	0,00353780388832092
53,340801	0,00266674160957336
53,454098	0,00131675601005554
53,568689	0,000368416309356689
53,669571	-0,000443801283836365
53,782764	-0,000674426555633545
53,883247	-0,000214114785194397
53,996848	0,000753253698348999
54,111586	0,00195537507534027
54,218798	0,00302684307098389
54,323777	0,00362993776798248
54,430553	0,00363840162754059
54,544220	0,0030038058757782
54,644414	0,00173671543598175
54,745390	0,00075984001159668
54,848226	-0,000230595469474792
54,962108	-0,000667840242385864
55,064174	-0,000441908836364746
55,177376	0,000371232628822327
55,280889	0,00135014951229095
55,381984	0,00271140038967133
55,496262	0,00342828035354614
55,604877	0,00376155972480774
55,706805	0,00332581996917725
55,806807	0,00238887965679169
55,919993	0,00120198726654053
56,022365	0,000273853540420532
56,125517	-0,000465437769889832
56,238809	-0,000603348016738892
56,340715	-5,4582953453064E-5
56,455697	0,000960692763328552
56,561470	0,00216509401798248
56,670600	0,00319276750087738
56,771896	0,00367459654808044
56,872894	0,003639817237854
56,987612	0,0029323548078537
57,090495	0,00181807577610016
57,201756	0,000641286373138428
57,315432	-0,000167056918144226
57,415920	-0,000645712018013
57,529602	-0,000343546271324158
57,631797	0,000519439578056335
57,731952	0,0017005056142807
57,845147	0,00279225409030914
57,948040	0,00351101160049438
58,048401	0,00364921987056732
58,161232	0,00322145223617554
58,265547	0,00210019946098328
58,380274	0,0010862797498703
58,483112	0,000148698687553406
58,583499	-0,000696077942848206
58,694149	-0,000745043158531189
58,795121	-0,000226825475692749
58,908482	0,000984206795692444
59,020947	0,00238841772079468
59,135733	0,0031941831111908
59,236561	0,00364075601100922
59,338214	0,003480464220047
59,452663	0,00273726880550385
59,554805	0,00140470266342163
59,664913	0,000464394688606262
59,779985	-0,000504031777381897
59,891896	-0,000632524490356445
59,999952	-0,000295072793960571
60,106867	0,000803574919700623
60,208328	0,00201274454593658
60,322249	0,0030277818441391
60,427298	0,00358104705810547
60,542411	0,00357916951179504
60,643289	0,00270059704780579
60,755787	0,00178138911724091
60,858712	0,000595659017562866
60,960706	-0,000208005309104919
61,073869	-0,000695601105690002
61,175600	-0,000432491302490234
61,288617	0,000430986285209656
61,392003	0,00138354301452637
61,493467	0,00267520546913147
61,606608	0,00334085524082184
61,709887	0,00358811020851135
61,810411	0,00321580469608307
61,919548	0,00228686630725861
62,027674	0,00128947198390961
62,129834	-1,45882368087769E-5
62,237581	-0,000731855630874634
62,338275	-0,000832587480545044
62,439491	-0,000343069434165955
62,549751	0,000650689005851746
62,651488	0,00165723264217377
62,753209	0,00273020565509796
62,854291	0,00340478122234344
62,967526	0,0034249871969223
63,070898	0,00276733934879303
63,171957	0,00191259384155273
63,284580	0,000730663537979126
63,386690	-0,000249415636062622
63,489121	-0,00074315071105957
63,599568	-0,000647127628326416
63,701600	4,89354133605957E-5
63,802757	0,0011511892080307
63,903071	0,00216509401798248
64,012519	0,00327269732952118
64,125995	0,00365956127643585
64,232649	0,00350160896778107
64,346283	0,0026061087846756
64,451186	0,00125749409198761
64,565747	0,000153392553329468
64,665957	-0,000474855303764343
64,779632	-0,000659838318824768
64,882036	-0,000191062688827515
64,997570	0,00079558789730072
65,099252	0,00200144946575165
65,213125	0,0030437558889389
65,314196	0,00366707146167755
65,415911	0,0035284161567688
65,529915	0,00278332829475403
65,631802	0,00186696648597717
65,734187	0,000670924782752991
65,846863	-0,000280946493148804
65,949009	-0,000696077942848206
66,052312	-0,000545918941497803
66,167259	0,00054343044757843
66,267276	0,00150863826274872
66,381421	0,00245940685272217
66,483581	0,00340665876865387
66,586376	0,00359092652797699
66,699554	0,00315798819065094
66,809636	0,00220552086830139
66,921720	0,00102278590202332
67,022219	0,000120460987091064
67,126120	-0,00059017539024353
67,228076	-0,000603809952735901
67,341745	6,35236501693726E-5
67,446320	0,000946119427680969
67,547470	0,0021335780620575
67,661830	0,00323556363582611
67,762702	0,00361913442611694
67,876778	0,00349080562591553
67,981888	0,00276310741901398
68,095905	0,00165583193302155
68,198922	0,000464394688606262
68,300564	-0,000304952263832092
68,401638	-0,000741273164749146
68,515374	-0,000286594033241272
68,618816	0,000503912568092346
68,732737	0,00147524476051331
68,835573	0,00276781618595123
68,948072	0,00353452563285828
69,050200	0,00355614721775055
69,152524	0,00315187871456146
69,265635	0,00201226770877838
69,366425	0,000822409987449646
69,481229	-0,000191062688827515
69,585089	-0,000719144940376282
69,686166	-0,00058688223361969
69,800288	0,000156685709953308
69,901586	0,00108110904693604
70,002177	0,00227415561676025
70,114883	0,00321252644062042
70,223031	0,00361160933971405
70,328078	0,00348187983036041
70,437892	0,00260657072067261
70,541970	0,00166241824626923
70,655881	0,000119984149932861
70,760116	-0,000526160001754761
70,864600	-0,000724315643310547
70,966779	-0,000314831733703613
71,080043	0,000468641519546509
71,181980	0,00185380876064301
71,284437	0,00293377041816711
71,398157	0,00355474650859833
71,499490	0,00360643863677979
71,613303	0,00296008586883545
71,714657	0,00190836191177368
71,816645	0,000915542244911194
71,926730	-0,000122353434562683
72,027833	-0,000632524490356445
72,129871	-0,000575587153434753
72,233923	-4,70876693725586E-6
72,336325	0,0012810081243515
72,450556	0,00245517492294312
72,560032	0,00320877134799957
72,671775	0,00362382829189301
72,773299	0,0033220499753952
72,887511	0,00246505439281464
72,998584	0,00150440633296967
73,100152	0,000342071056365967
73,202610	-0,000561460852622986
73,312477	-0,000720545649528503
73,424835	-0,000268235802650452
73,533881	0,000890597701072693
73,636079	0,00189660489559174
73,738293	0,00310675799846649
73,853138	0,00361160933971405
73,957101	0,0035758763551712
74,070814	0,00281199812889099
74,183222	0,00171320140361786
74,298195	0,000531211495399475
74,398969	-0,000383540987968445
74,501190	-0,000727608799934387
74,615581	-0,000382602214813232
74,717090	0,00053638219833374
74,820045	0,00174283981323242
74,934735	0,00286653637886047
75,035901	0,00359703600406647
75,146833	0,00372254848480225
75,254185	0,00321392714977264
75,366029	0,00223608314990997
75,467501	0,0010463148355484
75,576010	-2,35438346862793E-6
75,682275	-0,000562861561775208
75,782940	-0,000528514385223389
75,896275	0,000122800469398499
75,996758	0,00140659511089325
76,099480	0,00239358842372894
76,213718	0,003464475274086
76,315079	0,00376203656196594
76,421036	0,00356131792068481
76,532698	0,00277863442897797
76,634647	0,00162762403488159
76,747712	0,000457808375358582
76,849285	-0,00040002167224884
76,950449	-0,000653713941574097
77,052845	-0,000436261296272278
77,165833	0,000725492835044861
77,279117	0,00193703174591064
77,381541	0,00284445285797119
77,483031	0,0035678893327713
77,596708	0,00369857251644135
77,699247	0,00318901240825653
77,799432	0,00219328701496124
77,901588	0,000983744859695435
78,016422	-7,81267881393433E-5
78,117907	-0,000595346093177795
78,219997	-0,000615581870079041
78,335324	0,000159516930580139
78,448492	0,00107358396053314
78,552951	0,00227886438369751
78,655822	0,00323273241519928
78,757435	0,00369152426719666
78,864445	0,00350490212440491
78,967705	0,00272691249847412
79,079291	0,00157682597637177
79,179306	0,000569313764572144
79,283599	-0,000364720821380615
79,396878	-0,00073985755443573
79,500701	-0,000323772430419922
79,606012	0,000449821352958679
79,706067	0,00141270458698273
79,809621	0,00274337828159332
79,923639	0,00355520844459534
80,028584	0,00363089144229889
80,131251	0,00315281748771667
80,243713	0,0019737184047699
80,346405	0,000974804162979126
80,460391	6,91711902618408E-5
80,564395	-0,000664070248603821
80,666448	-0,000577941536903381
80,778890	-2,30520963668823E-5
80,884560	0,00105100870132446
80,986655	0,00244107842445374
81,095856	0,00321768224239349
81,199815	0,00367505848407745
81,314478	0,00349316000938416
81,421858	0,0025416761636734
81,534384	0,00136849284172058
81,637021	0,000198572874069214
81,739955	-0,000497922301292419
81,850012	-0,000777050852775574
81,955943	-0,000262588262557983
82,070972	0,000559896230697632
82,174827	0,0017569363117218
82,276108	0,00298546254634857
82,390926	0,00350396335124969
82,493495	0,00354862213134766
82,596673	0,00296573340892792
82,711421	0,00172308087348938
82,813782	0,000703856348991394
82,926897	-0,000310584902763367
83,035266	-0,000824585556983948
83,136119	-0,000539794564247131
83,249524	0,000160917639732361
83,349846	0,00110697746276855
83,450148	0,00249607861042023
83,562919	0,00334225594997406
83,665589	0,00361442565917969
83,766356	0,0032426118850708
83,868182	0,00231741368770599
83,975823	0,00112344324588776
84,086446	0,000157639384269714
84,187498	-0,000719606876373291
84,290061	-0,000818938016891479
84,402845	-0,000463083386421204
84,512332	0,00047852098941803
84,621352	0,00207339227199554
84,723930	0,00292059779167175
84,838202	0,00351572036743164
84,941661	0,00346589088439941
85,053410	0,00280730426311493
85,163559	0,00170661509037018
85,264189	0,000484630465507507
85,377112	-0,000478610396385193
85,490044	-0,000903204083442688
85,598778	-0,000637710094451904
85,700993	0,00023244321346283
85,812958	0,00162620842456818
85,926259	0,00274571776390076
86,032592	0,003370001912117
86,137152	0,00357259809970856
86,239738	0,00299769639968872
86,351057	0,00216884911060333
86,453047	0,00078524649143219
86,556272	6,4462423324585E-5
86,660802	-0,000702187418937683
86,765270	-0,000720545649528503
86,874084	1,78813934326172E-5
86,974745	0,00112861394882202
87,084926	0,00213593244552612
87,190593	0,00327128171920776
87,293765	0,00365249812602997
87,395275	0,00350208580493927
87,497163	0,00292201340198517
87,610509	0,00162903964519501
87,713853	0,000446051359176636
87,826611	-0,000444263219833374
87,927862	-0,00075492262840271
88,042057	-0,000385433435440063
88,143873	0,000542491674423218
88,244191	0,00154814124107361
88,354978	0,00286935269832611
88,461948	0,00338879227638245
88,564224	0,00365345180034637
88,669170	0,00322332978248596
88,780974	0,00244906544685364
88,886413	0,00105006992816925
89,001896	-4,51654195785522E-5
89,106729	-0,000686660408973694
89,213487	-0,000665023922920227
89,328288	0,000156223773956299
89,438297	0,00131016969680786
89,545971	0,00231413543224335
89,646380	0,00326375663280487
89,760293	0,00368964672088623
89,862777	0,00343815982341766
89,965680	0,002621129155159
90,079873	0,00143855810165405
90,183981	7,85738229751587E-5
90,295984	-0,000665023922920227
90,399980	-0,000774696469306946
90,515051	-0,000337898731231689
90,616103	0,000638946890830994
90,730200	0,00204566121101379
90,838463	0,0029323548078537
90,941053	0,00354345142841339
91,055892	0,00348563492298126
91,157708	0,00276875495910645
91,257872	0,0018458217382431
91,359886	0,000447928905487061
91,474798	-0,000484734773635864
91,577345	-0,00081188976764679
91,677637	-0,000583112239837646
91,779990	0,000231966376304626
91,893033	0,00140847265720367
92,003443	0,00237807631492615
92,109287	0,0032745748758316
92,214816	0,00360925495624542
92,319154	0,00330278277397156
92,425441	0,002446249127388
92,531779	0,00127348303794861
92,642221	0,000152453780174255
92,744497	-0,000576525926589966
92,858819	-0,000630646944046021
92,968302	4,04566526412964E-5
93,082274	0,00135721266269684
93,184602	0,00236490368843079
93,299129	0,00334225594997406
93,400101	0,00376579165458679
93,510640	0,00345273315906525
93,620281	0,00290462374687195
93,722430	0,00156460702419281
93,835961	0,000386297702789307
93,939204	-0,0004710853099823
94,047538	-0,00072808563709259
94,161622	-0,000295534729957581
94,274153	0,000866621732711792
94,375741	0,00209502875804901
94,477258	0,00297653675079346
94,587629	0,00362572073936462
94,689860	0,0036793053150177
94,794583	0,00315423309803009
94,897447	0,00214862823486328
95,009440	0,000921189785003662
95,111254	-0,000280946493148804
95,214976	-0,000729024410247803
95,329824	-0,00065748393535614
95,432839	0,000249385833740234
95,547842	0,00141929090023041
95,650307	0,00242085754871368
95,752113	0,00334179401397705
95,867076	0,00368776917457581
95,982572	0,00339725613594055
96,085042	0,00252522528171539
96,186127	0,0011352002620697
96,298038	2,68220901489258E-5
96,412350	-0,00058688223361969
96,523097	-0,000733271241188049
96,627998	-7,10636377334595E-5
96,734952	0,000798881053924561
96,843679	0,00201462209224701
96,950492	0,0031866729259491
97,062851	0,00366096198558807
97,171362	0,00348375737667084
97,283772	0,00270481407642365
97,385647	0,00175270438194275
97,488037	0,000346317887306213
97,603403	-0,000622645020484924
97,716703	-0,000784575939178467
97,820930	-0,000514864921569824
97,921521	0,000750437378883362
98,025569	0,00155237317085266
98,136363	0,00269682705402374
98,248056	0,00353969633579254
98,351673	0,00354345142841339
98,452035	0,00304093956947327
98,565438	0,00201039016246796
98,668395	0,000797942280769348
98,770222	-6,63548707962036E-5
98,882239	-0,000650897622108459
98,989159	-0,00059017539024353
99,103801	0,00028325617313385
99,217821	0,00144514441490173
99,318760	0,00260327756404877
99,428301	0,00334931910037994
99,532210	0,0037267804145813
99,635613	0,00336013734340668
99,737199	0,00263665616512299
99,847610	0,0014587789773941
99,947991	0,000301599502563477
100,059212	-0,000493213534355164
100,162415	-0,000695124268531799
100,276160	-0,000173181295394897
100,377255	0,000831812620162964
100,477908	0,00204472243785858
100,591093	0,00295208394527435
100,696263	0,00362665951251984
100,797839	0,00364027917385101
100,899935	0,00312978029251099
101,015215	0,00208514928817749
101,129934	0,000495448708534241
101,233664	-0,000286594033241272
101,337158	-0,00066925585269928
101,439093	-0,000428259372711182
101,554547	0,000244677066802979
101,658324	0,00138024985790253
101,760142	0,00254121422767639
101,861833	0,00339443981647491
101,975459	0,00369010865688324
102,080199	0,00334273278713226
102,181852	0,00244437158107758
102,289939	0,00145125389099121
102,391445	0,000284671783447266
102,500694	-0,000436723232269287
102,609281	-0,000701248645782471
102,711467	-0,000264465808868408
102,813781	0,000729724764823914
102,927883	0,00193749368190765
103,040951	0,00298358500003815
103,155950	0,00357118248939514
103,258833	0,00354015827178955
103,359854	0,00289145112037659
103,462496	0,0018133670091629
103,564278	0,000610709190368652
103,670674	-0,000219285488128662
103,777982	-0,000796347856521606
103,893209	-0,000553920865058899
103,994109	0,000287026166915894
104,096575	0,00125467777252197
104,209622	0,00245094299316406
104,315626	0,0033140629529953
104,427558	0,00362147390842438
104,533214	0,00328114628791809
104,642820	0,00221680104732513
104,746480	0,00101478397846222
104,857478	8,98689031600952E-5
104,959174	-0,000650420784950256
105,060360	-0,00071348249912262
105,162220	-0,000230595469474792
105,266085	0,000609293580055237
105,374046	0,00199675559997559
105,474127	0,00299064815044403
105,577829	0,00338362157344818
105,682379	0,00343956053256989
105,788056	0,00296290218830109
105,895695	0,00195302069187164
106,001177	0,000567421317100525
106,106541	-0,000260248780250549
106,212515	-0,000815168023109436
106,318863	-0,000704079866409302
106,423777	2,35289335250854E-5
106,525201	0,00114931166172028
106,627088	0,00232070684432983
106,732234	0,00307008624076843
106,843736	0,00346307456493378
106,943889	0,00324025750160217
107,049098	0,00243543088436127
107,161035	0,00130029022693634
107,272905	0,000138342380523682
107,379663	-0,000676780939102173
107,479753	-0,000895664095878601
107,580721	-0,000410377979278564
107,693449	0,000603184103965759
107,794221	0,00185614824295044
107,908599	0,00278003513813019
108,010226	0,00353264808654785
108,113475	0,00367741286754608
108,213750	0,00330889225006104
108,324081	0,00216415524482727
108,433614	0,000932946801185608
108,535575	-9,38773155212402E-7
108,635864	-0,000664070248603821
108,740093	-0,0006207674741745
108,849743	-5,88297843933105E-5
108,964571	0,00122645497322083
109,077882	0,00219094753265381
109,182374	0,00330418348312378
109,284829	0,00367271900177002
109,398566	0,00350160896778107
109,501130	0,00255437195301056
109,601632	0,00154297053813934
109,702610	0,000537320971488953
109,817549	-0,00051957368850708
109,920056	-0,000801533460617065
110,022210	-0,000416487455368042
110,133683	0,000307723879814148
110,235682	0,00148512423038483
110,337449	0,00275324285030365
110,439986	0,00333522260189056
110,553305	0,00348986685276031
110,654175	0,00297841429710388
110,756581	0,00195679068565369
110,871175	0,00048886239528656
110,984025	-0,000424489378929138
111,087044	-0,00110940635204315
111,189248	-0,00103972852230072
111,303722	-0,000338360667228699
111,414344	0,000797942280769348
111,521668	0,00221210718154907
111,624285	0,00300286710262299
111,726922	0,00344567000865936
111,840899	0,00326846539974213
111,943023	0,00250312685966492
112,058922	0,0013938844203949
112,162024	0,000433817505836487
112,264384	-0,000627830624580383
112,374815	-0,000748798251152039
112,477062	-0,000304475426673889
112,591412	0,000471934676170349
112,700449	0,00203438103199005
112,802227	0,00287593901157379
112,916530	0,0035284161567688
113,020263	0,00352182984352112
113,135025	0,00285525619983673
113,235117	0,0016196221113205
113,339776	0,000626698136329651
113,443239	-0,000319063663482666
113,543434	-0,00072479248046875
113,646489	-0,000611811876296997
113,746664	-3,4824013710022E-5
113,857464	0,00123022496700287
113,972944	0,0023823082447052
114,086460	0,00323650240898132
114,190801	0,00353921949863434
114,291093	0,00322286784648895
114,394228	0,00235410034656525
114,504812	0,00140328705310822
114,610885	8,56369733810425E-5
114,723253	-0,000644773244857788
114,828868	-0,000750213861465454
114,940043	-0,000344023108482361
115,052072	0,000811114907264709
115,155872	0,00201697647571564
115,270800	0,00314106047153473
115,379023	0,00355426967144012
115,488679	0,0033850371837616
115,592106	0,0027649849653244
115,694666	0,00167463719844818
115,800738	0,000682219862937927
115,911674	-0,000399544835090637
116,016275	-0,000742688775062561
116,120949	-0,000520512461662292
116,227908	0,000465348362922668
116,337297	0,00164501368999481
116,440710	0,00260703265666962
116,542301	0,0034090131521225
116,654371	0,00362665951251984
116,762565	0,00325624644756317
116,864284	0,00213874876499176
116,979220	0,00114460289478302
117,081248	-9,36537981033325E-5
117,196606	-0,00067584216594696
117,301186	-0,000662192702293396
117,401371	-8,70674848556519E-5
117,503493	0,000973865389823914
117,606226	0,00195208191871643
117,721436	0,00297841429710388
117,833483	0,00358717143535614
117,938116	0,00339725613594055
118,041291	0,00265075266361237
118,154667	0,00152932107448578
118,258402	0,000201866030693054
118,368600	-0,000554397702217102
118,470893	-0,000746920704841614
118,577144	-0,000339776277542114
118,680852	0,000770196318626404
118,785000	0,00156600773334503
118,897564	0,00266015529632568
119,012152	0,00344942510128021
119,125580	0,00349597632884979
119,236434	0,00292576849460602
119,342920	0,00190930068492889
119,444399	0,000724554061889648
119,555482	-0,00030401349067688
119,656535	-0,000931456685066223
119,759825	-0,00117439031600952
119,861614	-0,00142017006874084
119,973534	-0,00184920430183411
120,085682	-0,00247007608413696
120,197615	-0,00325947999954224
120,297816	-0,00433652102947235
120,401171	-0,00534313917160034
120,505297	-0,00653810799121857
120,609412	-0,00756067037582397
120,719767	-0,00814683735370636
120,830804	-0,00798974931240082
120,931713	-0,00695307552814484
121,032029	-0,00550080835819244
121,139717	-0,00414879620075226
121,248201	-0,00332123041152954
121,353990	-0,00294224917888641
121,458217	-0,00328399240970612
121,560864	-0,004595547914505
121,668050	-0,00580823421478271
121,777785	-0,00715257227420807
121,883241	-0,00804179906845093
121,988133	-0,00816388428211212
122,101177	-0,0074935108423233
122,212988	-0,00594756007194519
122,322130	-0,00468000769615173
122,435853	-0,00331321358680725
122,542002	-0,00283952057361603
122,652237	-0,00307092070579529
122,767033	-0,00406767427921295
122,878748	-0,00548569858074188
122,991363	-0,00696393847465515
123,094566	-0,0081212967634201
123,199969	-0,00826658308506012
123,306726	-0,00778819620609283
123,412799	-0,00651919841766357
123,525227	-0,00449740886688232
123,625539	-0,00361306965351105
123,740029	-0,00276269018650055
123,844708	-0,0029238760471344
123,945911	-0,00382384657859802
124,057826	-0,00523029267787933
124,159869	-0,00650076568126678
124,270099	-0,0077645480632782
124,381562	-0,00841899216175079
124,489560	-0,00818045437335968
124,600425	-0,00695164501667023
124,706208	-0,00547342002391815
124,808719	-0,0042332261800766
124,909487	-0,00333678722381592
125,016556	-0,00286544859409332
125,127550	-0,00351640582084656
125,233486	-0,00452052056789398
125,334822	-0,00574353337287903
125,436815	-0,00738757848739624
125,546515	-0,00822162628173828
125,653942	-0,00833994150161743
125,759345	-0,0076633095741272
125,865153	-0,00637176632881165
125,977188	-0,00485695898532867
126,081492	-0,00352819263935089
126,195174	-0,00282727181911469
126,304914	-0,00297994911670685
126,414450	-0,00391438603401184
126,523254	-0,00537382066249847
126,628034	-0,00660000741481781
126,742968	-0,00793817639350891
126,847011	-0,00826090574264526
126,950212	-0,00776076316833496
127,060882	-0,00681693851947784
127,170923	-0,00504620373249054
127,273173	-0,00368426740169525
127,383566	-0,00294224917888641
127,496763	-0,00278012454509735
127,611420	-0,00389270484447479
127,720026	-0,0050702840089798
127,828867	-0,00632499158382416
127,940928	-0,00761270523071289
128,051854	-0,0082547515630722
128,154163	-0,0079064816236496
128,257310	-0,00703389942646027
128,371702	-0,00531007349491119
128,476252	-0,00369180738925934
128,579969	-0,00292716920375824
128,688651	-0,00269721448421478
128,791527	-0,00331275165081024
128,893407	-0,00428794324398041
128,999116	-0,00581012666225433
129,101735	-0,00719985365867615
129,205936	-0,00809147953987122
129,310400	-0,0081922858953476
129,418520	-0,00741831958293915
129,521519	-0,00637413561344147
129,622364	-0,0046134740114212
129,730285	-0,00375640392303467
129,839947	-0,00291208922863007
129,948476	-0,0028974860906601
130,063343	-0,00395211577415466
130,172332	-0,00535257160663605
130,273823	-0,00661937892436981
130,381289	-0,00796608626842499
130,491797	-0,00831533968448639
130,603036	-0,00798074901103973
130,713787	-0,00687648355960846
130,822786	-0,0051354318857193
130,937560	-0,00376537442207336
131,052021	-0,00288946926593781
131,157951	-0,00280889868736267
131,271249	-0,00369086861610413
131,386540	-0,00502969324588776
131,495437	-0,00654660165309906
131,602555	-0,00773663818836212
131,708782	-0,00825238227844238
131,820254	-0,00792162120342255
131,931644	-0,00684340298175812
132,043629	-0,00537051260471344
132,145751	-0,00373284518718719
132,246546	-0,00295357406139374
132,349298	-0,0027071088552475
132,460672	-0,00327974557876587
132,561164	-0,00448562204837799
132,667913	-0,00574399530887604
132,782800	-0,00714358687400818
132,886772	-0,00814163684844971
132,995743	-0,0081009566783905
133,110168	-0,00726369023323059
133,223587	-0,00563348829746246
133,327810	-0,00416813790798187
133,442809	-0,00309686362743378
133,553072	-0,00274902582168579
133,660345	-0,00304877758026123
133,771145	-0,00454600155353546
133,875411	-0,00606800615787506
133,979083	-0,00723011791706085
134,089874	-0,00806024670600891
134,195690	-0,00827036798000336
134,310911	-0,00757865607738495
134,421298	-0,00601036846637726
134,530950	-0,00449080765247345
134,635778	-0,0034758597612381
134,738399	-0,00282067060470581
134,848831	-0,00296959280967712
134,959051	-0,00386534631252289
135,063628	-0,00551497936248779
135,165203	-0,00676353275775909
135,274815	-0,0078861266374588
135,390153	-0,00831201672554016
135,504904	-0,00772812962532043
135,610483	-0,00649981200695038
135,718004	-0,00524823367595673
135,826669	-0,00367529690265656
135,929851	-0,00290738046169281
136,033224	-0,0029149204492569
136,140599	-0,00351499021053314
136,242712	-0,00476209819316864
136,349973	-0,00651730597019196
136,462960	-0,00755736231803894
136,572081	-0,00824433565139771
136,674752	-0,00810141861438751
136,788784	-0,00715398788452148
136,897511	-0,00549373030662537
136,997718	-0,00425350666046143
137,102756	-0,00317886471748352
137,217262	-0,00277258455753326
137,325396	-0,00316709280014038
137,425950	-0,00449222326278687
137,534144	-0,00572653114795685
137,640421	-0,00735637545585632
137,748657	-0,0079774409532547
137,849550	-0,00822825729846954
137,953731	-0,00755736231803894
138,055159	-0,00649604201316833
138,169787	-0,00500893592834473
138,276855	-0,00351215898990631
138,389253	-0,00286780297756195
138,491087	-0,00301530957221985
138,605476	-0,00388798117637634
138,714617	-0,005292609333992
138,823225	-0,00679141283035278
138,925194	-0,00795190036296844
139,025988	-0,00840477645397186
139,138078	-0,00812366604804993
139,238579	-0,00710529088973999
139,346890	-0,0056462436914444
139,459255	-0,00421436131000519
139,568467	-0,00309213995933533
139,674096	-0,00291068851947784
139,781795	-0,00340844690799713
139,884669	-0,00456298887729645
139,987940	-0,00629664957523346
140,102960	-0,00740508735179901
140,209429	-0,00823487341403961
140,319397	-0,00822967290878296
140,422917	-0,00723247230052948
140,525749	-0,00631602108478546
140,635651	-0,00457526743412018
140,750946	-0,00338722765445709
140,860825	-0,00281219184398651
140,969113	-0,00306808948516846
141,070355	-0,0040271133184433
141,179128	-0,00543330609798431
141,288508	-0,00690533220767975
141,393706	-0,00793391466140747
141,508332	-0,00820742547512054
141,618883	-0,0073544830083847
141,725899	-0,00647619366645813
141,835718	-0,004996657371521
141,948907	-0,0034584254026413
142,061252	-0,00278767943382263
142,174010	-0,00299175083637238
142,282944	-0,00374697148799896
142,384270	-0,00537711381912231
142,494583	-0,00707928836345673
142,607238	-0,00805078446865082
142,722072	-0,00829072296619415
142,831661	-0,00761838257312775
142,937863	-0,00659669935703278
143,039788	-0,00511559844017029
143,144642	-0,00379413366317749
143,253441	-0,00300730764865875
143,367853	-0,00298985838890076
143,481944	-0,00372152030467987
143,590861	-0,0050160139799118
143,705218	-0,00675974786281586
143,818137	-0,00789558887481689
143,921845	-0,00836597383022308
144,031993	-0,00782367587089539
144,143464	-0,00663071870803833
144,252886	-0,00489802658557892
144,367420	-0,00378376245498657
144,470746	-0,00306667387485504
144,570898	-0,0029238760471344
144,672822	-0,00348670780658722
144,781942	-0,00473096966743469
144,894593	-0,00646060705184937
145,003240	-0,00787429511547089
145,106180	-0,0082646906375885
145,216001	-0,00808295607566833
145,326447	-0,00711758434772491
145,439733	-0,00543095171451569
145,545293	-0,00428086519241333
145,646816	-0,00338487327098846
145,747471	-0,00293000042438507
145,849534	-0,00341646373271942
145,949972	-0,00411106646060944
146,062595	-0,00577327609062195
146,169639	-0,00719323754310608
146,281100	-0,00825096666812897
146,382275	-0,00837355852127075
146,489097	-0,00771629810333252
146,593062	-0,0066855400800705
146,694545	-0,00546540319919586
146,797139	-0,00387383997440338
146,897842	-0,00314587354660034
147,008546	-0,00295497477054596
147,110288	-0,00338912010192871
147,221466	-0,00476209819316864
147,327113	-0,00624515116214752
147,439456	-0,00757060945034027
147,545921	-0,0083058625459671
147,653666	-0,0081307590007782
147,760508	-0,00736819207668304
147,872518	-0,00598487257957458
147,974490	-0,0045398622751236
148,079410	-0,00340844690799713
148,185603	-0,00294508039951324
148,297797	-0,00326041877269745
148,404567	-0,00426718592643738
148,506451	-0,00594142079353333
148,614526	-0,00710766017436981
148,716236	-0,00807349383831024
148,828703	-0,00826753675937653
148,937660	-0,00743439793586731
149,040764	-0,00659149885177612
149,148866	-0,00508539378643036
149,256677	-0,00354328751564026
149,366852	-0,00283858180046082
149,468692	-0,00287769734859467
149,570564	-0,00351546704769135
149,675782	-0,00477579236030579
149,777701	-0,00627632439136505
149,883588	-0,0073634535074234
149,998242	-0,00818659365177155
150,102893	-0,007886603474617
150,205997	-0,00724051892757416
150,306339	-0,00587955117225647
150,407845	-0,00441673398017883
150,516337	-0,00317840278148651
150,620803	-0,0028635561466217
150,728052	-0,00317980349063873
150,842532	-0,0041964203119278
150,954017	-0,00565521419048309
151,062856	-0,00710009038448334
151,170360	-0,00820173323154449
151,278924	-0,00836455821990967
151,388257	-0,00777873396873474
151,491115	-0,0065801590681076
151,603560	-0,00487206876277924
151,703908	-0,0038394033908844
151,811521	-0,00314824283123016
151,924830	-0,0031948983669281
152,038523	-0,00419265031814575
152,139784	-0,00532235205173492
152,251247	-0,00680747628211975
152,361347	-0,0079883337020874
152,464615	-0,00846157968044281
152,578416	-0,00799022614955902
152,684943	-0,00680984556674957
152,797290	-0,00530299544334412
152,905021	-0,0039469450712204
153,005410	-0,00310440361499786
153,117757	-0,00303228199481964
153,230931	-0,00371773540973663
153,333357	-0,00499051809310913
153,438610	-0,00648847222328186
153,539384	-0,00758953392505646
153,640703	-0,00841188430786133
153,746521	-0,00832574069499969
153,847289	-0,00767277181148529
153,955430	-0,00609965622425079
154,063001	-0,00462810695171356
154,166989	-0,0036173015832901
154,269842	-0,00300399959087372
154,373260	-0,003151535987854
154,483667	-0,0042601078748703
154,590343	-0,00545644760131836
154,690742	-0,00690722465515137
154,803687	-0,00803092122077942
154,915386	-0,00841188430786133
155,017292	-0,00795851647853851
155,118711	-0,00682403147220612
155,232538	-0,00532707571983337
155,345058	-0,00397475063800812
155,446175	-0,00319677591323853
155,558933	-0,00298278033733368
155,664328	-0,00382101535797119
155,771178	-0,00487914681434631
155,882247	-0,00637553632259369
155,989195	-0,00763067603111267
156,091330	-0,00828881561756134
156,204003	-0,00801245868206024
156,315990	-0,00716771185398102
156,421530	-0,00550128519535065
156,521779	-0,00428228080272675
156,622451	-0,00335611402988434
156,731974	-0,00284093618392944
156,833443	-0,00313644111156464
156,945507	-0,00412191450595856
157,046414	-0,0055622011423111
157,159169	-0,00742398202419281
157,265599	-0,00814448297023773
157,377202	-0,00833709537982941
157,484456	-0,00777636468410492
157,591356	-0,00634294748306274
157,693980	-0,00508870184421539
157,796033	-0,00379413366317749
157,896504	-0,00304029881954193
158,005778	-0,00304688513278961
158,112316	-0,00363993644714355
158,218524	-0,00485837459564209
158,332469	-0,00681363046169281
158,439185	-0,00779576599597931
158,539397	-0,00830917060375214
158,651992	-0,00816862285137177
158,753361	-0,00722350180149078
158,853944	-0,0058256983757019
158,956034	-0,00459130108356476
159,056730	-0,00342541933059692
159,157908	-0,00290031731128693
159,258322	-0,00305867195129395
159,368276	-0,004144087433815
159,477618	-0,00554850697517395
159,589677	-0,00700365006923676
159,694458	-0,00802713632583618
159,797884	-0,00831249356269836
159,899965	-0,0077744722366333
160,005951	-0,00681126117706299
160,117583	-0,00535069406032562
160,227045	-0,00379224121570587
160,339770	-0,00303792953491211
160,454710	-0,00303322076797485
160,557660	-0,00379413366317749
160,660659	-0,00535304844379425
160,771264	-0,00658534467220306
160,884793	-0,00796703994274139
160,997316	-0,00837971270084381
161,108104	-0,00799731910228729
161,209363	-0,00709961354732513
161,323053	-0,00564482808113098
161,430034	-0,00421057641506195
161,536716	-0,00311288237571716
161,648219	-0,00296628475189209
161,756655	-0,00359843671321869
161,856950	-0,0048319548368454
161,960553	-0,00632546842098236
162,062194	-0,00743298232555389
162,163941	-0,00817997753620148
162,272695	-0,0083053857088089
162,387009	-0,00753229856491089
162,497641	-0,00619931519031525
162,598257	-0,00471916794776917
162,705315	-0,00353856384754181
162,806282	-0,00301295518875122
162,907958	-0,00312748551368713
163,014086	-0,00416624546051025
163,115559	-0,00533086061477661
163,216039	-0,00656218826770782
163,317907	-0,007785364985466
163,419313	-0,0083678662776947
163,521404	-0,00811798870563507
163,621795	-0,00732232630252838
163,728626	-0,00591732561588287
163,828655	-0,00468046963214874
163,932981	-0,00348764657974243
164,035885	-0,00292529165744781
164,143732	-0,00313974916934967
164,251931	-0,004071906208992
164,358378	-0,00522322952747345
164,464470	-0,00691904127597809
164,571701	-0,0079883337020874
164,677339	-0,00831912457942963
164,785358	-0,00780853629112244
164,898835	-0,00638262927532196
165,009978	-0,00489519536495209
165,119881	-0,00380639731884003
165,221887	-0,0030025988817215
165,323767	-0,00296534597873688
165,437487	-0,00367389619350433
165,550402	-0,00520718097686768
165,652540	-0,00646202266216278
165,764313	-0,00784355401992798
165,865628	-0,0083266943693161
165,971371	-0,00817430019378662
166,074855	-0,00709111988544464
166,177577	-0,00592063367366791
166,282750	-0,00445304811000824
166,385512	-0,00321187078952789
166,487114	-0,00287817418575287
166,592930	-0,00321705639362335
166,695451	-0,0040450245141983
166,797079	-0,00545124709606171
166,910294	-0,00690816342830658
167,023565	-0,00798311829566956
167,131744	-0,00835131108760834
167,243427	-0,0077148824930191
167,352016	-0,00624467432498932
167,457223	-0,0052647739648819
167,560534	-0,00374886393547058
167,667224	-0,00306808948516846
167,780005	-0,00321847200393677
167,886103	-0,00395165383815765
167,993316	-0,00527845323085785
168,101826	-0,00696489214897156
168,215043	-0,00790931284427643
168,317538	-0,008377805352211
168,429069	-0,00803233683109283
168,542999	-0,00694409012794495
168,649288	-0,00547154247760773
168,758574	-0,00407852232456207
168,869835	-0,00304076075553894
168,981176	-0,00298090279102325
169,081296	-0,00351688265800476
169,182416	-0,00448749959468842
169,283093	-0,0064733624458313
169,388991	-0,00734029710292816
169,499969	-0,0083167552947998
169,607594	-0,00826136767864227
169,713883	-0,00743013620376587
169,827273	-0,00582711398601532
169,933003	-0,00458988547325134
170,033831	-0,00347727537155151
170,144616	-0,00299175083637238
170,258982	-0,00329294800758362
170,366662	-0,00454175472259521
170,472273	-0,00598911941051483
170,583909	-0,00717480480670929
170,692235	-0,00825096666812897
170,798848	-0,00835888087749481
170,905321	-0,0078047513961792
171,012207	-0,00655652582645416
171,124981	-0,00483478605747223
171,236404	-0,00380167365074158
171,348099	-0,00299552083015442
171,449909	-0,00318075716495514
171,557869	-0,00387996435165405
171,659632	-0,00520104169845581
171,771954	-0,00713838636875153
171,876634	-0,00783313810825348
171,977453	-0,00834374129772186
172,085571	-0,00790742039680481
172,199439	-0,0069785863161087
172,305125	-0,00530630350112915
172,410603	-0,00412143766880035
172,522487	-0,00308790802955627
172,628780	-0,00295357406139374
172,736028	-0,00349424779415131
172,849988	-0,00470925867557526
172,956710	-0,00640389323234558
173,059231	-0,00768791139125824
173,170047	-0,00829450786113739
173,281633	-0,00815300643444061
173,387586	-0,0070173591375351
173,495555	-0,00556786358356476
173,606919	-0,0045861154794693
173,708733	-0,00344003736972809
173,821272	-0,00292152166366577
173,928054	-0,00346125662326813
174,036071	-0,00416718423366547
174,140492	-0,00582852959632874
174,250783	-0,00743912160396576
174,354070	-0,00802098214626312
174,459105	-0,00832100212574005
174,560713	-0,00758953392505646
174,670376	-0,00653763115406036
174,777137	-0,00508445501327515
174,885143	-0,00360316038131714
174,994998	-0,00299599766731262
175,097527	-0,00314918160438538
175,205573	-0,00383138656616211
175,316112	-0,00518026947975159
175,426634	-0,00689633190631866
175,528425	-0,00788801908493042
175,633326	-0,00840666890144348
175,739904	-0,00815063714981079
175,855079	-0,00714784860610962
175,961517	-0,00567646324634552
176,063855	-0,00448183715343475
176,173531	-0,00328823924064636
176,283645	-0,00299175083637238
176,391682	-0,00351215898990631
176,498008	-0,00464555621147156
176,611773	-0,00635570287704468
176,718123	-0,00747649371623993
176,819973	-0,00827273726463318
176,934917	-0,00830112397670746
177,044714	-0,00731854140758514
177,152151	-0,00591212511062622
177,257109	-0,00470218062400818
177,370747	-0,00352866947650909
177,476202	-0,00299552083015442
177,582142	-0,00337497889995575
177,691639	-0,0044134259223938
177,801265	-0,00586111843585968
177,908506	-0,0072547048330307
178,017842	-0,00825995206832886
178,126229	-0,00836408138275146
178,240135	-0,00749209523200989
178,348323	-0,00640106201171875
178,454799	-0,00491736829280853
178,561856	-0,00349801778793335
178,671447	-0,00296628475189209
178,781789	-0,00320716202259064
178,888013	-0,00397098064422607
178,989053	-0,00533132255077362
179,103823	-0,00702351331710815
179,216434	-0,00818280875682831
179,322482	-0,00838349759578705
179,426322	-0,00786484777927399
179,528090	-0,0069100558757782
179,630535	-0,00545220077037811
179,732121	-0,00428134202957153
179,833799	-0,00317651033401489
179,941828	-0,00298184156417847
180,044296	-0,00344568490982056
180,151041	-0,00435635447502136
180,261741	-0,00602738559246063
180,369494	-0,00737859308719635
180,475831	-0,00821121037006378
180,576585	-0,00824055075645447
180,692104	-0,00728827714920044
180,798571	-0,00590457022190094
180,903491	-0,00491407513618469
181,009675	-0,0035022646188736
181,120463	-0,00294224917888641
181,220471	-0,00317274034023285
181,333019	-0,00391769409179688
181,437357	-0,00576241314411163
181,547106	-0,00696299970149994
181,649114	-0,00788140296936035
181,760819	-0,00835224986076355
181,867223	-0,007865309715271
181,974527	-0,00670680403709412
182,087615	-0,00549420714378357
182,193327	-0,00393089652061462
182,293920	-0,00321799516677856
182,395908	-0,00305254757404327
182,501848	-0,00364607572555542
182,603748	-0,00485225021839142
182,710895	-0,00607272982597351
182,817326	-0,00742067396640778
182,931309	-0,00827367603778839
183,038464	-0,00825710594654083
183,148312	-0,00739845633506775
183,249593	-0,0062815248966217
183,363151	-0,0045771449804306
183,471303	-0,00334763526916504
183,579418	-0,00302097201347351
183,685787	-0,00348718464374542
183,790018	-0,00439126789569855
183,893224	-0,00606139004230499
183,993454	-0,00701358914375305
184,104080	-0,00808249413967133
184,213404	-0,00840005278587341
184,318700	-0,00794242322444916
184,430251	-0,00677911937236786
184,536225	-0,00531385838985443
184,645409	-0,00363191962242126
184,751843	-0,00316236913204193
184,855130	-0,00308459997177124
184,956239	-0,0037686675786972
185,060934	-0,00503818690776825
185,163071	-0,00627301633358002
185,274828	-0,00773049890995026
185,381541	-0,00835509598255157
185,482725	-0,00824148952960968
185,594509	-0,00738757848739624
185,708250	-0,00600706040859222
185,815023	-0,0043228417634964
185,922895	-0,00328116118907928
186,030863	-0,00293989479541779
186,138845	-0,00336931645870209
186,252667	-0,0047040730714798
186,361431	-0,00593008100986481
186,469226	-0,00729300081729889
186,570348	-0,00815868377685547
186,678583	-0,00820599496364594
186,782814	-0,00755216181278229
186,883458	-0,00650312006473541
186,996044	-0,00456725060939789
187,101285	-0,00376489758491516
187,208921	-0,0030633807182312
187,314450	-0,0031859427690506
187,420476	-0,00389929115772247
187,532689	-0,00544983148574829
187,644390	-0,00665529072284698
187,755158	-0,00794054567813873
187,857316	-0,00829923152923584
187,963095	-0,00796513259410858
188,065887	-0,00690674781799316
188,180944	-0,00521521270275116
188,288820	-0,00387336313724518
188,397351	-0,0030369907617569
188,504144	-0,0029502660036087
188,606994	-0,00361825525760651
188,709431	-0,00463847815990448
188,819533	-0,0061190128326416
188,932505	-0,00744527578353882
189,036734	-0,00831864774227142
189,146289	-0,00812649726867676
189,254140	-0,00738947093486786
189,368480	-0,00606326758861542
189,472829	-0,00420208275318146
189,586894	-0,00326985120773315
189,689624	-0,00304123759269714
189,790004	-0,00346361100673676
189,896378	-0,0043322890996933
190,003992	-0,00598345696926117
190,116829	-0,0071464329957962
190,231814	-0,00823535025119781
190,339142	-0,00833378732204437
190,439813	-0,00762926042079926
190,550135	-0,0065796822309494
190,661724	-0,00487537682056427
190,770310	-0,0035027414560318
190,882224	-0,00301013886928558
190,984318	-0,00320197641849518
191,088694	-0,00407852232456207
191,194903	-0,00567127764225006
191,305671	-0,00686562061309814
191,416241	-0,00795851647853851
191,528802	-0,00833189487457275
191,638071	-0,00777164101600647
191,746756	-0,00679141283035278
191,856028	-0,00533510744571686
191,965456	-0,00378894805908203
192,068794	-0,00304877758026123
192,170292	-0,00301060080528259
192,275197	-0,0036531537771225
192,382674	-0,00489093363285065
192,489087	-0,00634719431400299
192,595948	-0,00742824375629425
192,699337	-0,00826705992221832
192,814098	-0,00811846554279327
192,924030	-0,00700649619102478
193,031128	-0,00584222376346588
193,135809	-0,00420020520687103
193,240239	-0,00337779521942139
193,354712	-0,00299458205699921
193,464047	-0,00340090692043304
193,578129	-0,00468708574771881
193,689261	-0,00637459754943848
193,800719	-0,00764723122119904
193,901129	-0,00817856192588806
194,008940	-0,00825190544128418
194,117955	-0,00747649371623993
194,223948	-0,00637082755565643
194,333827	-0,00466914474964142
194,443660	-0,0033877044916153
194,547449	-0,00298325717449188
194,653138	-0,00317226350307465
194,763226	-0,00422897934913635
194,865600	-0,0058535635471344
194,978510	-0,00703389942646027
195,087289	-0,00791925191879272
195,191735	-0,00834183394908905
195,303493	-0,0076633095741272
195,418262	-0,0066472589969635
195,525792	-0,00520387291908264
195,635535	-0,00373849272727966
195,739008	-0,00310251116752625
195,850481	-0,00323024392127991
195,953773	-0,00388798117637634
196,065263	-0,00542055070400238
196,165773	-0,00662316381931305
196,270120	-0,00765763223171234
196,374929	-0,00838302075862885
196,479060	-0,00800301134586334
196,586316	-0,00733320415019989
196,687596	-0,00595511496067047
196,792660	-0,00454364717006683
196,899457	-0,00346879661083221
197,013246	-0,00304500758647919
197,117442	-0,0033886581659317
197,225606	-0,00442805886268616
197,335194	-0,00585214793682098
197,449011	-0,00723862648010254
197,563819	-0,00816720724105835
197,667809	-0,0082026869058609
197,781977	-0,00750108063220978
197,891222	-0,00618042051792145
198,000877	-0,00452005863189697
198,110247	-0,00344757735729218
198,212070	-0,00305113196372986
198,319073	-0,00329388678073883
198,427530	-0,00445210933685303
198,531026	-0,00561083853244781
198,641994	-0,00723342597484589
198,753381	-0,00806735455989838
198,858261	-0,00838963687419891
198,960885	-0,00788801908493042
199,062988	-0,00694315135478973
199,177163	-0,00526288151741028
199,277722	-0,0039648562669754
199,389935	-0,00313550233840942
199,490603	-0,00311523675918579
199,602252	-0,00372906029224396
199,713066	-0,00515949726104736
199,818081	-0,00662551820278168
199,921817	-0,00767607986927032
200,024148	-0,00842560827732086
200,133964	-0,00821025669574738
200,248309	-0,00723767280578613
200,358659	-0,00582759082317352
200,468717	-0,00442191958427429
200,574329	-0,00340844690799713
200,689114	-0,00311994552612305
200,792389	-0,00355790555477142
200,908266	-0,00464650988578796
201,020915	-0,00632783770561218
201,124487	-0,00760135054588318
201,234699	-0,00830727815628052
201,339132	-0,00823013484477997
201,444812	-0,00755122303962708
201,551753	-0,00600801408290863
201,659106	-0,00480364263057709
201,768078	-0,00349095463752747
201,883639	-0,00305396318435669
201,996743	-0,00337968766689301
202,111035	-0,00438041985034943
202,219316	-0,00601840019226074
202,323835	-0,0073336660861969
202,433341	-0,0080692321062088
202,533766	-0,00826184451580048
202,642067	-0,00763966143131256
202,746281	-0,00618420541286469
202,859788	-0,00496409833431244
202,969815	-0,00371633470058441
203,070407	-0,00303369760513306
203,180699	-0,00318358838558197
203,290189	-0,0039106160402298
203,400047	-0,00546823441982269
203,509456	-0,00687317550182343
203,618779	-0,00802145898342133
203,720581	-0,00822967290878296
203,821009	-0,00787998735904694
203,931539	-0,00682355463504791
204,031605	-0,00540214776992798
204,140417	-0,00404879450798035
204,250742	-0,00306808948516846
204,361066	-0,002976194024086
204,466553	-0,00355836749076843
204,574866	-0,00452099740505219
204,680598	-0,00644311308860779
204,787229	-0,00765763223171234
204,893401	-0,00821073353290558
205,004299	-0,00813643634319305
205,115014	-0,00728638470172882
205,220793	-0,00569772720336914
205,323269	-0,00472576916217804
205,434638	-0,0034056156873703
205,539598	-0,00295922160148621
205,643953	-0,00316709280014038
205,751936	-0,00428228080272675
205,866744	-0,00566560029983521
205,980228	-0,00705944001674652
206,085565	-0,00802287459373474
206,196731	-0,00818896293640137
206,307518	-0,00748454034328461
206,411925	-0,00643934309482574
206,516950	-0,00498296320438385
206,620884	-0,00374461710453033
206,729847	-0,00300306081771851
206,831541	-0,00319300591945648
206,940274	-0,00410069525241852
207,044968	-0,00520433485507965
207,150501	-0,00688830018043518
207,259460	-0,00794196128845215
207,364521	-0,00828550755977631
207,469645	-0,00798359513282776
207,572583	-0,00715731084346771
207,682701	-0,00555180013179779
207,797240	-0,00438937544822693
207,908132	-0,00328540802001953
208,016311	-0,00313219428062439
208,125793	-0,00365455448627472
208,230663	-0,00483430922031403
208,344214	-0,00627301633358002
208,453410	-0,00755831599235535
208,554293	-0,00835934281349182
208,664845	-0,0081714540719986
208,765088	-0,00724713504314423
208,873858	-0,0058630108833313
208,979410	-0,00488811731338501
209,094375	-0,00354234874248505
209,195717	-0,00306102633476257
209,300531	-0,00326324999332428
209,414587	-0,00413559377193451
209,519843	-0,00574116408824921
209,622996	-0,00712563097476959
209,728428	-0,0079774409532547
209,833096	-0,00836266577243805
209,943373	-0,00759662687778473
210,047268	-0,00678904354572296
210,157074	-0,00534076988697052
210,259183	-0,00400446355342865
210,366590	-0,003098264336586
210,466747	-0,00306715071201324
210,566859	-0,00356073677539825
210,676945	-0,00470595061779022
210,780362	-0,00637884438037872
210,885452	-0,00745190680027008
210,995348	-0,00821688771247864
211,099702	-0,00820031762123108
211,203546	-0,0075833797454834
211,312106	-0,0063387006521225
211,427466	-0,00448136031627655
211,540101	-0,0034758597612381
211,649986	-0,00312606990337372
211,754016	-0,0035470575094223
211,858063	-0,00461441278457642
211,962542	-0,00601981580257416
212,067414	-0,00737576186656952
212,177884	-0,0081510990858078
212,287802	-0,00841046869754791
212,398819	-0,00785017013549805
212,512731	-0,00666993856430054
212,626998	-0,00475786626338959
212,734150	-0,00378470122814178
212,844758	-0,0031769871711731
212,958639	-0,00332735478878021
213,069784	-0,00418840348720551
213,175358	-0,00576619803905487
213,276204	-0,00695686042308807
213,382256	-0,00802098214626312
213,488891	-0,00841425359249115
213,590257	-0,00798311829566956
213,700520	-0,00689586997032166
213,802577	-0,00571331381797791
213,913152	-0,00412757694721222
214,024787	-0,00320857763290405
214,137120	-0,0031510591506958
214,248146	-0,00377385318279266
214,358643	-0,0052274614572525
214,466384	-0,00667844712734222
214,568625	-0,00770872831344604
214,684139	-0,00841473042964935
214,797457	-0,0081411749124527
214,900149	-0,00696016848087311
215,003733	-0,00602501630783081
215,111741	-0,00442947447299957
215,215948	-0,00349424779415131
215,317090	-0,00322176516056061
215,422635	-0,00358901917934418
215,528538	-0,00460875034332275
215,640232	-0,00600375235080719
215,752292	-0,00754791498184204
215,852437	-0,00831390917301178
215,962094	-0,00837308168411255
216,069514	-0,00770778954029083
216,179712	-0,00646626949310303
216,284653	-0,00503300130367279
216,394604	-0,0036616325378418
216,500969	-0,00319348275661469
216,605276	-0,00330425798892975
216,710653	-0,00413134694099426
216,822767	-0,00569583475589752
216,926241	-0,00687034428119659
217,027025	-0,00784213840961456
217,141542	-0,00840099155902863
217,250796	-0,00802193582057953
217,350954	-0,0071757435798645
217,464090	-0,00554992258548737
217,575459	-0,00423133373260498
217,690573	-0,00330285727977753
217,801579	-0,00334338843822479
217,913919	-0,00416012108325958
218,016103	-0,00523076951503754
218,118873	-0,00643272697925568
218,225231	-0,00768649578094482
218,329322	-0,00835035741329193
218,443719	-0,00816152989864349
218,558989	-0,00719985365867615
218,673718	-0,00556834042072296
218,782029	-0,00444173812866211
218,896651	-0,00336883962154388
219,011285	-0,00318405032157898
219,124043	-0,00376914441585541
219,237507	-0,00513920187950134
219,338295	-0,00631554424762726
219,442146	-0,00755973160266876
219,554793	-0,00822871923446655
219,662893	-0,00805835425853729
219,777914	-0,00711570680141449
219,889896	-0,00574164092540741
220,000876	-0,0044044703245163
220,115156	-0,00342966616153717
220,222196	-0,00313881039619446
220,336371	-0,00374650955200195
220,451481	-0,00488103926181793
220,557472	-0,00651352107524872
220,661591	-0,00768695771694183
220,767368	-0,00820457935333252
220,872896	-0,00812934339046478
220,978061	-0,00746513903141022
221,091685	-0,00598298013210297
221,198438	-0,00461488962173462
221,305504	-0,00355742871761322
221,407046	-0,00315718352794647
221,507046	-0,0034848153591156
221,608551	-0,00447475910186768
221,710553	-0,00561130046844482
221,812057	-0,00698332488536835
221,913075	-0,00799638032913208
222,015060	-0,00829733908176422
222,116559	-0,00795283913612366
222,216561	-0,00692282617092133
222,318064	-0,00576713681221008
222,420063	-0,00440022349357605
222,521107	-0,00342164933681488
222,621108	-0,00312371551990509
222,721110	-0,00343720614910126
222,822616	-0,00441154837608337
222,924614	-0,0055348128080368
223,025058	-0,00692518055438995
223,126607	-0,0078250914812088
223,227605	-0,00828219950199127
223,328686	-0,00795756280422211
223,430684	-0,00714454054832458
223,531197	-0,00582097470760345
223,633197	-0,00447286665439606
223,733198	-0,00362484157085419
223,834700	-0,00321139395236969
223,934970	-0,00341835618019104
224,036478	-0,00430963933467865
224,138472	-0,00562924146652222
224,238754	-0,00680558383464813
224,340259	-0,00791026651859283
224,440259	-0,00835318863391876
224,540758	-0,00816862285137177
224,640761	-0,00724808871746063
224,742760	-0,00614593923091888
224,843266	-0,00472672283649445
224,943268	-0,00364936888217926
225,044015	-0,00322318077087402
225,144017	-0,00339289009571075
225,246014	-0,00426672399044037
225,347521	-0,00533606112003326
225,447525	-0,00674083828926086
225,547651	-0,00769311189651489
225,647656	-0,00829213857650757
225,748651	-0,00811372697353363
225,850155	-0,00740130245685577
225,950155	-0,00613744556903839
226,051661	-0,00497069954872131
226,153657	-0,00383327901363373
226,253660	-0,00325947999954224
226,355166	-0,00334480404853821
226,456169	-0,00411200523376465
226,557200	-0,00537192821502686
226,658200	-0,00656171143054962
226,760198	-0,00774988532066345
226,861229	-0,00835934281349182
226,963212	-0,00826184451580048
227,064757	-0,00746087729930878
227,164762	-0,00615869462490082
227,266760	-0,00496645271778107
227,367833	-0,00380875170230865
227,468833	-0,00321988761425018
227,570337	-0,00329577922821045
227,672339	-0,00387288630008698
227,772340	-0,00530253350734711
227,873843	-0,00648044049739838
227,975843	-0,00751291215419769
228,077348	-0,00830017030239105
228,177350	-0,00822256505489349
228,278852	-0,00762121379375458
228,380851	-0,00615869462490082
228,480861	-0,00498250126838684
228,582253	-0,00397664308547974
228,684252	-0,00326937437057495
228,785759	-0,00328823924064636
228,887759	-0,00401957333087921
228,989759	-0,0050523430109024
229,091340	-0,00646768510341644
229,193337	-0,00767938792705536
229,293841	-0,00825048983097076
229,394416	-0,00821878015995026
229,494419	-0,00744716823101044
229,595924	-0,00639823079109192
229,697924	-0,00497919321060181
229,798427	-0,00379885733127594
229,899428	-0,00326324999332428
229,999717	-0,00327126681804657
230,099769	-0,00385119020938873
230,201762	-0,00503678619861603
230,302269	-0,00620168447494507
230,404270	-0,00750391185283661
230,506266	-0,00823865830898285
230,607772	-0,00826895236968994
230,708773	-0,0074334591627121
230,809017	-0,00637176632881165
230,909019	-0,00520764291286469
231,009021	-0,00395211577415466
231,110350	-0,00322836637496948
231,212347	-0,00316472351551056
231,313852	-0,00378517806529999
231,415853	-0,00497259199619293
231,515854	-0,00615821778774261
231,616355	-0,00724618136882782
231,716356	-0,00819370150566101
231,816861	-0,00825190544128418
231,916861	-0,00774988532066345
232,016862	-0,00660142302513123
232,117367	-0,00517885386943817
232,219366	-0,00409643352031708
232,319870	-0,00327031314373016
232,419870	-0,00314022600650787
232,521870	-0,00359420478343964
232,622373	-0,0046946257352829
232,722377	-0,00608877837657928
232,822877	-0,0071852058172226
232,922879	-0,00806166231632233
233,024878	-0,0082031637430191
233,126349	-0,00771629810333252
233,227337	-0,00680416822433472
233,328873	-0,0051632821559906
233,429839	-0,0040898323059082
233,530474	-0,00333915650844574
233,631981	-0,00310203433036804
233,733977	-0,00355836749076843
233,834482	-0,00443843007087708
233,936482	-0,00604580342769623
234,037786	-0,00713130831718445
234,137786	-0,00791120529174805
234,237788	-0,0081922858953476
234,337865	-0,00769548118114471
234,437866	-0,00678007304668427
234,539370	-0,00562168657779694
234,639371	-0,00408464670181274
234,739371	-0,0033353716135025
234,840875	-0,00307610630989075
234,942875	-0,0035555511713028
235,042991	-0,00442995131015778
235,142992	-0,00556786358356476
235,244990	-0,00713886320590973
235,345264	-0,00793959200382233
235,447264	-0,00824148952960968
235,547377	-0,00775177776813507
235,647383	-0,00685332715511322
235,749377	-0,00572983920574188
235,849487	-0,00439314544200897
235,949489	-0,00345087051391602
236,050992	-0,00317509472370148
236,150992	-0,00341646373271942
236,253011	-0,00453750789165497
236,354018	-0,00567552447319031
236,456017	-0,00682166218757629
236,556149	-0,00803753733634949
236,656150	-0,00833757221698761
236,757149	-0,00810804963111877
236,857265	-0,00696630775928497
236,959269	-0,00580446422100067
237,060288	-0,00463753938674927
237,160294	-0,00358760356903076
237,262291	-0,00316190719604492
237,363798	-0,00338062644004822
237,465795	-0,00425539910793304
237,566304	-0,00554803013801575
237,668301	-0,00670443475246429
237,770297	-0,00776644051074982
237,870804	-0,00818423926830292
237,970807	-0,00792349874973297
238,071311	-0,00698332488536835
238,171314	-0,00563633441925049
238,271315	-0,00451722741127014
238,371814	-0,00361306965351105
238,471817	-0,00307799875736237
238,572323	-0,0033179372549057
238,674320	-0,00402286648750305
238,774331	-0,00530584156513214
238,874829	-0,00669404864311218
238,976824	-0,00763021409511566
239,077328	-0,00820031762123108
239,179330	-0,00798264145851135
239,279332	-0,00726038217544556
239,379836	-0,00617948174476624
239,481838	-0,00457289814949036
239,582341	-0,00366117060184479
239,684342	-0,00313267111778259
239,786342	-0,00334905087947845
239,886848	-0,00404973328113556
239,988845	-0,00534266233444214
240,089360	-0,00651919841766357
240,191352	-0,00769500434398651
240,291353	-0,00827132165431976
240,391854	-0,00814637541770935
240,491856	-0,00732611119747162
240,592360	-0,00625081360340118
240,692363	-0,00486497581005096
240,793363	-0,00373519957065582
240,894912	-0,00323213636875153
240,995869	-0,00329814851284027
241,097659	-0,00407050549983978
241,199659	-0,00511559844017029
241,301165	-0,00650455057621002
241,401173	-0,00767607986927032
241,501177	-0,00821025669574738
241,602669	-0,00813454389572144
241,704668	-0,00748831033706665
241,806172	-0,00623570382595062
241,906172	-0,00483100116252899
242,008170	-0,00384223461151123
242,109676	-0,00317980349063873
242,211673	-0,00324250757694244
242,313178	-0,00384175777435303
242,415177	-0,00527845323085785
242,517178	-0,00643886625766754
242,618682	-0,00745426118373871
242,718684	-0,00814683735370636
242,820188	-0,00808815658092499
242,922188	-0,00746135413646698
243,022189	-0,00621019303798676
243,122235	-0,00480033457279205
243,222236	-0,00380025804042816
243,323740	-0,00319206714630127
243,425740	-0,00317886471748352
243,527742	-0,00376254320144653
243,628245	-0,0047408789396286
243,728247	-0,00637601315975189
243,828750	-0,00740034878253937
243,928752	-0,00804321467876434
244,030748	-0,00807870924472809
244,131251	-0,00746135413646698
244,231252	-0,00647854804992676
244,331758	-0,00508162379264832
244,433763	-0,00387667119503021
244,535755	-0,00328163802623749
244,637258	-0,00319725275039673
244,737260	-0,00384175777435303
244,838766	-0,00480930507183075
244,940766	-0,00620357692241669
245,042783	-0,00743865966796875
245,143266	-0,00808201730251312
245,243267	-0,00815489888191223
245,343773	-0,00745710730552673
245,443774	-0,00645114481449127
245,543774	-0,00526146590709686
245,644278	-0,00399504601955414
245,746281	-0,00319866836071014
245,846783	-0,00306950509548187
245,946785	-0,00359608232975006
246,046819	-0,00469934940338135
246,147287	-0,00586064159870148
246,247289	-0,00696489214897156
246,347793	-0,007987380027771
246,449791	-0,00811703503131866
246,549794	-0,00770352780818939
246,650295	-0,0064057856798172
246,752295	-0,00523597002029419
246,852796	-0,00416389107704163
246,952798	-0,00316520035266876
247,052803	-0,00304500758647919
247,153304	-0,00343766808509827
247,253304	-0,00446861982345581
247,353806	-0,00586205720901489
247,453809	-0,00696110725402832
247,555809	-0,0077948123216629
247,656315	-0,00813974440097809
247,757317	-0,00773948431015015
247,858821	-0,00687412917613983
247,960817	-0,00528034567832947
248,061324	-0,0041964203119278
248,163350	-0,00339524447917938
248,265322	-0,00307752192020416
248,365829	-0,00344710052013397
248,467826	-0,00427897274494171
248,568335	-0,0056188553571701
248,670337	-0,00696583092212677
248,772335	-0,00791971385478973
248,872847	-0,00817714631557465
248,974841	-0,00777210295200348
249,075352	-0,00671295821666718
249,176345	-0,00556786358356476
249,278346	-0,0042605847120285
249,379851	-0,00337637960910797
249,480847	-0,00314776599407196
249,582356	-0,00355176627635956
249,684352	-0,00457949936389923
249,784355	-0,00571331381797791
249,884862	-0,00708213448524475
249,986861	-0,00802713632583618
250,087364	-0,00829355418682098
250,189364	-0,00800773501396179
250,291363	-0,00682449340820313
250,391869	-0,00567740201950073
250,492871	-0,00454317033290863
250,594376	-0,00341787934303284
250,694381	-0,00315955281257629
250,794381	-0,00342589616775513
250,894880	-0,0043322890996933
250,996880	-0,00565852224826813
251,097381	-0,00679093599319458
251,197384	-0,00781799852848053
251,299381	-0,00819370150566101
251,399886	-0,00789748132228851
251,501889	-0,00692093372344971
251,602392	-0,00554661452770233
251,702410	-0,00440116226673126
251,804393	-0,00351075828075409
251,904895	-0,00300070643424988
252,006894	-0,00324958562850952
252,107398	-0,00396862626075745
