0,101506	-0,00123129785060883
0,201518	-0,000283002853393555
0,302030	0,000400960445404053
0,402036	0,000701338052749634
0,502049	0,000602617859840393
0,602552	7,38054513931274E-5
0,704551	-0,000658616423606873
0,805066	-0,00163571536540985
0,905067	-0,00248141586780548
1,007070	-0,00279851257801056
1,119349	-0,00277262926101685
1,228967	-0,0021493136882782
1,337234	-0,00122612714767456
1,446044	-9,77814197540283E-5
1,556375	0,000510022044181824
1,668470	0,000783607363700867
1,780474	0,000312596559524536
1,891922	-0,000340357422828674
2,003956	-0,00153131783008575
2,115461	-0,00254727900028229
2,227481	-0,00295330584049225
2,338950	-0,00288648903369904
2,450989	-0,0022960752248764
2,560113	-0,00121107697486877
2,671340	-0,000259965658187866
2,783180	0,000441387295722961
2,893667	0,000654801726341248
3,004667	0,000328108668327332
3,105176	-0,000543907284736633
3,206834	-0,00123271346092224
3,307582	-0,00215213000774384
3,421724	-0,00290153920650482
3,525700	-0,00292883813381195
3,627831	-0,00258632004261017
3,731017	-0,00163900852203369
3,831407	-0,00058293342590332
3,931781	0,000148549675941467
4,046651	0,000756338238716125
4,155845	0,000810399651527405
4,265835	0,000323399901390076
4,375300	-0,000688239932060242
4,477550	-0,00153790414333344
4,591844	-0,00259384512901306
4,703198	-0,00282250344753265
4,815938	-0,00264088809490204
4,927877	-0,00193294882774353
5,028021	-0,000794500112533569
5,128067	-5,17219305038452E-5
5,239235	0,000529766082763672
5,353358	0,000718265771865845
5,468521	0,000222340226173401
5,583916	-0,000631362199783325
5,698899	-0,00163431465625763
5,811908	-0,00246588885784149
5,914901	-0,00290437042713165
6,027595	-0,00271381437778473
6,128086	-0,00198939442634583
6,240680	-0,0011894553899765
6,345484	-7,09891319274902E-5
6,448848	0,00059133768081665
6,563760	0,000724375247955322
6,667362	0,000345975160598755
6,771018	-0,000469163060188293
6,885081	-0,00147111713886261
6,999799	-0,00233323872089386
7,106037	-0,00283709168434143
7,212985	-0,00281637907028198
7,319155	-0,00222785770893097
7,424510	-0,00132863223552704
7,531023	-0,000303685665130615
7,633432	0,000376522541046143
7,734436	0,000807568430900574
7,841204	0,000718727707862854
7,944886	-5,0768256187439E-5
8,053706	-0,000826463103294373
8,167803	-0,00197763741016388
8,280569	-0,00265924632549286
8,391641	-0,00281260907649994
8,496527	-0,00245882570743561
8,600058	-0,00181536376476288
8,713925	-0,000660032033920288
8,828555	0,000188499689102173
8,941644	0,000729069113731384
9,043585	0,000676900148391724
9,154819	0,000141486525535583
9,269303	-0,00089794397354126
9,374677	-0,00173307955265045
9,474929	-0,00252468883991241
9,589334	-0,00289024412631989
9,703082	-0,00250963866710663
9,816635	-0,00170673429965973
9,917971	-0,00103993713855743
10,030860	2,53766775131226E-5
10,132124	0,000623300671577454
10,233710	0,000690996646881104
10,336583	0,00036148726940155
10,445993	-0,000424504280090332
10,549064	-0,00141939520835876
10,650723	-0,00229042768478394
10,762187	-0,00283379852771759
10,863768	-0,00279568135738373
10,971098	-0,00225795805454254
11,073447	-0,00134368240833282
11,177136	-0,000499725341796875
11,278053	0,000201180577278137
11,392298	0,000775128602981567
11,496039	0,000654801726341248
11,598412	5,64008951187134E-5
11,702012	-0,000699996948242188
11,813249	-0,0017123818397522
11,919114	-0,00262396037578583
12,028156	-0,0029081255197525
12,133352	-0,00273309648036957
12,239442	-0,00189578533172607
12,342367	-0,0011090487241745
12,445123	-0,000282064080238342
12,552011	0,000512376427650452
12,666374	0,000691473484039307
12,767359	0,000247254967689514
12,873885	-0,000457867980003357
12,979844	-0,00124447047710419
13,080687	-0,00221234560012817
13,191218	-0,00281214714050293
13,292389	-0,00290954113006592
13,393701	-0,00248564779758453
13,501352	-0,00161926448345184
13,606715	-0,000640764832496643
13,711177	0,000206351280212402
13,825615	0,0006590336561203
13,938545	0,000562205910682678
14,048650	-1,59889459609985E-5
14,160188	-0,000952005386352539
14,274765	-0,00210650265216827
14,375202	-0,00276416540145874
14,490070	-0,0029979944229126
14,600695	-0,00270816683769226
14,705838	-0,00183229148387909
14,806096	-0,00101876258850098
14,911879	-6,76959753036499E-5
15,016357	0,000509545207023621
15,127523	0,000654801726341248
15,238605	0,000206351280212402
15,344547	-0,000790730118751526
15,452697	-0,00160326063632965
15,563682	-0,00261220335960388
15,663805	-0,00297023355960846
15,771275	-0,00290530920028687
15,884364	-0,00220857560634613
15,999161	-0,00121484696865082
16,110765	-0,000287696719169617
16,220384	0,000395789742469788
16,334266	0,000615313649177551
16,443772	0,000139132142066956
16,553744	-0,000663802027702332
16,662390	-0,00165735185146332
16,768064	-0,0024094432592392
16,877334	-0,00298953056335449
16,982743	-0,00295424461364746
17,087818	-0,00248377025127411
17,198684	-0,00143726170063019
17,307374	-0,00050489604473114
17,419617	0,000293329358100891
17,529022	0,000565484166145325
17,640011	0,000335618853569031
17,747604	-0,000486090779304504
17,856280	-0,00134791433811188
17,962687	-0,0022466778755188
18,074547	-0,00293825566768646
18,179233	-0,00299893319606781
18,281463	-0,00244519114494324
18,382604	-0,00192071497440338
18,486845	-0,000745609402656555
18,589869	-1,69277191162109E-5
18,699262	0,000527411699295044
18,807590	0,000548109412193298
18,920508	-4,51356172561646E-5
19,029001	-0,000927075743675232
19,136624	-0,00174859166145325
19,243893	-0,0027109831571579
19,354536	-0,00298246741294861
19,455372	-0,00287002325057983
19,568328	-0,00218883156776428
19,678566	-0,00105638802051544
19,779910	-0,000151842832565308
19,894480	0,000500142574310303
20,006600	0,00062425434589386
20,119702	7,28517770767212E-5
20,219975	-0,00075124204158783
20,324873	-0,00163006782531738
20,436789	-0,0026380717754364
20,548522	-0,00302998721599579
20,650675	-0,00295142829418182
20,755256	-0,00240425765514374
20,867903	-0,00154682993888855
20,981095	-0,000420272350311279
21,082894	0,00021950900554657
21,186613	0,000515192747116089
21,289925	0,000337496399879456
21,392923	-0,000354930758476257
21,493643	-0,00115089118480682
21,601459	-0,00210604071617126
21,714418	-0,00298058986663818
21,829209	-0,0030474066734314
21,932749	-0,00263571739196777
22,034965	-0,00199975073337555
22,139137	-0,000814244151115417
22,245384	-0,000121757388114929
22,360969	0,000476181507110596
22,462942	0,000500142574310303
22,566648	-7,00503587722778E-5
22,677527	-0,000928029417991638
22,784037	-0,00178338587284088
22,894593	-0,00271664559841156
23,003020	-0,00302012264728546
23,113295	-0,00290483236312866
23,223230	-0,00223492085933685
23,332873	-0,00112220644950867
23,442867	-0,000196978449821472
23,554896	0,000480875372886658
23,666377	0,000603094696998596
23,777663	0,000126913189888
23,889299	-0,000696226954460144
24,001263	-0,00186286866664886
24,112820	-0,00253880023956299
24,224755	-0,00297494232654572
24,336330	-0,00280509889125824
24,448289	-0,00207358598709106
24,560296	-0,00110575556755066
24,671834	-0,000160783529281616
24,783888	0,000593692064285278
24,894194	0,000650569796562195
25,006206	0,00021575391292572
25,116744	-0,000616773962974548
25,221545	-0,00161643326282501
25,326999	-0,00243531167507172
25,439636	-0,00289495289325714
25,550513	-0,0027938038110733
25,663374	-0,0020115077495575
25,770354	-0,00108036398887634
25,879525	-0,000127866864204407
25,985918	0,000445619225502014
26,091392	0,000680655241012573
26,206310	0,000343143939971924
26,319815	-0,000458821654319763
26,424940	-0,00144524872303009
26,534253	-0,00243626534938812
26,642542	-0,00286014378070831
26,756669	-0,00279521942138672
26,858529	-0,00230829417705536
26,972862	-0,00128161907196045
27,088261	-0,000293806195259094
27,201737	0,000395789742469788
27,304153	0,000643521547317505
27,410447	0,00026606023311615
27,516263	-0,000542968511581421
27,625842	-0,00136813521385193
27,739899	-0,0024503618478775
27,849573	-0,00300081074237823
27,954123	-0,00297681987285614
28,058098	-0,00244708359241486
28,168680	-0,00155247747898102
28,283384	-0,000376075506210327
28,393697	0,000333741307258606
28,496649	0,000613898038864136
28,606737	0,000447973608970642
28,706769	-0,000190868973731995
28,807008	-0,00111609697341919
28,917063	-0,00193952023983002
29,031432	-0,00274628400802612
29,142861	-0,00293213129043579
29,251197	-0,00259102880954742
29,357632	-0,00176973640918732
29,464653	-0,000767692923545837
29,575810	0,000108584761619568
29,679666	0,000634580850601196
29,790328	0,000620484352111816
29,895317	0,000130206346511841
30,005521	-0,000779449939727783
30,114785	-0,00178574025630951
30,225246	-0,00258302688598633
30,326309	-0,00300128757953644
30,430855	-0,0027364045381546
30,539006	-0,00229465961456299
30,643854	-0,00118380784988403
30,748268	-0,000216707587242126
30,852361	0,000378876924514771
30,963204	0,000681132078170776
31,066438	0,000378414988517761
31,166979	-0,000244453549385071
31,270474	-0,00100277364253998
31,379994	-0,00211496651172638
31,481309	-0,00271569192409515
31,583452	-0,0028422623872757
31,685659	-0,00251857936382294
31,790080	-0,00170062482357025
31,900182	-0,000736191868782043
32,003357	4,04268503189087E-5
32,109344	0,000686764717102051
32,224325	0,000696167349815369
32,337585	7,42673873901367E-5
32,448160	-0,000681653618812561
32,558099	-0,00167427957057953
32,667677	-0,00259572267532349
32,779927	-0,0029245913028717
32,884895	-0,00267383456230164
32,994095	-0,00195835530757904
33,094821	-0,00101830065250397
33,208168	-7,9914927482605E-5
33,312716	0,000430107116699219
33,423066	0,000649169087409973
33,535818	0,000249132513999939
33,647532	-0,000573530793190002
33,751693	-0,00154682993888855
33,862234	-0,00243014097213745
33,971043	-0,00288930535316467
34,071433	-0,00281825661659241
34,177877	-0,00237792730331421
34,286169	-0,00132487714290619
34,392939	-0,000365734100341797
34,497543	0,000269815325737
34,602314	0,000668421387672424
34,712935	0,000432923436164856
34,825448	-0,000250086188316345
34,935054	-0,00124165415763855
35,039968	-0,0021987110376358
35,145802	-0,00284555554389954
35,249596	-0,00302106142044067
35,359934	-0,0026949942111969
35,475101	-0,00179420411586761
35,589676	-0,000666141510009766
35,704976	0,000123158097267151
35,810173	0,000466302037239075
35,919922	0,000351622700691223
36,023301	-0,000259488821029663
36,124255	-0,0010286420583725
36,238216	-0,00199785828590393
36,347404	-0,00285589694976807
36,459311	-0,00308552384376526
36,568103	-0,00276745855808258
36,678322	-0,00184029340744019
36,780732	-0,0010046511888504
36,891681	-8,60244035720825E-5
37,000058	0,000486984848976135
37,109816	0,000501558184623718
37,219831	-1,97440385818481E-5
37,324879	-0,000913918018341064
37,426846	-0,00172366201877594
37,538929	-0,00254444777965546
37,645896	-0,0029655247926712
37,753498	-0,00284461677074432
37,857914	-0,00222927331924438
37,959289	-0,00130794942378998
38,073951	-0,000351160764694214
38,178134	0,000321999192237854
38,287698	0,000550448894500732
38,402493	0,000148549675941467
38,517403	-0,000670850276947021
38,626349	-0,0016314834356308
38,735521	-0,00263477861881256
38,850001	-0,00302717089653015
38,960241	-0,00294859707355499
39,068052	-0,00247529149055481
39,179512	-0,00156375765800476
39,294921	-0,0004376620054245
39,403982	0,000327169895172119
39,508549	0,000510960817337036
39,611300	0,000206351280212402
39,720205	-0,000512406229972839
39,820843	-0,00162160396575928
39,929576	-0,00224949419498444
40,034042	-0,0028756707906723
40,142752	-0,00302670896053314
40,251105	-0,00256609916687012
40,356414	-0,00185440480709076
40,471907	-0,000881478190422058
40,585681	0,000215277075767517
40,696432	0,000565961003303528
40,804515	0,000416010618209839
40,914920	-0,000150427222251892
41,024373	-0,00125105679035187
41,129006	-0,00204677879810333
41,236990	-0,00276274979114532
41,341573	-0,00304175913333893
41,455697	-0,00263194739818573
41,564805	-0,0018492192029953
41,679054	-0,00087583065032959
41,787977	1,87903642654419E-5
41,892079	0,000497803092002869
41,992472	0,00055985152721405
42,103290	0,000111863017082214
42,217790	-0,000876307487487793
42,318005	-0,0018172413110733
42,422407	-0,00262489914894104
42,536106	-0,0029580146074295
42,640403	-0,00275099277496338
42,755165	-0,00211167335510254
42,869311	-0,00112549960613251
42,979332	-0,000225171446800232
43,089543	0,000494047999382019
43,205073	0,000599801540374756
43,315647	0,000141486525535583
43,425309	-0,000673204660415649
43,536666	-0,00165641307830811
43,642758	-0,00273969769477844
43,757111	-0,00298105180263519
43,871186	-0,00283096730709076
43,980678	-0,00217330455780029
44,084365	-0,00104933977127075
44,185431	-0,000314489006996155
44,294743	0,000355839729309082
44,402908	0,000518962740898132
44,507065	0,000152304768562317
44,617759	-0,000594213604927063
44,725424	-0,00159433484077454
44,825942	-0,00246401131153107
44,940440	-0,0029904693365097
45,050479	-0,00303329527378082
45,159700	-0,0024992972612381
45,268815	-0,00148758292198181
45,369055	-0,000537797808647156
45,479652	0,000107169151306152
45,588685	0,000452682375907898
45,690875	0,000331386923789978
45,801032	-0,000331416726112366
45,910753	-0,00140340626239777
46,020066	-0,00216390192508698
46,131442	-0,00290341675281525
46,231796	-0,0029815286397934
46,337889	-0,0026705414056778
46,452899	-0,00175376236438751
46,562885	-0,00076158344745636
46,673878	2,82078981399536E-5
46,788286	0,000476181507110596
46,895693	0,000395327806472778
47,008263	-0,000332355499267578
47,113203	-0,0012454092502594
47,217808	-0,00207029283046722
47,322162	-0,00278438627719879
47,427621	-0,00306764245033264
47,533029	-0,00289353728294373
47,643508	-0,0020844042301178
47,744315	-0,00115136802196503
47,846644	-0,00036950409412384
47,956516	0,00029754638671875
48,067582	0,000470533967018127
48,172148	9,68426465988159E-5
48,276588	-0,000576809048652649
48,387807	-0,00170062482357025
48,492460	-0,00254586338996887
48,604597	-0,00303234159946442
48,709775	-0,00298859179019928
48,817546	-0,00252233445644379
48,923042	-0,00164701044559479
49,033096	-0,000543907284736633
49,133294	6,62803649902344E-5
49,240113	0,000442788004875183
49,354799	0,000270754098892212
49,458408	-0,000337526202201843
49,572919	-0,0012613832950592
49,676689	-0,00222504138946533
49,779347	-0,0029820054769516
49,884295	-0,00314386188983917
49,997500	-0,00282061100006104
50,112781	-0,00205899775028229
50,223574	-0,000969871878623962
50,326939	-0,000122696161270142
50,427370	0,000259473919868469
50,533435	0,000277802348136902
50,638134	-0,000202611088752747
50,748419	-0,00106483697891235
50,855112	-0,00202326476573944
50,958161	-0,00285966694355011
51,069763	-0,0032535195350647
51,180646	-0,00311703979969025
51,290922	-0,0024903416633606
51,395160	-0,00155623257160187
51,499978	-0,000616312026977539
51,610797	6,95735216140747E-5
51,716324	0,000287219882011414
51,824358	-1,50501728057861E-5
51,932929	-0,000888541340827942
52,038894	-0,00169920921325684
52,153101	-0,00271710753440857
52,253180	-0,00318150222301483
52,357734	-0,0032040923833847
52,472527	-0,00270722806453705
52,573332	-0,00169074535369873
52,678371	-0,000720217823982239
52,783360	-0,000181928277015686
52,888008	0,000318706035614014
52,998949	0,000221863389015198
53,102512	-0,000378906726837158
53,207664	-0,00109918415546417
53,318629	-0,00221186876296997
53,423677	-0,00282531976699829
53,528750	-0,00313352048397064
53,643675	-0,00293448567390442
53,747034	-0,00223398208618164
53,853086	-0,00110717117786407
53,957055	-0,000367626547813416
54,066276	0,000271216034889221
54,174239	0,000407546758651733
54,274905	-6,34640455245972E-5
54,378489	-0,000716924667358398
54,492842	-0,00170062482357025
54,592845	-0,00254634022712708
54,698382	-0,00301399827003479
54,802885	-0,00301870703697205
54,908662	-0,00247387588024139
55,019404	-0,001760333776474
55,124894	-0,000787436962127686
55,226432	-1,26957893371582E-5
55,326999	0,000400960445404053
55,432439	0,000338912010192871
55,543299	-0,000322476029396057
55,644578	-0,00121484696865082
55,754748	-0,00218647718429565
55,854800	-0,00268323719501495
55,965029	-0,00313399732112885
56,066777	-0,0029161274433136
56,168587	-0,00236240029335022
56,269328	-0,00146548449993134
56,371625	-0,000489845871925354
56,485376	0,000266999006271362
56,595603	0,000441864132881165
56,700995	0,000190377235412598
56,810356	-0,000701874494552612
56,914472	-0,00147111713886261
57,019944	-0,00227773189544678
57,120426	-0,00296881794929504
57,229935	-0,00296741724014282
57,339642	-0,00267712771892548
57,454166	-0,00152803957462311
57,569015	-0,000564113259315491
57,672708	9,26107168197632E-5
57,775606	0,00049920380115509
57,877594	0,000364765524864197
57,992170	-0,000220015645027161
58,102453	-0,00113725662231445
58,214693	-0,00227443873882294
58,324421	-0,00283615291118622
58,438057	-0,00311751663684845
58,544627	-0,00276227295398712
58,657194	-0,00197622179985046
58,771424	-0,00102393329143524
58,881977	-4,74900007247925E-5
58,992846	0,000379353761672974
59,106608	0,000278279185295105
59,217837	-0,000430598855018616
59,319279	-0,00119791924953461
59,433002	-0,00215400755405426
59,547886	-0,00292694568634033
59,659274	-0,00306528806686401
59,769165	-0,00260655581951141
59,883839	-0,00174529850482941
59,998258	-0,000613018870353699
60,104881	3,10242176055908E-5
60,214781	0,000459715723991394
60,319881	0,000332340598106384
60,424987	-0,00024162232875824
60,534256	-0,00099337100982666
60,644459	-0,00213001668453217
60,753990	-0,00284038484096527
60,868552	-0,00314763188362122
60,974089	-0,00287473201751709
61,080225	-0,00199598073959351
61,182992	-0,00121390819549561
61,298505	-0,000179573893547058
61,410010	0,000256180763244629
61,521610	0,00030459463596344
61,624076	-0,000160306692123413
61,735276	-0,00103946030139923
61,840717	-0,00181396305561066
61,940869	-0,00274346768856049
62,052517	-0,00306951999664307
62,166140	-0,00286860764026642
62,278319	-0,00206089019775391
62,378650	-0,00109024345874786
62,488080	-0,000311672687530518
62,597596	0,000390157103538513
62,707403	0,000524595379829407
62,815318	0,000180035829544067
62,918523	-0,000576809048652649
63,026649	-0,00137518346309662
63,140591	-0,00244049727916718
63,250342	-0,00297258794307709
63,361762	-0,00294859707355499
63,471157	-0,00239627063274384
63,571862	-0,00147724151611328
63,683537	-0,000397235155105591
63,787587	0,00016312301158905
63,888736	0,000423058867454529
63,999209	0,000255241990089417
64,113259	-0,000498786568641663
64,217891	-0,00127032399177551
64,332519	-0,00219729542732239
64,438816	-0,00290153920650482
64,553848	-0,0029815286397934
64,662703	-0,00247059762477875
64,772751	-0,00175328552722931
64,886870	-0,000640764832496643
64,996941	0,000237852334976196
65,106747	0,000533521175384521
65,222148	0,000278279185295105
65,330343	-0,000374197959899902
65,440648	-0,00148852169513702
65,550883	-0,00236710906028748
65,664877	-0,00281120836734772
65,771839	-0,00293682515621185
65,885269	-0,00247812271118164
65,990249	-0,00166769325733185
66,105164	-0,000705644488334656
66,214279	0,000139608979225159
66,321871	0,000589936971664429
66,431371	0,000452682375907898
66,536451	-4,74900007247925E-5
66,638976	-0,000949651002883911
66,739275	-0,00189767777919769
66,848873	-0,00275193154811859
66,963705	-0,00296458601951599
67,074072	-0,00261501967906952
67,182818	-0,00189203023910522
67,291869	-0,000906869769096375
67,402019	-4,79519367218018E-5
67,503749	0,000464901328086853
67,609240	0,000504851341247559
67,720445	4,69386577606201E-6
67,824346	-0,000838220119476318
67,925098	-0,00164371728897095
68,030536	-0,00250211358070374
68,136378	-0,00291424989700317
68,240027	-0,00292271375656128
68,350478	-0,00235864520072937
68,460294	-0,00145889818668365
68,565938	-0,000511467456817627
68,681085	0,000250548124313354
68,786382	0,000527888536453247
68,890086	0,000312596559524536
68,999459	-0,000225648283958435
69,104737	-0,00133098661899567
69,212773	-0,00222739577293396
69,324490	-0,00292883813381195
69,428055	-0,00301729142665863
69,538053	-0,00250022113323212
69,647385	-0,00167287886142731
69,757622	-0,000695288181304932
69,867869	-1,17570161819458E-5
69,981720	0,000468656420707703
70,087800	0,000376060605049133
70,202244	-0,000253856182098389
70,306653	-0,000983968377113342
70,415851	-0,00223162770271301
70,521589	-0,00280603766441345
70,631034	-0,00300976634025574
70,741383	-0,00273121893405914
70,841660	-0,00197482109069824
70,950613	-0,00101123750209808
71,060506	-0,000141024589538574
71,174777	0,000418826937675476
71,284894	0,000435754656791687
71,391377	2,34991312026978E-5
71,498591	-0,000788852572441101
71,607887	-0,00191131234169006
71,716592	-0,00275099277496338
71,826496	-0,00298105180263519
71,937659	-0,00284132361412048
72,045264	-0,00206981599330902
72,155321	-0,00113067030906677
72,258168	-0,000213891267776489
72,372666	0,000411763787269592
72,482536	0,000527888536453247
72,597868	7,75605440139771E-5
72,708321	-0,00089794397354126
72,816473	-0,00156046450138092
72,922410	-0,00251670181751251
73,036821	-0,00292883813381195
73,151764	-0,00281073153018951
73,256959	-0,00217989087104797
73,371839	-0,00110717117786407
73,472558	-0,000201672315597534
73,582252	0,000349268317222595
73,688403	0,000551387667655945
73,798233	0,000172033905982971
73,903934	-0,000628530979156494
74,009080	-0,0014541894197464
74,114099	-0,0023525208234787
74,219527	-0,00296694040298462
74,327930	-0,00303187966346741
74,428646	-0,00257879495620728
74,539646	-0,0017363578081131
74,642947	-0,000750303268432617
74,748027	-6,34640455245972E-5
74,852826	0,000442788004875183
74,957579	0,000408008694648743
75,062069	-0,000226587057113647
75,172309	-0,00112973153591156
75,276301	-0,00192682445049286
75,377470	-0,00269263982772827
75,486746	-0,00303705036640167
75,601224	-0,00284461677074432
75,712659	-0,00216907262802124
75,823763	-0,00106295943260193
75,926663	-0,000289112329483032
76,036581	0,000412240624427795
76,150739	0,000498265027999878
76,260291	5,45233488082886E-5
76,369976	-0,000767230987548828
76,483384	-0,00174999237060547
76,598639	-0,00259055197238922
76,703502	-0,00305163860321045
76,803915	-0,00295330584049225
76,911175	-0,0023525208234787
77,024423	-0,0012933760881424
77,127518	-0,000509589910507202
77,237939	0,000280633568763733
77,343740	0,000442788004875183
77,457787	0,000108107924461365
77,558512	-0,000652506947517395
77,659084	-0,00144714117050171
77,768241	-0,00220905244350433
77,883049	-0,00299657881259918
77,992216	-0,00302717089653015
78,094707	-0,00258538126945496
78,205605	-0,00177069008350372
78,318006	-0,000644996762275696
78,432638	9,82433557510376E-5
78,538695	0,000440448522567749
78,653665	0,000260889530181885
78,762744	-0,00053638219833374
78,867874	-0,00132347643375397
78,973098	-0,00227914750576019
79,082164	-0,00295236706733704
79,188210	-0,00311939418315887
79,302985	-0,00270016491413116
79,408038	-0,00187274813652039
79,509706	-0,00105497241020203
79,618975	-0,000194147229194641
79,724666	0,000331863760948181
79,830424	0,000357717275619507
79,933630	-0,000250086188316345
80,035200	-0,000977396965026855
80,141512	-0,00179702043533325
80,246986	-0,00262537598609924
80,355732	-0,00310386717319489
80,465208	-0,00300176441669464
80,571520	-0,00242355465888977
80,676939	-0,00135919451713562
80,781007	-0,000435307621955872
80,896286	0,000145256519317627
81,007438	0,000425875186920166
81,113280	0,000119403004646301
81,219404	-0,000628069043159485
81,323028	-0,00142033398151398
81,437843	-0,00233040750026703
81,539463	-0,00304646790027618
81,648662	-0,00305634737014771
81,758786	-0,00252939760684967
81,867898	-0,00182242691516876
81,968992	-0,000694349408149719
82,074198	8,74251127243042E-5
82,175877	0,000402837991714478
82,288997	0,000393912196159363
82,403209	-0,000410869717597961
82,506417	-0,0010126531124115
82,617785	-0,00210227072238922
82,733205	-0,0027688592672348
82,847604	-0,00297071039676666
82,957899	-0,00253927707672119
83,066985	-0,00187556445598602
83,181691	-0,000755012035369873
83,291607	8,50856304168701E-5
83,398318	0,000568300485610962
83,502904	0,000499680638313293
83,603835	-4,32580709457397E-5
83,718675	-0,000910148024559021
83,828986	-0,00185580551624298
83,939217	-0,00268135964870453
84,054791	-0,0028831958770752
84,166167	-0,0025642067193985
84,270441	-0,0018087774515152
84,376180	-0,000838696956634521
84,479550	2,6315450668335E-5
84,589470	0,000569716095924377
84,699023	0,000620022416114807
84,812766	0,000148072838783264
84,925341	-0,000670388340950012
85,036046	-0,00164559483528137
85,145257	-0,0025486946105957
85,260689	-0,00284697115421295
85,370941	-0,00264701247215271
85,482198	-0,00195033848285675
85,592525	-0,000864073634147644
85,693950	-0,000147610902786255
85,799507	0,000466302037239075
85,903915	0,000554680824279785
86,004332	0,000274047255516052
86,109987	-0,000478565692901611
86,215172	-0,00143961608409882
86,321572	-0,00244331359863281
86,431034	-0,00291566550731659
86,537366	-0,00294718146324158
86,652011	-0,00237603485584259
86,752202	-0,00167663395404816
86,862886	-0,000546723604202271
86,968377	0,000149473547935486
87,069394	0,000456437468528748
87,170144	0,000367119908332825
87,281274	-0,00015278160572052
87,389529	-0,00115935504436493
87,496015	-0,00212202966213226
87,600213	-0,00269170105457306
87,701951	-0,00301681458950043
87,811800	-0,00279521942138672
87,917474	-0,00209051370620728
88,023071	-0,0011809915304184
88,133465	-0,00023457407951355
88,236561	0,000366643071174622
88,340742	0,000513792037963867
88,441297	0,000221863389015198
88,554652	-0,000837758183479309
88,664169	-0,00180548429489136
88,774172	-0,00249788165092468
88,885380	-0,00300928950309753
88,985681	-0,00294530391693115
89,089418	-0,00244802236557007
89,189592	-0,00170014798641205
89,289744	-0,000754073262214661
89,400082	4,51207160949707E-5
89,510936	0,000480398535728455
89,616315	0,00038968026638031
89,720459	-0,000360563397407532
89,831507	-0,00124964118003845
89,935783	-0,00190331041812897
90,037703	-0,00271616876125336
90,138189	-0,00300835072994232
90,241810	-0,00281873345375061
90,346920	-0,00224713981151581
90,453700	-0,0011885017156601
90,558064	-0,000379845499992371
90,670239	0,000255241990089417
90,776157	0,000500619411468506
90,887744	0,000139608979225159
90,987929	-0,00051194429397583
91,088941	-0,00126844644546509
91,199100	-0,00237934291362762
91,304623	-0,0029984712600708
91,409008	-0,00300928950309753
91,515040	-0,00267665088176727
91,620060	-0,00170297920703888
91,725827	-0,000948712229728699
91,838329	-5,59389591217041E-5
91,942963	0,00048886239528656
92,048654	0,000359132885932922
92,155234	-2,67922878265381E-5
92,261503	-0,000919565558433533
92,362300	-0,00184546411037445
92,467160	-0,00260703265666962
92,574172	-0,00296929478645325
92,679503	-0,00272417068481445
92,786417	-0,00208722054958344
92,897034	-0,0011325478553772
92,997687	-0,000191330909729004
93,098839	0,000416472554206848
93,205293	0,00064539909362793
93,306130	0,000411763787269592
93,410285	-0,000350698828697205
93,516356	-0,0011490136384964
93,620290	-0,00209474563598633
93,735048	-0,00273828208446503
93,836432	-0,00294718146324158
93,951602	-0,00252141058444977
94,056121	-0,00184687972068787
94,157924	-0,000760659575462341
94,258138	-1,88052654266357E-5
94,372775	0,000452205538749695
94,478674	0,000463008880615234
94,580017	-2,49147415161133E-5
94,684453	-0,000923797488212585
94,792238	-0,00170156359672546
94,898815	-0,00258679687976837
95,003511	-0,00306528806686401
95,107329	-0,00295424461364746
95,208035	-0,00252422690391541
95,318476	-0,00145794451236725
95,429717	-0,000542029738426208
95,535812	0,00018756091594696
95,640705	0,000470057129859924
95,752887	0,00021575391292572
95,862801	-0,000439077615737915
95,973766	-0,00139448046684265
96,086853	-0,00231818854808807
96,199752	-0,00294859707355499
96,304824	-0,00299423933029175
96,408699	-0,00247247517108917
96,520221	-0,00141845643520355
96,629087	-0,000645458698272705
96,735550	0,000175803899765015
96,842030	0,000530228018760681
96,944930	0,000455498695373535
97,050326	-0,00021342933177948
97,150936	-0,00115983188152313
97,261747	-0,00193105638027191
97,371939	-0,00270064175128937
97,473356	-0,00300458073616028
97,585499	-0,00276133418083191
97,695955	-0,00209145247936249
97,795977	-0,00112126767635345
97,905297	-0,000231280922889709
98,016300	0,000353962182998657
98,121888	0,00048510730266571
98,227869	5,68777322769165E-5
98,335466	-0,000723496079444885
98,437397	-0,00183747708797455
98,546602	-0,00254444777965546
98,653084	-0,00299565494060516
98,761812	-0,00296458601951599
98,869042	-0,00239767134189606
98,970485	-0,00148288905620575
99,076944	-0,000401929020881653
99,180812	0,000111863017082214
99,284742	0,000469118356704712
99,394594	0,000248655676841736
99,503097	-0,000412270426750183
99,604208	-0,0012049674987793
99,713711	-0,00197669863700867
99,814552	-0,00283850729465485
99,915188	-0,00304223597049713
100,028870	-0,00282342731952667
100,132518	-0,00200444459915161
100,238013	-0,00102393329143524
100,344871	-0,000305086374282837
100,446440	0,00025571882724762
100,553329	0,000455021858215332
100,663041	6,01708889007568E-5
100,764381	-0,000552847981452942
100,867108	-0,00168697535991669
100,968807	-0,0024014413356781
101,070578	-0,00296035408973694
101,176966	-0,00302200019359589
101,281736	-0,00249128043651581
101,386413	-0,00181630253791809
101,486622	-0,000988215208053589
101,586848	-2,35438346862793E-6
101,699407	0,000455960631370544
101,809494	0,000442788004875183
101,920624	-0,000114232301712036
102,030088	-0,000970333814620972
102,131367	-0,00193764269351959
102,240843	-0,00270628929138184
102,352366	-0,00300222635269165
102,455935	-0,00280226767063141
102,563885	-0,00209662318229675
102,668916	-0,00114807486534119
102,770109	-0,000247746706008911
102,884871	0,000381231307983398
102,991262	0,000503435730934143
103,101761	0,000129267573356628
103,202026	-0,000650167465209961
103,307912	-0,00147582590579987
103,417382	-0,00235393643379211
103,528963	-0,00294953584671021
103,629141	-0,00297729671001434
103,739130	-0,00254209339618683
103,844915	-0,00172601640224457
103,946222	-0,000744655728340149
104,054375	0,000145256519317627
104,167421	0,000441387295722961
104,279796	0,000342682003974915
104,389398	-0,000408992171287537
104,492267	-0,0013413280248642
104,595645	-0,00212955474853516
104,702833	-0,00284509360790253
104,804250	-0,00307516753673553
104,913663	-0,00280039012432098
105,014072	-0,00220388174057007
105,126720	-0,00128020346164703
105,232672	-0,000249624252319336
105,341832	0,000319182872772217
105,449159	0,000383108854293823
105,556089	-4,55975532531738E-5
105,663319	-0,00100748240947723
105,775113	-0,00182901322841644
105,883070	-0,00262489914894104
105,992976	-0,00304505228996277
106,097715	-0,00292694568634033
106,203236	-0,00230172276496887
106,308978	-0,00156329572200775
106,409633	-0,000445649027824402
106,511748	0,000149011611938477
106,611764	0,000463008880615234
106,711906	0,000295206904411316
106,812178	-0,00023786723613739
106,927113	-0,0011250227689743
107,040714	-0,00208675861358643
107,152227	-0,00288742780685425
107,257656	-0,0030474066734314
107,364764	-0,00280274450778961
107,475574	-0,00206418335437775
107,576062	-0,000967040657997131
107,684302	-0,000247746706008911
107,785584	0,000318706035614014
107,897449	0,000371828675270081
108,009693	-0,000169709324836731
108,119048	-0,00103099644184113
108,224141	-0,00200586020946503
108,335656	-0,00276604294776917
108,435939	-0,00312598049640656
108,544409	-0,00301022827625275
108,646514	-0,00240896642208099
108,752338	-0,00152003765106201
108,862010	-0,000558003783226013
108,968810	0,000141486525535583
109,079096	0,000408008694648743
109,183065	0,000175803899765015
109,286410	-0,000526055693626404
109,396927	-0,00144948065280914
109,502265	-0,00234922766685486
109,603611	-0,00298294425010681
109,716150	-0,00297071039676666
109,828949	-0,00258819758892059
109,938503	-0,00160890817642212
110,039483	-0,000795438885688782
110,151507	-1,89244747161865E-6
110,264324	0,000446096062660217
110,373970	0,000309303402900696
110,476755	-0,000181928277015686
110,585236	-0,00105403363704681
110,697742	-0,00200961530208588
110,804754	-0,0028018057346344
110,914650	-0,00297681987285614
111,020563	-0,00265030562877655
111,121263	-0,00203266739845276
111,227117	-0,0011250227689743
111,335237	-0,000246807932853699
111,435827	0,00022609531879425
111,540234	0,000360071659088135
111,655956	-0,000165000557899475
111,768696	-0,000867366790771484
111,878121	-0,00182665884494781
111,989454	-0,00275616347789764
112,093097	-0,00313727557659149
112,207695	-0,0029490739107132
112,308851	-0,00244754552841187
112,415362	-0,00126373767852783
112,518399	-0,000653922557830811
112,619847	1,55121088027954E-5
112,721174	0,000284388661384583
112,829996	3,19629907608032E-5
112,936234	-0,00062994658946991
113,036437	-0,00137002766132355
113,136579	-0,00240990519523621
113,237658	-0,00289119780063629
113,343946	-0,00304552912712097
113,451042	-0,00266535580158234
113,557168	-0,00183841586112976
113,659626	-0,00087583065032959
113,765287	-0,000253856182098389
113,876221	0,000426352024078369
113,991474	0,000506728887557983
114,101814	-2,06828117370605E-5
114,211616	-0,000894650816917419
114,314209	-0,0018572211265564
114,419571	-0,00264701247215271
114,531126	-0,00300411880016327
114,634407	-0,00286908447742462
114,739369	-0,002376988530159
114,852851	-0,00147818028926849
114,957734	-0,000396296381950378
115,061245	0,000154182314872742
115,161531	0,00045737624168396
115,268557	0,000216692686080933
115,374902	-0,000315442681312561
115,487130	-0,00136202573776245
115,596583	-0,00240238010883331
115,709879	-0,00286956131458282
115,819510	-0,0029984712600708
115,930398	-0,00250117480754852
116,035682	-0,00181348621845245
116,148663	-0,000903576612472534
116,256172	-0,000106707215309143
116,369478	0,000336095690727234
116,472376	0,00016358494758606
116,578024	-0,000311672687530518
116,681080	-0,0011885017156601
116,787546	-0,00211873650550842
116,890270	-0,00283144414424896
117,001101	-0,00312504172325134
117,105375	-0,00286766886711121
117,217719	-0,00217753648757935
117,325428	-0,00124211609363556
117,438416	-0,000348344445228577
117,543945	0,000287681818008423
117,654731	0,000326693058013916
117,760454	-0,000120341777801514
117,860694	-0,000791206955909729
117,969895	-0,00171896815299988
118,079833	-0,00254163146018982
118,187347	-0,00297446548938751
118,298357	-0,00289401412010193
118,404913	-0,00219164788722992
118,508419	-0,0012613832950592
118,612823	-0,000497832894325256
118,717005	0,000213876366615295
118,817710	0,000504851341247559
118,925570	0,000345975160598755
119,029726	-0,000263258814811707
119,139651	-0,00133897364139557
119,249127	-0,00240097939968109
119,364046	-0,00294671952724457
119,466480	-0,0030474066734314
119,570099	-0,00262537598609924
119,674606	-0,00197669863700867
119,783656	-0,00107942521572113
119,894291	-0,000838220119476318
120,003815	-0,00179091095924377
120,112481	-0,0037665069103241
120,223318	-0,0063919872045517
120,337119	-0,009147047996521
120,450070	-0,0117525011301041
120,564189	-0,0129219144582748
120,675515	-0,012919083237648
120,775794	-0,0118902772665024
120,888613	-0,00980187952518463
121,003067	-0,00727750360965729
121,118068	-0,00469256937503815
121,227296	-0,00363330543041229
121,328314	-0,0036756694316864
121,435789	-0,004747673869133
121,550427	-0,00738126039505005
121,653763	-0,0099739134311676
121,754949	-0,011749193072319
121,855107	-0,0128944367170334
121,962330	-0,0127034932374954
122,068644	-0,0109021216630936
122,181981	-0,00848406553268433
122,292814	-0,00602953135967255
122,404505	-0,00431115925312042
122,507729	-0,00373168289661407
122,621877	-0,00463183224201202
122,727554	-0,00622652471065521
122,832685	-0,00862900912761688
122,946388	-0,0112848728895187
123,046964	-0,0124306231737137
123,161641	-0,0124334543943405
123,263274	-0,0112801492214203
123,365594	-0,00858557224273682
123,477198	-0,0065065324306488
123,579636	-0,00449950993061066
123,682197	-0,00349493324756622
123,793875	-0,00389359891414642
123,895593	-0,00543724000453949
124,009343	-0,00824002921581268
124,111348	-0,0103265643119812
124,211848	-0,0121829062700272
124,324926	-0,0128460973501205
124,428144	-0,0119949132204056
124,528595	-0,00997722148895264
124,639360	-0,00786484777927399
124,741015	-0,00582170486450195
124,844319	-0,00389547646045685
124,955857	-0,00351893901824951
125,058224	-0,00447173416614532
125,172290	-0,00611482560634613
125,277709	-0,0090620368719101
125,380093	-0,0110752582550049
125,482749	-0,0127655565738678
125,596123	-0,0127030164003372
125,697248	-0,0115958154201508
125,797723	-0,00930623710155487
125,910594	-0,0067795068025589
126,024809	-0,00444535911083221
126,132296	-0,0036008208990097
126,247191	-0,00430221855640411
126,347922	-0,00575338304042816
126,460968	-0,00817820429801941
126,562969	-0,0106433779001236
126,665898	-0,01236192882061
126,780633	-0,0128442049026489
126,894971	-0,0117908418178558
126,995476	-0,00965963304042816
127,098543	-0,00712752342224121
127,211118	-0,00522100925445557
127,312239	-0,00369919836521149
127,417767	-0,00363282859325409
127,525358	-0,00476415455341339
127,635674	-0,00733551383018494
127,735893	-0,00945410132408142
127,844135	-0,0116829127073288
127,956458	-0,0128214657306671
128,060311	-0,0125391036272049
128,163223	-0,0109271854162216
128,264337	-0,00891326367855072
128,379516	-0,00604084134101868
128,483602	-0,00425279140472412
128,586730	-0,00363047420978546
128,697186	-0,00410214066505432
128,802761	-0,00611434876918793
128,906058	-0,00818103551864624
129,017777	-0,010662779211998
129,127005	-0,0124239921569824
129,233206	-0,0128636360168457
129,337989	-0,0116341561079025
129,444878	-0,00983542203903198
129,559199	-0,00728693604469299
129,662648	-0,00450657308101654
129,769273	-0,00371330976486206
129,878325	-0,00379380583763123
129,981032	-0,00509099662303925
130,081156	-0,00773084163665771
130,182246	-0,00982077419757843
130,295535	-0,0116459876298904
130,396738	-0,0128693133592606
130,508871	-0,0121379196643829
130,609403	-0,0105965584516525
130,712764	-0,00851617753505707
130,825136	-0,00568318367004395
130,940303	-0,00401410460472107
131,055873	-0,00354953110218048
131,161992	-0,00442840158939362
131,274984	-0,00674650073051453
131,375235	-0,0092802494764328
131,488221	-0,0111888200044632
131,590163	-0,0125850439071655
131,692359	-0,0126234292984009
131,807006	-0,0112385004758835
131,909630	-0,00935536623001099
132,022487	-0,00642874836921692
132,122669	-0,0044349879026413
132,234115	-0,00355611741542816
132,343306	-0,00380086898803711
132,456627	-0,00593197345733643
132,568535	-0,00882920622825623
132,676497	-0,0104372054338455
132,785723	-0,0124182999134064
132,899751	-0,0126978009939194
133,012392	-0,0115106254816055
133,116639	-0,00931048393249512
133,228259	-0,0067620575428009
133,332499	-0,00462335348129272
133,445096	-0,00351846218109131
133,554999	-0,00383287668228149
133,661002	-0,00509901344776154
133,772229	-0,00781860947608948
133,886715	-0,0102797597646713
133,987641	-0,0121099799871445
134,098329	-0,0126527845859528
134,210386	-0,0117482393980026
134,311534	-0,00930340588092804
134,415893	-0,00759449601173401
134,525534	-0,00528554618358612
134,635071	-0,00365637242794037
134,749350	-0,00359375774860382
134,850051	-0,00455507636070251
134,954038	-0,00699783861637115
135,059553	-0,0091187059879303
135,168144	-0,0113516002893448
135,279276	-0,0125722587108612
135,381595	-0,0122449547052383
135,489047	-0,0108524411916733
135,593273	-0,00848312675952911
135,702758	-0,00564076006412506
135,807776	-0,0041501522064209
135,911763	-0,00344504415988922
136,016349	-0,00383146107196808
136,130553	-0,00578637421131134
136,241614	-0,00824710726737976
136,357118	-0,0110132843255997
136,463254	-0,0123382657766342
136,573829	-0,0125822126865387
136,687640	-0,0112455934286118
136,797177	-0,00855959951877594
136,899175	-0,00645986199378967
137,013451	-0,00447690486907959
137,122538	-0,00352081656455994
137,225210	-0,00389547646045685
137,337356	-0,00583773851394653
137,438543	-0,00785069167613983
137,550694	-0,0103365033864975
137,658810	-0,0122013837099075
137,761558	-0,0127778798341751
137,861801	-0,0119262635707855
137,969268	-0,00990159809589386
138,070490	-0,00735248625278473
138,184104	-0,00544147193431854
138,293447	-0,00373072922229767
138,405919	-0,00363658368587494
138,507267	-0,00481642782688141
138,618565	-0,0069568008184433
138,729573	-0,00951080024242401
138,840280	-0,0116431564092636
138,949213	-0,0127574950456619
139,058860	-0,0123709291219711
139,160578	-0,0102963149547577
139,266893	-0,00824238359928131
139,367661	-0,00581087172031403
139,482624	-0,00407153367996216
139,595818	-0,00356364250183105
139,702794	-0,00425185263156891
139,817393	-0,00613038241863251
139,920538	-0,00903415679931641
140,023306	-0,0112952888011932
140,129192	-0,012490302324295
140,241858	-0,012618213891983
140,354928	-0,0110322088003159
140,455915	-0,00870266556739807
140,557313	-0,00659327208995819
140,660888	-0,00458191335201263
140,762161	-0,00356882810592651
140,866511	-0,00371237099170685
140,970878	-0,00505568087100983
141,077182	-0,00726570188999176
141,186247	-0,00978533923625946
141,298640	-0,012040376663208
141,405285	-0,0126579999923706
141,505601	-0,0120915025472641
141,618982	-0,0102466642856598
141,728246	-0,00780586898326874
141,829874	-0,0054471343755722
141,935840	-0,00387947261333466
142,035901	-0,00349868834018707
142,135942	-0,00421135127544403
142,239310	-0,00606675446033478
142,344651	-0,008546382188797
142,459014	-0,0109167844057083
142,559924	-0,0124680399894714
142,664779	-0,0126442611217499
142,777225	-0,0114183276891708
142,877481	-0,00960813462734222
142,981678	-0,00667436420917511
143,083464	-0,00492897629737854
143,195855	-0,0037006139755249
143,308216	-0,00377590954303741
143,408284	-0,00540755689144135
143,516396	-0,00730298459529877
143,628990	-0,00985337793827057
143,741521	-0,0118722915649414
143,844380	-0,0128195732831955
143,952469	-0,012273833155632
144,066723	-0,0104835480451584
144,178100	-0,00762514770030975
144,279450	-0,00502036511898041
144,387218	-0,003774493932724
144,497565	-0,00365306437015533
144,609715	-0,0047910064458847
144,710528	-0,0072973221540451
144,820910	-0,00938229262828827
144,935648	-0,011554166674614
145,047992	-0,0127513408660889
145,150591	-0,0122250616550446
145,259772	-0,0108141303062439
145,372463	-0,00842081010341644
145,483824	-0,00561769306659698
145,584525	-0,00400468707084656
145,691790	-0,0035678893327713
145,804305	-0,00422641634941101
145,916205	-0,00681014358997345
146,018173	-0,00888587534427643
146,126071	-0,0108481794595718
146,239356	-0,012402668595314
146,352095	-0,0123647749423981
146,452769	-0,0111329853534698
146,561713	-0,00881928205490112
146,674027	-0,00634200870990753
146,785478	-0,00400562584400177
146,886664	-0,00355847179889679
146,994401	-0,00402681529521942
147,109427	-0,00603000819683075
147,221269	-0,00847887992858887
147,322725	-0,0109025985002518
147,431663	-0,0122870951890945
147,541441	-0,0127243399620056
147,653491	-0,0115598440170288
147,755876	-0,00978344678878784
147,867715	-0,0072968453168869
147,978657	-0,00481782853603363
148,091181	-0,00373496115207672
148,191672	-0,00411249697208405
148,300444	-0,00537741184234619
148,412184	-0,00767281651496887
148,524955	-0,0105544775724411
148,626558	-0,0123155266046524
148,735411	-0,0128588974475861
148,847610	-0,0118983238935471
148,960406	-0,00984393060207367
149,061053	-0,0073590874671936
149,171213	-0,00513999164104462
149,282289	-0,00388653576374054
149,393697	-0,00385875999927521
149,493890	-0,00481688976287842
149,599900	-0,00688464939594269
149,701336	-0,00938749313354492
149,812477	-0,011623278260231
149,914136	-0,0128214657306671
150,022032	-0,0126177370548248
150,133471	-0,0110705345869064
150,244838	-0,00869368016719818
150,345611	-0,00626613199710846
150,454855	-0,00444629788398743
150,566690	-0,00377026200294495
150,681857	-0,00459179282188416
150,793837	-0,00648768246173859
150,907110	-0,0089581161737442
151,022043	-0,0115972310304642
151,124262	-0,0128162503242493
151,234672	-0,0126120448112488
151,343954	-0,0110941827297211
151,455649	-0,00870785117149353
151,557949	-0,0062694251537323
151,666871	-0,00466619431972504
151,777866	-0,0037255585193634
151,890831	-0,00432528555393219
151,992005	-0,00604036450386047
152,101677	-0,00804558396339417
152,211170	-0,0108500719070435
152,322620	-0,0124689936637878
152,424222	-0,0127958804368973
152,533188	-0,0116819739341736
152,646137	-0,00913146138191223
152,759190	-0,00665266811847687
152,859818	-0,00466667115688324
152,971113	-0,00381498038768768
153,086012	-0,00411389768123627
153,198104	-0,00567987561225891
153,300485	-0,00801537930965424
153,411823	-0,0104773938655853
153,515030	-0,0124723017215729
153,624806	-0,0128465741872787
153,725899	-0,0119683891534805
153,835306	-0,010351151227951
153,947649	-0,00748550891876221
154,054968	-0,00525775551795959
154,158617	-0,00394727289676666
154,271372	-0,003858283162117
154,382561	-0,00505049526691437
154,493282	-0,00718788802623749
154,595813	-0,0100939720869064
154,704233	-0,0118291974067688
154,814817	-0,0128574818372726
154,927200	-0,0124950408935547
155,030061	-0,0104372054338455
155,139460	-0,00796535611152649
155,252822	-0,00532416999340057
155,366558	-0,00397221744060516
155,468379	-0,00379568338394165
155,578673	-0,0047561377286911
155,690600	-0,00672528147697449
155,802631	-0,00921176373958588
155,904522	-0,0117150992155075
156,011928	-0,0126864314079285
156,125097	-0,0125618278980255
156,236418	-0,0110922902822495
156,337103	-0,00875838100910187
156,445423	-0,0059555321931839
156,556340	-0,0044698566198349
156,667679	-0,00372979044914246
156,769452	-0,00449998676776886
156,877871	-0,0063481479883194
156,978707	-0,0088169276714325
157,088582	-0,0107848048210144
157,190407	-0,0124576091766357
157,299636	-0,0128181427717209
157,410740	-0,0114472061395645
157,522124	-0,00963790714740753
157,623085	-0,00671868026256561
157,731734	-0,0049765557050705
157,843340	-0,00371991097927094
157,956532	-0,00401268899440765
158,058413	-0,00553193688392639
158,164833	-0,00742135941982269
158,265314	-0,00990395247936249
158,379955	-0,0119115859270096
158,491019	-0,0127698183059692
158,602458	-0,0122018605470657
158,714138	-0,0104168653488159
158,815069	-0,00757138431072235
158,922835	-0,00535668432712555
159,036430	-0,00401456654071808
159,148900	-0,00389029085636139
159,251501	-0,00504814088344574
159,360633	-0,00715063512325287
159,472050	-0,0100500136613846
159,583052	-0,0118026882410049
159,684520	-0,012873113155365
159,793391	-0,0125731974840164
159,906321	-0,0105473846197128
160,017593	-0,00809042155742645
160,120222	-0,0061039924621582
160,229577	-0,00436390936374664
160,341806	-0,00379097461700439
160,455900	-0,00472930073738098
160,557080	-0,00668708980083466
160,665255	-0,0095774233341217
160,776595	-0,0114064961671829
160,888442	-0,0127191245555878
160,989910	-0,0126551538705826
161,103257	-0,0112347155809402
161,215027	-0,00850200653076172
161,325766	-0,00646598637104034
161,427581	-0,00458237528800964
161,540722	-0,00377638638019562
161,651431	-0,00426690280437469
161,755228	-0,00591170787811279
161,867732	-0,00870878994464874
161,978182	-0,0110463947057724
162,091017	-0,0125637203454971
162,202283	-0,0127570331096649
162,303926	-0,0112200528383255
162,413550	-0,00934496521949768
162,524511	-0,00683797895908356
162,636404	-0,00481407344341278
162,738053	-0,00374814867973328
162,847853	-0,00406259298324585
162,961547	-0,00554889440536499
163,076453	-0,00825749337673187
163,178683	-0,0110312551259995
163,288546	-0,0123941451311111
163,400225	-0,0128370970487595
163,510800	-0,0118755996227264
163,613973	-0,00940307974815369
163,723656	-0,00731146335601807
163,835592	-0,00514470040798187
163,948494	-0,00390677154064178
164,049394	-0,00405788421630859
164,157775	-0,00520452857017517
164,270073	-0,0073859840631485
164,371886	-0,0102490335702896
164,483149	-0,012147381901741
164,596600	-0,0128157883882523
164,706874	-0,0118254125118256
164,820241	-0,0101521164178848
164,921857	-0,00724637508392334
165,031461	-0,00538401305675507
165,145543	-0,00393925607204437
165,245996	-0,00372791290283203
165,357278	-0,00477167963981628
165,470886	-0,00723551213741302
165,583132	-0,00972531735897064
165,684098	-0,0117705017328262
165,794382	-0,0127219706773758
165,905421	-0,0122241079807281
166,018017	-0,0101100504398346
166,118093	-0,00807012617588043
166,227508	-0,00572840869426727
166,327517	-0,00431540608406067
166,440625	-0,00367708504199982
166,543438	-0,00455224514007568
166,651134	-0,00609314441680908
166,764624	-0,00894962251186371
166,865806	-0,0112361311912537
166,966272	-0,0126196295022964
167,071023	-0,0127366483211517
167,174031	-0,0118642300367355
167,286403	-0,00943142175674438
167,388430	-0,0069303959608078
167,501828	-0,00486728549003601
167,614476	-0,00377780199050903
167,726406	-0,00410637259483337
167,827137	-0,0053698718547821
167,938175	-0,00761619210243225
168,050034	-0,0100897252559662
168,162671	-0,0122269541025162
168,277197	-0,0127357095479965
168,393280	-0,0115678906440735
168,504462	-0,00982832908630371
168,615742	-0,00695963203907013
168,716063	-0,00466054677963257
168,826454	-0,00377309322357178
168,939010	-0,00418311357498169
169,051661	-0,00542923808097839
169,152643	-0,00766715407371521
169,264606	-0,0101142972707748
169,365147	-0,0117799639701843
169,465989	-0,0127698183059692
169,581025	-0,0121038258075714
169,693677	-0,0102329403162003
169,806339	-0,00776244699954987
169,918860	-0,00516825914382935
170,020666	-0,00386299192905426
170,130550	-0,00374533236026764
170,242608	-0,0047391951084137
170,354469	-0,00716052949428558
170,456113	-0,0100367665290833
170,567012	-0,0119717121124268
170,679588	-0,0127153247594833
170,790585	-0,0121175497770309
170,893270	-0,0102636814117432
171,001964	-0,00784879922866821
171,116954	-0,00590699911117554
171,218349	-0,00410260260105133
171,330338	-0,00379239022731781
171,445074	-0,00482161343097687
171,558820	-0,00683797895908356
171,662951	-0,00929726660251617
171,774350	-0,0114869624376297
171,885491	-0,0127679258584976
171,997127	-0,0125054568052292
172,099447	-0,01064433157444
172,207153	-0,00865024328231812
172,320503	-0,00621946156024933
172,433498	-0,00418311357498169
172,549011	-0,00369121134281158
172,650718	-0,00464783608913422
172,759283	-0,00664041936397552
172,872448	-0,00868187844753265
172,972894	-0,0113057047128677
173,084961	-0,0125329345464706
173,198314	-0,0123889297246933
173,309551	-0,0112295150756836
173,411871	-0,00819282233715057
173,520551	-0,00583773851394653
173,632378	-0,00419770181179047
173,746642	-0,00368554890155792
173,847856	-0,00445336103439331
173,958127	-0,0063042938709259
174,070418	-0,00832735002040863
174,183494	-0,0107133835554123
174,287220	-0,0125182420015335
174,387356	-0,0126314759254456
174,499369	-0,0116682499647141
174,600703	-0,00956985354423523
174,715114	-0,00710959732532501
174,828000	-0,005019411444664
174,940453	-0,00387382507324219
175,051189	-0,00400185585021973
175,161027	-0,0060078501701355
175,275998	-0,00837832689285278
175,379437	-0,0107677727937698
175,493832	-0,0122084766626358
175,599098	-0,0126973241567612
175,711077	-0,0117482393980026
175,822929	-0,00924859941005707
175,935991	-0,00719825923442841
176,037650	-0,00482207536697388
176,148582	-0,00393125414848328
176,259241	-0,00401881337165833
176,372967	-0,00533360242843628
176,474417	-0,0079483687877655
176,583810	-0,00999045372009277
176,696190	-0,0119617581367493
176,808531	-0,0127972960472107
176,908555	-0,0119887590408325
177,018276	-0,00964923202991486
177,132309	-0,00757892429828644
177,244017	-0,00536374747753143
177,344173	-0,0039999783039093
177,457204	-0,00395996868610382
177,569398	-0,00497372448444366
177,670377	-0,00704404711723328
177,780346	-0,00951410830020905
177,893043	-0,0116332024335861
178,004671	-0,012722909450531
178,105137	-0,0122496783733368
178,218817	-0,0104816555976868
178,330762	-0,00807672739028931
178,443419	-0,00577317178249359
178,547121	-0,00421983003616333
178,657268	-0,00386017560958862
178,771796	-0,00501705706119537
178,880454	-0,00668992102146149
178,987208	-0,00953583419322968
179,099777	-0,0116270631551743
179,215095	-0,0127134323120117
179,327774	-0,0124064534902573
179,430999	-0,0108004063367844
179,541976	-0,00804699957370758
179,642824	-0,00571851432323456
179,752420	-0,00416804850101471
179,854815	-0,00379003584384918
179,964688	-0,00443452596664429
180,075768	-0,00622747838497162
180,189913	-0,00860871374607086
180,292593	-0,0112403929233551
180,401737	-0,0124154686927795
180,515685	-0,012480840086937
180,630720	-0,0107606798410416
180,730874	-0,00882165133953094
180,843919	-0,00637690722942352
180,956139	-0,00450703501701355
181,067664	-0,0036751925945282
181,168298	-0,00414356589317322
181,282514	-0,00610634684562683
181,384127	-0,00849305093288422
181,492841	-0,0104755014181137
181,594597	-0,0123373121023178
181,705301	-0,0126219987869263
181,817806	-0,0116672962903976
181,928119	-0,00962892174720764
182,034741	-0,00679554045200348
182,135732	-0,00478865206241608
182,245292	-0,00386817753314972
182,359659	-0,00390301644802094
182,461597	-0,00547398626804352
182,571107	-0,00735720992088318
182,682428	-0,00981038808822632
182,783157	-0,012082040309906
182,885929	-0,01280677318573
182,996248	-0,0122861415147781
183,110033	-0,0105946809053421
183,217117	-0,00777283310890198
183,325077	-0,00585611164569855
183,439807	-0,00401033461093903
183,552333	-0,00391101837158203
183,664848	-0,00525210797786713
183,766661	-0,00741522014141083
183,876957	-0,00944700837135315
183,988996	-0,011623278260231
184,102910	-0,0128257274627686
184,204709	-0,0125367343425751
184,306327	-0,0106755346059799
184,418605	-0,00867103040218353
184,519986	-0,00629675388336182
184,631447	-0,00453810393810272
184,744705	-0,00388935208320618
184,858335	-0,00453339517116547
184,959824	-0,00663098692893982
185,071256	-0,00905542075634003
185,179241	-0,0109759122133255
185,280248	-0,0126371532678604
185,382994	-0,0126750618219376
185,493098	-0,0116256326436996
185,606592	-0,00947205722332001
185,718623	-0,00662627816200256
185,821371	-0,00467044115066528
185,931717	-0,00381027162075043
186,044848	-0,00421276688575745
186,158119	-0,00611388683319092
186,260036	-0,0085284560918808
186,370584	-0,0105147510766983
186,483205	-0,0122563093900681
186,595246	-0,01276034116745
186,695257	-0,0118978470563889
186,808423	-0,00994081795215607
186,921718	-0,00710064172744751
187,036018	-0,00479523837566376
187,138493	-0,00393879413604736
187,247949	-0,00416192412376404
187,357902	-0,00554183125495911
187,461046	-0,00820131599903107
187,576412	-0,0105894654989243
187,689063	-0,0123581439256668
187,801855	-0,0128892213106155
187,913550	-0,0117288380861282
188,015639	-0,0100249499082565
188,129506	-0,00756382942199707
188,242499	-0,00539672374725342
188,355743	-0,00401692092418671
188,456839	-0,00431115925312042
188,565176	-0,00552062690258026
188,679715	-0,00815601646900177
188,790859	-0,0105365067720413
188,892888	-0,0123070031404495
189,003982	-0,012856051325798
189,118987	-0,0119939595460892
189,231469	-0,0100509524345398
189,338233	-0,00760817527770996
189,450929	-0,00544571876525879
189,565991	-0,00415627658367157
189,667773	-0,00418311357498169
189,783197	-0,0055413544178009
189,897308	-0,00774358212947845
190,010001	-0,0101573020219803
190,122180	-0,012085348367691
190,222886	-0,0128342658281326
190,334663	-0,0122146457433701
190,448417	-0,0104083567857742
190,561142	-0,00757609307765961
190,663815	-0,00512586534023285
190,774491	-0,00411908328533173
190,888001	-0,00402398407459259
190,999010	-0,00519511103630066
191,099647	-0,00726523995399475
191,214719	-0,0100934952497482
191,327211	-0,0117705017328262
191,427790	-0,0127560794353485
191,528118	-0,0124017149209976
191,637722	-0,0107408165931702
191,751753	-0,00795780122280121
191,853474	-0,00569920241832733
191,963713	-0,00436343252658844
192,078207	-0,00384841859340668
192,191413	-0,0048329085111618
192,291458	-0,0067790299654007
192,406775	-0,00963175296783447
192,520394	-0,011397510766983
192,632331	-0,0126338452100754
192,734888	-0,0123652517795563
192,845012	-0,0110506564378738
192,958046	-0,0083613246679306
193,072856	-0,00599701702594757
193,185683	-0,00430834293365479
193,288385	-0,00377826392650604
193,402528	-0,00448444485664368
193,517277	-0,00666068494319916
193,618873	-0,00910218060016632
193,728267	-0,0112692564725876
193,839240	-0,0125362575054169
193,952428	-0,0124329924583435
194,054569	-0,0110099762678146
194,166003	-0,00876639783382416
194,278821	-0,00600266456604004
194,392680	-0,0043347030878067
194,494597	-0,00379332900047302
194,604531	-0,00450234115123749
194,716256	-0,00630901753902435
194,829776	-0,00870785117149353
194,931428	-0,0109886825084686
195,039775	-0,0124671012163162
195,153416	-0,012612521648407
195,266874	-0,0114079266786575
195,368953	-0,0088547021150589
195,480946	-0,00683185458183289
195,594652	-0,00463229417800903
195,706939	-0,00387288630008698
195,817840	-0,00435967743396759
195,921617	-0,00601351261138916
196,032971	-0,00834953784942627
196,146882	-0,0107152909040451
196,247926	-0,0125632435083389
196,357886	-0,0127939879894257
196,472095	-0,0112455934286118
196,584326	-0,00941820442676544
196,686876	-0,00700396299362183
196,796951	-0,00505851209163666
196,909328	-0,00407718122005463
197,024179	-0,00435967743396759
197,128071	-0,00617186725139618
197,237853	-0,00807341933250427
197,350015	-0,0108585953712463
197,465541	-0,0125154107809067
197,568482	-0,0129242986440659
197,679237	-0,0119646042585373
197,795174	-0,00951598584651947
197,909428	-0,00669510662555695
198,012666	-0,00508394837379456
198,122377	-0,00404894351959229
198,235530	-0,00429140031337738
198,338717	-0,00571238994598389
198,448948	-0,00793042778968811
198,559041	-0,0106939971446991
198,659676	-0,0121478587388992
198,774498	-0,0128081887960434
198,888264	-0,0120697170495987
199,002577	-0,00939835608005524
199,115954	-0,00736004114151001
199,216939	-0,0055413544178009
199,318447	-0,00403669476509094
199,418588	-0,00397315621376038
199,527779	-0,00502505898475647
199,633407	-0,00666965544223785
199,745847	-0,0098755955696106
199,858259	-0,011853814125061
199,971089	-0,0127617716789246
200,072679	-0,0122833102941513
200,182495	-0,0105828493833542
200,295043	-0,0082230269908905
200,408211	-0,00592489540576935
200,511603	-0,00436249375343323
200,621317	-0,00395102798938751
200,733548	-0,00479240715503693
200,847198	-0,00668521225452423
200,948351	-0,00950749218463898
201,059213	-0,0119006782770157
201,173819	-0,0127754956483841
201,286456	-0,0125376731157303
201,389364	-0,011023685336113
201,501322	-0,00873240828514099
201,603209	-0,00601822137832642
201,712391	-0,00463983416557312
201,815198	-0,0039999783039093
201,925402	-0,00461016595363617
202,038816	-0,00632740557193756
202,149071	-0,00867244601249695
202,253527	-0,0112933963537216
202,366947	-0,012743279337883
202,479330	-0,0126504153013229
202,593039	-0,0113430917263031
202,693047	-0,00912673771381378
202,802299	-0,00635427236557007
202,905756	-0,00484609603881836
203,015526	-0,00405459105968475
203,116062	-0,00440298020839691
203,229238	-0,00596024096012115
203,342720	-0,008639857172966
203,454985	-0,0106036514043808
203,556778	-0,012489840388298
203,671973	-0,0128148347139359
203,785097	-0,0116715580224991
203,897471	-0,00996728241443634
203,999518	-0,00715440511703491
204,110117	-0,0051300972700119
204,212936	-0,00415156781673431
204,323680	-0,00424431264400482
204,425889	-0,00559884309768677
204,536569	-0,00739870965480804
204,648808	-0,0101932436227798
204,761532	-0,0120427459478378
204,865315	-0,0127565562725067
204,976528	-0,0121090263128281
205,089384	-0,00989781320095062
205,203603	-0,00748315453529358
205,305699	-0,00533406436443329
205,415802	-0,00407201051712036
205,530223	-0,00402258336544037
205,631864	-0,00491438806056976
205,744409	-0,00727373361587524
205,855027	-0,0100835710763931
205,958255	-0,0117089599370956
206,058416	-0,0126883238554001
206,167654	-0,012267678976059
206,280985	-0,0102613270282745
206,395053	-0,00828486680984497
206,497266	-0,00596354901790619
206,605856	-0,00435732305049896
206,720771	-0,00388088822364807
206,833795	-0,00465019047260284
206,935296	-0,00685401260852814
207,047187	-0,0096629410982132
207,161988	-0,0116914361715317
207,274144	-0,0126054137945175
207,374593	-0,012443408370018
207,488626	-0,0109948366880417
207,604016	-0,00790543854236603
207,718920	-0,00564925372600555
207,821121	-0,00435496866703033
207,932613	-0,00390724837779999
208,047958	-0,00462381541728973
208,161888	-0,00642828643321991
208,262153	-0,00920845568180084
208,375090	-0,0116431564092636
208,487359	-0,0125784128904343
208,590693	-0,0125627815723419
208,693624	-0,0110132843255997
208,802288	-0,0087607353925705
208,916319	-0,00638774037361145
209,029911	-0,00460450351238251
209,130782	-0,0039336085319519
209,232463	-0,00443875789642334
209,346336	-0,0064532607793808
209,448072	-0,00841325521469116
209,549915	-0,0107360929250717
209,664051	-0,0124936252832413
209,775866	-0,012699693441391
209,891504	-0,0114069730043411
209,993059	-0,00965301692485809
210,104013	-0,00685778260231018
210,217735	-0,00516308844089508
210,332166	-0,00399291515350342
210,434590	-0,00419770181179047
210,546172	-0,00597298145294189
210,646250	-0,00784642994403839
210,761553	-0,0101941972970963
210,861788	-0,0119267255067825
210,975053	-0,0124718397855759
211,089489	-0,0117170065641403
211,203636	-0,00986897945404053
211,304163	-0,00752562284469604
211,417839	-0,00539155304431915
211,533025	-0,00394350290298462
211,634235	-0,00412096083164215
211,734835	-0,00541697442531586
211,846630	-0,00720579922199249
211,959935	-0,00963175296783447
212,063837	-0,0117108374834061
212,176997	-0,0127721875905991
212,284223	-0,0122316926717758
212,394868	-0,0105313062667847
212,499491	-0,00858746469020844
212,614179	-0,00594799220561981
212,727916	-0,00445713102817535
212,836966	-0,00409224629402161
212,944997	-0,00498361885547638
213,049607	-0,00723929703235626
213,163894	-0,0100022703409195
213,265744	-0,0116720348596573
213,367670	-0,012635737657547
213,480064	-0,0125651508569717
213,595147	-0,010867103934288
213,695765	-0,00856998562812805
213,810639	-0,00626613199710846
213,912216	-0,00439968705177307
214,025688	-0,00401316583156586
214,127308	-0,00467090308666229
214,227308	-0,00639575719833374
214,327384	-0,00831885635852814
214,429385	-0,0105989277362823
214,531385	-0,0120451152324677
214,632887	-0,0126352608203888
214,732890	-0,0119276791810989
214,834392	-0,0104466527700424
214,936391	-0,00769923627376556
215,038392	-0,00588108599185944
215,139906	-0,00454612076282501
215,241896	-0,00400610268115997
215,342937	-0,0046464204788208
215,444936	-0,00602811574935913
215,546937	-0,00831224024295807
215,647134	-0,010604128241539
215,749136	-0,0120593160390854
215,850641	-0,0126864314079285
215,950680	-0,011978343129158
216,052639	-0,0104986727237701
216,154144	-0,00817158818244934
216,256143	-0,0059560090303421
216,357648	-0,00460121035575867
216,457649	-0,00403763353824615
216,557649	-0,00467844307422638
216,659154	-0,00607194006443024
216,760149	-0,00832641124725342
216,861354	-0,0106216371059418
216,961358	-0,0120806246995926
217,063356	-0,0127129703760147
217,164857	-0,0122316926717758
217,264861	-0,0105284750461578
217,365370	-0,00819423794746399
217,467365	-0,00628969073295593
217,567366	-0,00458662211894989
217,668774	-0,00398868322372437
217,770780	-0,00441804528236389
217,870801	-0,00598664581775665
217,970803	-0,00784265995025635
218,072311	-0,0102026909589767
218,174309	-0,0120100677013397
218,274311	-0,0126494765281677
218,375813	-0,0121985375881195
218,477809	-0,0105223208665848
218,579315	-0,00822822749614716
218,679329	-0,00631751120090485
218,781317	-0,00483573973178864
218,882819	-0,0040164589881897
218,982821	-0,00443969666957855
219,084323	-0,00566527247428894
219,184326	-0,00783275067806244
219,286331	-0,0101941972970963
219,387829	-0,0117809027433395
219,489827	-0,0127068012952805
219,591333	-0,0122312158346176
219,692373	-0,0109200924634933
219,792375	-0,00869038701057434
219,892391	-0,00637359917163849
219,993391	-0,00488941371440887
220,093896	-0,00410260260105133
220,193897	-0,00444065034389496
220,295893	-0,00565207004547119
220,396401	-0,00739116966724396
220,496405	-0,0101109892129898
220,596903	-0,011683389544487
220,698899	-0,0125343650579453
220,798902	-0,0121464431285858
220,899407	-0,0108316242694855
220,999446	-0,00899167358875275
221,099910	-0,00664466619491577
221,200909	-0,00481736660003662
221,302912	-0,00403387844562531
221,404414	-0,00422218441963196
221,506415	-0,00558517873287201
221,606917	-0,00736381113529205
221,706954	-0,00975792109966278
221,808921	-0,0117117911577225
221,909484	-0,0125613659620285
222,011483	-0,0124936252832413
222,112821	-0,0109186768531799
222,212823	-0,00908659398555756
222,314824	-0,00709687173366547
222,414890	-0,00487907230854034
222,514894	-0,00408376753330231
222,615322	-0,00414921343326569
222,715324	-0,00530250370502472
222,815326	-0,00734636187553406
222,915562	-0,00934307277202606
223,015564	-0,0114183276891708
223,116065	-0,0125765204429626
223,217066	-0,0125206112861633
223,317067	-0,0115513354539871
223,418251	-0,00911776721477509
223,518251	-0,00713835656642914
223,618449	-0,00543347001075745
223,720449	-0,00418499112129211
223,820452	-0,00414402782917023
223,921953	-0,00502082705497742
224,021960	-0,00695963203907013
224,122054	-0,00932040810585022
224,222059	-0,0111036449670792
224,323055	-0,0124576091766357
224,424558	-0,0125177651643753
224,526557	-0,0115650445222855
224,627666	-0,00991435348987579
224,729665	-0,00716336071491241
224,829667	-0,00545136630535126
224,929813	-0,00433328747749329
225,029815	-0,00406776368618011
225,129898	-0,00501188635826111
225,231894	-0,00655414164066315
225,333399	-0,00887833535671234
225,433402	-0,0110572874546051
225,535397	-0,0122648328542709
225,636951	-0,0124827325344086
225,737947	-0,0115428119897842
225,839408	-0,00990347564220428
225,939409	-0,00754731893539429
226,039409	-0,00543724000453949
226,139682	-0,00432057678699493
226,239694	-0,00400185585021973
226,341189	-0,00498174130916595
226,441200	-0,00653575360774994
226,543186	-0,00846895575523376
226,644729	-0,0110738426446915
226,745697	-0,0123107880353928
226,846733	-0,0126802772283554
226,946734	-0,0116450488567352
227,048733	-0,0100098252296448
227,150233	-0,00805644690990448
227,252233	-0,00586459040641785
227,352738	-0,00442558526992798
227,452738	-0,00407671928405762
227,554742	-0,00480040907859802
227,655280	-0,00655555725097656
227,757242	-0,00846801698207855
227,857746	-0,0107446014881134
227,959745	-0,0122875720262527
228,061745	-0,0126684308052063
228,162249	-0,011871337890625
228,264250	-0,00998951494693756
228,364754	-0,0080389678478241
228,466753	-0,00583349168300629
228,568752	-0,00439074635505676
228,669270	-0,00404940545558929
228,771256	-0,0047566145658493
228,871758	-0,00614546239376068
228,971760	-0,00838257372379303
229,073762	-0,0106471627950668
229,175263	-0,012022852897644
229,277261	-0,0125968903303146
229,378767	-0,0118154734373093
229,478780	-0,010303407907486
229,580768	-0,00799603760242462
229,681270	-0,00578542053699493
229,781310	-0,00451599061489105
229,881779	-0,00398257374763489
229,983779	-0,00467891991138458
230,083779	-0,00609032809734344
230,184281	-0,00797007977962494
230,284285	-0,0103015154600143
230,384782	-0,0120271146297455
230,484791	-0,0126262754201889
230,586786	-0,0120881944894791
230,687287	-0,0103960782289505
230,787288	-0,00847840309143066
230,887800	-0,00619636476039886
230,989792	-0,00456637144088745
231,089794	-0,00403481721878052
231,190298	-0,00450234115123749
231,290302	-0,00575479865074158
231,390803	-0,0079294890165329
231,492806	-0,010249987244606
231,593311	-0,0117813795804977
231,695304	-0,0126191526651382
231,797304	-0,012273833155632
231,897806	-0,010761633515358
231,997808	-0,00852420926094055
232,098312	-0,00658054649829865
232,200310	-0,004815474152565
232,302311	-0,00402775406837463
232,402816	-0,00434742867946625
232,502816	-0,00575007498264313
232,603320	-0,00791014730930328
232,705320	-0,0098661482334137
232,805321	-0,0117562860250473
232,905822	-0,0126167833805084
233,005823	-0,0122866183519363
233,106325	-0,0107900053262711
233,206332	-0,00892837345600128
233,308329	-0,00663429498672485
233,409829	-0,00508911907672882
233,509831	-0,00410307943820953
233,611336	-0,0043521374464035
233,713339	-0,00542311370372772
233,815333	-0,00790683925151825
233,915836	-0,00986945629119873
234,017838	-0,0115073025226593
234,118342	-0,0125893205404282
234,218348	-0,0123264193534851
234,320340	-0,01118503510952
234,420852	-0,00900724530220032
234,521843	-0,00669653713703156
234,623351	-0,00512067973613739
234,724356	-0,00422266125679016
234,825347	-0,00435636937618256
234,925855	-0,00539766252040863
235,025859	-0,00708696246147156
235,126359	-0,00979053974151611
235,228357	-0,0114500373601913
235,330366	-0,012437716126442
235,430861	-0,012297049164772
235,530909	-0,0111642181873322
235,631364	-0,00939600169658661
235,731365	-0,00708885490894318
235,831368	-0,00515036284923553
235,931867	-0,00425231456756592
236,031869	-0,00426362454891205
236,132373	-0,00541980564594269
236,232375	-0,00711195170879364
236,334375	-0,00901715457439423
236,434878	-0,0114505141973495
236,534879	-0,0124372541904449
236,635390	-0,0125267803668976
236,737382	-0,0114453136920929
236,837384	-0,00937519967556
236,937888	-0,00745013356208801
237,037888	-0,00535526871681213
237,138396	-0,00418734550476074
237,240439	-0,00407107174396515
237,342399	-0,00506933033466339
237,442896	-0,00702281296253204
237,542903	-0,00892554223537445
237,643400	-0,0111116915941238
237,745435	-0,0123841911554337
237,847405	-0,0125428885221481
237,947905	-0,0117193609476089
238,047909	-0,0094418078660965
238,148411	-0,00751712918281555
238,248411	-0,00573547184467316
238,348412	-0,00439310073852539
238,448919	-0,0041252076625824
238,550915	-0,00487765669822693
238,651419	-0,00664418935775757
238,752420	-0,00892789661884308
238,852422	-0,0107762962579727
238,953927	-0,012232169508934
239,053927	-0,0125324726104736
239,155429	-0,0117170065641403
239,255511	-0,01024429500103
239,357430	-0,00757232308387756
239,458934	-0,00581039488315582
239,560937	-0,00461204349994659
239,662435	-0,0042005330324173
239,762436	-0,00496147572994232
239,863943	-0,00635096430778503
239,965942	-0,00900252163410187
240,065947	-0,0108354091644287
240,166446	-0,0121383965015411
240,268446	-0,0125992596149445
240,368956	-0,0117709785699844
240,470953	-0,0102806985378265
240,572952	-0,00794978439807892
240,674457	-0,00580616295337677
240,776464	-0,00458003580570221
240,877962	-0,00411485135555267
240,979962	-0,00488094985485077
241,079962	-0,00625811517238617
241,180464	-0,00853174924850464
241,282468	-0,0107446014881134
241,383970	-0,0120810866355896
241,485968	-0,0126144140958786
241,587967	-0,0117705017328262
241,689473	-0,00994697213172913
241,789510	-0,00799225270748138
241,889976	-0,00618836283683777
241,989980	-0,00462429225444794
242,090984	-0,00414873659610748
242,192480	-0,00470434129238129
242,292480	-0,00628356635570526
242,392981	-0,00854355096817017
242,494983	-0,0103918164968491
242,594989	-0,0120801478624344
242,695487	-0,0125997364521027
242,795491	-0,0120024830102921
242,895994	-0,0103204101324081
242,997993	-0,00839485228061676
243,098990	-0,00620485842227936
243,199494	-0,00461864471435547
243,300496	-0,00413744151592255
243,401046	-0,004680335521698
243,503002	-0,00594374537467957
243,604001	-0,00814704596996307
243,705507	-0,0103993862867355
243,807503	-0,0119115859270096
243,908017	-0,0126371532678604
244,010013	-0,0120721012353897
244,112013	-0,0107308775186539
244,212522	-0,00808097422122955
244,313520	-0,00627084076404572
244,415020	-0,00485126674175262
244,517065	-0,0041591078042984
244,619526	-0,00465348362922668
244,719528	-0,00588862597942352
244,820530	-0,00805266201496124
244,922030	-0,0102816522121429
245,022032	-0,0117809027433395
245,122537	-0,012466624379158
245,223536	-0,0119627118110657
245,323587	-0,0106164366006851
245,424047	-0,00878056883811951
245,524091	-0,0061907172203064
245,624640	-0,00477640330791473
245,725592	-0,00414779782295227
245,825595	-0,00443263351917267
245,926097	-0,00587071478366852
246,026099	-0,00764165818691254
246,126604	-0,00993609428405762
246,228599	-0,0118112117052078
246,328600	-0,0125177651643753
246,429106	-0,0123666673898697
246,531105	-0,0106727033853531
246,631609	-0,00884337723255157
246,731646	-0,00689974427223206
246,833610	-0,00478865206241608
246,934118	-0,00412473082542419
247,036115	-0,00424289703369141
247,136618	-0,00579437613487244
247,238683	-0,00752656161785126
247,340618	-0,00948244333267212
247,441121	-0,0114566683769226
247,541163	-0,0124457776546478
247,641665	-0,0123216807842255
247,743622	-0,0109612494707108
247,843624	-0,0088547021150589
247,944128	-0,00692331790924072
248,044130	-0,00534114241600037
248,144630	-0,00419159233570099
248,244631	-0,00433376431465149
248,346676	-0,0053180456161499
248,447137	-0,00764071941375732
248,547138	-0,00960955023765564
248,647640	-0,0112933963537216
248,747642	-0,0125263035297394
248,847655	-0,0124737322330475
248,948146	-0,0114292055368423
249,050145	-0,00940261781215668
249,150647	-0,00704970955848694
249,252647	-0,00544995069503784
249,352649	-0,00441098213195801
249,453159	-0,00434224307537079
249,555153	-0,00529779493808746
249,655655	-0,00685164332389832
249,755661	-0,00955899059772491
249,857653	-0,0112361311912537
249,958159	-0,0123609900474548
250,060160	-0,0124329924583435
250,161660	-0,0114031881093979
250,262662	-0,00974941253662109
250,362664	-0,00741428136825562
250,463166	-0,00545372068881989
250,564170	-0,00439687073230743
250,665669	-0,00425750017166138
250,765671	-0,00526104867458344
250,867676	-0,00681440532207489
250,969175	-0,0091286301612854
251,071175	-0,0111793577671051
251,172678	-0,0123221576213837
251,273676	-0,0124940872192383
