0,100101	0,00126969814300537
0,201117	0,00259703397750854
0,301357	0,00389090180397034
0,402361	0,0051427036523819
0,502364	0,00541958212852478
0,602430	0,00507313013076782
0,704428	0,00398021936416626
0,804585	0,00241129100322723
0,907412	0,00135250389575958
1,017151	-0,000118613243103027
1,126326	-0,0005531907081604
1,234198	-7,20024108886719E-5
1,342632	0,00113984942436218
1,451724	0,00298309326171875
1,561560	0,00417953729629517
1,672619	0,00508159399032593
1,783112	0,00519299507141113
1,894053	0,00428435206413269
2,006054	0,0028504878282547
2,117232	0,00125510990619659
2,229303	-4,56422567367554E-5
2,340771	-0,000622868537902832
2,452810	-0,000139325857162476
2,564233	0,00109890103340149
2,676287	0,00297321379184723
2,787761	0,0043962299823761
2,888044	0,00520804524421692
2,996089	0,00527244806289673
3,102882	0,00457768142223358
3,209937	0,00323837995529175
3,324447	0,00113843381404877
3,433803	9,55760478973389E-5
3,543422	-0,000498563051223755
3,654421	-0,000189706683158875
3,758268	0,00115114450454712
3,873161	0,00271835923194885
3,989240	0,00397834181785583
4,103369	0,00513142347335815
4,218589	0,00522497296333313
4,332750	0,0042138397693634
4,434610	0,00301694869995117
4,545210	0,00144189596176147
4,647735	0,000322908163070679
4,755344	-0,000400632619857788
4,857891	-0,000234425067901611
4,961296	0,000980347394943237
5,063372	0,00253874063491821
5,173415	0,00358298420906067
5,280901	0,00497770309448242
5,385797	0,00541253387928009
5,494536	0,00498287379741669
5,605412	0,00384436547756195
5,711489	0,00229324400424957
5,820757	0,000786945223808289
5,921295	-0,000185474753379822
6,034314	-0,000389337539672852
6,145963	0,000385984778404236
6,257459	0,00176224112510681
6,369712	0,00334416329860687
6,483855	0,00467967987060547
6,599554	0,00539562106132507
6,710903	0,00498098134994507
6,823549	0,00383260846138
6,928406	0,00252227485179901
7,041571	0,000756829977035522
7,144863	-0,000338003039360046
7,256476	-0,00041334331035614
7,356526	0,000323861837387085
7,464142	0,00169731676578522
7,566775	0,00304514169692993
7,668859	0,00446486473083496
7,783216	0,00528796017169952
7,886597	0,00522449612617493
7,993210	0,00448836386203766
8,099531	0,00308416783809662
8,209319	0,00148329138755798
8,314391	5,18560409545898E-6
8,422943	-0,000441119074821472
8,530592	-0,00016428530216217
8,634714	0,000934228301048279
8,738194	0,00249405205249786
8,847125	0,00377854704856873
8,961896	0,00507830083370209
9,073387	0,00533826649188995
9,187593	0,00446298718452454
9,289174	0,00359004735946655
9,390394	0,00197248160839081
9,494088	0,0002918541431427
9,595089	-0,000301748514175415
9,706781	-0,000441119074821472
9,815858	0,000421285629272461
9,930681	0,00186289846897125
10,042178	0,00345277786254883
10,154319	0,00488604605197906
10,264588	0,00530017912387848
10,376492	0,00491237640380859
10,479543	0,00377526879310608
10,580874	0,00219495594501495
10,686997	0,000675410032272339
10,799614	-0,000347420573234558
10,915032	-0,000470787286758423
11,018144	0,000193953514099121
11,125272	0,00155243277549744
11,235955	0,00316457450389862
11,346213	0,00453725457191467
11,459317	0,00531616806983948
11,566297	0,00509287416934967
11,674466	0,00407940149307251
11,785671	0,00283685326576233
11,890702	0,00124993920326233
11,994263	-0,00013415515422821
12,103435	-0,000477850437164307
12,203723	-5,03510236740112E-5
12,311569	0,000895649194717407
12,417807	0,00300000607967377
12,531477	0,00444042682647705
12,646229	0,00521978735923767
12,757620	0,00542429089546204
12,859996	0,00439716875553131
12,975262	0,00320595502853394
13,090816	0,00134685635566711
13,205795	0,000265032052993774
13,306516	-0,00041663646697998
13,419109	-3,43471765518188E-5
13,520612	0,00112009048461914
13,635673	0,00240893661975861
13,740281	0,00416308641433716
13,842958	0,00514364242553711
13,954491	0,0053260326385498
14,061121	0,00484278798103333
14,163154	0,00361260771751404
14,271577	0,00175940990447998
14,373683	0,000532835721969604
14,488476	-0,000470787286758423
14,593500	-0,000462308526039124
14,696990	0,00034080445766449
14,811650	0,0017692893743515
14,911712	0,00337003171443939
15,016833	0,0048334002494812
15,117004	0,00531663000583649
15,220662	0,00511732697486877
15,334933	0,00390547513961792
15,440529	0,00290080904960632
15,550818	0,0013214498758316
15,659297	-9,22530889511108E-5
15,769202	-0,000468432903289795
15,878466	4,2840838432312E-5
15,980956	0,00104856491088867
16,091837	0,00289516150951385
16,197624	0,00433747470378876
16,312611	0,00523389875888824
16,418403	0,00537587702274323
16,527790	0,00459647178649902
16,638300	0,00324825942516327
16,749598	0,00166486203670502
16,856079	0,000333279371261597
16,959188	-0,000367209315299988
17,066459	-0,000125676393508911
17,177502	0,000920593738555908
17,283817	0,00243857502937317
17,389353	0,0042298287153244
17,489419	0,00512577593326569
17,599495	0,00549010932445526
17,712059	0,00501389801502228
17,825588	0,00331501662731171
17,928493	0,00197106599807739
18,035103	0,000746935606002808
18,144896	-0,000312119722366333
18,256488	-0,000166162848472595
18,363080	0,000432103872299194
18,469722	0,00181397795677185
18,580400	0,00365962088108063
18,690819	0,0048728734254837
18,796134	0,00535847246646881
18,899701	0,00507360696792603
19,013188	0,0039835125207901
19,123914	0,00245171785354614
19,238800	0,00091022253036499
19,349617	-0,000183120369911194
19,460609	-0,000393092632293701
19,567625	0,000361502170562744
19,682303	0,00176882743835449
19,786240	0,00311191380023956
19,895974	0,00485220551490784
20,006563	0,00537869334220886
20,115607	0,00521321594715118
20,224888	0,00427354872226715
20,339464	0,00254485011100769
20,441384	0,000995874404907227
20,554327	5,55515289306641E-5
20,656080	-0,000365316867828369
20,770477	0,000410452485084534
20,880127	0,00180785357952118
20,985592	0,0031147301197052
21,092070	0,00431209802627563
21,196500	0,0053575336933136
21,306015	0,00532934069633484
21,417406	0,00462561845779419
21,531572	0,0027221292257309
21,641024	0,00115114450454712
21,743471	-4,51803207397461E-5
21,856564	-0,000504687428474426
21,965773	-3,29315662384033E-5
22,074582	0,00141178071498871
22,185575	0,00298590958118439
22,295850	0,00419080257415771
22,406576	0,00509944558143616
22,518617	0,00518171489238739
22,629797	0,00454384088516235
22,741766	0,00294500589370728
22,851979	0,00136096775531769
22,963884	6,87390565872192E-5
23,075342	-0,000526338815689087
23,184332	-0,000207126140594482
23,294395	0,000890940427780151
23,405906	0,00298073887825012
23,517909	0,00439481437206268
23,628340	0,00513377785682678
23,740343	0,00528842210769653
23,851930	0,00443665683269501
23,963231	0,00303010642528534
24,074738	0,00119112432003021
24,186685	0,000156760215759277
24,297689	-0,000466540455818176
24,409316	-3,05771827697754E-5
24,521331	0,00140801072120667
24,631808	0,00271083414554596
24,743873	0,00437179207801819
24,855294	0,00517562031745911
24,967355	0,00510132312774658
25,069873	0,00438307225704193
25,179314	0,00296945869922638
25,287666	0,00137460231781006
25,397940	7,67409801483154E-5
25,506477	-0,000547528266906738
25,612343	-0,00025138258934021
25,718212	0,000830233097076416
25,831101	0,00237508118152618
25,940891	0,00390687584877014
26,047021	0,00507454574108124
26,151917	0,00524753332138062
26,255543	0,00474408268928528
26,357399	0,00375692546367645
26,466151	0,00194096565246582
26,579227	0,000478699803352356
26,687362	-0,000314459204673767
26,787390	-0,000453829765319824
26,888756	0,000365272164344788
26,989820	0,0015331506729126
27,090266	0,00285190343856812
27,193409	0,00427308678627014
27,293743	0,00511215627193451
27,403431	0,0051906406879425
27,507951	0,00436568260192871
27,610094	0,0029623955488205
27,710587	0,00162017345428467
27,820057	0,000221714377403259
27,933959	-0,000563547015190125
28,049138	-0,000368624925613403
28,151821	0,000464111566543579
28,257778	0,0019390881061554
28,368759	0,00373765826225281
28,480598	0,00481976568698883
28,581696	0,00515398383140564
28,696835	0,00481036305427551
28,808135	0,00348332524299622
28,914750	0,00168038904666901
29,021678	0,000494703650474548
29,130490	-0,000396400690078735
29,236237	-0,000448182225227356
29,345797	0,000568121671676636
29,455798	0,00204163789749146
29,567275	0,0033620297908783
29,682383	0,00491565465927124
29,794457	0,00526446104049683
29,904701	0,00490295886993408
30,015829	0,00380347669124603
30,126571	0,0020039975643158
30,238510	0,00054129958152771
30,349004	-0,000434994697570801
30,461103	-0,000413820147514343
30,571287	0,000813767313957214
30,682879	0,00234073400497437
30,797811	0,00362294912338257
30,910665	0,00479437410831451
31,018566	0,00527761876583099
31,121295	0,00478261709213257
31,234360	0,00381897389888763
31,336233	0,00227066874504089
31,438029	0,00074458122253418
31,539500	-0,000305518507957458
31,651639	-0,00056871771812439
31,756433	0,000113457441329956
31,859470	0,0014437735080719
31,970301	0,0030427873134613
32,085059	0,00422699749469757
32,185765	0,00519347190856934
32,288358	0,00516903400421143
32,400857	0,00451609492301941
32,508234	0,00291773676872253
32,609243	0,00136096775531769
32,723295	0,000286668539047241
32,825726	-0,000402987003326416
32,929199	-0,000150159001350403
33,043078	0,00088106095790863
33,145838	0,0026656836271286
33,245937	0,00368876755237579
33,348717	0,00504398345947266
33,463593	0,00542005896568298
33,577266	0,00496360659599304
33,688796	0,00378748774528503
33,791160	0,00198517739772797
33,904383	0,000569999217987061
34,006833	-0,000255614519119263
34,107787	-0,000282913446426392
34,217511	0,000467404723167419
34,317724	0,00184643268585205
34,424236	0,00341469049453735
34,528707	0,00453208386898041
34,630930	0,00530394911766052
34,743261	0,00525505840778351
34,845999	0,00439858436584473
34,947933	0,00297462940216064
35,050078	0,00139202177524567
35,165069	0,000294193625450134
35,267698	-0,000443950295448303
35,370371	-0,000233486294746399
35,481180	0,000751644372940063
35,592392	0,00248934328556061
35,704418	0,00397786498069763
35,807543	0,00498522818088531
35,919509	0,00525599718093872
36,019927	0,004816934466362
36,134967	0,00342173874378204
36,246954	0,00158865749835968
36,357519	0,000235840678215027
36,458091	-0,000411465764045715
36,570604	-0,000381335616111755
36,671903	0,000300794839859009
36,782705	0,00193533301353455
36,896758	0,00349929928779602
37,007885	0,0048573762178421
37,118555	0,00524987280368805
37,227274	0,00496454536914825
37,330035	0,00392991304397583
37,439839	0,00191134214401245
37,545095	0,000701293349266052
37,655588	-0,000267386436462402
37,765962	-0,000403925776481628
37,866812	0,000312566757202148
37,969062	0,00140613317489624
38,083477	0,00296051800251007
38,187475	0,00432196259498596
38,295171	0,00516290962696075
38,408058	0,00508441030979156
38,512152	0,00406482815742493
38,626588	0,00235390663146973
38,728735	0,00131109356880188
38,830369	3,53157520294189E-5
38,941966	-0,000554591417312622
39,045084	-0,000248551368713379
39,156626	0,000838235020637512
39,262384	0,00262761116027832
39,364889	0,00385752320289612
39,478593	0,00489920377731323
39,583712	0,00517326593399048
39,694167	0,00447003543376923
39,800299	0,00341422855854034
39,905128	0,0015985369682312
40,006140	0,000438705086708069
40,119798	-0,000329062342643738
40,225729	-0,000423699617385864
40,326307	0,000228777527809143
40,429176	0,00184080004692078
40,541829	0,00340293347835541
40,648726	0,0046430230140686
40,762551	0,00522074103355408
40,867399	0,00504539906978607
40,968556	0,00392287969589233
41,068963	0,00243480503559113
41,170517	0,00115349888801575
41,283414	-4,09483909606934E-5
41,386137	-0,000507980585098267
41,490735	-0,00010073184967041
41,593397	0,000831648707389832
41,707230	0,00261208415031433
41,809403	0,00406153500080109
41,909659	0,00490108132362366
42,012738	0,00520804524421692
42,126485	0,0046904981136322
42,227374	0,00348474085330963
42,329751	0,00219355523586273
42,432499	0,000513046979904175
42,535362	-0,000336587429046631
42,636789	-0,000417113304138184
42,739765	0,000127583742141724
42,854247	0,00164134800434113
42,960583	0,00296428799629211
43,063445	0,00439105927944183
43,179250	0,00521697103977203
43,283013	0,00517842173576355
43,386649	0,00428906083106995
43,499634	0,00310392677783966
43,602200	0,00128617882728577
43,705803	6,12139701843262E-5
43,819090	-0,000441595911979675
43,922796	-0,000162869691848755
44,036673	0,00107915699481964
44,147547	0,00263090431690216
44,248760	0,00388431549072266
44,349612	0,00494527816772461
44,451683	0,00528183579444885
44,566744	0,00476428866386414
44,669681	0,00356794893741608
44,772877	0,00202469527721405
44,877924	0,000777065753936768
44,990360	-0,000226899981498718
45,095872	-0,000450059771537781
45,198498	0,000398695468902588
45,302971	0,00154490768909454
45,408311	0,00284437835216522
45,515221	0,00444981455802917
45,617291	0,0051826536655426
45,730245	0,00510556995868683
45,845973	0,00425051152706146
45,947466	0,00256411731243134
46,048961	0,00128476321697235
46,163699	7,8156590461731E-5
46,267671	-0,000400632619857788
46,374196	-3,67015600204468E-5
46,474928	0,00109890103340149
46,577693	0,00238119065761566
46,692989	0,00411982834339142
46,796722	0,00497910380363464
46,898093	0,00531475245952606
47,012156	0,0048409104347229
47,116313	0,00364786386489868
47,218495	0,00209477543830872
47,333739	0,000435873866081238
47,440475	-0,000354021787643433
47,544683	-0,00036485493183136
47,645928	0,00040668249130249
47,757326	0,00178951025009155
47,857365	0,00333288311958313
47,962095	0,00461246073246002
48,065538	0,00518970191478729
48,178665	0,00514082610607147
48,281675	0,00408223271369934
48,382585	0,00260926783084869
48,485506	0,00132238864898682
48,599450	9,98079776763916E-5
48,713661	-0,000406280159950256
48,816536	-2,11596488952637E-5
48,918490	0,000878229737281799
49,028977	0,00266709923744202
49,139975	0,00438025593757629
49,253592	0,00527384877204895
49,354838	0,00543369352817535
49,456476	0,00468438863754272
49,565267	0,00359943509101868
49,669183	0,00230216979980469
49,772162	0,000630706548690796
49,874465	-9,2729926109314E-5
49,989617	-0,000206649303436279
50,092262	0,000548824667930603
50,207109	0,00192122161388397
50,310003	0,00347627699375153
50,413419	0,00476618111133575
50,524612	0,00543604791164398
50,630948	0,00510886311531067
50,733357	0,00404885411262512
50,847705	0,0027945339679718
50,949152	0,0012475848197937
51,050045	7,72178173065186E-5
51,153515	-0,000343650579452515
51,267382	-2,25752592086792E-5
51,368263	0,00131438672542572
51,469019	0,00260691344738007
51,570165	0,00406624376773834
51,677178	0,00496688485145569
51,778348	0,00534906983375549
51,879165	0,00491613149642944
51,991971	0,00378090143203735
52,094382	0,00223022699356079
52,196886	0,000765308737754822
52,300001	-8,61287117004395E-5
52,405344	-0,0003681480884552
52,515591	0,000414684414863586
52,620803	0,00176882743835449
52,724482	0,00332865118980408
52,826848	0,00444981455802917
52,939235	0,00527855753898621
53,054041	0,00514176487922668
53,154865	0,00441080331802368
53,255457	0,00277525186538696
53,361800	0,00149694085121155
53,463742	0,000223591923713684
53,577341	-0,000327169895172119
53,681079	-0,000135570764541626
53,787754	0,00106315314769745
53,890167	0,00233274698257446
54,004294	0,00407800078392029
54,105334	0,00511544942855835
54,208059	0,00539514422416687
54,323800	0,00497394800186157
54,424998	0,00360837578773499
54,527647	0,00229370594024658
54,642251	0,000814706087112427
54,755334	-0,000220298767089844
54,858742	-0,00029987096786499
54,963591	0,000605762004852295
55,078361	0,00175048410892487
55,180732	0,00332018733024597
55,282001	0,00478309392929077
55,394209	0,00528091192245483
55,497077	0,00515350699424744
55,611387	0,00422278046607971
55,713802	0,00249874591827393
55,828240	0,000985518097877502
55,930840	7,06315040588379E-6
56,034872	-0,000437349081039429
56,149449	-1,9758939743042E-5
56,251657	0,000916823744773865
56,353129	0,002698615193367
56,463506	0,00414803624153137
56,567611	0,00498804450035095
56,681605	0,00526304543018341
56,784726	0,00460165739059448
56,887999	0,0033065527677536
56,998755	0,00199411809444427
57,107974	0,000564351677894592
57,219589	-0,000378504395484924
57,335209	-0,000268802046775818
57,435996	0,000877290964126587
57,540178	0,0021098256111145
57,654084	0,00362247228622437
57,756503	0,00490014255046844
57,869123	0,0051986426115036
57,971995	0,00493304431438446
58,075454	0,00346639752388
58,176677	0,00217708945274353
58,291019	0,000699415802955627
58,394593	-0,00029328465461731
58,496515	-0,000475496053695679
58,603852	4,33176755905151E-5
58,707279	0,00130122900009155
58,820776	0,00312882661819458
58,922242	0,00427167117595673
59,022392	0,00511778891086578
59,132222	0,00514647364616394
59,247791	0,00419034063816071
59,351515	0,00277478992938995
59,459549	0,00172272324562073
59,562042	0,000188767910003662
59,664913	-0,000436887145042419
59,768185	-0,000279158353805542
59,882507	0,000869765877723694
59,983245	0,00237224996089935
60,092535	0,0036577433347702
60,196607	0,00467686355113983
60,311341	0,00529971718788147
60,415446	0,00481036305427551
60,516613	0,00383967161178589
60,619303	0,00233086943626404
60,734059	0,000842943787574768
60,836262	-0,000158160924911499
60,949626	-0,000343173742294312
61,055120	0,000146403908729553
61,168382	0,00163853168487549
61,269971	0,00321111083030701
61,372753	0,0045466423034668
61,473166	0,00522026419639587
61,573782	0,00526162981987
61,687186	0,00429987907409668
61,789158	0,00313541293144226
61,897931	0,00154349207878113
62,000183	0,000244319438934326
62,114469	-0,000440642237663269
62,216355	-0,000197231769561768
62,317263	0,000605762004852295
62,420124	0,00229653716087341
62,535274	0,00379641354084015
62,636244	0,00473374128341675
62,740567	0,00522449612617493
62,841361	0,00489215552806854
62,956335	0,00402018427848816
63,060180	0,00229230523109436
63,170740	0,000805288553237915
63,276622	-9,55462455749512E-5
63,379047	-0,000414282083511353
63,486359	0,000237718224525452
63,588505	0,00154772400856018
63,691810	0,00285707414150238
63,802564	0,00426602363586426
63,914974	0,00513847172260284
64,029726	0,00515398383140564
64,132672	0,00429564714431763
64,235932	0,0028909295797348
64,350567	0,00155855715274811
64,452347	7,43865966796875E-5
64,552553	-0,000372380018234253
64,657093	-0,000220775604248047
64,770986	0,00103256106376648
64,874041	0,00229136645793915
64,978914	0,00357547402381897
65,086474	0,00489544868469238
65,201018	0,00525599718093872
65,303196	0,00494340062141418
65,406468	0,00364033877849579
65,507776	0,00210559368133545
65,621031	0,000651895999908447
65,722484	-0,000184997916221619
65,825308	-0,000387921929359436
65,937912	0,000178888440132141
66,041594	0,00147199630737305
66,156522	0,00303104519844055
66,260871	0,00438165664672852
66,372877	0,00515350699424744
66,477246	0,0051112174987793
66,582937	0,00427401065826416
66,698104	0,0028749406337738
66,798722	0,00131861865520477
66,910917	8,38041305541992E-5
67,013597	-0,000468894839286804
67,116985	-0,000120028853416443
67,217715	0,000989750027656555
67,331675	0,00224386155605316
67,435224	0,00399854779243469
67,537533	0,00500637292861938
67,649827	0,00527338683605194
67,752420	0,00485783815383911
67,867174	0,00346875190734863
67,970270	0,00218930840492249
68,071124	0,000734701752662659
68,171418	-0,000195354223251343
68,273480	-0,00031164288520813
68,385348	0,000249013304710388
68,487152	0,00154019892215729
68,602067	0,00334697961807251
68,704730	0,00464536249637604
68,818400	0,00525270402431488
68,920650	0,0051267147064209
69,035153	0,00418752431869507
69,149570	0,00272729992866516
69,263917	0,00117607414722443
69,364092	1,36494636535645E-5
69,466614	-0,000402510166168213
69,581602	4,2840838432312E-5
69,683152	0,00121323764324188
69,786886	0,00275786221027374
69,901028	0,00420868396759033
70,012312	0,00512108206748962
70,114237	0,00525364279747009
70,215452	0,00455746054649353
70,316072	0,00324825942516327
70,431225	0,00167897343635559
70,533571	0,000313028693199158
70,649035	-0,00039827823638916
70,753875	-0,000259846448898315
70,856714	0,000692829489707947
70,969421	0,00216110050678253
71,073232	0,00343866646289825
71,176680	0,00482210516929626
71,290018	0,00523531436920166
71,392104	0,00484514236450195
71,492876	0,00396047532558441
71,601425	0,00247712433338165
71,704272	0,000952586531639099
71,818230	-0,000237733125686646
71,920750	-0,000434994697570801
72,023679	0,000125691294670105
72,138475	0,00137367844581604
72,242034	0,00291208922863007
72,344824	0,00427542626857758
72,458823	0,004975825548172
72,562103	0,00505198538303375
72,672685	0,0042533278465271
72,781297	0,00312083959579468
72,884236	0,00130546092987061
72,998599	1,7896294593811E-5
73,101320	-0,000578150153160095
73,208352	-0,000407695770263672
73,314246	0,000737056136131287
73,426785	0,0022551417350769
73,536758	0,00374752283096313
73,646361	0,00465711951255798
73,746565	0,00510179996490479
73,859474	0,00457578897476196
73,973922	0,00337801873683929
74,087559	0,00185772776603699
74,193147	0,000242903828620911
74,304200	-0,000476434826850891
74,405327	-0,000433117151260376
74,506691	0,000387400388717651
74,610710	0,00205950438976288
74,710808	0,00335969030857086
74,818050	0,00444135069847107
74,918658	0,00516197085380554
75,021980	0,00495514273643494
75,123557	0,00416496396064758
75,238725	0,00299248099327087
75,339186	0,00118266046047211
75,452025	-1,74045562744141E-5
75,562177	-0,000483036041259766
75,665508	-0,00010402500629425
75,780346	0,00128194689750671
75,885530	0,00256834924221039
75,987138	0,00402534008026123
76,087554	0,00498051941394806
76,202538	0,00516384840011597
76,303421	0,00468814373016357
76,407666	0,00372214615345001
76,519679	0,00194990634918213
76,621753	0,000305026769638062
76,727539	-0,000405341386795044
76,828211	-0,000472187995910645
76,941780	0,000304087996482849
77,043231	0,00167286396026611
77,145997	0,00321534276008606
77,260563	0,00446674227714539
77,363659	0,00501483678817749
77,466101	0,0049368143081665
77,569157	0,00406578183174133
77,679558	0,00266662240028381
77,780332	0,00136849284172058
77,881513	6,12139701843262E-5
77,982066	-0,000584736466407776
78,093603	-0,000325769186019897
78,196481	0,000717297196388245
78,311678	0,00222928822040558
78,416970	0,00395059585571289
78,529804	0,00481787323951721
78,633077	0,00516997277736664
78,736409	0,00468674302101135
78,837160	0,00353457033634186
78,947401	0,00200258195400238
79,062776	0,000569060444831848
79,176871	-0,000401571393013
79,290752	-0,000346004962921143
79,392995	0,000369980931282043
79,494826	0,00175094604492188
79,609461	0,00355195999145508
79,720269	0,00475676357746124
79,823166	0,0052221417427063
79,923749	0,00491848587989807
80,025361	0,00385423004627228
80,136344	0,00260549783706665
80,244061	0,000845298171043396
80,346597	-7,81267881393433E-5
80,460631	-0,000462770462036133
80,563570	2,26050615310669E-5
80,666440	0,00121136009693146
80,781429	0,00275786221027374
80,882883	0,00436380505561829
80,984922	0,00503833591938019
81,088784	0,00519159436225891
81,203141	0,00440704822540283
81,305396	0,0033380538225174
81,420396	0,00177587568759918
81,523753	0,000379398465156555
81,625287	-0,000483974814414978
81,738488	-0,000398755073547363
81,841673	0,000682473182678223
81,942610	0,00189816951751709
82,044282	0,0034349113702774
82,159859	0,00462421774864197
82,262158	0,00513847172260284
82,377080	0,00482869148254395
82,478720	0,00378748774528503
82,581198	0,00230406224727631
82,694990	0,00104010105133057
82,799643	-0,000232547521591187
82,912197	-0,000464662909507751
83,013088	-6,30617141723633E-5
83,128130	0,00136801600456238
83,235658	0,00291067361831665
83,349321	0,00425004959106445
83,451640	0,00501437485218048
83,566380	0,0049683004617691
83,675016	0,0039355605840683
83,790265	0,00222834944725037
83,893154	0,000953987240791321
84,008201	-5,27054071426392E-5
84,109979	-0,000627592206001282
84,211689	-0,000301286578178406
84,314403	0,000802949070930481
84,427994	0,00258292257785797
84,530222	0,00402675569057465
84,643888	0,00494575500488281
84,746021	0,00511309504508972
84,858765	0,00441738963127136
84,959037	0,00336156785488129
85,064663	0,00209806859493256
85,167415	0,000451415777206421
85,281975	-0,000388860702514648
85,384704	-0,000369563698768616
85,487443	0,000274434685707092
85,588218	0,00161875784397125
85,697490	0,00341986119747162
85,800844	0,0044521689414978
85,905056	0,00507219135761261
86,008894	0,00498005747795105
86,113015	0,0040709376335144
86,221414	0,00290597975254059
86,327339	0,00111113488674164
86,441050	-5,41210174560547E-5
86,543790	-0,00049293041229248
86,658857	-0,00020618736743927
86,762521	0,00109562277793884
86,866337	0,00260503590106964
86,971051	0,00383166968822479
87,074080	0,00484514236450195
87,183546	0,00510086119174957
87,289585	0,00456921756267548
87,398960	0,0033385157585144
87,503116	0,00180456042289734
87,607625	0,000408574938774109
87,710244	-0,000357776880264282
87,824808	-0,000501871109008789
87,937614	0,000369042158126831
88,042989	0,00175377726554871
88,158279	0,00330513715744019
88,272239	0,00450904667377472
88,383891	0,00508017838001251
88,485611	0,00468344986438751
88,586674	0,00355103611946106
88,687973	0,00230970978736877
88,802352	0,000789299607276917
88,905580	-0,000396400690078735
89,017960	-0,000580504536628723
89,119650	-3,62396240234375E-5
89,234533	0,00148281455039978
89,335341	0,00304514169692993
89,450266	0,00436615943908691
89,565122	0,00509428977966309
89,668525	0,00499698519706726
89,776667	0,00413346290588379
89,887039	0,00299860537052155
89,989028	0,00122547149658203
90,091312	7,25090503692627E-5
90,196027	-0,000372856855392456
90,311036	-0,000111088156700134
90,415741	0,00117090344429016
90,526239	0,00243011116981506
90,629191	0,00412312150001526
90,737014	0,00494857132434845
90,843283	0,00525787472724915
90,951850	0,00458285212516785
91,066999	0,00330138206481934
91,174757	0,00201810896396637
91,287861	0,000401049852371216
91,400964	-0,000350713729858398
91,507079	-0,000246196985244751
91,608342	0,000665545463562012
91,717102	0,00236614048480988
91,818433	0,00338554382324219
91,919951	0,00461903214454651
92,023204	0,00520522892475128
92,137114	0,00496406853199005
92,241302	0,00398962199687958
92,344295	0,00251898169517517
92,459439	0,00100010633468628
92,562955	-9,50843095779419E-5
92,663032	-0,000459015369415283
92,765202	5,46127557754517E-5
92,879765	0,00127959251403809
92,983352	0,00279782712459564
93,098302	0,00399056077003479
93,210849	0,0050317645072937
93,318230	0,00508017838001251
93,419446	0,00415085256099701
93,523173	0,00323791801929474
93,632511	0,00144800543785095
93,740301	0,000155821442604065
93,852775	-0,000472664833068848
93,957101	-0,000334709882736206
94,058280	0,000763893127441406
94,159193	0,00199835002422333
94,273882	0,00350823998451233
94,377497	0,00479531288146973
94,484228	0,00514224171638489
94,592508	0,00477933883666992
94,695774	0,00371932983398438
94,796109	0,00221659243106842
94,907214	0,000725299119949341
95,014997	-0,000268325209617615
95,118220	-0,000504225492477417
95,225126	0,000152528285980225
95,330464	0,0012151300907135
95,435854	0,00274986028671265
95,539212	0,00435204803943634
95,653582	0,00499698519706726
95,756139	0,00501248240470886
95,867388	0,00436098873615265
95,976059	0,0027545690536499
96,090912	0,00121700763702393
96,193055	0,000131815671920776
96,294057	-0,000550359487533569
96,398417	-0,000349298119544983
96,500610	0,000623643398284912
96,613283	0,00211030244827271
96,718333	0,00358957052230835
96,830751	0,00464771687984467
96,934748	0,00502189993858337
97,042800	0,00468109548091888
97,147743	0,00340341031551361
97,252330	0,00190427899360657
97,365962	0,000467404723167419
97,467976	-0,000429347157478333
97,580749	-0,000532940030097961
97,683207	0,000226423144340515
97,798714	0,00186008214950562
97,901856	0,0031387060880661
98,008085	0,00457814335823059
98,122261	0,00507029891014099
98,227625	0,00488652288913727
98,342517	0,00396987795829773
98,457516	0,00227631628513336
98,567242	0,000582709908485413
98,677735	-0,000321999192237854
98,780432	-0,000494807958602905
98,880546	0,000141695141792297
98,990369	0,0014272928237915
99,104590	0,00270378589630127
99,213635	0,00431209802627563
99,319991	0,00507171452045441
99,433442	0,00495091080665588
99,535535	0,00422418117523193
99,638602	0,00284202396869659
99,752323	0,00130592286586761
99,855919	7,43865966796875E-5
99,960320	-0,000430762767791748
100,075210	-0,000116735696792603
100,178747	0,00121559202671051
100,278924	0,00222741067409515
100,392134	0,00374095141887665
100,494615	0,00496596097946167
100,598966	0,00522825121879578
100,702168	0,00481224060058594
100,813098	0,00344008207321167
100,917107	0,00214934349060059
101,032314	0,000658959150314331
101,142427	-0,000315397977828979
101,245141	-0,00042511522769928
101,359626	0,000395864248275757
101,469782	0,00179609656333923
101,582115	0,00356559455394745
101,685789	0,00469097495079041
101,800570	0,00508958101272583
101,903861	0,00480049848556519
102,005944	0,00399714708328247
102,120454	0,00231581926345825
102,221271	0,000819414854049683
102,335202	-0,000256553292274475
102,440166	-0,000584736466407776
102,542406	-2,86996364593506E-5
102,657998	0,00120806694030762
102,760801	0,0027545690536499
102,863519	0,00415508449077606
102,974341	0,00498051941394806
103,080292	0,00507313013076782
103,183727	0,00427260994911194
103,284849	0,00319090485572815
103,387915	0,00142635405063629
103,502112	0,000341743230819702
103,606152	-0,000400155782699585
103,709497	-0,000210419297218323
103,822667	0,000583663582801819
103,923629	0,00173495709896088
104,026311	0,0034743994474411
104,137827	0,00459647178649902
104,240557	0,00500167906284332
104,355753	0,00475817918777466
104,457273	0,00355291366577148
104,572062	0,00205527245998383
104,682618	0,000606238842010498
104,787076	-0,000376150012016296
104,896782	-0,000581920146942139
105,007896	7,20322132110596E-5
105,109166	0,00135861337184906
105,224009	0,00290785729885101
105,338586	0,00439810752868652
105,447746	0,00498756766319275
105,550249	0,00479531288146973
105,663999	0,00403615832328796
105,778296	0,00240093469619751
105,883688	0,000705525279045105
105,985478	-0,000170409679412842
106,092005	-0,000518351793289185
106,204661	-2,16364860534668E-5
106,319728	0,00115913152694702
106,424448	0,00267039239406586
106,524545	0,00403521955013275
106,629767	0,00488181412220001
106,733210	0,00496688485145569
106,833269	0,00441738963127136
106,943720	0,00320360064506531
107,050247	0,00169308483600616
107,155512	0,000346451997756958
107,258501	-0,000415235757827759
107,374018	-0,000357776880264282
107,474776	0,000523418188095093
107,589027	0,00191792845726013
107,691487	0,00341281294822693
107,795118	0,00472904741764069
107,901096	0,00508864223957062
108,011231	0,00488792359828949
108,115947	0,00353880226612091
108,220136	0,00229042768478394
108,322713	0,000813767313957214
108,437422	-0,000108256936073303
108,539939	-0,000516936182975769
108,648737	7,62641429901123E-5
108,756201	0,00106644630432129
108,857440	0,00281286239624023
108,962857	0,00395107269287109
109,065585	0,00473092496395111
109,177087	0,00500309467315674
109,290858	0,00412453711032867
109,405429	0,00304891169071198
109,509856	0,00156326591968536
109,617647	0,000271141529083252
109,727488	-0,000431239604949951
109,831609	-0,00013461709022522
109,934597	0,000694245100021362
110,038888	0,00212112069129944
110,149752	0,00379124283790588
110,250029	0,00466464459896088
110,353688	0,00504492223262787
110,458251	0,00476618111133575
110,561940	0,00377573072910309
110,676488	0,00233745574951172
110,778083	0,000871643424034119
110,880080	-0,000280097126960754
110,984496	-0,000471249222755432
111,096963	-6,21229410171509E-5
111,197627	0,00131109356880188
111,309496	0,00283356010913849
111,424565	0,00434593856334686
111,525595	0,00495655834674835
111,628105	0,00496923923492432
111,731996	0,00438213348388672
111,832333	0,0033709704875946
111,934685	0,00162911415100098
112,049580	0,000322908163070679
112,156798	-0,000386029481887817
112,260602	-0,000261738896369934
112,369185	0,000656604766845703
112,474695	0,0020689070224762
112,578633	0,00355666875839233
112,682960	0,00452691316604614
112,783118	0,00508864223957062
112,894568	0,00484749674797058
112,998894	0,00408081710338593
113,106906	0,00244796276092529
113,211934	0,000968098640441895
113,323193	-9,83774662017822E-5
113,431033	-0,000428885221481323
113,533196	0,000261262059211731
113,639335	0,00107020139694214
113,752433	0,00302822887897491
113,855406	0,00411655008792877
113,965728	0,00493116676807404
114,066497	0,00501248240470886
114,171554	0,00424158573150635
114,274770	0,00317490100860596
114,389813	0,00168085098266602
114,492707	0,000385984778404236
114,597330	-0,000340819358825684
114,697753	-0,000117674469947815
114,811723	0,00090363621711731
114,915001	0,00183892250061035
115,020518	0,00335216522216797
115,125072	0,00470365583896637
115,237783	0,0051666796207428
115,341746	0,00494480133056641
115,445459	0,0037771463394165
115,549089	0,00259044766426086
115,655330	0,00112101435661316
115,760730	5,08427619934082E-5
115,862983	-0,000277742743492126
115,966587	0,000224530696868896
116,067110	0,00119112432003021
116,177368	0,00265252590179443
116,286218	0,00404368340969086
116,386327	0,00484701991081238
116,491493	0,00514881312847137
116,600363	0,00452268123626709
116,707380	0,00306442379951477
116,808968	0,00207126140594482
116,910515	0,000540822744369507
117,021690	-0,000104963779449463
117,131023	-0,000111550092697144
117,244003	0,00067824125289917
117,348484	0,00230452418327332
117,449238	0,00357170403003693
117,557784	0,00478309392929077
117,658212	0,00532980263233185
117,769057	0,00514881312847137
117,870287	0,00438213348388672
117,975964	0,00300377607345581
118,076596	0,00148610770702362
118,180716	0,00016900897026062
118,296183	-0,000166162848472595
118,401986	0,00020289421081543
118,516830	0,000237718224525452
118,616993	-0,00414606928825378
118,720636	-0,0117486566305161
118,821974	-0,0243213623762131
118,927665	-0,0389764457941055
119,034229	-0,0507492572069168
119,141045	-0,0621015727519989
119,241534	-0,0659718811511993
119,355590	-0,0588706284761429
119,466000	-0,0400969386100769
119,567446	-0,0123756229877472
119,682330	0,0200285017490387
119,783368	0,0408414900302887
119,894410	0,0510915517807007
119,999858	0,055997759103775
120,101593	0,0535686910152435
120,214265	0,0407587885856628
120,325332	0,0214132368564606
120,437456	-0,00126858055591583
120,538595	-0,0164040625095367
120,653858	-0,0182620733976364
120,754256	-0,00274364650249481
120,865754	0,020477756857872
120,968268	0,0382378101348877
121,082906	0,0540890991687775
121,185259	0,0589744746685028
121,300140	0,0563231706619263
121,403543	0,0455127954483032
121,505699	0,0267600119113922
121,616819	0,00670322775840759
121,730646	-0,0164178758859634
121,833669	-0,0209440290927887
121,948287	-0,00848214328289032
122,049557	0,0145552903413773
122,163337	0,0366105139255524
122,263960	0,0515756011009216
122,365370	0,0583001375198364
122,477325	0,0573117434978485
122,577468	0,0485643148422241
122,690599	0,0347219109535217
122,794337	0,011465921998024
122,895009	-0,0146462619304657
123,006686	-0,0243686437606812
123,107643	-0,0186381638050079
123,222183	0,00184455513954163
123,322725	0,0295655280351639
123,423070	0,0450179576873779
123,534673	0,0543133914470673
123,634993	0,0582015514373779
123,748777	0,0545581877231598
123,851746	0,0399786233901978
123,962955	0,0227258801460266
124,066660	-0,00547009706497192
124,178697	-0,0206382125616074
124,291988	-0,0237067639827728
124,404238	-0,00889147818088531
124,504345	0,0192482024431229
124,606036	0,0408566892147064
124,719468	0,0526106357574463
124,820375	0,0589982569217682
124,923562	0,0566861927509308
125,036529	0,048447459936142
125,136854	0,030505359172821
125,247168	0,00634957849979401
125,350936	-0,0157988965511322
125,466176	-0,0249737799167633
125,566918	-0,0152710229158401
125,678544	0,0111979991197586
125,781952	0,0311508774757385
125,882611	0,0489609837532043
125,995818	0,0571044981479645
126,097056	0,0586720705032349
126,199263	0,0527134537696838
126,312069	0,0406599640846252
126,413073	0,0147287547588348
126,523049	-0,00585803389549255
126,631310	-0,0228468775749207
126,732472	-0,0225833654403687
126,845911	-0,00546491146087646
126,955636	0,0192873179912567
127,058743	0,0438273251056671
127,172726	0,0558348298072815
127,288287	0,0595957338809967
127,400017	0,0557319223880768
127,501196	0,0462222993373871
127,603051	0,0268895328044891
127,712536	-0,0019984096288681
127,826308	-0,0211043506860733
127,928308	-0,0244092345237732
128,040736	-0,00961953401565552
128,154629	0,0146892964839935
128,267969	0,0374715924263
128,382061	0,0542538464069366
128,482264	0,0590930283069611
128,596077	0,0569239258766174
128,708805	0,0463510155677795
128,820291	0,0271068066358566
128,921116	0,00237318873405457
129,029301	-0,0186009705066681
129,135981	-0,0253530442714691
129,245658	-0,0132215023040771
129,346047	0,0101490318775177
129,459254	0,0371994376182556
129,573417	0,0504868626594543
129,687100	0,058945894241333
129,790191	0,057811439037323
129,892873	0,0487780570983887
130,006612	0,031000167131424
130,116702	0,0110043287277222
130,221465	-0,0156698822975159
130,322233	-0,0251787006855011
130,424673	-0,0190939158201218
130,537380	0,00159665942192078
130,641140	0,0262926369905472
130,741724	0,0457531213760376
130,856222	0,0553646087646484
130,957003	0,0592848658561707
131,060611	0,0543776750564575
131,173552	0,0439218282699585
131,274062	0,0235640704631805
131,377607	-0,00508370995521545
131,479327	-0,0183330923318863
131,580364	-0,0244173556566238
131,694091	-0,00998370349407196
131,796331	0,0139425992965698
131,898255	0,03350630402565
132,012398	0,0502235293388367
132,113869	0,0588178038597107
132,223779	0,0584925413131714
132,332622	0,0509589016437531
132,436589	0,0381100475788116
132,537154	0,0115907043218613
132,646516	-0,0117809474468231
132,749891	-0,0232288241386414
132,852287	-0,0205723792314529
132,953802	-0,00191688537597656
133,065000	0,0225896835327148
133,167178	0,040131151676178
133,270281	0,0551754832267761
133,381685	0,0589811205863953
133,483463	0,0565589964389801
133,583857	0,0461458563804626
133,687563	0,0272590517997742
133,789156	0,00315234065055847
133,902435	-0,0146434009075165
134,005149	-0,02274090051651
134,107714	-0,0115672647953033
134,222668	0,00712515413761139
134,325553	0,0307731330394745
134,439585	0,0502582490444183
134,542837	0,0570849776268005
134,645485	0,0581696629524231
134,757623	0,0496413707733154
134,860667	0,0331562459468842
134,964741	0,0138941705226898
135,076049	-0,00965887308120728
135,177630	-0,0244283378124237
135,288906	-0,0201020538806915
135,392365	-0,0008658766746521
135,497904	0,0233661383390427
135,599401	0,0432801246643066
135,714108	0,0549025535583496
135,829073	0,0583534836769104
135,937009	0,054251492023468
136,038846	0,0390597283840179
136,153926	0,0172969847917557
136,257315	-0,00290066003799438
136,357472	-0,0229967832565308
136,461041	-0,0237058103084564
136,575598	-0,0083736777305603
136,676242	0,0112168937921524
136,779640	0,0375623106956482
136,894312	0,0520198047161102
136,996518	0,0580258071422577
137,097592	0,0572388470172882
137,199541	0,0490944981575012
137,306049	0,0324459373950958
137,409919	0,0131428092718124
137,524432	-0,0166069269180298
137,627821	-0,0246857702732086
137,743196	-0,0176130086183548
137,856188	0,00729639828205109
137,959714	0,0310053825378418
138,063987	0,0458879768848419
138,166606	0,0559758245944977
138,272279	0,0580553412437439
138,376369	0,0525702238082886
138,484376	0,041667252779007
138,587921	0,0210580676794052
138,688143	-0,00677290558815002
138,796930	-0,0210685729980469
138,903624	-0,0240190625190735
139,004665	-0,00777134299278259
139,115778	0,0158465653657913
139,216181	0,0377371311187744
139,321617	0,0501455962657928
139,423506	0,0572822093963623
139,535626	0,0567805171012878
139,638176	0,0484626591205597
139,738387	0,0317063927650452
139,840839	0,00836996734142303
139,954273	-0,0107270777225494
140,057091	-0,0244106650352478
140,162492	-0,0169855952262878
140,264884	0,00398257374763489
140,375432	0,0240663141012192
140,483089	0,0408153533935547
140,590454	0,0546886920928955
140,703779	0,0577590465545654
140,807259	0,0533401966094971
140,909731	0,0406761169433594
141,013909	0,0198315232992172
141,128601	-0,00422771275043488
141,232852	-0,0219614207744598
141,344122	-0,0234976410865784
141,455713	-0,00408422946929932
141,571079	0,0159341543912888
141,673010	0,0377656221389771
141,776246	0,051780104637146
141,880053	0,0574298799037933
141,990257	0,0555437505245209
142,098753	0,0456856489181519
142,209710	0,0273387283086777
142,314868	0,00334839522838593
142,427407	-0,0178684294223785
142,540268	-0,0249943137168884
142,653606	-0,0117733478546143
142,753814	0,0114196091890335
142,865656	0,0308825969696045
142,978672	0,049843817949295
143,091726	0,0573541224002838
143,195138	0,0563808083534241
143,304704	0,048027515411377
143,417923	0,0311622619628906
143,528780	0,00361120700836182
143,641792	-0,0202131867408752
143,742950	-0,0254915803670883
143,854870	-0,0180857330560684
143,967565	0,00699767470359802
144,079228	0,0305527448654175
144,180723	0,0495943427085876
144,291943	0,0561359226703644
144,404625	0,0562755167484283
144,516402	0,0480199158191681
144,620230	0,0312608182430267
144,728933	0,0119160264730453
144,842416	-0,0146167576313019
144,956951	-0,0255307406187057
145,057373	-0,0154590308666229
145,166280	-0,00128412246704102
145,280585	0,0303077399730682
145,391316	0,0474570989608765
145,493531	0,0552331209182739
145,608273	0,057291716337204
145,717951	0,0501341819763184
145,833003	0,0348633527755737
145,934808	0,00811761617660522
146,044940	-0,0075848400592804
146,157443	-0,0254514515399933
146,269345	-0,0208347737789154
146,369425	-0,00160354375839233
146,484505	0,0225158631801605
146,595808	0,0471759140491486
146,707480	0,0550073385238647
146,809865	0,0571454763412476
146,919936	0,0532269179821014
147,032597	0,0380330681800842
147,145307	0,0164403170347214
147,247634	-0,00743195414543152
147,360749	-0,023675724864006
147,472634	-0,0187239646911621
147,573734	-0,00193996727466583
147,684758	0,018220916390419
147,784985	0,0393348336219788
147,893539	0,052388459444046
148,005057	0,0572012066841125
148,106168	0,0554527342319489
148,207484	0,0437242388725281
148,308957	0,0246067941188812
148,422308	0,00448977947235107
148,529914	-0,0169746279716492
148,644223	-0,0253086239099503
148,757117	-0,013096496462822
148,867970	0,00979387760162354
148,982969	0,0327631235122681
149,091472	0,052201509475708
149,200679	0,056833416223526
149,310957	0,0544857978820801
149,419521	0,0438672304153442
149,528683	0,0248624384403229
149,631549	0,00482210516929626
149,741428	-0,0167059898376465
149,851429	-0,0255593955516815
149,953015	-0,0131887048482895
150,063820	0,00959679484367371
150,175782	0,0291327834129333
150,288297	0,0466278493404388
150,388637	0,0563293397426605
150,498519	0,05625119805336
150,611373	0,05036661028862
150,722651	0,0322301983833313
150,824652	0,0091424435377121
150,937300	-0,013540968298912
151,049603	-0,0255875885486603
151,161930	-0,0191435068845749
151,261991	0,00113937258720398
151,374070	0,0251308381557465
151,487682	0,0440320372581482
151,597769	0,0545257925987244
151,702879	0,056749552488327
151,816577	0,0504469275474548
151,928264	0,0357330143451691
152,040874	0,0135411322116852
152,154250	-0,0132528841495514
152,268101	-0,0251877754926682
152,369565	-0,0214555561542511
152,482880	0,00492224097251892
152,584301	0,0285487920045853
152,692932	0,0438249409198761
152,808272	0,0543848276138306
152,921061	0,0569620430469513
153,021469	0,0520416796207428
153,134594	0,0388530492782593
153,246198	0,0177183747291565
153,360607	-0,00619034469127655
153,461177	-0,0252484381198883
153,563073	-0,0217180103063583
153,675110	-0,00712722539901733
153,787880	0,0206389427185059
153,901859	0,0408985018730164
154,001918	0,052979439496994
154,110419	0,0569396615028381
154,220220	0,0533987283706665
154,330452	0,0417736768722534
154,431868	0,0218808054924011
154,542341	-0,00214262306690216
154,656313	-0,0229051262140274
154,767284	-0,023531049489975
154,869512	-0,0073586106300354
154,979947	0,0163679271936417
155,093887	0,0377888977527618
155,206818	0,0513944029808044
155,306983	0,0563431680202484
155,420332	0,0553750991821289
155,529693	0,0443630814552307
155,631978	0,0258260369300842
155,733315	0,00200681388378143
155,835372	-0,0158488899469376
155,943355	-0,0255732536315918
156,057608	-0,0172447264194489
156,159575	0,00802676379680634
156,270769	0,0312243103981018
156,382527	0,0477809906005859
156,494904	0,0558829307556152
156,595003	0,0562616884708405
156,704564	0,0489928126335144
156,819716	0,0332772135734558
156,930902	0,0105312466621399
157,033798	-0,012380376458168
157,145418	-0,0254108458757401
157,259408	-0,0144459754228592
157,371306	0,0037371814250946
157,474028	0,0274369120597839
157,585387	0,0453845858573914
157,700515	0,0557262003421783
157,812519	0,0561792850494385
157,915539	0,0507568418979645
158,023443	0,0365853607654572
158,136424	0,00667642056941986
158,248009	-0,0122198164463043
158,349849	-0,0239531695842743
158,461393	-0,0200719982385635
158,573000	-0,000551298260688782
158,686652	0,0233923196792603
158,787025	0,0426958501338959
158,897407	0,0537334084510803
159,009821	0,0567367076873779
159,121430	0,0522723793983459
159,235128	0,0366803109645844
159,335260	0,0149364769458771
159,447527	-0,00862140953540802
159,561902	-0,0249518156051636
159,675657	-0,0203143060207367
159,777978	-0,00473803281784058
159,887165	0,0191203653812408
159,998664	0,0396949946880341
160,111274	0,0535082221031189
160,211648	0,0566109120845795
160,323900	0,0522376596927643
160,436659	0,0396997332572937
160,547686	0,0190898478031158
160,650663	-0,00475360453128815
160,758780	-0,0223308503627777
160,871816	-0,022481694817543
160,983430	-0,00866499543190002
161,086672	0,0187965333461761
161,197878	0,0394517183303833
161,310425	0,0520930588245392
161,424616	0,05633744597435
161,528057	0,0535429716110229
161,638323	0,0425324141979218
161,753485	0,019355520606041
161,866940	-0,00447174906730652
161,968026	-0,0221804827451706
162,076849	-0,0240396112203598
162,190033	-0,00889432430267334
162,303174	0,0104779005050659
162,403971	0,0362662374973297
162,517960	0,0504279136657715
162,624708	0,0562717020511627
162,727297	0,0545819997787476
162,842757	0,0450626015663147
162,955626	0,0271385759115219
163,066667	0,00357687473297119
163,180933	-0,0199575275182724
163,281585	-0,0250115096569061
163,395314	-0,012501060962677
163,507486	0,0102226287126541
163,620625	0,0328683853149414
163,722295	0,0485296249389648
163,834846	0,0558014810085297
163,945167	0,0554389357566833
164,061114	0,0473782420158386
164,163300	0,0273918509483337
164,277890	-0,000121921300888062
164,380952	-0,0172680765390396
164,493703	-0,0254652947187424
164,594723	-0,015830785036087
164,706223	0,0058680921792984
164,820596	0,0291493833065033
164,935079	0,0462488830089569
165,036993	0,055619478225708
165,146243	0,0553355515003204
165,260264	0,0452463924884796
165,372638	0,0310281217098236
165,485372	0,00803759694099426
165,586832	-0,014204815030098
165,701875	-0,0255202353000641
165,816880	-0,0187816470861435
165,929510	0,00551925599575043
166,041475	0,0287995636463165
166,149517	0,045991986989975
166,250489	0,0547891855239868
166,353984	0,0558238625526428
166,463267	0,0493249297142029
166,574717	0,0344580411911011
166,685020	0,0123021006584167
166,789233	-0,0139741450548172
166,901351	-0,024585947394371
167,012436	-0,0211682915687561
167,119238	-0,00258429348468781
167,219480	0,0249218195676804
167,327079	0,0409531593322754
167,441887	0,0525820851325989
167,552112	0,0561854839324951
167,666326	0,0509165823459625
167,772774	0,0345050394535065
167,876976	0,0164079219102859
167,988326	-0,00713525712490082
168,101799	-0,0234221816062927
168,201876	-0,0232312083244324
168,316260	-0,00299638509750366
168,430997	0,0168357044458389
168,544451	0,0431993901729584
168,644691	0,0510368645191193
168,758312	0,0560182332992554
168,870388	0,0523708760738373
168,984891	0,0377314388751984
169,094307	0,016677051782608
169,209308	-0,00686228275299072
169,314636	-0,0215271264314651
169,416535	-0,0215762853622437
169,530433	-0,00699995458126068
169,632445	0,0125193744897842
169,734018	0,0345600843429565
169,843050	0,0492479503154755
169,946373	0,0556390285491943
170,058846	0,0544805526733398
170,159813	0,0455640852451324
170,274586	0,0246752351522446
170,377684	0,00104762613773346
170,491093	-0,0190443396568298
170,605792	-0,0252584666013718
170,718144	-0,0139256417751312
170,823799	0,0123200714588165
170,935128	0,0343902111053467
171,037408	0,0472998917102814
171,138165	0,0551087856292725
171,239165	0,0552674233913422
171,340676	0,0496024191379547
171,441717	0,0351642966270447
171,543174	0,013297826051712
171,643209	-0,00626550614833832
171,743713	-0,0229251682758331
171,845682	-0,0233921110630035
171,945686	-0,0108851045370102
172,046217	0,0120536684989929
172,148186	0,0341576933860779
172,248691	0,0471431612968445
172,349687	0,055048793554306
172,451683	0,0552926659584045
172,553205	0,0497226417064667
172,655190	0,0383865237236023
172,755690	0,0136312544345856
172,855698	-0,00594501197338104
172,957692	-0,0208810567855835
173,058192	-0,0234713703393936
173,160203	-0,0111043900251389
173,260786	0,00774858891963959
173,362697	0,0338768064975739
173,462699	0,0469318032264709
173,563206	0,0541286170482635
173,664207	0,0556795001029968
173,765707	0,0497321486473083
173,865710	0,0384706258773804
173,965713	0,0177860707044601
174,066213	-0,00575879216194153
174,168213	-0,0208009034395218
174,269716	-0,0247330665588379
174,369718	-0,0114105939865112
174,469753	0,00736086070537567
174,571220	0,0267419964075089
174,673220	0,0466188490390778
174,773784	0,0538905262947083
174,875752	0,0557523965835571
174,977740	0,0496599078178406
175,078238	0,0384919941425323
175,180303	0,0179024040699005
175,280741	-0,00187259912490845
175,380744	-0,0207660794258118
175,482735	-0,0254801064729691
175,583279	-0,0148884207010269
175,685242	0,00698027014732361
175,785745	0,026390865445137
175,887745	0,0442215204238892
175,987747	0,0537191331386566
176,088251	0,0556542575359344
176,190251	0,0511604845523834
176,291753	0,0385604202747345
176,393763	0,0180845409631729
176,495753	-0,00168269872665405
176,597260	-0,02065110206604
176,699258	-0,0249637365341187
176,799758	-0,0151415914297104
176,899762	0,00267839431762695
176,999767	0,0260781049728394
177,100270	0,043988823890686
177,202269	0,0525878071784973
177,303770	0,0556537806987762
177,405774	0,0512683987617493
177,506300	0,0414653420448303
177,608276	0,0184045135974884
177,709278	-0,0013514906167984
177,810780	-0,0179885178804398
177,912779	-0,0254027247428894
178,013309	-0,0152172446250916
178,115283	0,00255048274993896
178,216287	0,0259352326393127
178,317791	0,043935626745224
178,419788	0,0525873303413391
178,520292	0,0557204782962799
178,620294	0,0514353215694427
178,721295	0,0417100191116333
178,822800	0,022550642490387
178,924795	-0,00102365016937256
179,025300	-0,0177445411682129
179,127303	-0,0253912508487701
179,227303	-0,0154085755348206
179,327807	0,00223070383071899
179,429814	0,0255962610244751
179,530310	0,04120734333992
179,630330	0,0523661077022552
179,732311	0,0555894672870636
179,832814	0,0526096820831299
179,932854	0,041725218296051
180,033321	0,0263377130031586
180,135319	0,00303386151790619
180,237319	-0,0176449418067932
180,337827	-0,0253902971744537
180,439817	-0,0183860063552856
180,541362	0,00191932916641235
180,641363	0,0216053426265717
180,743382	0,0409982800483704
180,844850	0,0509859919548035
180,946838	0,0556023418903351
181,047332	0,0527129769325256
181,147332	0,0443364679813385
181,249334	0,0229982286691666
181,349836	0,00338035821914673
181,451842	-0,0145263671875
181,552337	-0,0252727866172791
181,652340	-0,0184584558010101
181,752345	-0,00213837623596191
181,852844	0,021390363574028
181,954845	0,0408533811569214
182,056388	0,0508999228477478
182,156391	0,0555627942085266
182,258393	0,0527819395065308
182,359893	0,0444675385951996
182,459897	0,0303209722042084
182,561090	0,0036177784204483
182,663098	-0,0143703371286392
182,765467	-0,0246695280075073
182,865467	-0,0187764018774033
182,967470	-0,00259703397750854
183,067927	0,0170463174581528
183,169921	0,0404176712036133
183,270331	0,0505472421646118
183,370331	0,0550354421138763
183,470335	0,0535915493965149
183,571847	0,0444186329841614
183,673836	0,030387818813324
183,775339	0,00775517523288727
183,875342	-0,0141938775777817
183,976344	-0,0245888233184814
184,076844	-0,0211272537708282
184,178849	-0,00279410183429718
184,279354	0,016848087310791
184,380397	0,0375494956970215
184,482349	0,050498753786087
184,582979	0,0550654530525208
184,684926	0,0537010431289673
184,786524	0,0446047782897949
184,888474	0,0306423306465149
184,988475	0,00803099572658539
185,089983	-0,0107641071081161
185,190978	-0,0245229005813599
185,291053	-0,0213042795658112
185,391055	-0,00680884718894958
185,491056	0,0164812654256821
185,591557	0,0342421233654022
185,693600	0,0486958920955658
185,795066	0,0549225509166718
185,895090	0,0543795824050903
185,997062	0,0467418432235718
186,098123	0,0307992100715637
186,198127	0,0122405737638474
186,298306	-0,0105316042900085
186,398311	-0,0244288146495819
186,500314	-0,0231643617153168
186,600504	-0,0070425271987915
186,701525	0,0122419893741608
186,802705	0,0339972972869873
186,904702	0,0485372245311737
187,004801	0,054337203502655
187,104815	0,0543848276138306
187,206813	0,0468448996543884
187,307118	0,0342103242874146
187,409111	0,0125122666358948
187,510113	-0,0102801620960236
187,611213	-0,0230354517698288
187,713213	-0,0232460051774979
187,813437	-0,0107384771108627
187,913441	0,0119235962629318
188,015415	0,0304987132549286
188,115584	0,0464606881141663
188,217585	0,0541581511497498
188,319090	0,054765373468399
188,421086	0,0468016862869263
188,521098	0,0342667996883392
188,622594	0,0165622532367706
188,724590	-0,0101772099733353
188,824821	-0,0230397582054138
188,926812	-0,0246294140815735
189,027302	-0,0110787600278854
189,127303	0,0115344673395157
189,227308	0,0301423072814941
189,327346	0,046208530664444
189,427347	0,0540205240249634
189,527445	0,054695338010788
189,628448	0,0502126216888428
189,728448	0,0373523831367493
189,829515	0,0167628079652786
189,929518	-0,00275778770446777
190,031019	-0,0211501568555832
190,131031	-0,0247344970703125
190,233020	-0,0145425498485565
190,334523	0,00720277428627014
190,436521	0,0297783315181732
190,538022	0,0437864661216736
190,638025	0,0530184507369995
190,740023	0,054527223110199
190,840529	0,0501137673854828
190,941565	0,0373618602752686
191,041656	0,0168661922216415
191,141658	-0,00264275074005127
191,241658	-0,0188398063182831
191,343157	-0,0254748463630676
191,444200	-0,0148294270038605
191,545661	0,0029623955488205
191,645674	0,026039183139801
191,746671	0,0435874462127686
191,848164	0,0519418120384216
191,948178	0,0547691881656647
192,049330	0,0501978993415833
192,151290	0,0402508974075317
192,251291	0,0209879875183105
192,351360	-0,00235801935195923
192,453358	-0,0186333954334259
192,553556	-0,0255894958972931
192,653568	-0,0150207132101059
192,754553	0,00268544256687164
192,855696	0,0221381187438965
192,956694	0,0434245467185974
193,057890	0,0518585443496704
193,159886	0,054821103811264
193,259887	0,0516112744808197
193,360097	0,0404837131500244
193,460107	0,0249845385551453
193,561599	0,00183892250061035
193,663627	-0,0183240473270416
193,763627	-0,0254304260015488
193,865108	-0,0178698599338531
193,967103	0,00249782204627991
194,067755	0,021945133805275
194,169752	0,0382620394229889
194,269753	0,05180624127388
194,370257	0,0548234879970551
194,470260	0,0527410209178925
194,570768	0,040650486946106
194,672763	0,0252353549003601
194,774761	0,0060364305973053
194,875264	-0,018139585852623
194,975265	-0,0254051089286804
195,075769	-0,0204388052225113
195,177769	-0,00166147947311401
195,277776	0,0216196328401566
195,378270	0,0379922389984131
195,478280	0,050361841917038
195,578774	0,0547063052654266
195,678775	0,0526820421218872
195,778775	0,045292466878891
195,879286	0,0288616716861725
195,980278	0,00622826814651489
196,080784	-0,012182742357254
196,182782	-0,0248725265264511
196,284286	-0,020611971616745
196,384289	-0,0056694895029068
196,485285	0,0175133943557739
196,586796	0,0377537608146667
196,688790	0,0487533807754517
196,789293	0,0544838905334473
196,889295	0,0527838468551636
196,991305	0,0454743504524231
197,091800	0,0324170291423798
197,191804	0,0065753161907196
197,292300	-0,0118479132652283
197,392304	-0,0236380100250244
197,492344	-0,0225470811128616
197,593808	-0,00585141777992249
197,693859	0,0133983641862869
197,795333	0,0346535742282867
197,897311	0,0485885143280029
197,997312	0,0539414882659912
198,097812	0,0535224974155426
198,197867	0,0454933345317841
198,298317	0,0325018763542175
198,400318	0,0106379091739655
198,500328	-0,0117567181587219
198,600820	-0,0236895829439163
198,700823	-0,0242220312356949
198,801324	-0,00979259610176086
198,903328	0,012920543551445
199,003329	0,0311176776885986
199,103845	0,0465385913848877
199,205832	0,0537510216236115
199,306332	0,0539971888065338
199,408357	0,0474177002906799
199,510335	0,0326531231403351
199,610834	0,0147900581359863
199,710835	-0,00810608267784119
199,811347	-0,0235434770584106
199,913349	-0,0242143869400024
200,015340	-0,0131882280111313
200,115844	0,0127192139625549
200,217844	0,0309641361236572
200,318346	0,0444613695144653
200,420350	0,0537591278553009
200,522349	0,0540581345558167
200,622902	0,0475596785545349
200,724859	0,0328812003135681
200,825359	0,0150700956583023
200,927357	-0,00788307189941406
201,027358	-0,0235052704811096
201,127861	-0,0243428498506546
201,227888	-0,0135019719600677
201,328407	0,00839255750179291
201,430373	0,0305584371089935
201,530374	0,044109433889389
201,630871	0,0527981221675873
201,730871	0,0538648366928101
201,831381	0,0490835607051849
201,933374	0,0358873307704926
202,033411	0,0151723474264145
202,133915	-0,00417815148830414
202,235873	-0,0197133421897888
202,336382	-0,0244909077882767
202,438378	-0,0138162672519684
202,538407	0,00415366888046265
202,638881	0,0269094705581665
202,738884	0,0439052283763885
202,839387	0,0517914891242981
202,941388	0,0541714727878571
203,043390	0,0491548180580139
203,143890	0,0388269424438477
203,243891	0,0192400962114334
203,344403	-0,00393275916576385
203,444438	-0,019552156329155
203,546902	-0,0253740549087524
203,648897	-0,0140673667192459
203,749899	0,00380629301071167
203,851402	0,0265669226646423
203,953406	0,043643981218338
204,053907	0,0516041219234467
204,155908	0,0540852844715118
204,257910	0,0505172908306122
204,358407	0,0389338433742523
204,458408	0,0194728523492813
204,558924	0,000101223587989807
204,660937	-0,0193547308444977
204,760954	-0,025359719991684
204,861418	-0,0170965790748596
204,963418	0,00355854630470276
205,063921	0,0263320207595825
205,164924	0,0411907136440277
205,265922	0,0515318512916565
205,367010	0,0540871918201447
205,468006	0,050594300031662
205,569402	0,0391072332859039
205,669443	0,0234294235706329
205,771403	0,00041516125202179
205,871547	-0,0165555030107498
205,971548	-0,0254853665828705
206,073051	-0,0171932876110077
206,174051	-0,00047360360622406
206,274052	0,0225754082202911
206,374634	0,0410391390323639
206,474638	0,0502991080284119
206,575138	0,0541872084140778
206,676137	0,0518124401569366
206,778143	0,0417884290218353
206,879639	0,0236825346946716
206,979640	0,0045475959777832
207,080146	-0,0163454860448837
207,181143	-0,0251008272171021
207,281162	-0,019833043217659
207,382680	-0,000756144523620605
207,484649	0,0185428112745285
207,585179	0,0382425785064697
207,687160	0,0501389503479004
207,789154	0,0539529025554657
207,889662	0,0517886579036713
207,990695	0,0418867766857147
208,090954	0,0274075120687485
208,192160	0,00481411814689636
208,292165	-0,0161283612251282
208,392667	-0,0250115096569061
208,494719	-0,0199656337499619
208,595166	-0,00102460384368896
208,697163	0,0182352215051651
208,798180	0,0351927578449249
208,898681	0,0499702095985413
208,999683	0,0538343489170074
209,101185	0,0526039898395538
209,203189	0,0419014990329742
209,303197	0,0275037884712219
209,404687	0,00882160663604736
209,506689	-0,0160350352525711
209,608189	-0,025066927075386
209,709191	-0,0222072154283524
209,810700	-0,00508841872215271
209,910736	0,017861396074295
210,012696	0,0348870754241943
210,113203	0,0483586192131042
210,214245	0,053764820098877
210,314749	0,0526149272918701
210,415751	0,0442490577697754
210,517708	0,0277465879917145
210,617876	0,00913019478321075
210,717879	-0,01277095079422
210,818032	-0,0249647051095963
210,918998	-0,0222850292921066
211,019991	-0,00887063145637512
211,121308	0,0175448507070541
211,222304	0,0346008837223053
211,322814	0,046451210975647
211,424809	0,0532135963439941
211,524816	0,0525226294994354
211,624973	0,0461876392364502
211,724973	0,0311072468757629
211,825192	0,00928853452205658
211,927167	-0,00936399400234222
212,028150	-0,0239961445331573
212,129366	-0,0224344283342361
212,230366	-0,00912889838218689
212,331496	0,0134310722351074
212,433480	0,0343916118144989
212,534478	0,0463372468948364
212,634536	0,0532159805297852
212,735572	0,052627295255661
212,837037	0,0463690459728241
212,937042	0,0344542562961578
213,039042	0,0135065019130707
213,139545	-0,0090535581111908
213,239574	-0,0223642587661743
213,341061	-0,0239588916301727
213,443109	-0,00937679409980774
213,545058	0,0130925625562668
213,646563	0,0310020446777344
213,747564	0,0460655689239502
213,849068	0,0530222654342651
213,951113	0,0531027019023895
214,051116	0,0463505387306213
214,152423	0,0314788520336151
214,254416	0,0136668533086777
214,356010	-0,00889052450656891
214,456039	-0,0237822234630585
214,557013	-0,0240792334079742
214,657596	-0,012899249792099
214,758600	0,0127907395362854
214,860102	0,0307385325431824
214,962104	0,0439270734786987
215,063118	0,0529018640518188
215,164612	0,0530632138252258
215,266608	0,0480688512325287
215,367111	0,0316547155380249
215,467151	0,0138989090919495
215,567651	-0,00514274835586548
215,669650	-0,0221871733665466
215,769652	-0,0241928994655609
215,870197	-0,0131749212741852
215,971152	0,00469237565994263
216,072718	0,0304034650325775
216,173663	0,0436776876449585
216,275660	0,0521082878112793
216,377168	0,052974671125412
216,478165	0,048035591840744
216,579669	0,0347323417663574
216,680666	0,0140475034713745
216,782666	-0,00500766932964325
216,883270	-0,0221571028232574
216,985207	-0,0252383947372437
217,085322	-0,0135091096162796
217,186326	0,00816375017166138
217,288325	0,0267491042613983
217,389583	0,0434012711048126
217,489584	0,0519593954086304
217,591087	0,0532844960689545
217,692090	0,0481211245059967
217,793092	0,034964919090271
217,894230	0,0181813389062881
217,996223	-0,00464123487472534
218,096385	-0,0218831449747086
218,197379	-0,0251290202140808
218,297575	-0,0136037170886993
218,397907	0,0041268914937973
218,498873	0,0265678614377975
218,600380	0,0410709977149963
218,702405	0,051033079624176
218,804381	0,053300678730011
218,905424	0,0495986342430115
219,005433	0,0378881692886353
219,106975	0,0184355080127716
219,207997	-0,000700578093528748
219,309987	-0,0217518955469131
219,411481	-0,02516770362854
219,512524	-0,0167126655578613
219,613986	0,003816157579422
219,714984	0,0262632071971893
219,815035	0,0408191680908203
219,915541	0,0508942306041718
220,017541	0,0532683134078979
220,118087	0,0496451854705811
220,220087	0,0405678153038025
220,320089	0,0187016278505325
220,420592	-0,000404864549636841
220,522618	-0,0169703364372253
220,623095	-0,025127112865448
220,724099	-0,0168245881795883
220,824601	-0,000196769833564758
220,924646	0,0260477215051651
221,025597	0,0406666398048401
221,127115	0,0496841371059418
221,229103	0,0533606708049774
221,329608	0,0497036278247833
221,429649	0,0406975448131561
221,531613	0,0225858688354492
221,632121	-0,000170871615409851
221,732128	-0,0168036222457886
221,832660	-0,0251490771770477
221,933682	-0,0170532315969467
222,034659	-0,000532001256942749
222,136169	0,0185499638319016
222,237170	0,0403953194618225
222,337638	0,0494945645332336
222,437638	0,0531350672245026
222,539634	0,0507848858833313
222,640145	0,0407512187957764
222,741145	0,0262257158756256
222,842647	0,00381475687026978
222,942648	-0,0166764706373215
223,042654	-0,025156244635582
223,143163	-0,0218034386634827
223,245171	-0,000877171754837036
223,345658	0,0181708484888077
223,445660	0,0348187386989594
223,545661	0,0492726564407349
223,647165	0,0529675483703613
223,748191	0,0515931844711304
223,848672	0,0407730638980865
223,949670	0,026322528719902
224,049677	0,00781542062759399
224,151174	-0,0137012004852295
224,253172	-0,0251982808113098
224,353675	-0,0219876766204834
224,454682	-0,00488299131393433
224,554726	0,0178361386060715
224,655229	0,0345600843429565
224,755327	0,0477292537689209
224,856734	0,0529180467128754
224,956737	0,0516397953033447
225,057745	0,0451119840145111
225,159239	0,0265787839889526
225,260235	0,00812514126300812
225,361740	-0,0102464854717255
225,463737	-0,0250802934169769
225,563744	-0,0220649987459183
225,664247	-0,00861856341362
225,766245	0,0137840509414673
225,866749	0,0343023836612701
225,966760	0,045901745557785
226,067750	0,052441269159317
226,169255	0,051570862531662
226,271254	0,0451290607452393
226,371759	0,029972642660141
226,472762	0,00830356776714325
226,574759	-0,0100747644901276
226,676264	-0,0241847932338715
226,776306	-0,0222330093383789
226,876764	-0,00889858603477478
226,976767	0,0134661793708801
227,078765	0,0310750305652618
227,179275	0,0457683205604553
227,279278	0,0518381297588348
227,379777	0,0522909462451935
227,480773	0,0453180968761444
227,582820	0,0333213210105896
227,684277	0,0125037431716919
227,784280	-0,00971719622612
227,884778	-0,0225761979818344
227,984778	-0,0237201452255249
228,084779	-0,00904121994972229
228,186282	0,00942756235599518
228,286283	0,0308575034141541
228,387785	0,0455940365791321
228,487789	0,0517116189002991
228,587792	0,0526425242424011
228,688290	0,0469954609870911
228,789291	0,0333853363990784
228,890796	0,0164141207933426
228,992795	-0,00616008043289185
229,093313	-0,0225733369588852
229,195300	-0,024890661239624
229,296298	-0,0126141309738159
229,397802	0,00906988978385925
229,499801	0,0273539125919342
229,600305	0,0435157418251038
229,700306	0,0516588091850281
229,800312	0,0526634752750397
229,900808	0,0471593141555786
230,000809	0,0336576104164124
230,101315	0,0167475640773773
230,203315	-0,00583064556121826
230,305322	-0,0204712450504303
230,406441	-0,0248491168022156
230,506441	-0,0127690434455872
230,607950	0,00501859188079834
230,708962	0,0271362066268921
230,810948	0,0433651804924011
230,912449	0,0507373809814453
231,012455	0,0526268184185028
231,112954	0,0486312806606293
231,213954	0,0365725159645081
231,315953	0,0169133692979813
231,417461	-0,00564491748809814
231,518495	-0,0203958749771118
231,619962	-0,025430902838707
231,722002	-0,0130717754364014
231,823966	0,00464677810668945
231,924524	0,02337945997715
232,024557	0,0431390404701233
232,125020	0,0506175756454468
232,225061	0,0527876615524292
232,326081	0,0487215518951416
232,426156	0,0367919206619263
232,528155	0,0209312438964844
232,628207	-0,00165441632270813
232,730212	-0,0201320946216583
232,831195	-0,0253057479858398
232,932299	-0,0161031186580658
233,034296	0,00441785156726837
233,134947	0,0231343805789948
233,235899	0,0383470952510834
233,336944	0,0504730939865112
233,437482	0,0526910722255707
233,539484	0,0498870611190796
233,639985	0,0368460714817047
233,741037	0,0210566520690918
233,842015	0,00222176313400269
233,942498	-0,0200834423303604
234,044501	-0,0253989100456238
234,144997	-0,0189399272203445
234,246055	0,000297963619232178
234,347000	0,0227882713079453
234,447504	0,0380477905273438
234,549504	0,0491980612277985
234,651144	0,0525630712509155
234,752097	0,0498314797878265
234,853697	0,039438396692276
234,954646	0,021201103925705
235,055648	0,00239577889442444
235,156153	-0,0176020562648773
235,256153	-0,0254495292901993
235,356659	-0,0191830843687057
235,456699	-3,85940074920654E-5
235,557660	0,0224458426237106
235,659206	0,0377779901027679
235,761165	0,0490336716175079
235,862714	0,0524117648601532
235,964672	0,0498310029506683
236,064714	0,0395358204841614
236,165249	0,0248961746692657
236,267247	0,0026097297668457
236,367445	-0,0146595686674118
236,469420	-0,0252818614244461
236,569420	-0,0193633139133453
236,669565	-0,00398890674114227
236,769565	0,018520399928093
236,869709	0,0375432968139648
236,970707	0,0475506484508514
237,071752	0,052335649728775
237,173304	0,0507673025131226
237,275346	0,0419176518917084
237,376766	0,0251009166240692
237,477818	0,0066477358341217
237,579765	-0,0144459754228592
237,681264	-0,0252422243356705
237,782264	-0,0215872526168823
237,883772	-0,00424186885356903
237,985768	0,0182595402002335
238,085771	0,034665435552597
238,186299	0,0474632978439331
238,287272	0,052338033914566
238,388834	0,0508486032485962
238,489779	0,0421086549758911
238,589784	0,0253958702087402
238,691283	0,00699485838413239
238,791289	-0,0110360383987427
238,892848	-0,0251041799783707
238,993792	-0,0216082632541656
239,095790	-0,00793610513210297
239,197298	0,0180516391992569
239,298293	0,0344898402690887
239,398837	0,0457678437232971
239,499807	0,0523009300231934
239,600805	0,0508619248867035
239,701303	0,0442139208316803
239,802303	0,0288697183132172
239,903810	0,00722770392894745
240,004808	-0,0108476281166077
240,104825	-0,0243175476789474
240,205316	-0,0217705070972443
240,305359	-0,00823016464710236
240,406851	0,0102009177207947
240,508821	0,0341918468475342
240,610821	0,0455536544322968
240,711877	0,0513250231742859
240,812880	0,0508096218109131
240,914381	0,0442362427711487
241,015380	0,032067596912384
241,116890	0,0074201375246048
241,218884	-0,010681539773941
241,318907	-0,02299964427948
241,418969	-0,0234966725111008
241,520965	-0,00851245224475861
241,622473	0,0136578381061554
241,724478	0,0309650897979736
241,825468	0,0453290045261383
241,927018	0,0517206490039825
242,028976	0,0514219999313354
242,130479	0,0442656874656677
242,232479	0,0291038751602173
242,334479	0,0113865286111832
242,434676	-0,0105387270450592
242,534678	-0,0242683589458466
242,636184	-0,0236475616693497
242,737180	-0,00882609188556671
242,837225	0,0133101642131805
242,937334	0,0306617617607117
243,039333	0,0432748794555664
243,139402	0,0510520935058594
243,241402	0,051390141248703
243,341405	0,0460446774959564
243,441441	0,0323292911052704
243,541442	0,0116332471370697
243,642945	-0,00691717863082886
243,742989	-0,0227910131216049
243,844945	-0,0237101018428802
243,946015	-0,0122606605291367
244,048007	0,00928853452205658
244,148188	0,0304480195045471
244,250183	0,0431452393531799
244,350191	0,0502278208732605
244,450302	0,0514301061630249
244,550305	0,0461634397506714
244,650761	0,0353636741638184
244,752760	0,0156552344560623
244,852774	-0,00663669407367706
244,952981	-0,0208681672811508
245,054981	-0,0247989594936371
245,155036	-0,0124782472848892
245,257036	0,00520898401737213
245,357037	0,0270190387964249
245,458122	0,0429404973983765
245,558123	0,0501042604446411
245,659203	0,0518224239349365
245,761196	0,0462284684181213
245,861199	0,0355145931243896
245,961392	0,0195706337690353
246,063392	-0,00638890266418457
246,163598	-0,0206973701715469
246,263610	-0,0253239125013351
246,365599	-0,0156137198209763
246,467104	0,00494386255741119
246,567107	0,0234056413173676
246,668610	0,0406447649002075
246,768622	0,0499882698059082
246,869113	0,0519903004169464
246,971111	0,0477240085601807
247,073124	0,0356589555740356
247,174621	0,0197833478450775
247,275614	-0,00260457396507263
247,375809	-0,0205599814653397
247,475821	-0,0253492295742035
247,577807	-0,0184312909841537
247,678314	0,0046270340681076
247,779316	0,0230848640203476
247,879815	0,0380235910415649
247,979820	0,0498034358024597
248,079877	0,0518561899662018
248,179924	0,0488897264003754
248,280925	0,0382649004459381
248,382431	0,0199044942855835
248,482438	0,00123816728591919
248,584430	-0,0182206034660339
248,686009	-0,0254256427288055
248,788013	-0,0186638981103897
248,889555	-0,00312702357769012
248,991519	0,0227577984333038
249,093513	0,0377689599990845
249,195017	0,0486265122890472
249,297016	0,0518033802509308
249,397519	0,0489134788513184
249,497523	0,0383732318878174
249,599526	0,0201081484556198
249,700021	0,0014757513999939
249,800022	-0,0180504620075226
249,900533	-0,0254323333501816
250,000533	-0,0188421905040741
250,102534	-0,00339160859584808
250,203034	0,0189157575368881
250,305028	0,037516713142395
250,405591	0,0471991896629333
250,507605	0,0516825914382935
250,609578	0,0488997101783752
250,711078	0,0384639501571655
250,813079	0,0237795561552048
250,913893	0,00168885290622711
