0,101529	-0,0048949122428894
0,203514	-0,00360898673534393
0,303531	-0,00199314951896667
0,404044	-0,00081886351108551
0,506057	0,000113770365715027
0,606561	0,000237882137298584
0,708643	-0,0003022700548172
0,810564	-0,00154796242713928
0,911130	-0,00314332544803619
1,021569	-0,00435562431812286
1,130927	-0,00533831119537354
1,238595	-0,00546920299530029
1,348951	-0,00454948842525482
1,457649	-0,00336204469203949
1,568624	-0,00178489089012146
1,679366	-0,000470548868179321
1,788401	0,000236466526985168
1,899792	-6,064772605896E-5
2,010483	-0,00111077725887299
2,122188	-0,00290489196777344
2,234034	-0,00461536645889282
2,345563	-0,00547108054161072
2,457517	-0,00545601546764374
2,567539	-0,00461301207542419
2,679006	-0,00315555930137634
2,788916	-0,00159260630607605
2,899464	-0,00034409761428833
3,005135	0,000167816877365112
3,112942	-8,13305377960205E-5
3,225400	-0,00114226341247559
3,336483	-0,00265000760555267
3,446830	-0,00421634316444397
3,556878	-0,00541646778583527
3,669838	-0,00557135045528412
3,770721	-0,00503988564014435
3,884502	-0,00374305248260498
3,999171	-0,00192922353744507
4,100413	-0,000435292720794678
4,214279	0,000123172998428345
4,319341	-4,70131635665894E-5
4,421186	-0,00120572745800018
4,531588	-0,00270691514015198
4,632819	-0,00379243493080139
4,735590	-0,00523664057254791
4,837798	-0,00570178031921387
4,941876	-0,00541365146636963
5,053508	-0,00432126224040985
5,161837	-0,00280614197254181
5,271753	-0,00125369429588318
5,379325	-0,000203073024749756
5,492296	9,35494899749756E-5
5,600608	-0,000550463795661926
5,709550	-0,001844123005867
5,817240	-0,00314803421497345
5,931485	-0,00457866489887238
6,039660	-0,00550404191017151
6,149537	-0,00534020364284515
6,259672	-0,00438526272773743
6,373979	-0,00289878249168396
6,487051	-0,0011037290096283
6,600303	5,40614128112793E-5
6,710983	0,000242114067077637
6,823485	-0,000292390584945679
6,924075	-0,00178912281990051
7,024473	-0,00339120626449585
7,136913	-0,00457349419593811
7,237583	-0,00548425316810608
7,339254	-0,00548237562179565
7,451907	-0,00447702407836914
7,564131	-0,00325807929039001
7,665817	-0,00194379687309265
7,766485	-0,000443294644355774
7,879093	0,000117525458335876
7,979806	-2,67922878265381E-5
8,080431	-0,000903010368347168
8,195233	-0,00235237181186676
8,295285	-0,00394627451896667
8,399103	-0,0050027072429657
8,500798	-0,00565139949321747
8,613579	-0,00536468625068665
8,718567	-0,00429539382457733
8,823989	-0,00251975655555725
8,927660	-0,00124756991863251
9,040662	-0,000190854072570801
9,146496	0,000124573707580566
9,257765	-0,000528842210769653
9,366348	-0,00185400247573853
9,479342	-0,00341188907623291
9,584440	-0,00463277101516724
9,692284	-0,00560148060321808
9,799877	-0,00548189878463745
9,910797	-0,00455138087272644
10,021877	-0,00306901335716248
10,133793	-0,00126026570796967
10,244291	-0,000192269682884216
10,359156	0,00014948844909668
10,469970	-0,000340327620506287
10,579990	-0,00180980563163757
10,689772	-0,00310429930686951
10,805326	-0,00495186448097229
10,916644	-0,00556334853172302
11,026823	-0,00546872615814209
11,138852	-0,00432409346103668
11,238984	-0,00284469127655029
11,345821	-0,00129646062850952
11,457193	-0,000381708145141602
11,569516	7,05122947692871E-5
11,671378	-0,000409916043281555
11,783428	-0,00140035152435303
11,897743	-0,00319835543632507
11,997969	-0,00468455255031586
12,098944	-0,00550262629985809
12,211901	-0,00575120747089386
12,325768	-0,00492739677429199
12,440575	-0,00353842973709106
12,552975	-0,00196494162082672
12,657000	-0,000711232423782349
12,770744	-3,76105308532715E-5
12,884687	-0,000412732362747192
12,988488	-0,00126168131828308
13,089262	-0,00274358689785004
13,201799	-0,00452029705047607
13,316691	-0,00555157661437988
13,420404	-0,00579312443733215
13,533889	-0,00497493147850037
13,649283	-0,00356711447238922
13,764845	-0,00177359580993652
13,865976	-0,000913351774215698
13,969776	-0,000116109848022461
14,080720	-0,000342682003974915
14,186292	-0,00109057128429413
14,290831	-0,00253528356552124
14,394391	-0,0040954202413559
14,504786	-0,00535574555397034
14,607076	-0,0058896541595459
14,712381	-0,00564339756965637
14,812760	-0,0044078528881073
14,914567	-0,00311370193958282
15,025510	-0,00160059332847595
15,134071	-0,000477612018585205
15,237119	-0,000131160020828247
15,337320	-0,000569730997085571
15,452820	-0,00173646211624146
15,553873	-0,00328302383422852
15,661644	-0,00476172566413879
15,764715	-0,00558170676231384
15,867764	-0,00580018758773804
15,976173	-0,00521592795848846
16,080363	-0,0039156973361969
16,186500	-0,00235378742218018
16,290719	-0,000963643193244934
16,394090	-0,000218600034713745
16,504851	-0,000330939888954163
16,606254	-0,000906765460968018
16,715428	-0,00250189006328583
16,830900	-0,00405967235565186
16,932921	-0,00516979396343231
17,042124	-0,00583361089229584
17,147599	-0,00554028153419495
17,251843	-0,00464877486228943
17,352620	-0,00287714600563049
17,463636	-0,00138813257217407
17,571701	-0,000487938523292542
17,671705	-9,35494899749756E-5
17,783425	-0,000544354319572449
17,895074	-0,00190570950508118
18,004856	-0,00322093069553375
18,116751	-0,00468125939369202
18,229025	-0,00563302636146545
18,337228	-0,00572766363620758
18,451503	-0,00482901930809021
18,556201	-0,00340248644351959
18,657124	-0,00207215547561646
18,763004	-0,000589475035667419
18,863384	-9,82582569122314E-5
18,965586	-0,000359147787094116
19,070965	-0,00119867920875549
19,182623	-0,00266176462173462
19,288330	-0,00444455444812775
19,390490	-0,00526018440723419
19,498816	-0,00585433840751648
19,609487	-0,00540563464164734
19,719157	-0,00424504280090332
19,833384	-0,00266458094120026
19,943322	-0,00103133916854858
20,047802	-0,000298500061035156
20,156999	-0,00014948844909668
20,272466	-0,00100031495094299
20,387197	-0,00238151848316193
20,498033	-0,00417117774486542
20,602596	-0,00522816181182861
20,713623	-0,00580865144729614
20,820296	-0,00539481639862061
20,924605	-0,00446431338787079
21,031518	-0,00292369723320007
21,131841	-0,00145581364631653
21,243759	-0,000405684113502502
21,352540	-0,000122219324111938
21,461820	-0,000832974910736084
21,572259	-0,00187985599040985
21,682727	-0,00367860496044159
21,793710	-0,0050525963306427
21,903626	-0,00576062500476837
22,013376	-0,00564104318618774
22,124232	-0,00444220006465912
22,235902	-0,00291241705417633
22,346383	-0,00142855942249298
22,457871	-0,000493109226226807
22,569602	-8,13305377960205E-5
22,681211	-0,000619560480117798
22,791180	-0,00207355618476868
22,901649	-0,00364096462726593
23,013833	-0,00502529740333557
23,125865	-0,00579264760017395
23,236783	-0,0056537538766861
23,347894	-0,00468501448631287
23,459493	-0,00295427441596985
23,570474	-0,00122407078742981
23,681992	-0,000285819172859192
23,793941	-6,95735216140747E-5
23,904872	-0,000589936971664429
24,016869	-0,00202184915542603
24,128405	-0,00359158217906952
24,240316	-0,00495705008506775
24,351692	-0,00569188594818115
24,463678	-0,00547201931476593
24,575551	-0,00440502166748047
24,687256	-0,00262744724750519
24,799230	-0,00117799639701843
24,910734	-0,000134438276290894
25,021780	-3,43173742294312E-5
25,133147	-0,000685840845108032
25,245150	-0,00195178389549255
25,345953	-0,00353795289993286
25,457354	-0,00490055978298187
25,569378	-0,00572626292705536
25,677558	-0,00558218359947205
25,785178	-0,00445066392421722
25,893325	-0,00322280824184418
26,001839	-0,0016847550868988
26,111927	-0,000405684113502502
26,216267	-8,69631767272949E-5
26,328810	-0,000589936971664429
26,440879	-0,00180321931838989
26,549929	-0,00309394299983978
26,660087	-0,00480455160140991
26,770034	-0,00571590662002563
26,871172	-0,00575262308120728
26,982307	-0,00497587025165558
27,096833	-0,00329478085041046
27,211022	-0,00174398720264435
27,313060	-0,000720620155334473
27,417736	-8,88407230377197E-5
27,524403	-0,000303685665130615
27,634537	-0,00127483904361725
27,745376	-0,00273512303829193
27,856847	-0,00451183319091797
27,957150	-0,0055534690618515
28,072685	-0,00573426485061646
28,173056	-0,00533172488212585
28,274030	-0,00385689735412598
28,389230	-0,0023227334022522
28,490121	-0,000974461436271667
28,591717	-0,000302731990814209
28,703313	-0,000233158469200134
28,805363	-0,00114884972572327
28,917133	-0,0022987574338913
29,019760	-0,00385360419750214
29,120748	-0,0051768571138382
29,233368	-0,00579406321048737
29,334511	-0,0057375580072403
29,436043	-0,00464360415935516
29,548773	-0,00343400239944458
29,649483	-0,00190055370330811
29,755333	-0,000732377171516418
29,856064	-0,00024820864200592
29,970878	-0,000566437840461731
30,071985	-0,00163538753986359
30,185309	-0,00311887264251709
30,294158	-0,00464595854282379
30,406313	-0,00577428936958313
30,521240	-0,00592780113220215
30,622813	-0,00529924035072327
30,724128	-0,00399333238601685
30,826775	-0,00244781374931335
30,936907	-0,00128000974655151
31,046671	-0,000323891639709473
31,148115	-0,000377938151359558
31,260925	-0,00100548565387726
31,372973	-0,00233402848243713
31,485475	-0,00414952635765076
31,587449	-0,00537456572055817
31,702351	-0,00594803690910339
31,804551	-0,00560618937015533
31,918493	-0,00428032875061035
32,020133	-0,00300553441047668
32,120475	-0,00152209401130676
32,233835	-0,00052131712436676
32,334019	-0,000276416540145874
32,434527	-0,000700891017913818
32,534611	-0,00184881687164307
32,647538	-0,00337755680084229
32,749882	-0,00483278930187225
32,850631	-0,00576958060264587
32,961606	-0,00587034225463867
33,068348	-0,00513826310634613
33,169871	-0,00375951826572418
33,270147	-0,0024515837430954
33,384040	-0,00107364356517792
33,484844	-0,000260889530181885
33,585549	-0,000287219882011414
33,698372	-0,00107929110527039
33,799368	-0,00248214602470398
33,911582	-0,00378867983818054
34,013544	-0,00514014065265656
34,125986	-0,00589294731616974
34,239169	-0,00559866428375244
34,353194	-0,00453019142150879
34,462056	-0,00304174423217773
34,570201	-0,00136086344718933
34,681749	-0,000455036759376526
34,782117	-0,000331401824951172
34,884083	-0,000833451747894287
34,996918	-0,00207825005054474
35,098271	-0,00361932814121246
35,210905	-0,00504130125045776
35,311603	-0,00588446855545044
35,412933	-0,00587081909179688
35,526008	-0,00521121919155121
35,627072	-0,00358547270298004
35,728993	-0,00201055407524109
35,842983	-0,000936388969421387
35,943382	-0,000235974788665771
36,056629	-0,000359147787094116
36,171919	-0,00145958364009857
36,286291	-0,00317436456680298
36,387877	-0,00443136692047119
36,488002	-0,00536233186721802
36,590008	-0,00581854581832886
36,702343	-0,00540705025196075
36,803134	-0,0042351633310318
36,916400	-0,00271867215633392
37,020580	-0,00127154588699341
37,120920	-0,000354915857315063
37,221548	-0,000173464417457581
37,335090	-0,000870585441589355
37,441796	-0,0019235759973526
37,543360	-0,00346174836158752
37,656060	-0,00487986207008362
37,757150	-0,0058053731918335
37,868330	-0,00574697554111481
37,968709	-0,00492739677429199
38,081088	-0,00351773202419281
38,182688	-0,00171202421188354
38,283926	-0,000725805759429932
38,396335	-0,00017392635345459
38,496558	-0,000298038125038147
38,597374	-0,00139282643795013
38,699667	-0,00261992216110229
38,811945	-0,00416836142539978
38,912475	-0,00520415604114532
39,022908	-0,00582137703895569
39,137649	-0,00542917847633362
39,247703	-0,00428833067417145
39,353116	-0,00276333093643188
39,460732	-0,00133217871189117
39,564935	-0,000392511487007141
39,678233	-0,000231742858886719
39,778643	-0,00105437636375427
39,892137	-0,0021793395280838
39,995429	-0,00373364984989166
40,096069	-0,00511661171913147
40,211153	-0,00585056841373444
40,311712	-0,00573566555976868
40,414244	-0,0048116147518158
40,521173	-0,00332535803318024
40,627794	-0,00181356072425842
40,728603	-0,000772804021835327
40,838188	-0,00015982985496521
40,946365	-0,000405207276344299
41,054748	-0,00137872993946075
41,156095	-0,00286772847175598
41,258447	-0,00437915325164795
41,370303	-0,00537174940109253
41,470407	-0,00586940348148346
41,583087	-0,00534726679325104
41,685204	-0,00438620150089264
41,800222	-0,00284798443317413
41,914227	-0,00139376521110535
42,015555	-0,000374644994735718
42,123214	-0,000235036015510559
42,226529	-0,00104497373104095
42,340619	-0,00211821496486664
42,441771	-0,00390534102916718
42,545464	-0,00504034757614136
42,651384	-0,00577051937580109
42,752732	-0,0056118369102478
42,864736	-0,00479936599731445
42,967997	-0,00361698865890503
43,068089	-0,00207872688770294
43,180680	-0,000646352767944336
43,280799	-0,000192269682884216
43,383251	-0,000425428152084351
43,496944	-0,0016128271818161
43,597134	-0,00315508246421814
43,710786	-0,00439184904098511
43,812131	-0,00539481639862061
43,914525	-0,00591742992401123
44,029135	-0,00538162887096405
44,131139	-0,00420975685119629
44,232986	-0,00288419425487518
44,339392	-0,00145111978054047
44,440193	-0,000456914305686951
44,553951	-0,000218600034713745
44,657420	-0,00102099776268005
44,758675	-0,00207215547561646
44,870170	-0,00364896655082703
44,978610	-0,00482809543609619
45,082545	-0,00581148266792297
45,185674	-0,00578747689723969
45,290622	-0,00506153702735901
45,392490	-0,00371670722961426
45,495100	-0,0019395649433136
45,607968	-0,000884681940078735
45,709888	-0,000278294086456299
45,823631	-0,000428706407546997
45,934843	-0,00137543678283691
46,038082	-0,00282824039459229
46,150779	-0,00431467592716217
46,251800	-0,00561937689781189
46,355065	-0,00587129592895508
46,468529	-0,00539056956768036
46,570488	-0,0042106956243515
46,684036	-0,0026288628578186
46,785471	-0,00146427750587463
46,886831	-0,00036148726940155
46,997408	-0,000245869159698486
47,101020	-0,000790655612945557
47,203138	-0,00200161337852478
47,303993	-0,00356146693229675
47,416605	-0,00494574010372162
47,522718	-0,00579264760017395
47,625827	-0,00579500198364258
47,726160	-0,00483466684818268
47,839181	-0,00369742512702942
47,942552	-0,00190243124961853
48,044699	-0,000856474041938782
48,158426	-0,000229403376579285
48,260502	-0,000471025705337524
48,368903	-0,00131338834762573
48,470909	-0,00273135304450989
48,584307	-0,00425586104393005
48,699116	-0,00542353093624115
48,801303	-0,0058223158121109
48,915413	-0,00522157549858093
49,029163	-0,00397169589996338
49,136181	-0,00216899812221527
49,248976	-0,00107833743095398
49,350480	-0,000313073396682739
49,452218	-0,000332340598106384
49,560652	-0,000970706343650818
49,664784	-0,00227007269859314
49,767075	-0,00383290648460388
49,867195	-0,00515049695968628
49,978105	-0,00579077005386353
50,080001	-0,00568529963493347
50,182139	-0,00471606850624084
50,286050	-0,00352384150028229
50,395249	-0,0019795298576355
50,499858	-0,000622376799583435
50,603681	-0,000212475657463074
50,717024	-0,000503465533256531
50,818508	-0,00130961835384369
50,926873	-0,00300507247447968
51,031438	-0,00427326560020447
51,131621	-0,00544659793376923
51,232239	-0,00588023662567139
51,332454	-0,00543294847011566
51,435109	-0,00450572371482849
51,549379	-0,0027322918176651
51,651310	-0,0013105571269989
51,756339	-0,000480890274047852
51,856567	-0,000182867050170898
51,958133	-0,000712156295776367
52,070209	-0,00166454911231995
52,171765	-0,00316402316093445
52,274817	-0,00460454821586609
52,387542	-0,00557935237884521
52,489102	-0,0057295560836792
52,590370	-0,00520886480808258
52,693533	-0,00371670722961426
52,794567	-0,00218075513839722
52,908176	-0,00106988847255707
53,010196	-0,000280171632766724
53,112141	-0,000289574265480042
53,226135	-0,00107364356517792
53,326649	-0,00243699550628662
53,438808	-0,00398439168930054
53,541216	-0,00508271157741547
53,642002	-0,00585386157035828
53,750817	-0,00569142401218414
53,863982	-0,00452971458435059
53,964710	-0,00329901278018951
54,077409	-0,00175997614860535
54,191715	-0,000612035393714905
54,303778	-0,000205427408218384
54,404588	-0,000531673431396484
54,506321	-0,00187185406684875
54,619528	-0,00338461995124817
54,722691	-0,0048205554485321
54,824007	-0,00559583306312561
54,932752	-0,00577759742736816
55,037925	-0,00513073801994324
55,138638	-0,00381173193454742
55,240844	-0,0025475025177002
55,353378	-0,000984326004981995
55,463507	-0,000268429517745972
55,564645	-0,000385940074920654
55,666688	-0,00104497373104095
55,778911	-0,00263543426990509
55,881204	-0,00418293476104736
55,995915	-0,00520086288452148
56,097310	-0,00579077005386353
56,198343	-0,00545224547386169
56,311555	-0,00454336404800415
56,412215	-0,00307935476303101
56,526615	-0,00156816840171814
56,639474	-0,00043293833732605
56,748650	-0,000208258628845215
56,850766	-0,000707939267158508
56,952530	-0,00189584493637085
57,054769	-0,00314567983150482
57,156379	-0,00483466684818268
57,258928	-0,00561137497425079
57,371237	-0,00580348074436188
57,472426	-0,00515097379684448
57,586323	-0,00382255017757416
57,696059	-0,00227619707584381
57,798600	-0,000945314764976501
57,898966	-0,000279232859611511
58,004746	-0,000232219696044922
58,117061	-0,00113004446029663
58,231531	-0,00254610180854797
58,346042	-0,00408931076526642
58,460773	-0,00544047355651855
58,563860	-0,00582277774810791
58,671945	-0,00533030927181244
58,775042	-0,00412553548812866
58,877253	-0,00312498211860657
58,984693	-0,00141304731369019
59,092023	-0,000374183058738708
59,197889	-0,000273123383522034
59,303230	-0,000864937901496887
59,405598	-0,00238952040672302
59,510717	-0,00340813398361206
59,616487	-0,00484314560890198
59,725892	-0,00581666827201843
59,833390	-0,00580254197120667
59,934148	-0,00506576895713806
60,039778	-0,00369223952293396
60,142533	-0,00191698968410492
60,250920	-0,000900194048881531
60,361544	-0,000318720936775208
60,472291	-0,000471964478492737
60,585734	-0,00141915678977966
60,686526	-0,00311322510242462
60,797294	-0,00439655780792236
60,898225	-0,00562596321105957
61,008433	-0,00588446855545044
61,110973	-0,00540046393871307
61,210985	-0,00442996621131897
61,319112	-0,00293216109275818
61,428861	-0,00146052241325378
61,531767	-0,000392511487007141
61,646842	-0,000301793217658997
61,749670	-0,000837668776512146
61,859602	-0,00207825005054474
61,965124	-0,00360710918903351
62,076461	-0,00516743957996368
62,187656	-0,00583644211292267
62,295910	-0,00563821196556091
62,397221	-0,00486527383327484
62,507602	-0,00318565964698792
62,614033	-0,00190854072570801
62,723101	-0,000727683305740356
62,831564	-0,000203549861907959
62,932154	-0,000516623258590698
63,041193	-0,00156112015247345
63,150184	-0,00305303931236267
63,254249	-0,00476360321044922
63,364011	-0,00569236278533936
63,468726	-0,00581242144107819
63,568860	-0,00539904832839966
63,676594	-0,00397874414920807
63,781126	-0,00217792391777039
63,885940	-0,00127625465393066
63,989960	-0,000383585691452026
64,098240	-0,000325292348861694
64,206425	-0,000950485467910767
64,314360	-0,00225174427032471
64,422153	-0,00379385054111481
64,537105	-0,00529924035072327
64,642163	-0,00582090020179749
64,742254	-0,00567494332790375
64,844669	-0,00450947880744934
64,959572	-0,0032651424407959
65,074863	-0,00155265629291534
65,186028	-0,000651523470878601
65,295454	-0,000261366367340088
65,400610	-0,000805705785751343
65,512855	-0,00199738144874573
65,621857	-0,00352337956428528
65,728140	-0,0048869252204895
65,831327	-0,00569377839565277
65,943248	-0,0056791752576828
66,044036	-0,00481915473937988
66,156994	-0,00342600047588348
66,258111	-0,00190854072570801
66,359463	-0,000698059797286987
66,471281	-0,000185698270797729
66,574053	-0,000346451997756958
66,685963	-0,00149013102054596
66,789585	-0,00270409882068634
66,903679	-0,00445160269737244
67,004575	-0,00554169714450836
67,107490	-0,00582796335220337
67,219761	-0,00542823970317841
67,321151	-0,00404508411884308
67,434453	-0,00275722146034241
67,537372	-0,00135898590087891
67,638232	-0,000443294644355774
67,751892	-0,000303685665130615
67,854369	-0,00117094814777374
67,956207	-0,00225503742694855
68,069172	-0,00382396578788757
68,171021	-0,00516039133071899
68,283933	-0,00581477582454681
68,385075	-0,00585480034351349
68,487746	-0,00481915473937988
68,592331	-0,00366167724132538
68,693300	-0,00212292373180389
68,806493	-0,000901609659194946
68,906742	-0,000399097800254822
69,020780	-0,000605925917625427
69,134762	-0,00161047279834747
69,240788	-0,00333899259567261
69,352835	-0,00455513596534729
69,455553	-0,00565187633037567
69,570549	-0,00593438744544983
69,675329	-0,00523805618286133
69,776584	-0,00395146012306213
69,889357	-0,00263731181621552
69,990401	-0,00128424167633057
70,092980	-0,000452220439910889
70,197433	-0,000351160764694214
70,298389	-0,000996559858322144
70,411388	-0,00247038900852203
70,513437	-0,0037609338760376
70,614696	-0,00508695840835571
70,727006	-0,00574132800102234
70,842403	-0,00559443235397339
70,952351	-0,00476314127445221
71,057110	-0,00333428382873535
71,166337	-0,00183472037315369
71,268517	-0,000672206282615662
71,370504	-0,000252440571784973
71,471111	-0,000609219074249268
71,583532	-0,00168335437774658
71,688729	-0,00319412350654602
71,792959	-0,00441867113113403
71,897961	-0,00553463399410248
72,013052	-0,00584349036216736
72,114673	-0,00535620748996735
72,216787	-0,00392134487628937
72,329449	-0,00263074040412903
72,431537	-0,00108210742473602
72,533393	-0,000447511672973633
72,645539	-0,000472426414489746
72,750927	-0,00133924186229706
72,851619	-0,00247086584568024
72,952718	-0,00401167571544647
73,066366	-0,00512036681175232
73,168473	-0,00591224431991577
73,281678	-0,0057046115398407
73,382905	-0,00490245223045349
73,492711	-0,00323127210140228
73,593904	-0,00176796317100525
73,707992	-0,000842839479446411
73,809079	-0,00040850043296814
73,921371	-0,000718742609024048
74,034628	-0,00200632214546204
74,148333	-0,0035252571105957
74,249160	-0,00472690165042877
74,352704	-0,00582325458526611
74,467925	-0,00590236485004425
74,568249	-0,00512790679931641
74,671366	-0,00402484834194183
74,785778	-0,00225457549095154
74,886899	-0,00100924074649811
74,997952	-0,000462561845779419
75,099076	-0,000518500804901123
75,210409	-0,00134676694869995
75,312304	-0,00270833075046539
75,424526	-0,00422245264053345
75,525424	-0,00542211532592773
75,638839	-0,00593909621238708
75,741546	-0,00569894909858704
75,853367	-0,00469724833965302
75,959439	-0,00296509265899658
76,066768	-0,0013110339641571
76,176121	-0,00045737624168396
76,278746	-0,000304147601127625
76,380102	-0,000762924551963806
76,482004	-0,00212526321411133
76,591657	-0,00338837504386902
76,691717	-0,00500412285327911
76,805837	-0,00570742785930634
76,920291	-0,00580772757530212
77,027529	-0,00506718456745148
77,128895	-0,00347727537155151
77,230846	-0,0022193044424057
77,344835	-0,000809937715530396
77,457469	-0,000314950942993164
77,561915	-0,000525087118148804
77,663806	-0,00144311785697937
77,765672	-0,0026279091835022
77,875659	-0,00436878204345703
77,982732	-0,00548991560935974
78,085497	-0,0058646947145462
78,200127	-0,00538727641105652
78,310479	-0,00396886467933655
78,412864	-0,00268998742103577
78,512981	-0,00149625539779663
78,613035	-0,000513792037963867
78,726458	-0,000261843204498291
78,828870	-0,000836730003356934
78,932386	-0,00205615162849426
79,044414	-0,00356617569923401
79,158618	-0,004961758852005
79,270717	-0,00575780868530273
79,373334	-0,00564669072628021
79,476103	-0,00470054149627686
79,590048	-0,00350409746170044
79,692105	-0,00177125632762909
79,807115	-0,000816524028778076
79,920394	-0,000291451811790466
80,023010	-0,000717803835868835
80,132482	-0,00161799788475037
80,241008	-0,00307747721672058
80,342464	-0,00477491319179535
80,457187	-0,00569801032543182
80,559331	-0,00582890212535858
80,662938	-0,00528842210769653
80,775268	-0,00379431247711182
80,889713	-0,0022747814655304
80,997796	-0,00118787586688995
81,100378	-0,000364780426025391
81,202267	-0,000502988696098328
81,316938	-0,00120949745178223
81,417878	-0,00255408883094788
81,526597	-0,00431279838085175
81,626993	-0,00528842210769653
81,741992	-0,00584302842617035
81,842864	-0,00553698837757111
81,944428	-0,00446808338165283
82,047512	-0,00298295915126801
82,161106	-0,00173927843570709
82,262583	-0,000512853264808655
82,365357	-0,000235036015510559
82,474699	-0,000618144869804382
82,577998	-0,00149765610694885
82,679584	-0,00346693396568298
82,782800	-0,00464549660682678
82,893323	-0,00547578930854797
82,998809	-0,0057375580072403
83,105565	-0,00521782040596008
83,213665	-0,00398768484592438
83,314661	-0,00223341584205627
83,425203	-0,00115825235843658
83,527944	-0,000375121831893921
83,628335	-0,000334694981575012
83,730982	-0,00116154551506042
83,840125	-0,00227855145931244
83,942829	-0,00379431247711182
84,045104	-0,00493539869785309
84,159147	-0,00584349036216736
84,272291	-0,00568859279155731
84,385729	-0,00456736981868744
84,492365	-0,00310240685939789
84,605811	-0,00164620578289032
84,717112	-0,000641658902168274
84,819220	-0,000348806381225586
84,921715	-0,000723913311958313
85,028883	-0,00205850601196289
85,129225	-0,00328585505485535
85,239406	-0,00475607812404633
85,347337	-0,00570271909236908
85,450008	-0,00579547882080078
85,563902	-0,00519004464149475
85,666933	-0,00361040234565735
85,769375	-0,00210224092006683
85,880896	-0,000902071595191956
85,995292	-0,000369012355804443
86,103955	-0,000578194856643677
86,209248	-0,00154796242713928
86,323217	-0,00322939455509186
86,424860	-0,00445772707462311
86,538707	-0,00537833571434021
86,641004	-0,00583550333976746
86,742039	-0,00531195104122162
86,855772	-0,00430291891098022
86,960602	-0,00281602144241333
87,074899	-0,00119398534297943
87,182096	-0,000378414988517761
87,295757	-0,00042213499546051
87,398302	-0,00109949707984924
87,500592	-0,00242383778095245
87,614466	-0,00395569205284119
87,715888	-0,00520886480808258
87,830052	-0,00584067404270172
87,932284	-0,00559301674365997
88,040912	-0,00479277968406677
88,145717	-0,0033705085515976
88,247381	-0,00162598490715027
88,350662	-0,000597938895225525
88,465012	-0,000243976712226868
88,566827	-0,000604510307312012
88,680955	-0,00188454985618591
88,781846	-0,00310146808624268
88,897392	-0,00457018613815308
89,009479	-0,00565564632415771
89,109834	-0,00577287375926971
89,211648	-0,00515991449356079
89,314144	-0,00387853384017944
89,423310	-0,00238998234272003
89,525725	-0,00127436220645905
89,639832	-0,000383585691452026
89,740001	-0,000401437282562256
89,842437	-0,00130444765090942
89,944647	-0,00242805480957031
90,045128	-0,00369319319725037
90,146196	-0,00518298149108887
90,261041	-0,00580912828445435
90,363104	-0,00566600263118744
90,465372	-0,00478102266788483
90,578882	-0,00311557948589325
90,694170	-0,00166688859462738
90,795017	-0,000752121210098267
90,903310	-0,000291451811790466
91,016972	-0,000905841588973999
91,121770	-0,00190666317939758
91,227474	-0,00315931439399719
91,337864	-0,00482197105884552
91,438998	-0,00569990277290344
91,553543	-0,00582748651504517
91,656056	-0,00519286096096039
91,759406	-0,00367718935012817
91,874298	-0,00240738689899445
91,974736	-0,00092509388923645
92,076035	-0,000377938151359558
92,190974	-0,00041179358959198
92,297008	-0,00143608450889587
92,398347	-0,00259828567504883
92,513198	-0,00409825146198273
92,616098	-0,00531619787216187
92,729700	-0,00580960512161255
92,832007	-0,00560948252677917
92,943325	-0,00440360605716705
93,053200	-0,00291335582733154
93,153554	-0,00150847434997559
93,268807	-0,000534951686859131
93,370314	-0,000362902879714966
93,484257	-0,000920400023460388
93,588168	-0,00210647284984589
93,691056	-0,00363579392433167
93,791202	-0,00495705008506775
93,902758	-0,00566835701465607
94,017967	-0,00572343170642853
94,132535	-0,00482574105262756
94,235701	-0,00347727537155151
94,337804	-0,00198328495025635
94,444368	-0,00098574161529541
94,547982	-0,000377476215362549
94,651661	-0,000558450818061829
94,754284	-0,00153055787086487
94,866649	-0,00292088091373444
94,968997	-0,00439891219139099
95,070321	-0,00554828345775604
95,175836	-0,00590188801288605
95,288879	-0,0054776668548584
95,393305	-0,00431561470031738
95,496647	-0,0027807354927063
95,598788	-0,00163350999355316
95,712570	-0,000523671507835388
95,814578	-0,000412255525588989
95,915311	-0,000779852271080017
96,018358	-0,00210928916931152
96,123549	-0,00363814830780029
96,238392	-0,004961758852005
96,349331	-0,00576628744602203
96,450320	-0,00575026869773865
96,564347	-0,00488927960395813
96,667412	-0,00354218482971191
96,770165	-0,00203782320022583
96,885047	-0,000879034399986267
96,987653	-0,000392049551010132
97,088083	-0,000547170639038086
97,190328	-0,00146804749965668
97,293136	-0,00310288369655609
97,406411	-0,00431609153747559
97,508047	-0,00545553863048553
97,623089	-0,00582419335842133
97,725766	-0,00541365146636963
97,838339	-0,00423704087734222
97,939147	-0,00272054970264435
98,043562	-0,00116577744483948
98,145733	-0,000440940260887146
98,256754	-0,000324353575706482
98,371707	-0,00079771876335144
98,477671	-0,00222447514533997
98,581356	-0,00350785255432129
98,683737	-0,00484879314899445
98,793566	-0,00573614239692688
98,899358	-0,00559724867343903
99,013925	-0,00485585629940033
99,114900	-0,00327220559120178
99,227681	-0,00178959965705872
99,330946	-0,000711232423782349
99,445413	-0,000317305326461792
99,547444	-0,000568315386772156
99,661939	-0,00179335474967957
99,766011	-0,0035092681646347
99,867139	-0,00468690693378448
99,982485	-0,00564479827880859
100,087284	-0,0057300329208374
100,190250	-0,00512555241584778
100,305266	-0,00406625866889954
100,408956	-0,00232650339603424
100,521762	-0,000925570726394653
100,621811	-0,00042259693145752
100,724035	-0,000487938523292542
100,826537	-0,00143890082836151
100,941591	-0,00256676971912384
101,042024	-0,00407236814498901
101,157216	-0,00528937578201294
101,260513	-0,0058896541595459
101,372059	-0,00548991560935974
101,478929	-0,00459465384483337
101,581525	-0,00315320491790771
101,695461	-0,00171954929828644
101,806167	-0,000724390149116516
101,913516	-0,000437647104263306
102,015276	-0,000957995653152466
102,118905	-0,00238575041294098
102,234478	-0,00365461409091949
102,337659	-0,00504082441329956
102,451042	-0,00595980882644653
102,553138	-0,00585669279098511
102,657749	-0,00514344871044159
102,772437	-0,00378680229187012
102,874410	-0,00203828513622284
102,988616	-0,00106565654277802
103,095900	-0,000465855002403259
103,198492	-0,000781267881393433
103,311809	-0,00204440951347351
103,414134	-0,00325949490070343
103,514676	-0,00424128770828247
103,615778	-0,00551392138004303
103,730593	-0,00582984089851379
103,833377	-0,00531430542469025
103,933776	-0,0041038990020752
104,046607	-0,0026283860206604
104,161703	-0,00128330290317535
104,269047	-0,000427767634391785
104,373903	-0,00040850043296814
104,476326	-0,00116437673568726
104,589457	-0,00248260796070099
104,691407	-0,00396698713302612
104,794798	-0,00505542755126953
104,904313	-0,00578370690345764
105,013407	-0,00566977262496948
105,115773	-0,00480502843856812
105,224842	-0,00337380170822144
105,329085	-0,00189442932605743
105,432425	-0,000923216342926025
105,536350	-0,000337511301040649
105,639320	-0,000679254531860352
105,753915	-0,0017082542181015
105,855599	-0,00315272808074951
105,960789	-0,00438526272773743
106,071693	-0,00555582344532013
106,184291	-0,0057804137468338
106,294614	-0,00528748333454132
106,397310	-0,00386771559715271
106,499833	-0,00236177444458008
106,613905	-0,00104355812072754
106,716126	-0,000352084636688232
106,818581	-0,000409439206123352
106,933076	-0,00104168057441711
107,047194	-0,0025719553232193
107,150267	-0,00405120849609375
107,263474	-0,00523240864276886
107,371791	-0,00573049485683441
107,474944	-0,00537268817424774
107,589461	-0,00431844592094421
107,691022	-0,0025879442691803
107,795303	-0,00141867995262146
107,908822	-0,00050392746925354
108,009990	-0,000294744968414307
108,113039	-0,000897377729415894
108,215469	-0,0018836110830307
108,320765	-0,00313015282154083
108,425883	-0,00480079650878906
108,541289	-0,00576581060886383
108,643867	-0,0057884156703949
108,753337	-0,00523382425308228
108,859482	-0,00373929738998413
108,962734	-0,00225362181663513
109,072881	-0,00101159512996674
109,173410	-0,000398620963096619
109,274283	-0,000577718019485474
109,381653	-0,00146569311618805
109,496333	-0,00287008285522461
109,599298	-0,00433772802352905
109,699825	-0,00529313087463379
109,800664	-0,00582748651504517
109,903764	-0,00549226999282837
110,018604	-0,0044567883014679
110,119120	-0,00323410332202911
110,222577	-0,00202137231826782
110,336405	-0,000765740871429443
110,446465	-0,000399097800254822
110,555115	-0,00100313127040863
110,665491	-0,00196918845176697
110,770254	-0,00366967916488647
110,885021	-0,00520792603492737
110,990112	-0,00578606128692627
111,092791	-0,00573474168777466
111,196717	-0,00490055978298187
111,303100	-0,00374916195869446
111,416032	-0,00201526284217834
111,517039	-0,000842839479446411
111,632006	-0,000327169895172119
111,734577	-0,000647291541099548
111,834740	-0,00144407153129578
111,938285	-0,0028536319732666
112,044461	-0,00409448146820068
112,148753	-0,00530678033828735
112,253658	-0,00585386157035828
112,366852	-0,00527147948741913
112,470108	-0,00450384616851807
112,574040	-0,00305585563182831
112,688846	-0,0014214962720871
112,794142	-0,000550925731658936
112,896836	-0,000385001301765442
113,011183	-0,000922739505767822
113,114066	-0,00211727619171143
113,214930	-0,00358922779560089
113,327213	-0,00494150817394257
113,428404	-0,00573331117630005
113,528532	-0,00576393306255341
113,630128	-0,0050530731678009
113,745367	-0,00371293723583221
113,846531	-0,00195084512233734
113,957821	-0,000936850905418396
114,070995	-0,000289574265480042
114,186477	-0,000573024153709412
114,289212	-0,0015888512134552
114,391833	-0,00305819511413574
114,492053	-0,00434762239456177
114,602459	-0,00563396513462067
114,710398	-0,00598901510238647
114,812627	-0,00545036792755127
114,921870	-0,00423562526702881
115,029082	-0,00299942493438721
115,130977	-0,00158461928367615
115,243698	-0,000614851713180542
115,352064	-0,000543415546417236
115,465003	-0,00135944783687592
115,572142	-0,0027243047952652
115,686531	-0,00425069034099579
115,787745	-0,00552615523338318
115,891061	-0,00613123178482056
116,006418	-0,00585386157035828
116,118420	-0,00505778193473816
116,228880	-0,00360287725925446
116,333759	-0,00187608599662781
116,437236	-0,000827327370643616
116,537824	-0,000468194484710693
116,652272	-0,000922277569770813
116,755842	-0,00203734636306763
116,866649	-0,00350832939147949
116,970528	-0,00491845607757568
117,072205	-0,00578182935714722
117,172818	-0,00591884553432465
117,288312	-0,0051274299621582
117,393622	-0,00428503751754761
117,496275	-0,00231380760669708
117,597031	-0,00126919150352478
117,700109	-0,000650107860565186
117,814445	-0,000665158033370972
117,918149	-0,00133500993251801
118,019616	-0,00262603163719177
118,134554	-0,004383385181427
118,240568	-0,00541788339614868
118,346689	-0,00604316592216492
118,452261	-0,00569000840187073
118,553519	-0,00481444597244263
118,666441	-0,00310476124286652
118,770813	-0,00190195441246033
118,882300	-0,000812754034996033
118,982633	-0,000455036759376526
119,093755	-0,00101301074028015
119,196357	-0,00174163281917572
119,309994	-0,0031927078962326
119,416679	-0,00482197105884552
119,519601	-0,00571119785308838
119,624100	-0,00585527718067169
119,739124	-0,00505965948104858
119,839371	-0,00400978326797485
119,943804	-0,00248871743679047
120,053883	-0,00119304656982422
120,161084	-0,000467255711555481
120,264435	-0,000577718019485474
120,375441	-0,00132372975349426
120,477783	-0,00240267813205719
120,580184	-0,00415563583374023
120,695213	-0,00538492202758789
120,796024	-0,00588588416576385
120,909953	-0,00559771060943604
121,016315	-0,0045391321182251
121,118937	-0,00280001759529114
121,220215	-0,00189772248268127
121,322690	-0,0010087788105011
121,434169	-0,00127248466014862
121,539355	-0,00312122702598572
121,646904	-0,00687548518180847
121,748153	-0,0106314569711685
121,861776	-0,013574481010437
121,976334	-0,0162428468465805
122,079830	-0,0174141973257065
122,180759	-0,0167180150747299
122,295669	-0,0150805711746216
122,397583	-0,0126678645610809
122,499636	-0,010339543223381
122,604855	-0,00779353082180023
122,707054	-0,00684627890586853
122,808104	-0,0072401762008667
122,914024	-0,00893053412437439
123,022818	-0,0114286690950394
123,129175	-0,0137914270162582
123,235373	-0,0164260715246201
123,336119	-0,0172265768051147
123,443786	-0,0166871547698975
123,551028	-0,014748215675354
123,654360	-0,0120845139026642
123,761932	-0,00951237976551056
123,875546	-0,00768983364105225
123,988572	-0,0072760134935379
124,103925	-0,00846780836582184
124,209313	-0,0112065076828003
124,309485	-0,0135489106178284
124,421849	-0,0155780911445618
124,524530	-0,0172731280326843
124,626925	-0,0169582664966583
124,731990	-0,0155757218599319
124,838573	-0,0129916220903397
124,940438	-0,00976867973804474
125,044118	-0,0080283135175705
125,152143	-0,00710305571556091
125,266909	-0,00749468803405762
125,373824	-0,00935474038124084
125,475076	-0,0119639039039612
125,588635	-0,0143296718597412
125,690027	-0,0170166790485382
125,802061	-0,0173486471176147
125,906787	-0,0166676938533783
126,019424	-0,0140349417924881
126,122999	-0,0112547129392624
126,225390	-0,00909331440925598
126,328860	-0,00725290179252625
126,429105	-0,00719071924686432
126,538860	-0,0085262805223465
126,643275	-0,010490208864212
126,745945	-0,0128046423196793
126,846946	-0,0158039033412933
126,953940	-0,0171197354793549
127,054263	-0,0173320323228836
127,155839	-0,0158100724220276
127,259963	-0,0137426406145096
127,367587	-0,0109380930662155
127,481243	-0,0085989236831665
127,584736	-0,00729203224182129
127,694501	-0,0076158195734024
127,797314	-0,00899282097816467
127,903290	-0,0114731043577194
128,013304	-0,0143382102251053
128,116338	-0,0165190994739532
128,228431	-0,017532005906105
128,334457	-0,0168338716030121
128,443113	-0,0147624313831329
128,552962	-0,0120192468166351
128,662465	-0,00938400626182556
128,763942	-0,00749516487121582
128,867365	-0,00728873908519745
128,970427	-0,00832442939281464
129,084024	-0,0101227909326553
129,188405	-0,0138099044561386
129,291083	-0,0154827535152435
129,395294	-0,0171942859888077
129,496747	-0,0173106491565704
129,611324	-0,0159372389316559
129,717107	-0,01340351998806
129,828179	-0,0101747363805771
129,938305	-0,00810705125331879
130,042539	-0,00723688304424286
130,153957	-0,00779542326927185
130,256712	-0,00925092399120331
130,357657	-0,0118475705385208
130,461526	-0,0146083682775497
130,562076	-0,0164175182580948
130,663737	-0,0174099206924438
130,770329	-0,0167436599731445
130,885040	-0,0147159546613693
130,993582	-0,0119672119617462
131,107200	-0,00897254049777985
131,207719	-0,00760826468467712
131,310617	-0,0072142630815506
131,413166	-0,00821880996227264
131,525763	-0,0104750990867615
131,631202	-0,0132037103176117
131,732736	-0,0158001184463501
131,847423	-0,0172721743583679
131,952527	-0,017181470990181
132,061249	-0,0156184136867523
132,165453	-0,0134309977293015
132,268871	-0,0102432072162628
132,370896	-0,00812827050685883
132,485851	-0,00726845860481262
132,588665	-0,00759178400039673
132,691434	-0,00961244106292725
132,804748	-0,0117861032485962
132,905231	-0,0140955895185471
133,008324	-0,0168063342571259
133,111094	-0,017383798956871
133,225618	-0,0161730796098709
133,328731	-0,0142457783222198
133,429923	-0,0114910751581192
133,536389	-0,00924903154373169
133,648588	-0,00756019353866577
133,753995	-0,00712144374847412
133,858183	-0,00808630883693695
133,961261	-0,0102687031030655
134,075787	-0,0129958838224411
134,182291	-0,0159263163805008
134,297738	-0,0171933323144913
134,405933	-0,0170276015996933
134,519403	-0,0150881558656693
134,620010	-0,0123371183872223
134,731562	-0,00923816859722137
134,833772	-0,00795428454875946
134,944765	-0,00699657201766968
135,052338	-0,00782889127731323
135,161417	-0,00976584851741791
135,276023	-0,0125377327203751
135,382770	-0,0152232944965363
135,487378	-0,0170727223157883
135,592950	-0,0172313302755356
135,693366	-0,0161246806383133
135,796839	-0,0133509784936905
135,905774	-0,0110368430614471
136,019074	-0,00822964310646057
136,121948	-0,00721192359924316
136,226149	-0,0071798712015152
136,334494	-0,00856544077396393
136,449559	-0,0110633075237274
136,557644	-0,013749748468399
136,669452	-0,0163857191801071
136,774236	-0,0171809941530228
136,887947	-0,0162860453128815
136,990221	-0,0142154693603516
137,102530	-0,0113572776317596
137,217940	-0,00883950293064117
137,325438	-0,00725620985031128
137,428444	-0,00695274770259857
137,528954	-0,00818437337875366
137,643346	-0,010949432849884
137,748866	-0,0132302343845367
137,851654	-0,0157678425312042
137,961654	-0,0170005410909653
138,064037	-0,016970619559288
138,164276	-0,0154187083244324
138,269465	-0,0128557682037354
138,371328	-0,0101633965969086
138,484892	-0,00795428454875946
138,588658	-0,00707431137561798
138,697026	-0,00751589238643646
138,805030	-0,0093235969543457
138,906292	-0,0119870752096176
139,007815	-0,0146922469139099
139,118310	-0,0166814625263214
139,233044	-0,0172669589519501
139,347235	-0,016186848282814
139,449496	-0,0139283388853073
139,560770	-0,0111351311206818
139,669686	-0,00867296755313873
139,781164	-0,00730334222316742
139,894302	-0,00737449526786804
139,997427	-0,00898575782775879
140,106801	-0,0110415667295456
140,221383	-0,0142855942249298
140,326879	-0,0164526402950287
140,428706	-0,0173082798719406
140,540598	-0,0165195763111115
140,648438	-0,0148458629846573
140,758901	-0,0116551220417023
140,867898	-0,00910228490829468
140,972844	-0,00747442245483398
141,074585	-0,00710400938987732
141,177545	-0,00804576277732849
141,288986	-0,0101227909326553
141,395946	-0,0128926932811737
141,497535	-0,0157906264066696
141,606101	-0,0170299708843231
141,715285	-0,0170679688453674
141,821761	-0,0155690759420395
141,924309	-0,0130384862422943
142,031300	-0,0102597326040268
142,142173	-0,00782983005046844
142,254374	-0,00706630945205688
142,356270	-0,00751824676990509
142,464337	-0,00924809277057648
142,575774	-0,0118891894817352
142,684042	-0,0146131068468094
142,792159	-0,0166192650794983
142,899310	-0,0172346532344818
143,008660	-0,0162333548069
143,117795	-0,0135342329740524
143,223614	-0,0107764899730682
143,328793	-0,00877013802528381
143,429886	-0,0073273777961731
143,530989	-0,00727035105228424
143,644924	-0,00858195126056671
143,748943	-0,0105492621660233
143,851824	-0,0137601643800735
143,966281	-0,0161460340023041
144,068823	-0,0172508060932159
144,172055	-0,0170033872127533
144,277384	-0,0149255096912384
144,378806	-0,0122373104095459
144,492107	-0,0100184381008148
144,594620	-0,00824475288391113
144,703763	-0,00722463428974152
144,816495	-0,00783030688762665
144,930929	-0,00978615880012512
145,032464	-0,0124426186084747
145,144645	-0,0155069231987
145,244681	-0,0169596970081329
145,359440	-0,0172840505838394
145,461136	-0,0160966813564301
145,576393	-0,0132174342870712
145,678622	-0,0104387402534485
145,792993	-0,00856354832649231
145,896361	-0,00721709430217743
146,009000	-0,00762194395065308
146,109291	-0,00935332477092743
146,223425	-0,0114575028419495
146,328875	-0,0147301852703094
146,440525	-0,0166919082403183
146,541643	-0,0174065977334976
146,654606	-0,0166866779327393
146,763445	-0,0141903460025787
146,874868	-0,0114523023366928
146,989359	-0,00892771780490875
147,104102	-0,00734104216098785
147,206545	-0,00748148560523987
147,318514	-0,00894045829772949
147,429192	-0,0114447325468063
147,540353	-0,0141874998807907
147,643024	-0,0163738578557968
147,754547	-0,0173344016075134
147,867715	-0,0166007429361343
147,980891	-0,014614999294281
148,082049	-0,0113875418901443
148,191455	-0,00892110168933868
148,303138	-0,00746074318885803
148,416455	-0,00733444094657898
148,516659	-0,00864043831825256
148,628120	-0,0110061317682266
148,740476	-0,0137805342674255
148,841260	-0,016159325838089
148,949349	-0,0173439085483551
149,061435	-0,0169378519058228
149,171870	-0,015123724937439
149,283901	-0,0123971998691559
149,385350	-0,00938117504119873
149,495164	-0,00784821808338165
149,606697	-0,00723405182361603
149,706706	-0,00805707275867462
149,819930	-0,0105166733264923
149,931647	-0,013275682926178
150,042286	-0,0157906264066696
150,143133	-0,0171995162963867
150,253634	-0,0171173512935638
150,365515	-0,0154656618833542
150,476399	-0,0128694921731949
150,578274	-0,0101889073848724
150,688241	-0,00805754959583282
150,799532	-0,00724631547927856
150,911611	-0,00778646767139435
151,012392	-0,00965917110443115
151,125580	-0,012818843126297
151,236644	-0,0149980634450912
151,348523	-0,0169549435377121
151,448649	-0,0173220485448837
151,558557	-0,0162438005208969
151,670114	-0,0139434933662415
151,782077	-0,0111252069473267
151,883681	-0,00847771763801575
151,993414	-0,00742398202419281
152,105082	-0,00768323242664337
152,216790	-0,00942836701869965
152,317357	-0,011941209435463
152,428948	-0,014729231595993
152,542433	-0,0168476402759552
152,654768	-0,0175495743751526
152,755755	-0,0164355635643005
152,863959	-0,0145429521799088
152,978924	-0,0113062411546707
153,091048	-0,0093051940202713
153,191239	-0,0075889527797699
153,299159	-0,00753191113471985
153,410298	-0,00874844193458557
153,520343	-0,0109919607639313
153,620425	-0,0142543166875839
153,731609	-0,0164497941732407
153,846667	-0,0174427032470703
153,957236	-0,0168732702732086
154,072278	-0,0144126117229462
154,180650	-0,0116395205259323
154,286863	-0,00951331853866577
154,396000	-0,00771245360374451
154,497973	-0,00736978650093079
154,607506	-0,00824804604053497
154,717060	-0,0104023665189743
154,817572	-0,0131772011518478
154,931455	-0,0159671306610107
155,042423	-0,0173481702804565
155,155800	-0,0169858187437057
155,266573	-0,0148131549358368
155,368051	-0,0121715515851974
155,475870	-0,00993628799915314
155,588852	-0,00802265107631683
155,700807	-0,0074056088924408
155,802448	-0,00830322504043579
155,913585	-0,0100902020931244
156,025622	-0,0132074952125549
156,138102	-0,015698105096817
156,238529	-0,0172598361968994
156,348231	-0,0172517597675323
156,459051	-0,0160126835107803
156,569769	-0,0130844116210938
156,671858	-0,0103400200605392
156,779280	-0,00854986906051636
156,892634	-0,00736837089061737
157,005006	-0,00784209370613098
157,105417	-0,00965115427970886
157,214979	-0,0122269093990326
157,324438	-0,0145505368709564
157,425134	-0,0168799310922623
157,528279	-0,0174065977334976
157,636588	-0,0166368335485458
157,748542	-0,0140221416950226
157,863839	-0,0113076567649841
157,966104	-0,00854043662548065
158,076579	-0,00761392712593079
158,189697	-0,00745508074760437
158,301467	-0,00915181636810303
158,402095	-0,0116499215364456
158,512672	-0,0139553248882294
158,623762	-0,016494408249855
158,735253	-0,0173211097717285
158,836932	-0,0165361911058426
158,945860	-0,0148510783910751
159,058631	-0,0117331445217133
159,170631	-0,00917825102806091
159,271177	-0,00763939321041107
159,383874	-0,00730146467685699
159,496048	-0,0085451602935791
159,607191	-0,0108223259449005
159,708726	-0,013556957244873
159,817879	-0,0163059681653976
159,929033	-0,0174184739589691
160,040882	-0,0168633013963699
160,142150	-0,0149843096733093
160,251285	-0,0127293914556503
160,363315	-0,00963038206100464
160,475024	-0,00785528123378754
160,576694	-0,00728826224803925
160,687411	-0,00800473988056183
160,799000	-0,0103064924478531
160,911233	-0,0130110234022141
161,015081	-0,0155700296163559
161,125580	-0,0169160068035126
161,237740	-0,0171472728252411
161,348599	-0,015675812959671
161,449273	-0,0131307989358902
161,558593	-0,0104439258575439
161,670717	-0,00801463425159454
161,780186	-0,00727647542953491
161,880475	-0,00774639844894409
161,993702	-0,00943213701248169
162,105437	-0,0125424712896347
162,218299	-0,0151830017566681
162,319446	-0,0169478207826614
162,427407	-0,0173201560974121
162,527570	-0,0160549283027649
162,638440	-0,0141396522521973
162,739145	-0,0113785564899445
162,847977	-0,00891780853271484
162,959407	-0,00753286480903625
163,061202	-0,00742068886756897
163,170015	-0,00873665511608124
163,281572	-0,0111200213432312
163,392488	-0,0138004273176193
163,494669	-0,0161963403224945
163,600744	-0,0172631591558456
163,703449	-0,0165808200836182
163,811122	-0,0149729251861572
163,911983	-0,0127080976963043
164,023898	-0,00966577231884003
164,139463	-0,00782182812690735
164,239954	-0,00725290179252625
164,353986	-0,00816363096237183
164,466860	-0,0106243789196014
164,578607	-0,0133471786975861
164,692174	-0,0158584713935852
164,794269	-0,0171543955802917
164,903830	-0,0170499235391617
165,007397	-0,0153627395629883
165,120926	-0,012755423784256
165,222350	-0,0105322599411011
165,324647	-0,00829567015171051
165,439352	-0,00732266902923584
165,550794	-0,0076860636472702
165,664757	-0,00974602997303009
165,767843	-0,0128964781761169
165,878606	-0,0150668025016785
165,993320	-0,0168694704771042
166,094003	-0,0173163563013077
166,205344	-0,015738919377327
166,319975	-0,0128240585327148
166,431892	-0,0105724036693573
166,533928	-0,00834283232688904
166,643782	-0,00734387338161469
166,756732	-0,00769171118736267
166,869381	-0,00936229526996613
166,970712	-0,0119752585887909
167,079712	-0,0146282613277435
167,191894	-0,0166866779327393
167,301736	-0,0173462778329849
167,404408	-0,0163762271404266
167,513368	-0,0137994736433029
167,625497	-0,0114348083734512
167,739175	-0,0086616575717926
167,840937	-0,00740654766559601
167,950368	-0,00747017562389374
168,063398	-0,00895459949970245
168,174669	-0,0113988816738129
168,275053	-0,0140865743160248
168,388767	-0,0163406282663345
168,501596	-0,0172109007835388
168,613175	-0,0165756046772003
168,714796	-0,0141732841730118
168,824345	-0,0118281841278076
168,936470	-0,00934387743473053
169,047379	-0,00761015713214874
169,149007	-0,00731936097145081
169,249281	-0,00861166417598724
169,362779	-0,010450541973114
169,462834	-0,013231173157692
169,576753	-0,0160568207502365
169,691197	-0,0171895325183868
169,803105	-0,0168884694576263
169,915051	-0,0146358460187912
170,017330	-0,0123820602893829
170,129544	-0,00977623462677002
170,241111	-0,00783549249172211
170,356053	-0,00727364420890808
170,456922	-0,0086253434419632
170,565720	-0,0100420415401459
170,678096	-0,0127729326486588
170,791397	-0,0160530209541321
170,894438	-0,0172242075204849
171,005167	-0,0171111822128296
171,116552	-0,0150767713785172
171,230476	-0,0129537433385849
171,332907	-0,0098215639591217
171,441956	-0,00812497735023499
171,555767	-0,00728213787078857
171,669134	-0,00829897820949554
171,769902	-0,0104264616966248
171,879892	-0,0127473771572113
171,993914	-0,0156772285699844
172,107279	-0,0170332938432693
172,209170	-0,017136350274086
172,320196	-0,0158745944499969
172,432199	-0,0135048627853394
172,544101	-0,0107235908508301
172,645457	-0,00825653970241547
172,755447	-0,00739240646362305
172,868538	-0,00789536535739899
172,981418	-0,00973847508430481
173,082366	-0,0128250122070313
173,197383	-0,0150004327297211
173,309711	-0,0169221758842468
173,422730	-0,0173557698726654
173,522948	-0,0159225165843964
173,633553	-0,0130408406257629
173,736062	-0,0106876790523529
173,845343	-0,00845931470394135
173,946791	-0,00728119909763336
174,057227	-0,00740513205528259
174,169363	-0,00879938900470734
174,279274	-0,0116366744041443
174,380611	-0,0143837034702301
174,489100	-0,0161944478750229
174,601659	-0,0172303766012192
174,714880	-0,0164497941732407
174,815752	-0,0138890147209167
174,924303	-0,0120698511600494
175,037337	-0,00949820876121521
175,150308	-0,00755925476551056
175,251302	-0,00748997926712036
175,360825	-0,00854986906051636
175,473531	-0,0108516216278076
175,573753	-0,0140709429979324
175,681728	-0,0160245448350906
175,795095	-0,0173291712999344
175,906803	-0,0170461237430573
176,009374	-0,0148899555206299
176,120719	-0,0126825422048569
176,231566	-0,00960111618041992
176,331747	-0,0080382227897644
176,445147	-0,00735235214233398
176,557787	-0,00824379920959473
176,670481	-0,0103669464588165
176,782366	-0,0130479484796524
176,882376	-0,0155671834945679
176,994692	-0,0170902758836746
177,105353	-0,0170869529247284
177,218789	-0,0155913829803467
177,319576	-0,0126224458217621
177,431796	-0,0103414356708527
177,546768	-0,00798587501049042
177,660339	-0,00726374983787537
177,761294	-0,00819382071495056
177,871416	-0,00989946722984314
177,982006	-0,0125230699777603
178,082916	-0,0151616483926773
178,198136	-0,016876608133316
178,299005	-0,017162948846817
178,399866	-0,0162091553211212
178,512449	-0,0134864002466202
178,613143	-0,0111918598413467
178,726243	-0,00877627730369568
178,839283	-0,00738440454006195
178,950275	-0,00766247510910034
179,051982	-0,00903387367725372
179,165135	-0,0115279406309128
179,276943	-0,0142837017774582
179,390542	-0,016656294465065
179,492891	-0,0172603130340576
179,602393	-0,0165205299854279
179,716748	-0,0144619047641754
179,829641	-0,0113019794225693
179,941349	-0,00892440974712372
180,044080	-0,00752814114093781
180,158393	-0,00751353800296783
180,269885	-0,00919382274150848
180,372131	-0,0116924792528152
180,482107	-0,0140041410923004
180,594097	-0,0163026452064514
180,706893	-0,017452672123909
180,807266	-0,0164360255002975
180,919962	-0,0141984075307846
181,032780	-0,0114579647779465
181,146043	-0,00902301073074341
181,248934	-0,00758424401283264
181,358367	-0,00752814114093781
181,471074	-0,0085008293390274
181,583012	-0,0111653804779053
181,683104	-0,0138837993144989
181,794860	-0,0161987245082855
181,907054	-0,0173168331384659
182,020640	-0,0166254341602325
182,121333	-0,0145856142044067
182,231237	-0,0123309791088104
182,343000	-0,00971534848213196
182,455690	-0,0077030211687088
182,568372	-0,00736884772777557
182,668999	-0,00817637145519257
182,779859	-0,0102144032716751
182,894874	-0,0133287161588669
182,996556	-0,0161047577857971
183,106282	-0,0171211510896683
183,219075	-0,0169592201709747
183,331151	-0,0149283558130264
183,433367	-0,0122836530208588
183,543225	-0,0100916177034378
183,654260	-0,008072629570961
183,768306	-0,0072844922542572
183,870095	-0,0081617534160614
183,979395	-0,00978332757949829
184,092613	-0,0128846317529678
184,207882	-0,0158157795667648
184,310453	-0,0171715021133423
184,420085	-0,0172023624181747
184,531678	-0,0157792419195175
184,644283	-0,0128898471593857
184,746674	-0,0102483928203583
184,855786	-0,0084913969039917
184,968987	-0,00748714804649353
185,081552	-0,00807498395442963
185,183692	-0,0103069692850113
185,293356	-0,0125476717948914
185,406563	-0,0151640176773071
185,518671	-0,0171287506818771
185,620410	-0,0172878503799438
185,730743	-0,0161768794059753
185,842920	-0,013878121972084
185,956902	-0,0107146054506302
186,060371	-0,00851166248321533
186,172242	-0,00747253000736237
186,286704	-0,00782936811447144
186,399336	-0,00982818007469177
186,514233	-0,012472927570343
186,626888	-0,0150786638259888
186,740048	-0,0168870538473129
186,852967	-0,0172156542539597
186,954532	-0,0158157795667648
187,062525	-0,0138364285230637
187,176448	-0,0111100971698761
187,291996	-0,00822022557258606
187,394654	-0,00739665329456329
187,504855	-0,0077911764383316
187,617513	-0,00941893458366394
187,730029	-0,0124473571777344
187,831219	-0,0150734484195709
187,941386	-0,0169160068035126
188,052357	-0,0173932909965515
188,167106	-0,0158978551626205
188,267909	-0,0139060616493225
188,379854	-0,0111894905567169
188,491937	-0,00882676243782043
188,604670	-0,00746734440326691
188,705650	-0,00776760280132294
188,814901	-0,00902819633483887
188,915958	-0,0114546567201614
189,025282	-0,0141424834728241
189,130671	-0,016371950507164
189,245193	-0,0173453241586685
189,360301	-0,0167161226272583
189,463793	-0,0143382102251053
189,569218	-0,0120816826820374
189,682630	-0,00953502953052521
189,795731	-0,00784491002559662
189,908911	-0,00761204957962036
190,010508	-0,00902490317821503
190,121965	-0,0109839141368866
190,236906	-0,0136782079935074
190,337455	-0,0163387358188629
190,450009	-0,0172517597675323
190,561604	-0,0169473439455032
190,674201	-0,0151976943016052
190,776163	-0,0117085427045822
190,885781	-0,00961337983608246
190,986842	-0,007931187748909
191,096163	-0,0074932724237442
191,197840	-0,00846733152866364
191,308253	-0,0101492255926132
191,421707	-0,0127842873334885
191,534772	-0,0156962126493454
191,636648	-0,0171505957841873
191,746559	-0,0171273350715637
191,860300	-0,0156089216470718
191,972826	-0,0126711875200272
192,074813	-0,0100562125444412
192,184810	-0,00841687619686127
192,299980	-0,007492795586586
192,412420	-0,00821220874786377
192,514978	-0,0105190277099609
192,627916	-0,0127237141132355
192,739123	-0,0152370482683182
192,851659	-0,01704041659832
192,954479	-0,0169810652732849
193,063269	-0,0158143490552902
193,176655	-0,0134598761796951
193,289443	-0,0103660076856613
193,393380	-0,00810563564300537
193,503263	-0,00746026635169983
193,615814	-0,00796467065811157
193,727107	-0,0101142823696136
193,830302	-0,0127317607402802
193,939069	-0,0148923248052597
194,052967	-0,016774982213974
194,167620	-0,0171781480312347
194,274192	-0,0159258544445038
194,387410	-0,0130995512008667
194,489295	-0,0108459442853928
194,601599	-0,00863996148109436
194,702850	-0,00741691887378693
194,811935	-0,00786000490188599
194,924644	-0,00923345983028412
195,037449	-0,0120963454246521
195,137586	-0,0143201947212219
195,249663	-0,0163572430610657
195,362032	-0,0171168744564056
195,475135	-0,0161085426807404
195,576598	-0,0138553828001022
195,686472	-0,0116589069366455
195,798477	-0,00922071933746338
195,912964	-0,00753332674503326
196,015292	-0,00769595801830292
196,125344	-0,00889846682548523
196,240925	-0,0112225711345673
196,354437	-0,0143614113330841
196,456498	-0,0163880884647369
196,565712	-0,0171700716018677
196,678633	-0,0166729092597961
196,791909	-0,0143386721611023
196,894182	-0,0112740993499756
197,005073	-0,00924855470657349
197,118383	-0,00768086314201355
197,229765	-0,00754746794700623
197,332781	-0,00853148102760315
197,446025	-0,0107505023479462
197,558383	-0,0138918608427048
197,672717	-0,0163373053073883
197,775118	-0,0171748250722885
197,885862	-0,0166610479354858
197,998438	-0,0147818624973297
198,112184	-0,011329397559166
198,215792	-0,00931462645530701
198,328381	-0,00776335597038269
198,443466	-0,0075540691614151
198,557915	-0,00892817974090576
198,660399	-0,0112684220075607
198,771920	-0,0135332942008972
198,885704	-0,0161536335945129
198,987533	-0,0172973573207855
199,089581	-0,0167745053768158
199,203470	-0,0153186321258545
199,318841	-0,0123673975467682
199,420657	-0,0094241201877594
199,521358	-0,00805047154426575
199,631311	-0,00751353800296783
199,731953	-0,00837442278862
199,842074	-0,0104524344205856
199,943726	-0,0130446255207062
200,053175	-0,0151678174734116
200,167719	-0,0170679688453674
200,280965	-0,0170499235391617
200,383824	-0,0160140991210938
200,495937	-0,0136318057775497
200,610433	-0,0105426460504532
200,711040	-0,00822210311889648
200,824333	-0,00745932757854462
200,938208	-0,00790290534496307
201,053357	-0,00995846092700958
201,165976	-0,0124979913234711
201,268912	-0,0154746770858765
201,378717	-0,0168371945619583
201,491228	-0,0171691179275513
201,594095	-0,0160468518733978
201,694123	-0,0136933624744415
201,803438	-0,0115156471729279
201,915727	-0,00883573293685913
202,029545	-0,00764457881450653
202,131743	-0,00799201428890228
202,242551	-0,00926743447780609
202,343149	-0,0121233016252518
202,452987	-0,0143533647060394
202,553363	-0,0161616951227188
202,666126	-0,0173230022192001
202,778458	-0,0166173726320267
202,892398	-0,0146140456199646
202,994870	-0,0115634053945541
203,106243	-0,00948594510555267
203,219399	-0,0077558159828186
203,332154	-0,00766153633594513
203,435260	-0,00889186561107635
203,545464	-0,0111904442310333
203,645663	-0,013825535774231
203,755630	-0,0160943120718002
203,859118	-0,0172227770090103
203,969254	-0,0167797356843948
204,082396	-0,0150250792503357
204,196725	-0,0124416798353195
204,299181	-0,00949396193027496
204,399630	-0,00809620320796967
204,501032	-0,00749656558036804
204,613574	-0,00811223685741425
204,715086	-0,00987632572650909
204,829646	-0,0133386552333832
204,942235	-0,0153992623090744
205,056187	-0,0169354826211929
205,156526	-0,0171833634376526
205,270610	-0,0157085508108139
205,371772	-0,0133225619792938
205,482140	-0,0106848329305649
205,583764	-0,00854372978210449
205,693746	-0,0075361579656601
205,806389	-0,0078788548707962
205,906606	-0,00914710760116577
206,020957	-0,0119823515415192
206,133104	-0,0145856142044067
206,246885	-0,016583189368248
206,347886	-0,0172341763973236
206,463116	-0,0160739123821259
206,576946	-0,013825535774231
206,690520	-0,0111299455165863
206,803052	-0,0088602602481842
206,903955	-0,00758753716945648
207,017656	-0,0078171044588089
207,130234	-0,00942601263523102
207,232659	-0,0118650645017624
207,342400	-0,0144974440336227
207,455729	-0,0164616703987122
207,569712	-0,0171301811933517
207,671730	-0,016320213675499
207,780964	-0,0141822844743729
207,895472	-0,0111375004053116
207,996299	-0,009168341755867
208,108541	-0,00770066678524017
208,209555	-0,00758188962936401
208,323056	-0,00873759388923645
208,435889	-0,0114485174417496
208,539197	-0,0141183286905289
208,648101	-0,0162252932786942
208,762152	-0,0172237306833267
208,875854	-0,0163548588752747
208,976905	-0,0146728157997131
209,087019	-0,0120939761400223
209,201780	-0,00953172147274017
209,313931	-0,00793071091175079
209,415867	-0,00756019353866577
209,526080	-0,00870363414287567
209,640253	-0,0109862834215164
209,755085	-0,0135872662067413
209,857537	-0,0159429311752319
209,964547	-0,0171558260917664
210,069709	-0,0167949348688126
210,182976	-0,0151488482952118
210,285697	-0,0125566571950912
210,394624	-0,0100009590387344
210,494644	-0,00840413570404053
210,607957	-0,00748525559902191
210,708792	-0,00827822089195251
210,821556	-0,010148286819458
210,935574	-0,0127043128013611
211,048313	-0,0152640789747238
211,151362	-0,0169858187437057
211,262225	-0,0170845836400986
211,376298	-0,0154832154512405
211,489481	-0,0129542201757431
211,591922	-0,0103853642940521
211,693636	-0,00833150744438171
211,804348	-0,00749137997627258
211,917094	-0,00797881186008453
212,017251	-0,00962045788764954
212,130423	-0,012185737490654
212,243358	-0,0147553235292435
212,358270	-0,0165376216173172
212,459344	-0,0170152485370636
212,570221	-0,0157156735658646
212,683828	-0,013825535774231
212,796669	-0,0108053237199783
212,897666	-0,00856024026870728
213,006391	-0,00753191113471985
213,107924	-0,00779259204864502
213,218688	-0,00898857414722443
213,321238	-0,0118371695280075
213,431328	-0,0139662325382233
213,545939	-0,0162556618452072
213,658507	-0,0172147154808044
213,759375	-0,0164379328489304
213,873700	-0,0144936442375183
213,986411	-0,0117969810962677
214,099723	-0,00940617918968201
214,200346	-0,00792600214481354
214,310595	-0,00763608515262604
214,421041	-0,00882628560066223
214,524398	-0,0109787285327911
214,630004	-0,0136175900697708
214,733672	-0,0160074532032013
214,835628	-0,0170594155788422
214,940446	-0,0169924646615982
215,040692	-0,0156426131725311
215,143356	-0,0132231265306473
215,256073	-0,0106470435857773
215,359272	-0,00829567015171051
215,461320	-0,00766247510910034
215,573117	-0,00788310170173645
215,687049	-0,00974602997303009
215,801671	-0,0127317607402802
215,904636	-0,015219509601593
216,020048	-0,0167336761951447
216,132901	-0,0172412991523743
216,236118	-0,0156269520521164
216,339155	-0,0137161165475845
216,454149	-0,0110500752925873
216,569450	-0,00882723927497864
216,683103	-0,00768275558948517
216,784617	-0,0080636739730835
216,894288	-0,0094146728515625
216,995749	-0,0122633129358292
217,106791	-0,0143671035766602
217,210026	-0,0167066156864166
217,321412	-0,0172018855810165
217,436280	-0,0162072628736496
217,549346	-0,0141434371471405
217,652284	-0,0113941580057144
217,761394	-0,00913530588150024
217,875474	-0,007685586810112
217,988111	-0,00777563452720642
218,099601	-0,00932878255844116
218,211586	-0,0116749703884125
218,324353	-0,0142841786146164
218,438706	-0,0166572481393814
218,540917	-0,0171268582344055
218,653528	-0,0165024846792221
218,767167	-0,0141168981790543
218,881340	-0,0113676786422729
218,983496	-0,00880646705627441
219,094907	-0,0077119767665863
219,210422	-0,00764881074428558
219,324384	-0,00930848717689514
219,425150	-0,0115931928157806
219,537780	-0,0142306238412857
219,651211	-0,0163406282663345
219,763895	-0,0170542001724243
219,866159	-0,0164972543716431
219,979519	-0,0144599974155426
220,093134	-0,011845201253891
220,207930	-0,00883856415748596
220,310916	-0,00761392712593079
220,421710	-0,00766482949256897
220,536449	-0,00896356999874115
220,650547	-0,011610209941864
220,763991	-0,0143353641033173
220,869763	-0,0164350867271423
220,970528	-0,01723513007164
221,081746	-0,0167137384414673
221,183583	-0,014654815196991
221,294638	-0,0120996534824371
221,407870	-0,00967852771282196
221,519581	-0,00783313810825348
221,626407	-0,00773650407791138
221,739476	-0,00899329781532288
221,843348	-0,010772243142128
221,946245	-0,0134191513061523
222,050100	-0,0156468749046326
222,163896	-0,0170461237430573
222,276957	-0,0168585479259491
222,392254	-0,0148657709360123
222,495816	-0,0124189704656601
222,610759	-0,0098210871219635
222,724588	-0,00803208351135254
222,825697	-0,00754840672016144
222,933039	-0,00822116434574127
223,043990	-0,0102441608905792
223,145021	-0,012794703245163
223,245065	-0,0155515223741531
223,347033	-0,0168794542551041
223,448531	-0,0170119255781174
223,550541	-0,0156644284725189
223,651028	-0,0137260556221008
223,753027	-0,0115326642990112
223,853084	-0,00890460610389709
223,955088	-0,00769783556461334
224,055088	-0,00758659839630127
224,156274	-0,00879231095314026
224,258231	-0,0106338262557983
224,359764	-0,0132415890693665
224,461738	-0,0152171403169632
224,562740	-0,0168590247631073
224,664331	-0,0168775469064713
224,765367	-0,0159590542316437
224,866831	-0,0136251747608185
224,967832	-0,0110047161579132
225,069832	-0,0090772807598114
225,170338	-0,00757622718811035
225,271336	-0,00745368003845215
225,371841	-0,00834566354751587
225,473837	-0,0105492621660233
225,573866	-0,0131284296512604
225,674341	-0,0152033865451813
225,774344	-0,0166259109973907
225,874849	-0,0170242786407471
225,974850	-0,0160587280988693
226,076848	-0,0141325443983078
226,177352	-0,0116116255521774
226,277353	-0,00948075950145721
226,377855	-0,00789961218833923
226,477855	-0,00751778483390808
226,577857	-0,00819382071495056
226,678999	-0,0102063715457916
226,779001	-0,0126849114894867
226,879201	-0,0149278938770294
226,981209	-0,016650602221489
227,081209	-0,0171396732330322
227,181402	-0,0163757503032684
227,282400	-0,0146718770265579
227,383606	-0,0121247172355652
227,485618	-0,00954258441925049
227,587629	-0,00796136260032654
227,687747	-0,00744801759719849
227,789751	-0,00820843875408173
227,889845	-0,00973612070083618
227,991846	-0,0122146010398865
228,093851	-0,0148657709360123
228,193968	-0,0163434743881226
228,295974	-0,0171467959880829
228,396199	-0,0162808299064636
228,496209	-0,0146334767341614
228,596250	-0,0120523571968079
228,697709	-0,00987160205841064
228,797852	-0,0080820620059967
228,899211	-0,0073452889919281
228,999216	-0,00791233777999878
229,101213	-0,00960583984851837
229,202721	-0,0120953917503357
229,304714	-0,014309287071228
229,406083	-0,0162428468465805
229,506083	-0,0170674920082092
229,607078	-0,0164255946874619
229,708144	-0,0145837068557739
229,808147	-0,0119989067316055
229,908355	-0,00984090566635132
230,010350	-0,00802642107009888
230,110575	-0,00728826224803925
230,212571	-0,00782841444015503
230,314571	-0,00912116467952728
230,416086	-0,0120149850845337
230,518078	-0,0142320543527603
230,619632	-0,0159438848495483
230,719633	-0,0170494467020035
230,821628	-0,0164255946874619
230,922140	-0,0150388479232788
231,023142	-0,0120708048343658
231,124639	-0,00992542505264282
231,226642	-0,00833339989185333
231,328647	-0,00738251209259033
231,429142	-0,00793024897575378
231,529143	-0,00920656323432922
231,629647	-0,0116778165102005
231,731647	-0,0142898559570313
231,831659	-0,0160221755504608
231,932623	-0,0170019567012787
232,034149	-0,0164815932512283
232,134654	-0,0151061713695526
232,235661	-0,0129367113113403
232,337657	-0,00995373725891113
232,438237	-0,00831924378871918
232,540237	-0,00735187530517578
232,640748	-0,0078698992729187
232,742781	-0,00911173224449158
232,843748	-0,0115837156772614
232,945303	-0,0137322247028351
233,046308	-0,0159633308649063
233,147814	-0,0170366168022156
233,248811	-0,0166643559932709
233,349815	-0,0151128023862839
233,451420	-0,0125306397676468
233,552421	-0,0104368478059769
233,653586	-0,0083574503660202
233,753597	-0,00743764638900757
233,854589	-0,00776760280132294
233,954767	-0,00919617712497711
234,054778	-0,0112447887659073
234,156016	-0,0138046890497208
234,258012	-0,0160705894231796
234,358015	-0,0170242786407471
234,458043	-0,0167944580316544
234,560042	-0,0155614912509918
234,661476	-0,0130825042724609
234,761477	-0,0105360299348831
234,861480	-0,00866778194904327
234,961979	-0,00756633281707764
235,062035	-0,00774544477462769
235,162487	-0,00888337194919586
235,264553	-0,011212170124054
235,366986	-0,0137739032506943
235,467987	-0,0157707035541534
235,568986	-0,016970619559288
235,669490	-0,0169772654771805
235,771489	-0,0155486762523651
235,871991	-0,0135830044746399
235,971995	-0,0109862834215164
236,072991	-0,00869278609752655
236,174497	-0,00770962238311768
236,276497	-0,00757104158401489
236,376999	-0,00887346267700195
236,478999	-0,0107037425041199
236,580000	-0,0133092999458313
236,680510	-0,015717089176178
236,782505	-0,0168082267045975
236,882653	-0,0169777423143387
236,984629	-0,0155335068702698
237,086632	-0,0136171281337738
237,186748	-0,0109919607639313
237,286749	-0,00872108340263367
237,386842	-0,00772707164287567
237,488877	-0,00748667120933533
237,590838	-0,00887393951416016
237,690945	-0,0106791704893112
237,790945	-0,0128893703222275
237,891108	-0,0157133042812347
237,993107	-0,0168096423149109
238,095107	-0,0170841068029404
238,195615	-0,0155486762523651
238,295621	-0,0136450678110123
238,397146	-0,0113832950592041
238,499123	-0,00904613733291626
238,600164	-0,00767096877098083
238,700291	-0,00742021203041077
238,801287	-0,00853288173675537
238,902400	-0,010577604174614
239,004398	-0,0128122270107269
239,104400	-0,0152479708194733
239,204522	-0,0167550444602966
239,306522	-0,0170356780290604
239,406609	-0,0161194652318954
239,506610	-0,0136744230985641
239,607690	-0,0114352852106094
239,708739	-0,00948546826839447
239,809940	-0,00773885846138
239,910983	-0,00749987363815308
240,012982	-0,00832349061965942
240,112983	-0,0102210193872452
240,214488	-0,0128685534000397
240,314514	-0,0148975551128387
240,415846	-0,0166624635457993
240,517839	-0,0170655995607376
240,618886	-0,0161721259355545
240,720396	-0,0141391754150391
240,822394	-0,0114513486623764
240,922615	-0,00948359072208405
241,024612	-0,00783878564834595
241,124722	-0,00747065246105194
241,226714	-0,00824332237243652
241,327714	-0,0101393163204193
241,429046	-0,0127677321434021
241,529053	-0,01481693983078
241,630556	-0,0166092962026596
241,732551	-0,0170352011919022
241,832556	-0,0161858946084976
241,933759	-0,0141415297985077
242,035756	-0,0119322240352631
242,135801	-0,00954163074493408
242,235804	-0,00791092216968536
242,337801	-0,00754463672637939
242,437989	-0,00830464065074921
242,537991	-0,0102181732654572
242,638170	-0,0123778134584427
242,740168	-0,0148738324642181
242,840179	-0,0164516866207123
242,941721	-0,0170689225196838
243,043674	-0,0164801776409149
243,145191	-0,0141254365444183
243,246220	-0,0119345933198929
243,347180	-0,00985130667686462
243,447689	-0,0080283135175705
243,548686	-0,00746074318885803
243,650188	-0,00797031819820404
243,750211	-0,00975783169269562
243,851233	-0,0122652053833008
243,951757	-0,0144144892692566
244,053690	-0,0164004266262054
244,154246	-0,0170475542545319
244,256243	-0,0164929926395416
244,357242	-0,0145633220672607
244,458749	-0,0120003223419189
244,559750	-0,00989992916584015
244,661278	-0,00832065939903259
244,762257	-0,00748008489608765
244,862260	-0,00795948505401611
244,962907	-0,00937691330909729
245,062939	-0,0121994614601135
245,163345	-0,0143675804138184
245,263472	-0,0160554051399231
245,364347	-0,0169748961925507
245,465851	-0,0164327025413513
245,566852	-0,0148866474628448
245,667355	-0,0124218165874481
245,767393	-0,0098583847284317
245,869464	-0,00829096138477325
245,969854	-0,00744614005088806
246,069858	-0,0079495757818222
246,170362	-0,00937078893184662
246,272361	-0,0113237202167511
246,373363	-0,0143941342830658
246,474862	-0,0160810202360153
246,576864	-0,0170081257820129
246,677368	-0,0164948850870132
246,779371	-0,0149700790643692
246,880381	-0,012923926115036
246,981920	-0,00991031527519226
247,082873	-0,00833906233310699
247,184378	-0,00749562680721283
247,286376	-0,00779211521148682
247,386923	-0,00935521721839905
247,488885	-0,0113156884908676
247,590886	-0,013983279466629
247,691384	-0,0160995274782181
247,791385	-0,0170689225196838
247,891887	-0,0167650133371353
247,992893	-0,015107586979866
248,093887	-0,0130701959133148
248,195394	-0,0104562044143677
248,297605	-0,00848808884620667
248,398894	-0,00760544836521149
248,498894	-0,0078703761100769
248,599903	-0,00935946404933929
248,701422	-0,0113019794225693
248,803401	-0,0139216929674149
248,903913	-0,0157308578491211
249,004919	-0,0169753730297089
249,104977	-0,0166486948728561
249,206411	-0,0153869390487671
249,307411	-0,0129575431346893
249,408916	-0,0103617608547211
249,510914	-0,00865976512432098
249,612915	-0,00753426551818848
249,713426	-0,00781616568565369
249,815431	-0,00895649194717407
249,915925	-0,0112490504980087
250,017924	-0,0138705372810364
250,117929	-0,0157023817300797
250,218427	-0,0168357640504837
250,318429	-0,0166420489549637
250,418930	-0,0153845697641373
250,518931	-0,0133836269378662
250,619937	-0,0103683620691299
250,721434	-0,00862769782543182
250,821435	-0,00759130716323853
