0,100013	-0,0022602379322052
0,201519	-0,00189632177352905
0,301687	-0,00233688950538635
0,402041	-0,00329861044883728
0,502081	-0,00492192804813385
0,604057	-0,00644144415855408
0,704555	-0,00749082863330841
0,806603	-0,00787079334259033
0,907069	-0,00740975141525269
1,009060	-0,00640374422073364
1,110059	-0,00477367639541626
1,211577	-0,00327509641647339
1,313577	-0,0022607147693634
1,414092	-0,00190338492393494
1,516095	-0,00232654809951782
1,617090	-0,00330144166946411
1,729350	-0,00456893444061279
1,839952	-0,00639338791370392
1,951317	-0,00767232477664948
2,063234	-0,00781987607479095
2,174562	-0,00723348557949066
2,286550	-0,00566764175891876
2,398016	-0,00396710634231567
2,509950	-0,00262042880058289
2,622028	-0,00191137194633484
2,733569	-0,00212012231349945
2,844560	-0,00324124097824097
2,956033	-0,00478401780128479
3,066174	-0,00633309781551361
3,176643	-0,00748753547668457
3,288635	-0,00771474838256836
3,400127	-0,00693990290164948
3,511076	-0,0052928626537323
3,622185	-0,0038706511259079
3,724295	-0,00235380232334137
3,832601	-0,00181686878204346
3,941007	-0,00191701948642731
4,053271	-0,00292563438415527
4,155184	-0,00468941032886505
4,265947	-0,00604672729969025
4,380535	-0,00731123983860016
4,494514	-0,00773784518241882
4,602006	-0,00717081129550934
4,716861	-0,00559324026107788
4,830798	-0,00390782952308655
4,931945	-0,00260443985462189
5,037516	-0,00187563896179199
5,145438	-0,00193440914154053
5,248618	-0,00279632210731506
5,350818	-0,00419718027114868
5,457909	-0,00615128874778748
5,561007	-0,0070195347070694
5,661720	-0,00783967971801758
5,764792	-0,00770860910415649
5,870299	-0,00642259418964386
5,975054	-0,00543409585952759
6,077132	-0,00349383056163788
6,181420	-0,00228233635425568
6,293884	-0,00183755159378052
6,403099	-0,00207075476646423
6,509869	-0,00340445339679718
6,621955	-0,00498123466968536
6,730851	-0,00675614178180695
6,832778	-0,00752712786197662
6,943157	-0,00781422853469849
7,057761	-0,00716704130172729
7,169096	-0,00576698780059814
7,282282	-0,00410497188568115
7,393132	-0,00255694985389709
7,502606	-0,00189538300037384
7,613396	-0,00209943950176239
7,726176	-0,00314059853553772
7,839927	-0,00487437844276428
7,950084	-0,00641553103923798
8,062192	-0,00747622549533844
8,165674	-0,00764214992523193
8,268519	-0,00700776278972626
8,382630	-0,00562432408332825
8,498134	-0,00376150012016296
8,607946	-0,00270272791385651
8,711833	-0,00193347036838531
8,812140	-0,00208251178264618
8,912682	-0,00278598070144653
9,017473	-0,00421036779880524
9,118997	-0,00613339245319366
9,233905	-0,00734990835189819
9,336446	-0,0078854113817215
9,441170	-0,00760301947593689
9,543630	-0,00623512268066406
9,658845	-0,00494828820228577
9,759683	-0,0033000260591507
9,860851	-0,00218124687671661
9,971913	-0,00178772211074829
10,075669	-0,00225977599620819
10,189327	-0,00351829826831818
10,294497	-0,00508338212966919
10,394930	-0,0066058486700058
10,509001	-0,00758464634418488
10,614162	-0,00765487551689148
10,728252	-0,00689089298248291
10,829502	-0,00570954382419586
10,934075	-0,00412189960479736
11,043898	-0,00256401300430298
11,155191	-0,00189444422721863
11,266041	-0,00214128196239471
11,377850	-0,00314483046531677
11,485193	-0,0046602338552475
11,593580	-0,00627939403057098
11,706014	-0,00743898749351501
11,815809	-0,007841557264328
11,923746	-0,00715667009353638
12,036247	-0,00575992465019226
12,151563	-0,00414542853832245
12,260492	-0,00274410843849182
12,371378	-0,00187940895557404
12,481195	-0,00213000178337097
12,582371	-0,00314153730869293
12,692158	-0,0044206976890564
12,805546	-0,00637784600257874
12,906982	-0,00741824507713318
13,020217	-0,00804100930690765
13,129905	-0,00755022466182709
13,239487	-0,00625112652778625
13,349351	-0,00466683506965637
13,452241	-0,0031391829252243
13,561937	-0,00232654809951782
13,676802	-0,00210133194923401
13,791376	-0,00321254134178162
13,893251	-0,00421176850795746
13,993732	-0,00554381310939789
14,096001	-0,00723348557949066
14,210194	-0,0079830139875412
14,314749	-0,00784675776958466
14,429395	-0,00672504305839539
14,533339	-0,00487814843654633
14,636564	-0,00352111458778381
14,739769	-0,00236651301383972
14,849421	-0,00190478563308716
14,951959	-0,00225083529949188
15,055286	-0,00333108007907867
15,160088	-0,00488992035388947
15,260552	-0,0065111517906189
15,363225	-0,00757662951946259
15,472150	-0,00791275501251221
15,583629	-0,00724714994430542
15,692192	-0,00586211681365967
15,802636	-0,00424706935882568
15,911964	-0,00296185910701752
16,013480	-0,00190432369709015
16,121565	-0,001908078789711
16,236015	-0,00293974578380585
16,348402	-0,00422212481498718
16,451012	-0,00587812066078186
16,564103	-0,00722594559192657
16,673831	-0,00789013504981995
16,776540	-0,00756105780601501
16,884813	-0,00645557045936584
16,988727	-0,00487391650676727
17,095238	-0,00353993475437164
17,195729	-0,00223203003406525
17,304096	-0,00190573930740356
17,405313	-0,00233453512191772
17,505726	-0,00349712371826172
17,620535	-0,00507915019989014
17,732726	-0,00666473805904388
17,846939	-0,00783261656761169
17,949739	-0,0077538788318634
18,049971	-0,00688853859901428
18,156037	-0,00562526285648346
18,256229	-0,0042559951543808
18,357027	-0,00255225598812103
18,470073	-0,00174117088317871
18,574040	-0,00183473527431488
18,681960	-0,00283724069595337
18,789054	-0,00435811281204224
18,903969	-0,00597985088825226
19,017353	-0,00723914802074432
19,121430	-0,00774019956588745
19,235946	-0,00718024373054504
19,338266	-0,00613480806350708
19,446765	-0,00452658534049988
19,551194	-0,00322665274143219
19,660719	-0,00204771757125854
19,770037	-0,00185166299343109
19,878973	-0,00272294878959656
19,979581	-0,00392475724220276
20,093372	-0,00581878423690796
20,193823	-0,00703980028629303
20,297660	-0,00773690640926361
20,398786	-0,00781610608100891
20,502796	-0,00697854161262512
20,617590	-0,00548024475574493
20,720568	-0,0038871169090271
20,827797	-0,00254613161087036
20,934303	-0,00194710493087769
21,048343	-0,00221791863441467
21,159455	-0,00322289764881134
21,263481	-0,00480896234512329
21,375216	-0,00639761984348297
21,479125	-0,00768080353736877
21,589428	-0,00794105231761932
21,699837	-0,00703226029872894
21,809769	-0,00553439557552338
21,921767	-0,00393886864185333
22,032243	-0,00274598598480225
22,143210	-0,00195039808750153
22,253146	-0,00207123160362244
22,364337	-0,0029604434967041
22,476324	-0,0047435462474823
22,588434	-0,00632461905479431
22,699922	-0,00750167667865753
22,811921	-0,00790521502494812
22,923895	-0,00731217861175537
23,035414	-0,00549954175949097
23,147428	-0,00414589047431946
23,257916	-0,0027107298374176
23,369818	-0,00198329985141754
23,481072	-0,0021398663520813
23,592057	-0,00314247608184814
23,704069	-0,00473318994045258
23,816065	-0,00630106031894684
23,926757	-0,00764639675617218
24,038782	-0,00791370868682861
24,150771	-0,00702142715454102
24,262265	-0,00589932501316071
24,374283	-0,00399532914161682
24,485536	-0,00265571475028992
24,597545	-0,00205148756504059
24,709774	-0,00223109126091003
24,812343	-0,00326287746429443
24,923157	-0,00508150458335876
25,031212	-0,00636512041091919
25,140484	-0,00758133828639984
25,246095	-0,00791275501251221
25,358495	-0,00701341032981873
25,464196	-0,00610512495040894
25,573441	-0,00440800189971924
25,688997	-0,00271165370941162
25,797101	-0,00191089510917664
25,897872	-0,0019325315952301
26,010210	-0,00304040312767029
26,118251	-0,00428517162799835
26,225163	-0,0059158056974411
26,334498	-0,00723631680011749
26,439665	-0,00776895880699158
26,540587	-0,00743474066257477
26,650747	-0,00624878704547882
26,754388	-0,00493462383747101
26,860997	-0,00312083959579468
26,961333	-0,00206558406352997
27,075407	-0,00183191895484924
27,176820	-0,00244362652301788
27,279053	-0,00374786555767059
27,392298	-0,00511963665485382
27,502115	-0,00663411617279053
27,616694	-0,00764214992523193
27,720335	-0,00769400596618652
27,832375	-0,00654178857803345
27,932737	-0,00527779757976532
28,045823	-0,00389888882637024
28,148957	-0,0023886114358902
28,262744	-0,00185635685920715
28,375532	-0,0021643191576004
28,476531	-0,00304603576660156
28,580584	-0,00482873618602753
28,682536	-0,00639009475708008
28,790425	-0,00736638903617859
28,892391	-0,00779677927494049
28,999075	-0,00730040669441223
29,113819	-0,00603730976581573
29,225101	-0,00440564751625061
29,339631	-0,0027107298374176
29,440357	-0,00197108089923859
29,542627	-0,00191514194011688
29,654325	-0,00259409844875336
29,755766	-0,00421693921089172
29,857910	-0,00586682558059692
29,971248	-0,00700822472572327
30,071392	-0,00776141881942749
30,185410	-0,0076218843460083
30,287670	-0,00681315362453461
30,387926	-0,00535218417644501
30,499795	-0,00349994003772736
30,600923	-0,0023246705532074
30,702650	-0,0019400417804718
30,803541	-0,00223013758659363
30,914711	-0,00333108007907867
31,015887	-0,00487250089645386
31,118234	-0,00620120763778687
31,227944	-0,00755965709686279
31,328413	-0,00784911215305328
31,430255	-0,00737911462783813
31,537243	-0,00613103806972504
31,639721	-0,00450918078422546
31,752701	-0,00322335958480835
31,854865	-0,00204113125801086
31,956253	-0,00189444422721863
32,069901	-0,00242669880390167
32,170842	-0,00371918082237244
32,283709	-0,00506408512592316
32,387097	-0,00682163238525391
32,488089	-0,00770673155784607
32,600440	-0,00775906443595886
32,701220	-0,00681596994400024
32,803402	-0,00533193349838257
32,918180	-0,003682941198349
33,020096	-0,00239755213260651
33,132949	-0,00179947912693024
33,234197	-0,00195275247097015
33,336379	-0,00292469561100006
33,438163	-0,00439199805259705
33,538244	-0,0060344785451889
33,640162	-0,00710812211036682
33,752126	-0,00770673155784607
33,852245	-0,00745736062526703
33,966508	-0,00632084906101227
34,067444	-0,0050593763589859
34,177785	-0,00344868004322052
34,292219	-0,00213563442230225
34,404969	-0,00185307860374451
34,518417	-0,00238390266895294
34,619885	-0,00368200242519379
34,721248	-0,00557111203670502
34,836678	-0,00679618120193481
34,942175	-0,00772936642169952
35,045402	-0,00773832201957703
35,146741	-0,00667321681976318
35,259328	-0,00541715323925018
35,360000	-0,00377938151359558
35,466351	-0,00249864161014557
35,567849	-0,00189444422721863
35,679838	-0,00207123160362244
35,780953	-0,00302346050739288
35,883282	-0,00452563166618347
35,985518	-0,00618378818035126
36,099284	-0,00728297233581543
36,199628	-0,00797593593597412
36,304643	-0,00770860910415649
36,407430	-0,00660395622253418
36,508585	-0,00504289567470551
36,623392	-0,00345714390277863
36,726399	-0,00234627723693848
36,837887	-0,00200822949409485
36,940605	-0,00251369178295135
37,041716	-0,00377185642719269
37,144163	-0,00536160171031952
37,256272	-0,00664682686328888
37,357168	-0,00781233608722687
37,469846	-0,00790992379188538
37,574108	-0,0070379227399826
37,674871	-0,00583811104297638
37,788316	-0,0042070746421814
37,890393	-0,0028151273727417
37,999530	-0,00211824476718903
38,109187	-0,00224660336971283
38,210071	-0,00284193456172943
38,325045	-0,00452281534671783
38,426830	-0,00586353242397308
38,527628	-0,00738430023193359
38,639948	-0,00785806775093079
38,741166	-0,00745829939842224
38,856502	-0,00649608671665192
38,957223	-0,00463953614234924
39,066898	-0,00333249568939209
39,181323	-0,00209143757820129
39,283661	-0,00189350545406342
39,396133	-0,00254331529140472
39,511373	-0,0038875937461853
39,624237	-0,0055442750453949
39,727575	-0,00700870156288147
39,827779	-0,00784911215305328
39,940826	-0,00777179002761841
40,055916	-0,00683481991291046
40,159380	-0,00505748391151428
40,260866	-0,00347031652927399
40,374447	-0,0024929940700531
40,475826	-0,00196638703346252
40,577958	-0,00244879722595215
40,692002	-0,00341150164604187
40,792343	-0,00494781136512756
40,901005	-0,00650408864021301
41,008873	-0,00755730271339417
41,110803	-0,00783355534076691
41,219489	-0,00729380548000336
41,332704	-0,00577925145626068
41,434387	-0,00442776083946228
41,543241	-0,00294116139411926
41,648922	-0,00204677879810333
41,750039	-0,00202608108520508
41,852873	-0,0027107298374176
41,965640	-0,0040842592716217
42,068462	-0,00569635629653931
42,182386	-0,00706900656223297
42,284208	-0,00775954127311707
42,385581	-0,00755305588245392
42,499976	-0,00653141736984253
42,604890	-0,00500994920730591
42,708338	-0,00368905067443848
42,810965	-0,00247983634471893
42,924358	-0,00195886194705963
43,028801	-0,00244362652301788
43,129822	-0,00341904163360596
43,243705	-0,0049760639667511
43,346531	-0,00677216053009033
43,461599	-0,00762894749641418
43,562598	-0,00785666704177856
43,663979	-0,00710341334342957
43,777532	-0,00595489144325256
43,890197	-0,0043797492980957
43,995349	-0,00298349559307098
44,102152	-0,00219348073005676
44,210509	-0,00221556425094604
44,323895	-0,00304369628429413
44,428386	-0,00447246432304382
44,542654	-0,00629070401191711
44,643092	-0,00747810304164886
44,756480	-0,00788305699825287
44,858764	-0,00752618908882141
44,960973	-0,00613197684288025
45,075756	-0,00479108095169067
45,177813	-0,00326240062713623
45,279725	-0,00220899283885956
45,389884	-0,00194287300109863
45,491025	-0,00235898792743683
45,593972	-0,00353147089481354
45,694902	-0,00508761405944824
45,809657	-0,00658747553825378
45,910407	-0,00766099989414215
46,014349	-0,00771097838878632
46,127895	-0,00697335600852966
46,230211	-0,00558477640151978
46,343428	-0,00399157404899597
46,458321	-0,0024850070476532
46,563489	-0,0019165426492691
46,670520	-0,00211024284362793
46,770667	-0,00325958430767059
46,883391	-0,00477084517478943
46,985623	-0,00606462359428406
47,085767	-0,0070892721414566
47,187112	-0,00765298306941986
47,298859	-0,00719060003757477
47,407974	-0,00621110200881958
47,508927	-0,00439999997615814
47,609366	-0,00317209959030151
47,711260	-0,00214409828186035
47,813552	-0,00188316404819489
47,918204	-0,00231760740280151
48,026603	-0,00349524617195129
48,133749	-0,00507256388664246
48,235074	-0,00659078359603882
48,337531	-0,00769446790218353
48,451056	-0,00769069790840149
48,566318	-0,00702425837516785
48,676878	-0,00563657283782959
48,788787	-0,00378033518791199
48,900752	-0,00255461037158966
49,016263	-0,00198471546173096
49,118820	-0,00240036845207214
49,219726	-0,00354745984077454
49,332398	-0,00482873618602753
49,432722	-0,00639291107654572
49,544712	-0,00734376907348633
49,645102	-0,00777462124824524
49,746345	-0,0073235034942627
49,848779	-0,00610560178756714
49,952029	-0,00452375411987305
50,058038	-0,0032680481672287
50,164291	-0,00210085511207581
50,268904	-0,0019085556268692
50,376515	-0,00244268774986267
50,476711	-0,00394074618816376
50,592227	-0,0052759200334549
50,693582	-0,00672739744186401
50,796342	-0,00761197507381439
50,905873	-0,00766807794570923
51,012264	-0,00675849616527557
51,125095	-0,00531592965126038
51,229640	-0,00347596406936646
51,330779	-0,00246807932853699
51,443109	-0,00191466510295868
51,544859	-0,00216102600097656
51,646341	-0,00320643186569214
51,758786	-0,00445316731929779
51,866156	-0,00630483031272888
51,968358	-0,00727778673171997
52,071390	-0,00777366757392883
52,185325	-0,00736168026924133
52,286917	-0,00591391324996948
52,400587	-0,00460328161716461
52,503845	-0,00332826375961304
52,604671	-0,00213940441608429
52,717703	-0,0019645094871521
52,819692	-0,00263312458992004
52,921786	-0,00395157933235168
53,034677	-0,00554051995277405
53,136634	-0,00694790482521057
53,249910	-0,00765252113342285
53,351835	-0,00762423872947693
53,459142	-0,00667369365692139
53,574152	-0,00519400835037231
53,676339	-0,00362837314605713
53,776672	-0,00261761248111725
53,885897	-0,00203078985214233
53,999815	-0,00240601599216461
54,113347	-0,00332309305667877
54,215587	-0,00482167303562164
54,315762	-0,00640515983104706
54,430753	-0,00755257904529572
54,530890	-0,00791464745998383
54,633734	-0,00722217559814453
54,746362	-0,00609429180622101
54,861300	-0,00449363887310028
54,966495	-0,0030408650636673
55,069504	-0,00215116143226624
55,184238	-0,00209003686904907
55,285038	-0,00302581489086151
55,396389	-0,00421082973480225
55,498574	-0,00580984354019165
55,611166	-0,00730982422828674
55,725983	-0,00785383582115173
55,830099	-0,00760491192340851
55,931211	-0,00633545219898224
56,042109	-0,00503724813461304
56,143938	-0,00348865985870361
56,257522	-0,00236321985721588
56,358218	-0,00201340019702911
56,473382	-0,00260727107524872
56,584664	-0,00363542139530182
56,699972	-0,00546941161155701
56,803719	-0,00687816739082336
56,915287	-0,00775718688964844
57,015432	-0,00765722990036011
57,129509	-0,00677357614040375
57,235635	-0,00532299280166626
57,351261	-0,00376056134700775
57,466443	-0,00242340564727783
57,566884	-0,00204584002494812
57,668225	-0,00250427424907684
57,779589	-0,00344397127628326
57,880106	-0,00495487451553345
57,992079	-0,0067085474729538
58,095178	-0,00754174590110779
58,201913	-0,00783401727676392
58,306039	-0,00719060003757477
58,419028	-0,00588047504425049
58,520974	-0,00456374883651733
58,636577	-0,00311000645160675
58,736972	-0,00212810933589935
58,849907	-0,0021478682756424
58,950180	-0,00298818945884705
59,059430	-0,00440752506256104
59,172069	-0,00625818967819214
59,286931	-0,00731879472732544
59,389566	-0,00791512429714203
59,504450	-0,00763273239135742
59,607352	-0,00631001591682434
59,714815	-0,00502641499042511
59,815599	-0,0035286545753479
59,929988	-0,00261244177818298
60,031124	-0,00223155319690704
60,142444	-0,00272107124328613
60,243466	-0,00369611382484436
60,344660	-0,00547224283218384
60,456739	-0,00668404996395111
60,557638	-0,00773926079273224
60,659214	-0,00781185925006866
60,772089	-0,00691680610179901
60,872364	-0,00576935708522797
60,982056	-0,00448893010616302
61,087399	-0,00293692946434021
61,187614	-0,00232183933258057
61,296001	-0,00229738652706146
61,411933	-0,00308413803577423
61,523435	-0,00469928979873657
61,632947	-0,00621016323566437
61,748467	-0,00739231705665588
61,848833	-0,00783166289329529
61,949779	-0,00725139677524567
62,062189	-0,00600387156009674
62,164239	-0,00470495223999023
62,276842	-0,00329203903675079
62,379598	-0,00229409337043762
62,494708	-0,00229692459106445
62,595299	-0,00292375683784485
62,707786	-0,00395441055297852
62,810504	-0,005755215883255
62,915404	-0,00709256529808044
63,015684	-0,00775671005249023
63,128011	-0,00769494473934174
63,229677	-0,00694461166858673
63,330478	-0,00553768873214722
63,442345	-0,00424471497535706
63,542636	-0,00275588035583496
63,645012	-0,00220052897930145
63,758845	-0,00244973599910736
63,858881	-0,00344257056713104
63,970926	-0,00464658439159393
64,073665	-0,00639620423316956
64,182724	-0,00734376907348633
64,294667	-0,0077977180480957
64,401390	-0,00738288462162018
64,503408	-0,00599303841590881
64,616188	-0,0046936422586441
64,716637	-0,00306297838687897
64,830469	-0,00233405828475952
64,931263	-0,00221416354179382
65,032677	-0,00281324982643127
65,144063	-0,0040753185749054
65,245175	-0,00561961531639099
65,347330	-0,00676603615283966
65,459484	-0,00768788158893585
65,574491	-0,00759170949459076
65,675300	-0,00664448738098145
65,776625	-0,00546611845493317
65,888159	-0,00368435680866241
65,988176	-0,00268957018852234
66,100541	-0,00212623178958893
66,202972	-0,00235851109027863
66,304606	-0,00357191264629364
66,416385	-0,0050847977399826
66,525108	-0,0060848742723465
66,635648	-0,00742720067501068
66,750242	-0,00775152444839478
66,852032	-0,0070548802614212
66,957642	-0,00622899830341339
67,058833	-0,00443530082702637
67,159052	-0,00305262207984924
67,273305	-0,00220382213592529
67,374831	-0,00215397775173187
67,475932	-0,00291106104850769
67,588002	-0,00422918796539307
67,691664	-0,00553204119205475
67,792263	-0,00688947737216949
67,892858	-0,00765910744667053
68,005537	-0,00765298306941986
68,106173	-0,00686968863010406
68,215508	-0,00551603734493256
68,324921	-0,00397463142871857
68,425386	-0,00273235142230988
68,537181	-0,00215210020542145
68,638981	-0,00247889757156372
68,739122	-0,00334754586219788
68,839353	-0,00453081727027893
68,954033	-0,00629541277885437
69,066908	-0,00741541385650635
69,169742	-0,00776141881942749
69,279353	-0,00725327432155609
69,386353	-0,00603024661540985
69,487735	-0,00447152554988861
69,591070	-0,00328215956687927
69,702775	-0,00229880213737488
69,803145	-0,00209333002567291
69,916632	-0,00267452001571655
70,018874	-0,00368717312812805
70,133964	-0,00545480847358704
70,234936	-0,00681880116462708
70,348166	-0,00761008262634277
70,458735	-0,00753939151763916
70,559662	-0,00666379928588867
70,660090	-0,00525285303592682
70,771932	-0,00397227704524994
70,874484	-0,00256966054439545
70,975388	-0,00206464529037476
71,086693	-0,00227764248847961
71,187365	-0,00320830941200256
71,293147	-0,00489509105682373
71,408417	-0,00616776943206787
71,519867	-0,00728107988834381
71,622261	-0,00767844915390015
71,723711	-0,00703838467597961
71,824699	-0,00600197911262512
71,938404	-0,00475859642028809
72,047331	-0,00310623645782471
72,150252	-0,00227105617523193
72,250851	-0,00218454003334045
72,364609	-0,00272107124328613
72,466772	-0,00419576466083527
72,569991	-0,00571943819522858
72,672380	-0,00685462355613708
72,781688	-0,00763413310050964
72,889839	-0,00759218633174896
72,991677	-0,00692670047283173
73,101071	-0,00557111203670502
73,210926	-0,00382125377655029
73,325054	-0,00250852108001709
73,432099	-0,00213611125946045
73,534522	-0,00246196985244751
73,644102	-0,00348347425460815
73,758492	-0,00523307919502258
73,860114	-0,00645273923873901
73,970836	-0,00748659670352936
74,083909	-0,00771144032478333
74,197084	-0,00696298480033875
74,297738	-0,00587907433509827
74,399626	-0,00433693826198578
74,511051	-0,0029844343662262
74,613139	-0,00217607617378235
74,715339	-0,00222732126712799
74,826803	-0,0030328780412674
74,927363	-0,0043962299823761
75,040469	-0,00590968132019043
75,155059	-0,00717270374298096
75,268405	-0,00774303078651428
75,383270	-0,00728768110275269
75,496519	-0,00591862201690674
75,596907	-0,00462588667869568
75,699454	-0,00324453413486481
75,808524	-0,00229784846305847
75,909957	-0,00219252705574036
76,024656	-0,00276057422161102
76,127436	-0,00418353080749512
76,229410	-0,00546847283840179
76,340969	-0,00684989988803864
76,442509	-0,00765722990036011
76,545246	-0,00767561793327332
76,657563	-0,00681409239768982
76,758801	-0,00541950762271881
76,868876	-0,0039035975933075
76,970014	-0,00268392264842987
77,082673	-0,00221040844917297
77,183517	-0,00231760740280151
77,296592	-0,00343692302703857
77,403972	-0,00490546226501465
77,518547	-0,00658747553825378
77,619162	-0,00745359063148499
77,731285	-0,00774209201335907
77,833521	-0,0073334127664566
77,949132	-0,00596337020397186
78,050203	-0,00442211329936981
78,164029	-0,00309354066848755
78,264598	-0,00237637758255005
78,364934	-0,0022197961807251
78,469813	-0,00289179384708405
78,572340	-0,0041331946849823
78,686986	-0,00567564368247986
78,799751	-0,00700445473194122
78,912959	-0,00772982835769653
79,024689	-0,00747951865196228
79,128252	-0,00663317739963531
79,243425	-0,00492663681507111
79,350732	-0,00349383056163788
79,456627	-0,00245067477226257
79,557803	-0,00217042863368988
79,658571	-0,00270366668701172
79,770741	-0,00387300550937653
79,872075	-0,00542421638965607
79,974396	-0,00659501552581787
80,080558	-0,00758793950080872
80,181063	-0,00776425004005432
80,293919	-0,00725893676280975
80,395770	-0,00582444667816162
80,495790	-0,00426870584487915
80,608541	-0,00298537313938141
80,708852	-0,00234439969062805
80,812441	-0,00236228108406067
80,925809	-0,00306014716625214
81,041893	-0,00435340404510498
81,144182	-0,00588236749172211
81,246349	-0,00729428231716156
81,351446	-0,00770673155784607
81,461328	-0,00733670592308044
81,564477	-0,00641553103923798
81,677096	-0,00493651628494263
81,786701	-0,00346419215202332
81,887313	-0,00239801406860352
81,999223	-0,00210696458816528
82,105229	-0,0025814026594162
82,217489	-0,00375209748744965
82,319059	-0,00502124428749084
82,421707	-0,00667227804660797
82,524477	-0,00757521390914917
82,637323	-0,00767232477664948
82,740263	-0,00703132152557373
82,851980	-0,00526037812232971
82,953974	-0,00421647727489471
83,055698	-0,00294116139411926
83,168880	-0,00222590565681458
83,269946	-0,00239048898220062
83,382127	-0,00317257642745972
83,495738	-0,00453175604343414
83,601270	-0,00629164278507233
83,701974	-0,00740127265453339
83,802432	-0,00774067640304565
83,912225	-0,00739702582359314
84,025205	-0,00603684782981873
84,138236	-0,00478307902812958
84,239725	-0,00355733931064606
84,341242	-0,00237497687339783
84,453812	-0,0022357851266861
84,555132	-0,00276951491832733
84,655513	-0,0037892609834671
84,770239	-0,00554662942886353
84,872248	-0,00687393546104431
84,978738	-0,00759218633174896
85,080453	-0,00763979554176331
85,181166	-0,00689324736595154
85,291118	-0,00579525530338287
85,395249	-0,00426399707794189
85,499841	-0,0029684454202652
85,599956	-0,00220946967601776
85,700170	-0,00228139758110046
85,809459	-0,00310623645782471
85,914950	-0,00420989096164703
86,015599	-0,00574485957622528
86,124039	-0,00682163238525391
86,237914	-0,00766995549201965
86,345943	-0,00744038820266724
86,450193	-0,00643153488636017
86,561857	-0,00499394536018372
86,676729	-0,00329062342643738
86,780147	-0,00231854617595673
86,881181	-0,0021243542432785
86,993760	-0,0025409609079361
87,094919	-0,00394216179847717
87,208536	-0,00520530343055725
87,312097	-0,00662234425544739
87,425786	-0,00761669874191284
87,531559	-0,00746867060661316
87,632209	-0,00689560174942017
87,734481	-0,00556358695030212
87,834873	-0,00403296947479248
87,948116	-0,00279444456100464
88,057096	-0,00215022265911102
88,165102	-0,00224754214286804
88,268431	-0,00326193869113922
88,381241	-0,00467906892299652
88,483661	-0,00596337020397186
88,589248	-0,00732775032520294
88,695118	-0,00771427154541016
88,797284	-0,00738854706287384
88,905952	-0,00630953907966614
89,018634	-0,00459294021129608
89,132771	-0,0030253529548645
89,247711	-0,00227904319763184
89,347987	-0,00222590565681458
89,448879	-0,00295479595661163
89,554213	-0,00400097668170929
89,654566	-0,00578254461288452
89,768912	-0,00690172612667084
89,869865	-0,00771002471446991
89,982369	-0,00759595632553101
90,097313	-0,00682446360588074
90,201341	-0,00517375767230988
90,303244	-0,00368058681488037
90,415867	-0,00272107124328613
90,516923	-0,0022122859954834
90,620177	-0,00261244177818298
90,733193	-0,00351406633853912
90,837707	-0,00496241450309753
90,952911	-0,00663600862026215
91,058738	-0,00757142901420593
91,172707	-0,00768834352493286
91,274610	-0,00697712600231171
91,384730	-0,00589697062969208
91,485252	-0,00435623526573181
91,588110	-0,00302864611148834
91,700213	-0,00222732126712799
91,802215	-0,00223203003406525
91,905348	-0,00302016735076904
92,017294	-0,00410684943199158
92,118430	-0,00588472187519073
92,232553	-0,00726318359375
92,335497	-0,00765864551067352
92,438574	-0,0074286162853241
92,550748	-0,00638490915298462
92,651825	-0,00494875013828278
92,753909	-0,00371493399143219
92,868476	-0,00264254212379456
92,983472	-0,0022687166929245
93,091168	-0,00280007719993591
93,199084	-0,00378596782684326
93,313993	-0,00551839172840118
93,416217	-0,00688476860523224
93,526622	-0,00778828561306
93,635138	-0,00769919157028198
93,736479	-0,00690031051635742
93,848289	-0,00552356243133545
93,950635	-0,00399251282215118
94,065480	-0,0028071403503418
94,179070	-0,00223767757415771
94,292449	-0,00261056423187256
94,406808	-0,00370317697525024
94,510470	-0,00539973378181458
94,616751	-0,00659313797950745
94,717054	-0,00753466784954071
94,829196	-0,00767844915390015
94,937222	-0,00718966126441956
95,050603	-0,00594028830528259
95,151389	-0,00419670343399048
95,264272	-0,00291623175144196
95,367721	-0,00228139758110046
95,469583	-0,00236321985721588
95,579482	-0,00320643186569214
95,681619	-0,00435011088848114
95,784190	-0,0056035965681076
95,885539	-0,00709633529186249
95,999765	-0,00771568715572357
96,112408	-0,00743851065635681
96,223236	-0,00643295049667358
96,329568	-0,00498029589653015
96,430451	-0,00329956412315369
96,542226	-0,00251369178295135
96,644258	-0,00220334529876709
96,745242	-0,0027022659778595
96,855393	-0,00387158989906311
96,956391	-0,00534088909626007
97,058814	-0,00654037296772003
97,160042	-0,00748376548290253
97,273433	-0,00767184793949127
97,375023	-0,0070195347070694
97,478335	-0,00572556257247925
97,591226	-0,00422635674476624
97,692983	-0,00293363630771637
97,807619	-0,0022447258234024
97,919884	-0,0023486316204071
98,021920	-0,00319185853004456
98,137293	-0,00458776950836182
98,237579	-0,00609475374221802
98,339728	-0,00726693868637085
98,453443	-0,00774019956588745
98,555527	-0,0074988454580307
98,668877	-0,0062888115644455
98,769574	-0,00481225550174713
98,883092	-0,00360108911991119
98,996914	-0,00258421897888184
99,110805	-0,00233453512191772
99,215123	-0,00305449962615967
99,327565	-0,00412330031394958
99,437861	-0,00561678409576416
99,539844	-0,00712555646896362
99,647833	-0,00769823789596558
99,757844	-0,00760914385318756
99,858884	-0,00675566494464874
99,970890	-0,00535030663013458
100,071818	-0,00387346744537354
100,173159	-0,00273987650871277
100,287244	-0,00228327512741089
100,388575	-0,00264441967010498
100,490938	-0,00368764996528625
100,603244	-0,0049016922712326
100,704408	-0,00660160183906555
100,817570	-0,00746160745620728
100,920295	-0,00782601535320282
101,034337	-0,00716516375541687
101,149017	-0,00590121746063232
101,250241	-0,00440093874931335
101,351806	-0,00308132171630859
101,465071	-0,00237168371677399
101,566993	-0,00242386758327484
101,676000	-0,00306108593940735
101,778236	-0,00460658967494965
101,880773	-0,00583386421203613
101,981693	-0,00711753964424133
102,090926	-0,00774256885051727
102,198594	-0,00752712786197662
102,299861	-0,00656816363334656
102,413942	-0,00536583364009857
102,515673	-0,0036749541759491
102,618046	-0,00263124704360962
102,726477	-0,00228327512741089
102,827380	-0,00263407826423645
102,938967	-0,00365376472473145
103,043507	-0,00513610243797302
103,145153	-0,00657428801059723
103,252503	-0,0074370950460434
103,362071	-0,00777743756771088
103,464681	-0,00727447867393494
103,565722	-0,00608441233634949
103,680965	-0,00455763936042786
103,783848	-0,00296185910701752
103,896419	-0,00230772793292999
104,010387	-0,00219112634658813
104,125132	-0,00307944416999817
104,226561	-0,00447104871273041
104,336069	-0,00599680840969086
104,436194	-0,00725516676902771
104,549776	-0,00778451561927795
104,652801	-0,00753137469291687
104,753251	-0,00651398301124573
104,867368	-0,00529992580413818
104,968860	-0,00362977385520935
105,071062	-0,00266557931900024
105,183925	-0,00240835547447205
105,296964	-0,00282171368598938
105,398808	-0,00391677021980286
105,501421	-0,00539173185825348
105,606592	-0,00681315362453461
105,720940	-0,00771191716194153
105,821737	-0,00779253244400024
105,934836	-0,00715950131416321
106,037071	-0,00584940612316132
106,149136	-0,0043548196554184
106,251509	-0,0029044896364212
106,351779	-0,00244973599910736
106,454365	-0,00240929424762726
106,569158	-0,00332590937614441
106,670457	-0,0046936422586441
106,772776	-0,00587859749794006
106,887313	-0,00704215466976166
107,000253	-0,00749742984771729
107,101448	-0,00715290009975433
107,206896	-0,00631426274776459
107,309704	-0,00462588667869568
107,412806	-0,00346279144287109
107,526779	-0,00223861634731293
107,640784	-0,00210367143154144
107,746212	-0,0027102530002594
107,847532	-0,00391581654548645
107,948469	-0,00544540584087372
108,062375	-0,00661951303482056
108,163256	-0,00759312510490417
108,275876	-0,0076482743024826
108,378806	-0,00688287615776062
108,480102	-0,00526933372020721
108,594216	-0,00398732721805573
108,708272	-0,00253297388553619
108,813795	-0,00203408300876617
108,928752	-0,00233405828475952
109,028943	-0,00336730480194092
109,133611	-0,00461646914482117
109,237184	-0,00614045560359955
109,351302	-0,00758464634418488
109,451693	-0,00778970122337341
109,561568	-0,00737252831459045
109,671432	-0,00600339472293854
109,774005	-0,00444422662258148
109,886600	-0,00329203903675079
109,989155	-0,00237120687961578
110,090775	-0,00221368670463562
110,203965	-0,00289179384708405
110,318807	-0,00415436923503876
110,419162	-0,00570248067378998
110,521174	-0,00721746683120728
110,623302	-0,00773218274116516
110,736212	-0,00771144032478333
110,837462	-0,00686968863010406
110,939716	-0,00523731112480164
111,052130	-0,0039774477481842
111,154194	-0,00273752212524414
111,256050	-0,00215679407119751
111,368601	-0,00250568985939026
111,469387	-0,00335130095481873
111,582693	-0,00479531288146973
111,685600	-0,00624454021453857
111,798360	-0,00733764469623566
111,899830	-0,00764591991901398
112,012779	-0,00709068775177002
112,114620	-0,00589367747306824
112,215753	-0,00434727966785431
112,330326	-0,00321301817893982
112,431607	-0,00219911336898804
112,534766	-0,00214409828186035
112,647165	-0,00274929404258728
112,748496	-0,0039689838886261
112,862689	-0,00598597526550293
112,967307	-0,00704263150691986
113,080888	-0,00759454071521759
113,181444	-0,00744228065013885
113,284824	-0,00642871856689453
113,389402	-0,0049511045217514
113,490006	-0,0037233978509903
113,604220	-0,00254049897193909
113,714428	-0,00210602581501007
113,823066	-0,00241118669509888
113,936542	-0,00344868004322052
114,051203	-0,00517894327640533
114,164825	-0,00653989613056183
114,265953	-0,00742955505847931
114,368560	-0,00753183662891388
114,482299	-0,00679099559783936
114,584636	-0,00552403926849365
114,688384	-0,0040348619222641
114,801095	-0,0030084103345871
114,915764	-0,00227858126163483
115,022544	-0,00255836546421051
115,123524	-0,00338469445705414
115,237832	-0,00450776517391205
115,340549	-0,00618237257003784
115,455528	-0,00725327432155609
115,557557	-0,00758887827396393
115,670846	-0,00713217258453369
115,785537	-0,00577594339847565
115,892482	-0,00457128882408142
115,994347	-0,00331413745880127
116,107720	-0,00257059931755066
116,210570	-0,00265148282051086
116,323692	-0,00332967936992645
116,427413	-0,00482402741909027
116,530920	-0,00602412223815918
116,645880	-0,00729615986347198
116,746607	-0,00764591991901398
116,847730	-0,00743380188941956
116,949291	-0,00623087584972382
117,055296	-0,00501088798046112
117,168578	-0,00350087881088257
117,281143	-0,00239613652229309
117,381272	-0,00200493633747101
117,495336	-0,0025414377450943
117,601770	-0,00350464880466461
117,704089	-0,00524908304214478
117,804610	-0,0064089298248291
117,919290	-0,00744698941707611
118,022048	-0,00743426382541656
118,124986	-0,00660772621631622
118,237957	-0,00524108111858368
118,340568	-0,00393699109554291
118,443395	-0,00267216563224792
118,556285	-0,00197295844554901
118,671312	-0,0021403431892395
118,772686	-0,00327557325363159
118,887494	-0,00445787608623505
119,002141	-0,00623795390129089
119,115817	-0,00732302665710449
119,217555	-0,00763554871082306
119,320061	-0,00711095333099365
119,434505	-0,00586776435375214
119,536424	-0,0043468177318573
119,639764	-0,00300136208534241
119,744801	-0,00224941968917847
119,849311	-0,00218218564987183
119,952259	-0,00276151299476624
120,055585	-0,00405320525169373
120,157917	-0,0056120753288269
120,260017	-0,00690549612045288
120,367657	-0,00822916626930237
120,474104	-0,0101735144853592
120,589520	-0,0112200528383255
120,691454	-0,0122202485799789
120,795215	-0,0128662437200546
120,905016	-0,0135717988014221
121,012955	-0,0141332298517227
121,122614	-0,014825776219368
121,231768	-0,0155941247940063
121,333632	-0,0161706805229187
121,444961	-0,0161630809307098
121,546310	-0,0156809538602829
121,657649	-0,0147693604230881
121,761528	-0,0137124955654144
121,869467	-0,0129713416099548
121,972111	-0,012332871556282
122,084134	-0,0123612582683563
122,187477	-0,0127895474433899
122,287581	-0,0136258006095886
122,400925	-0,0146323442459106
122,501259	-0,0155481100082397
122,601928	-0,0158669501543045
122,715538	-0,0158242434263229
122,815873	-0,0150273144245148
122,927965	-0,0143028944730759
123,029198	-0,0135116428136826
123,130122	-0,0128193795681
123,242198	-0,0125410705804825
123,353712	-0,0127460062503815
123,464535	-0,0134301781654358
123,579296	-0,0144503116607666
123,680669	-0,0153446048498154
123,784193	-0,0156733691692352
123,884577	-0,0157208144664764
123,988697	-0,0152189135551453
124,101282	-0,0145740211009979
124,215458	-0,0136921256780624
124,320305	-0,012989804148674
124,423851	-0,0125978589057922
124,538877	-0,0128065943717957
124,653679	-0,0134827643632889
124,762234	-0,0143739879131317
124,872708	-0,015421450138092
124,982383	-0,0159101486206055
125,095565	-0,0160031467676163
125,206458	-0,0156686156988144
125,320985	-0,0145929902791977
125,423115	-0,0136798024177551
125,533581	-0,0129841268062592
125,642320	-0,0126887410879135
125,744986	-0,012900322675705
125,851833	-0,0134287476539612
125,963481	-0,0143062174320221
126,065973	-0,0151117146015167
126,166029	-0,0158493965864182
126,266109	-0,0161858797073364
126,368344	-0,015994131565094
126,469213	-0,0154703110456467
126,584135	-0,0144507884979248
126,687593	-0,0136873871088028
126,802520	-0,0130428373813629
126,908748	-0,0128288567066193
127,011388	-0,0131725668907166
127,125268	-0,014093890786171
127,229894	-0,0148674994707108
127,329924	-0,0155799090862274
127,433527	-0,0161749571561813
127,533739	-0,0161692500114441
127,644524	-0,0157326608896255
127,753370	-0,014890268445015
127,853663	-0,0139517486095428
127,967594	-0,0132672637701035
128,068944	-0,0127422213554382
128,170681	-0,0128359496593475
128,282273	-0,0132634788751602
128,395123	-0,0142540782690048
128,495927	-0,0151700526475906
128,599249	-0,0158569812774658
128,714240	-0,0161013901233673
128,814497	-0,0159096717834473
128,929226	-0,0152483135461807
129,035569	-0,0143450796604156
129,150923	-0,0134576559066772
129,250956	-0,0127890855073929
129,362505	-0,0127119421958923
129,477221	-0,0131403654813766
129,587719	-0,0139654874801636
129,699731	-0,0150605142116547
129,809831	-0,0158313661813736
129,921775	-0,0161697268486023
130,029424	-0,0159595012664795
130,140930	-0,0152943134307861
130,251963	-0,0143645107746124
130,362136	-0,0134448558092117
130,473922	-0,0128326416015625
130,584397	-0,0126589238643646
130,686976	-0,0130683928728104
130,794427	-0,013708233833313
130,908985	-0,014803484082222
131,010967	-0,015625923871994
131,113427	-0,0160264074802399
131,217788	-0,0160373151302338
131,318655	-0,0155471563339233
131,422172	-0,0146603137254715
131,522644	-0,0138882547616959
131,622829	-0,0131848752498627
131,727100	-0,0126527696847916
131,837150	-0,0127403289079666
131,949150	-0,0132672637701035
132,049201	-0,0141588151454926
132,160369	-0,0152170062065125
132,270434	-0,0157635062932968
132,385787	-0,016070544719696
132,496087	-0,0157895982265472
132,601431	-0,0150998681783676
132,703117	-0,0141616612672806
132,810773	-0,013138934969902
132,922066	-0,0126518160104752
133,025963	-0,0125978589057922
133,127051	-0,0130120515823364
133,239792	-0,0136726945638657
133,353447	-0,0149144381284714
133,464086	-0,0155931860208511
133,577048	-0,016037791967392
133,684046	-0,0159613937139511
133,794602	-0,0152933746576309
133,895697	-0,0143820494413376
134,007853	-0,0136153697967529
134,118651	-0,0129012763500214
134,230662	-0,0126016587018967
134,331500	-0,0129168927669525
134,439389	-0,0136428624391556
134,551173	-0,0145593285560608
134,664790	-0,0155580788850784
134,774320	-0,0160031467676163
134,877790	-0,0159874856472015
134,981462	-0,0155191719532013
135,084868	-0,0146878063678741
135,196888	-0,0137920826673508
135,307349	-0,0129500329494476
135,419346	-0,0126693248748779
135,520538	-0,012822225689888
135,631285	-0,0134012848138809
135,743259	-0,0144441425800323
135,845647	-0,0153308510780334
135,946873	-0,0158565044403076
136,058395	-0,0160876214504242
136,164702	-0,015761137008667
136,264949	-0,0150538682937622
136,377834	-0,0141403377056122
136,484487	-0,0131881982088089
136,589426	-0,0128084868192673
136,692407	-0,0128056406974792
136,805428	-0,0133146196603775
136,913370	-0,0139953345060349
137,028520	-0,0150420069694519
137,131440	-0,0157540142536163
137,246231	-0,0160183310508728
137,347800	-0,015882134437561
137,448900	-0,0151638984680176
137,559653	-0,0144247114658356
137,662438	-0,0136935412883759
137,763625	-0,0130186825990677
137,878704	-0,0127512216567993
137,980100	-0,0130655467510223
138,081253	-0,0136248469352722
138,183947	-0,0145308822393417
138,286651	-0,0154015272855759
138,397169	-0,0159870088100433
138,503215	-0,0160961747169495
138,604227	-0,015780121088028
138,719494	-0,0150462687015533
138,823437	-0,0141133219003677
138,926732	-0,0131394118070602
139,030810	-0,0126835405826569
139,143608	-0,0127010494470596
139,258549	-0,0130892395973206
139,358572	-0,0140365660190582
139,469526	-0,014786422252655
139,581023	-0,0155661404132843
139,692235	-0,0159476399421692
139,804309	-0,0157483220100403
139,914718	-0,0151197761297226
140,026711	-0,0142332315444946
140,129848	-0,0133974999189377
140,230327	-0,0127933323383331
140,335911	-0,0127673000097275
140,438203	-0,0131252110004425
140,538468	-0,0137323886156082
140,638673	-0,0147906839847565
140,739383	-0,0153645128011703
140,854318	-0,0159955620765686
140,959398	-0,0160335153341293
141,061405	-0,0155623406171799
141,169285	-0,0148589611053467
141,270125	-0,0139403641223907
141,370323	-0,013114795088768
141,479053	-0,0127483755350113
141,584658	-0,0126920491456985
141,691378	-0,0132440626621246
141,801255	-0,0139512717723846
141,910334	-0,0149993300437927
142,016337	-0,0156539082527161
142,130934	-0,0160415917634964
142,232952	-0,0158883035182953
142,347727	-0,0151790678501129
142,451952	-0,0143972188234329
142,553754	-0,0133946537971497
142,665979	-0,0128364264965057
142,779211	-0,0127029418945313
142,881506	-0,0131294727325439
142,988860	-0,0138977319002151
143,097864	-0,0148380994796753
143,206960	-0,0155580788850784
143,307737	-0,0160966515541077
143,416477	-0,0159704089164734
143,517162	-0,0156050324440002
143,623465	-0,0147722065448761
143,728805	-0,013842761516571
143,842028	-0,0130324214696884
143,944171	-0,012681171298027
144,058124	-0,0127942860126495
144,158772	-0,0133832991123199
144,259620	-0,0143010020256042
144,364829	-0,0150358378887177
144,466362	-0,0158612579107285
144,569688	-0,0160610526800156
144,671288	-0,0158925652503967
144,776948	-0,0151515603065491
144,885942	-0,0141744613647461
144,986986	-0,0132862031459808
145,088345	-0,0128269642591476
145,190949	-0,0125292390584946
145,300646	-0,0128544121980667
145,413039	-0,0135670602321625
145,519191	-0,0145308822393417
145,619404	-0,0152834057807922
145,732508	-0,0160121619701385
145,844355	-0,016045868396759
145,948533	-0,0155836939811707
146,061366	-0,0147541910409927
146,164981	-0,0138266682624817
146,268371	-0,0131446272134781
146,372206	-0,0126612782478333
146,475182	-0,0127280205488205
146,584604	-0,0133652985095978
146,692334	-0,0141047835350037
146,802146	-0,0153379589319229
146,917086	-0,0158811807632446
147,022150	-0,016092374920845
147,134170	-0,015783429145813
147,244769	-0,0150292068719864
147,349869	-0,0140621513128281
147,451723	-0,0133146196603775
147,554874	-0,012636199593544
147,664414	-0,0126153826713562
147,772643	-0,0129159390926361
147,873578	-0,0136954486370087
147,975835	-0,0146603137254715
148,084980	-0,0155092179775238
148,190084	-0,0159632861614227
148,299063	-0,0159884393215179
148,399823	-0,0153332203626633
148,508992	-0,0147646069526672
148,612205	-0,0138020217418671
148,720047	-0,0129339396953583
148,821023	-0,0126177370548248
148,924981	-0,0127284973859787
149,025412	-0,0133321434259415
149,139761	-0,0142104774713516
149,247758	-0,0152938514947891
149,349096	-0,0157630294561386
149,452989	-0,0160909444093704
149,568249	-0,015813335776329
149,674376	-0,0152231752872467
149,787830	-0,014320433139801
149,895191	-0,0131706744432449
150,004909	-0,0127346515655518
150,111889	-0,0126778483390808
150,221239	-0,0131091177463531
150,323921	-0,0140782594680786
150,433498	-0,0148798227310181
150,540772	-0,0156610310077667
150,650173	-0,0160857290029526
150,756866	-0,0158963650465012
150,862729	-0,0153607279062271
150,963210	-0,0144834816455841
151,063553	-0,0136845409870148
151,166235	-0,0129500329494476
151,271673	-0,0126489847898483
151,374256	-0,0127412676811218
151,480781	-0,0134732872247696
151,588999	-0,0142133235931396
151,697099	-0,0151411294937134
151,798721	-0,0159376710653305
151,908312	-0,0160876214504242
152,017523	-0,0157350301742554
152,122251	-0,0151188224554062
152,225828	-0,0140166580677032
152,330581	-0,0133288353681564
152,434890	-0,0128189027309418
152,537523	-0,0126707553863525
152,646821	-0,0130191594362259
152,750400	-0,0137447118759155
152,865309	-0,01469586789608
152,970430	-0,0156448930501938
153,080552	-0,0160638988018036
153,189532	-0,0159552246332169
153,300306	-0,0153336971998215
153,410730	-0,0144379884004593
153,514303	-0,0135192275047302
153,622641	-0,0128179639577866
153,732341	-0,0125978589057922
153,841846	-0,012840211391449
153,943292	-0,0136736333370209
154,047167	-0,0143052637577057
154,151782	-0,0152141600847244
154,261598	-0,0159305483102798
154,374454	-0,0160221308469772
154,488638	-0,0155803859233856
154,592986	-0,014780730009079
154,701738	-0,0138432383537292
154,812909	-0,0129741728305817
154,921741	-0,012678325176239
155,036426	-0,0127975940704346
155,136949	-0,0133880376815796
155,245973	-0,014274924993515
155,359193	-0,0151999294757843
155,465071	-0,0159817934036255
155,577407	-0,016141265630722
155,684127	-0,0157635062932968
155,799243	-0,0149784684181213
155,900573	-0,0140086114406586
156,007067	-0,0131460428237915
156,120807	-0,0126040279865265
156,225999	-0,0126243680715561
156,341129	-0,0132165998220444
156,449758	-0,014058843255043
156,556885	-0,0148319453001022
156,661136	-0,0155746787786484
156,776620	-0,0159153640270233
156,878895	-0,0157331377267838
156,984040	-0,014943853020668
157,085779	-0,014182984828949
157,192507	-0,0131706744432449
157,293675	-0,0127734541893005
157,394207	-0,0125273466110229
157,504350	-0,0128979533910751
157,609406	-0,0135088115930557
157,713509	-0,0144308805465698
157,825508	-0,0153251588344574
157,933588	-0,0158906728029251
158,033780	-0,0159713625907898
158,137480	-0,0155277103185654
158,240360	-0,0146949142217636
158,345149	-0,0139223784208298
158,445612	-0,0129774957895279
158,560514	-0,0125926584005356
158,664401	-0,0126125365495682
158,767771	-0,0132052451372147
158,881234	-0,0140872597694397
158,981758	-0,0148608535528183
159,085261	-0,0157127529382706
159,195534	-0,0159841775894165
159,298223	-0,0157881826162338
159,412123	-0,015165314078331
159,520896	-0,0142640322446823
159,633669	-0,0133586674928665
159,747184	-0,0127583146095276
159,859347	-0,012611597776413
159,960006	-0,0129254162311554
160,064099	-0,0136840641498566
160,166373	-0,0146100670099258
160,269575	-0,0154774188995361
160,373201	-0,015931025147438
160,473687	-0,0160173773765564
160,586126	-0,0155969709157944
160,695866	-0,0147674679756165
160,802635	-0,0138375610113144
160,908127	-0,0130276829004288
161,019828	-0,0125846117734909
161,121329	-0,0126868486404419
161,223410	-0,0130987018346786
161,325603	-0,0140853673219681
161,431473	-0,0148674994707108
161,546539	-0,0157160758972168
161,650804	-0,0160112082958221
161,757893	-0,0157663524150848
161,861522	-0,0150884687900543
161,976615	-0,0141782462596893
162,077114	-0,0132961571216583
162,182347	-0,0128127485513687
162,284295	-0,0126238912343979
162,395484	-0,0129282623529434
162,508810	-0,0137897133827209
162,617376	-0,0146825909614563
162,722321	-0,015368789434433
162,829790	-0,015860304236412
162,945071	-0,0158631503582001
163,045941	-0,0152687132358551
163,148036	-0,0145545899868011
163,262262	-0,0136419087648392
163,367283	-0,0129230469465256
163,478189	-0,0125865042209625
163,581170	-0,0128392577171326
163,689480	-0,0133818686008453
163,793211	-0,0142697095870972
163,893538	-0,0151809602975845
164,002660	-0,0157317221164703
164,107442	-0,0159870088100433
164,218858	-0,0156335085630417
164,320946	-0,0148883610963821
164,425054	-0,01412233710289
164,530282	-0,0131521970033646
164,640486	-0,0127124041318893
164,744609	-0,0126442462205887
164,859598	-0,0130963325500488
164,969766	-0,0138972550630569
165,074365	-0,0149462223052979
165,189631	-0,0155452638864517
165,302331	-0,0158750116825104
165,406499	-0,0156420469284058
165,506538	-0,015092745423317
165,609616	-0,0143536031246185
165,714927	-0,0133354663848877
165,822344	-0,0127209275960922
165,925614	-0,0125571638345718
166,030775	-0,012738436460495
166,140383	-0,0134960114955902
166,248992	-0,0144280344247818
166,349692	-0,0151814371347427
166,461943	-0,0158413350582123
166,572303	-0,0160245001316071
166,672391	-0,0156164169311523
166,781251	-0,0149917453527451
166,881714	-0,0140739977359772
166,984383	-0,0132521092891693
167,092853	-0,0127218663692474
167,207749	-0,0127237588167191
167,310714	-0,0132918953895569
167,419252	-0,0141119062900543
167,521924	-0,0149855762720108
167,624440	-0,0155893862247467
167,724795	-0,0159167945384979
167,834431	-0,0158128589391708
167,943700	-0,0151060223579407
168,056825	-0,0141976773738861
168,171242	-0,0131853520870209
168,271409	-0,0126764327287674
168,376658	-0,0125003755092621
168,491608	-0,0128264874219894
168,600572	-0,0135357975959778
168,703732	-0,0146228671073914
168,809772	-0,0153170824050903
168,916452	-0,0158389508724213
169,026425	-0,0158845037221909
169,137434	-0,015396773815155
169,238127	-0,0145882368087769
169,343265	-0,0136603862047195
169,452620	-0,0128122866153717
169,560527	-0,012590765953064
169,662750	-0,0126262605190277
169,772047	-0,0134031772613525
169,876082	-0,0141379684209824
169,986023	-0,0148826688528061
170,092098	-0,0156828612089157
170,200294	-0,0158740729093552
170,300551	-0,0155623406171799
170,405893	-0,0151069760322571
170,506415	-0,0139005780220032
170,616516	-0,0130646079778671
170,722910	-0,0125973969697952
170,824307	-0,0124800205230713
170,930948	-0,012861043214798
171,039126	-0,0134680867195129
171,139490	-0,0142337083816528
171,251707	-0,0152383595705032
171,354547	-0,015810489654541
171,454967	-0,0158394277095795
171,557193	-0,0154650807380676
171,662665	-0,0146968066692352
171,771698	-0,0137878209352493
171,874168	-0,0131005942821503
171,978527	-0,0125415325164795
172,087964	-0,0126428306102753
172,195984	-0,0129846036434174
172,305056	-0,0137920826673508
172,410004	-0,0148561149835587
172,517447	-0,01564821600914
172,629831	-0,0158631503582001
172,742477	-0,0156430006027222
172,847160	-0,0149907916784286
172,958907	-0,0140957832336426
173,062879	-0,0131053328514099
173,171836	-0,0126518160104752
173,276882	-0,0125661492347717
173,378578	-0,0128212720155716
173,489387	-0,0135376900434494
173,603723	-0,0147674679756165
173,710227	-0,0154404193162918
173,814333	-0,0159068256616592
173,929318	-0,0158759653568268
174,035231	-0,0152236521244049
174,144077	-0,0145019590854645
174,257695	-0,0134495943784714
174,367345	-0,0128757059574127
174,473011	-0,0125931352376938
174,576724	-0,0128653049468994
174,685953	-0,0135604292154312
174,792647	-0,0144792199134827
174,896431	-0,0154532343149185
175,002320	-0,0158854573965073
175,106123	-0,0159462094306946
175,221284	-0,0155035257339478
175,327101	-0,0147072374820709
175,429260	-0,0139228403568268
175,537781	-0,0130148977041245
175,647887	-0,0126357227563858
175,756788	-0,0127341747283936
175,866821	-0,013307049870491
175,976976	-0,0141460299491882
176,087485	-0,0151719450950623
176,196563	-0,0157744139432907
176,306397	-0,015903502702713
176,409494	-0,0157260149717331
176,515935	-0,0148110687732697
176,616236	-0,0142114162445068
176,729041	-0,0132383704185486
176,834269	-0,0127161890268326
176,949879	-0,0126788020133972
177,053901	-0,0131067484617233
177,162270	-0,0137513428926468
177,271466	-0,0148267298936844
177,378438	-0,0155946016311646
177,488355	-0,0159817934036255
177,601357	-0,0158593654632568
177,711517	-0,0151292681694031
177,819922	-0,0142218470573425
177,928986	-0,0133387744426727
178,043022	-0,012720450758934
178,154290	-0,0125656872987747
178,263362	-0,0129893273115158
178,366919	-0,0137456506490707
178,472612	-0,0145043283700943
178,573727	-0,0153265744447708
178,680230	-0,0157663524150848
178,795627	-0,0157910287380219
178,898937	-0,0154152810573578
179,000597	-0,0145010203123093
179,114183	-0,0134893953800201
179,215945	-0,0129358321428299
179,321994	-0,0126451998949051
179,427189	-0,0127682536840439
179,527593	-0,013342097401619
179,628147	-0,0140479356050491
179,733521	-0,0150837302207947
179,838546	-0,0157663524150848
179,940796	-0,0159632861614227
180,040907	-0,0157895982265472
180,150429	-0,0151463449001312
180,253538	-0,0144109725952148
180,357866	-0,0135244429111481
180,464093	-0,0128340572118759
180,575669	-0,0126177370548248
180,687152	-0,0129311084747314
180,797831	-0,0135007500648499
180,904487	-0,0147006064653397
181,013040	-0,0152454674243927
181,124427	-0,0158237665891647
181,237131	-0,0158550888299942
181,338149	-0,0151866525411606
181,444556	-0,0146484524011612
181,554821	-0,0137437582015991
181,664054	-0,0128946453332901
181,765543	-0,0125973969697952
181,868724	-0,0127729773521423
181,969561	-0,0131498277187347
182,075738	-0,0141047835350037
182,179478	-0,0149983763694763
182,285483	-0,015664353966713
182,396131	-0,0158873498439789
182,504734	-0,0155248641967773
182,608904	-0,0150680840015411
182,720692	-0,0140294432640076
182,823349	-0,0131962448358536
182,934757	-0,0126229524612427
183,040682	-0,0125883966684341
183,148833	-0,0129102617502213
183,254723	-0,0139375329017639
183,367521	-0,0147119760513306
183,472817	-0,0154978334903717
183,574603	-0,0158992260694504
183,684188	-0,0158090591430664
183,794365	-0,0151121914386749
183,902312	-0,0143810957670212
184,008132	-0,0135031193494797
184,109251	-0,0128269642591476
184,222937	-0,012594074010849
184,324021	-0,0128297954797745
184,427462	-0,0133539289236069
184,534529	-0,0142270624637604
184,647769	-0,0152208060026169
184,748942	-0,0156520158052444
184,859306	-0,0158840417861938
184,964000	-0,0154707729816437
185,071925	-0,0146991908550262
185,173114	-0,0139479637145996
185,276291	-0,0131507813930511
185,385787	-0,0127322822809219
185,489449	-0,0126532316207886
185,590679	-0,0130612850189209
185,702967	-0,0138204991817474
185,808199	-0,014871284365654
185,910013	-0,015390619635582
186,011180	-0,0158949494361877
186,116718	-0,0158598273992538
186,224814	-0,0152554214000702
186,335300	-0,0143910497426987
186,439129	-0,0136367082595825
186,546607	-0,0129159390926361
186,651030	-0,0126044899225235
186,751857	-0,012738898396492
186,857025	-0,0133472979068756
186,970725	-0,0142194777727127
187,078674	-0,0151055604219437
187,187642	-0,0157952904701233
187,302403	-0,0159158408641815
187,408321	-0,0156036168336868
187,515571	-0,0147371143102646
187,627551	-0,0137006491422653
187,730636	-0,0131858289241791
187,840318	-0,012672170996666
187,941292	-0,0127460062503815
188,043158	-0,0131640434265137
188,144733	-0,0139645338058472
188,256051	-0,0147290527820587
188,369840	-0,0157008916139603
188,477539	-0,0159670859575272
188,579584	-0,0158565044403076
188,683702	-0,0153113901615143
188,787005	-0,0144635736942291
188,901459	-0,0134349167346954
189,002685	-0,0128856599330902
189,104366	-0,0126238912343979
189,210143	-0,0129249393939972
189,313000	-0,0133619904518127
189,414908	-0,014226108789444
189,524056	-0,0152430981397629
189,625953	-0,0157487988471985
189,739229	-0,0159476399421692
189,853892	-0,0155528485774994
189,969001	-0,0148015916347504
190,074897	-0,0139081478118896
190,181821	-0,0131512582302094
190,289143	-0,0127261281013489
190,400418	-0,0128397345542908
190,512014	-0,0133018344640732
190,627201	-0,0141280144453049
190,729814	-0,0151615142822266
190,838291	-0,0158109664916992
190,942059	-0,0160064697265625
191,050383	-0,0157943516969681
191,161271	-0,0149941146373749
191,266660	-0,0141085833311081
191,375083	-0,0133065730333328
191,485589	-0,0128657668828964
191,595489	-0,0127971172332764
191,696604	-0,0132388472557068
191,804429	-0,0140166580677032
191,910299	-0,0149272382259369
192,017213	-0,0156577080488205
192,118313	-0,0160026699304581
192,218576	-0,0159908086061478
192,318710	-0,0154171735048294
192,420136	-0,0147399604320526
192,522908	-0,0139787495136261
192,631756	-0,0131214261054993
192,743165	-0,0127616226673126
192,845691	-0,0128312110900879
192,947687	-0,0134595483541489
193,054010	-0,0141412913799286
193,164202	-0,0150434225797653
193,270496	-0,0158204436302185
193,382101	-0,0160135924816132
193,488840	-0,0157174915075302
193,597045	-0,0151245296001434
193,697323	-0,0142374932765961
193,812494	-0,013389453291893
193,916847	-0,012756422162056
194,020446	-0,0127242356538773
194,123006	-0,013052299618721
194,226630	-0,0137878209352493
194,341844	-0,0146911144256592
194,442453	-0,0153635740280151
194,549972	-0,0158944725990295
194,653721	-0,0158949494361877
194,763577	-0,0154845416545868
194,867756	-0,0146991908550262
194,970571	-0,0137854516506195
195,083338	-0,013052299618721
195,196386	-0,0126570165157318
195,310599	-0,0128383189439774
195,415300	-0,0134642869234085
195,527260	-0,0143280178308487
195,637020	-0,015188068151474
195,737198	-0,015782967209816
195,838976	-0,0158987492322922
195,945526	-0,0156330317258835
196,057358	-0,0149319916963577
196,160147	-0,0140370279550552
196,266043	-0,013118103146553
196,377183	-0,0126702785491943
196,485655	-0,0126745402812958
196,592977	-0,0131034404039383
196,693836	-0,0138792544603348
196,794200	-0,0147902071475983
196,906297	-0,0155433714389801
197,013037	-0,0159438401460648
197,125332	-0,0157753676176071
197,239978	-0,0152696669101715
197,342146	-0,0144218653440475
197,457103	-0,0134112387895584
197,570022	-0,0128283798694611
197,684058	-0,0126967877149582
197,796881	-0,0130380988121033
197,898843	-0,0139157325029373
198,011328	-0,0148072838783264
198,121542	-0,0155651867389679
198,227726	-0,0159258097410202
198,330329	-0,0158361047506332
198,444112	-0,0152734518051147
198,554546	-0,0144218653440475
198,657083	-0,013670802116394
198,758614	-0,0128875523805618
198,860361	-0,012660801410675
198,969792	-0,0128335803747177
199,071989	-0,0134405940771103
199,185449	-0,0142953097820282
199,288798	-0,0151724219322205
199,403060	-0,0157739520072937
199,508411	-0,015922486782074
199,610319	-0,0155775249004364
199,717969	-0,0148324221372604
199,823199	-0,014093890786171
199,926723	-0,0131545662879944
200,031282	-0,0127043575048447
200,132041	-0,0127308666706085
200,236473	-0,0130996555089951
200,339006	-0,0138806700706482
200,448475	-0,0146342366933823
200,552261	-0,0154622495174408
200,666156	-0,0159908086061478
200,772595	-0,0159044414758682
200,880080	-0,0153583586215973
200,994268	-0,0145081281661987
201,104600	-0,0136220157146454
201,211717	-0,0129756033420563
201,319534	-0,012738436460495
201,429732	-0,0129916965961456
201,539359	-0,0137920826673508
201,644532	-0,0146726369857788
201,749644	-0,015368789434433
201,852983	-0,0159049183130264
201,957688	-0,0159618705511093
202,072512	-0,0156036168336868
202,187568	-0,0148234069347382
202,301303	-0,0139091014862061
202,404825	-0,0130456686019897
202,517455	-0,0126967877149582
202,631497	-0,0128586739301682
202,735376	-0,0134429633617401
202,843271	-0,0142934173345566
202,949412	-0,0151634216308594
203,053643	-0,0156837999820709
203,166356	-0,0159405171871185
203,275270	-0,0156225860118866
203,381031	-0,0148950070142746
203,490290	-0,0138759315013885
203,595534	-0,0132260620594025
203,701140	-0,0127748847007751
203,812431	-0,012783408164978
203,913130	-0,0132270157337189
204,025730	-0,0140313506126404
204,128579	-0,0150633454322815
204,230872	-0,0155533254146576
204,332077	-0,0159889161586761
204,439814	-0,015813335776329
204,540404	-0,0152075290679932
204,647495	-0,0144801586866379
204,756090	-0,0135888606309891
204,867833	-0,012927308678627
204,981187	-0,012660339474678
205,095697	-0,0129017382860184
205,196466	-0,0136750638484955
205,306356	-0,0145455747842789
205,420202	-0,0154726803302765
205,522308	-0,0157933980226517
205,628406	-0,0158465504646301
205,733259	-0,0153849273920059
205,845089	-0,0147176682949066
205,952103	-0,0138314068317413
206,056931	-0,0129713416099548
206,163057	-0,0126660168170929
206,277054	-0,0127616226673126
206,377890	-0,0134140849113464
206,490992	-0,014272078871727
206,593868	-0,0151733756065369
206,694812	-0,0157222300767899
206,800025	-0,0160055160522461
206,900666	-0,0158555656671524
207,006013	-0,0152734518051147
207,119216	-0,0142569243907928
207,230759	-0,0134079158306122
207,335272	-0,0128581970930099
207,447254	-0,0127426981925964
207,554899	-0,0131199955940247
207,665567	-0,0138555616140366
207,769470	-0,0147470682859421
207,875542	-0,015526756644249
207,982807	-0,0159390866756439
208,094049	-0,0158123821020126
208,202549	-0,015216052532196
208,307721	-0,014492005109787
208,418241	-0,0136177390813828
208,528709	-0,0128633975982666
208,637545	-0,0126788020133972
208,751424	-0,012900322675705
208,864777	-0,0136570632457733
208,968904	-0,0146939605474472
209,079273	-0,015365943312645
209,193743	-0,0158636271953583
209,306924	-0,0158721655607224
209,414440	-0,0153446048498154
209,519774	-0,0146678984165192
209,629464	-0,0137807130813599
209,736838	-0,0129561871290207
209,839042	-0,0127161890268326
209,945452	-0,0128563046455383
210,053018	-0,0134358555078506
210,159971	-0,0143010020256042
210,268673	-0,0151724219322205
210,369226	-0,0158977955579758
210,475212	-0,0160396993160248
210,583430	-0,0157530605792999
210,691442	-0,0150770992040634
210,801683	-0,0141801536083221
210,909701	-0,0133913457393646
211,021964	-0,0129050612449646
211,122365	-0,0128723978996277
211,237156	-0,013325035572052
211,338377	-0,0140891671180725
211,444629	-0,0149850994348526
211,554133	-0,0157426297664642
211,664958	-0,0160880982875824
211,771642	-0,0159732550382614
211,881476	-0,0153768658638
211,991823	-0,0144958049058914
212,092349	-0,0136305391788483
212,194619	-0,0129916965961456
212,305341	-0,0127900242805481
212,417806	-0,0130797624588013
212,519937	-0,0137518048286438
212,632988	-0,0146489292383194
212,745546	-0,0154731571674347
212,852217	-0,0159946084022522
212,955882	-0,0160316228866577
213,068444	-0,0155215412378311
213,180050	-0,0147048681974411
213,285874	-0,0139650106430054
213,393969	-0,0131285190582275
213,501438	-0,0128449350595474
213,609019	-0,0129632949829102
213,715066	-0,0135130733251572
213,823649	-0,0145033895969391
213,929121	-0,0153408050537109
214,037227	-0,0158470273017883
214,150786	-0,016037791967392
214,254944	-0,0155509561300278
214,365021	-0,0149106532335281
214,473307	-0,014010027050972
214,584993	-0,0132227540016174
214,686048	-0,0127876698970795
214,788470	-0,0128009170293808
214,895253	-0,013179674744606
215,005575	-0,0141000598669052
215,108896	-0,0149789452552795
215,220452	-0,0156842768192291
215,330858	-0,0159656703472137
215,438553	-0,0157853364944458
215,540808	-0,015285313129425
215,642038	-0,0144356191158295
215,754297	-0,0135755985975266
215,865410	-0,0128733366727829
215,974716	-0,0127299129962921
216,089686	-0,0131787210702896
216,195624	-0,0138024985790253
216,310282	-0,0148357450962067
216,410406	-0,0154987722635269
216,513894	-0,0159514248371124
216,623489	-0,0159343481063843
216,730023	-0,0154413729906082
216,834403	-0,0147707760334015
216,948546	-0,0138783007860184
217,050973	-0,0129533410072327
217,161916	-0,0127270817756653
217,265184	-0,0128506273031235
217,374418	-0,0133974999189377
217,479330	-0,0143920034170151
217,592169	-0,0152525901794434
217,698562	-0,0157820135354996
217,809223	-0,0160145461559296
217,909275	-0,0156719386577606
218,017728	-0,0150875300168991
218,131080	-0,01405930519104
218,238597	-0,0132772028446198
218,338629	-0,0128184258937836
218,453450	-0,0128847062587738
218,559873	-0,0132118761539459
218,667569	-0,014119490981102
218,779806	-0,0151747912168503
218,883049	-0,0158384740352631
218,988419	-0,0160563141107559
219,093294	-0,0159072875976563
219,204911	-0,0151378065347672
219,314463	-0,0143995881080627
219,421699	-0,0135339051485062
219,527551	-0,0129159390926361
219,635168	-0,0127512216567993
219,737001	-0,0129699110984802
219,843519	-0,0137627124786377
219,956072	-0,0146612524986267
220,063033	-0,0153536200523376
220,172619	-0,01592817902565
220,279878	-0,0159879624843597
220,387607	-0,0154091119766235
220,495058	-0,0147390067577362
220,605559	-0,0139910727739334
220,706977	-0,0131488889455795
220,820146	-0,0128193795681
220,922421	-0,0129533410072327
221,037371	-0,0134159624576569
221,149216	-0,0143493413925171
221,258392	-0,0152032524347305
221,371115	-0,0158109664916992
221,476436	-0,0159780085086823
221,584496	-0,0155723094940186
221,692027	-0,0149599611759186
221,801274	-0,0140777826309204
221,907605	-0,0133032500743866
222,016553	-0,0128023326396942
222,124751	-0,0128870755434036
222,230544	-0,0132947266101837
222,341530	-0,0140574127435684
222,453401	-0,0150737762451172
222,562724	-0,0157236456871033
222,665211	-0,0159495323896408
222,775856	-0,0157084763050079
222,878060	-0,0148973762989044
222,981071	-0,0143237560987473
223,090724	-0,0133534669876099
223,201588	-0,0128312110900879
223,313651	-0,0127810388803482
223,424872	-0,0131626129150391
223,525039	-0,0137527585029602
223,635700	-0,0147788375616074
223,748525	-0,0156373083591461
223,853302	-0,0159718245267868
223,962045	-0,0158797651529312
224,069116	-0,0153374969959259
224,171825	-0,0145062357187271
224,275552	-0,013603538274765
224,390111	-0,012924000620842
224,503389	-0,0126593858003616
224,608943	-0,0128624588251114
224,717789	-0,0134945958852768
224,827860	-0,0143479108810425
224,942056	-0,015410527586937
225,044302	-0,0157525986433029
225,144945	-0,0158484429121017
225,252725	-0,015415757894516
225,358192	-0,0148072838783264
225,471979	-0,0139621645212173
225,575663	-0,0132379084825516
225,679287	-0,0128331184387207
225,788183	-0,012927308678627
225,893852	-0,0133572518825531
225,998816	-0,0141469687223434
226,103847	-0,0149998068809509
226,207514	-0,0156624466180801
226,320567	-0,0159115642309189
226,432430	-0,0157160758972168
226,547236	-0,0151017606258392
226,661871	-0,0141085833311081
226,772387	-0,0132402777671814
226,877888	-0,0128875523805618
226,982558	-0,0128615200519562
227,087707	-0,0132791101932526
227,192289	-0,0138749778270721
227,307454	-0,0148764997720718
227,410652	-0,0155054181814194
227,510662	-0,015950009226799
227,612662	-0,0158788114786148
227,713003	-0,0153578817844391
227,813065	-0,0145588517189026
227,913076	-0,0138584077358246
228,014509	-0,0131545662879944
228,114545	-0,0128174871206284
228,216015	-0,0128709673881531
228,316027	-0,0133397281169891
228,418014	-0,0139877498149872
228,519514	-0,0148471146821976
228,619514	-0,0154594033956528
228,721022	-0,0158939957618713
228,823023	-0,0158650577068329
228,923524	-0,0154940336942673
229,023558	-0,0147508680820465
229,123565	-0,0138877928256989
229,225034	-0,0132824182510376
229,327028	-0,0128738135099411
229,427528	-0,0128932297229767
229,527567	-0,0132549554109573
229,629530	-0,0139905959367752
229,730039	-0,0148380994796753
229,832033	-0,0154693573713303
229,932665	-0,0159072875976563
230,034633	-0,0158863961696625
230,135622	-0,0155286490917206
230,237130	-0,0149267762899399
230,337131	-0,013946533203125
230,437630	-0,0133402049541473
230,537631	-0,0129737108945847
230,638668	-0,0129604488611221
230,740134	-0,0133150964975357
230,842131	-0,0138915777206421
230,942681	-0,014851376414299
231,044640	-0,0154693573713303
231,144646	-0,0158455967903137
231,245147	-0,0159129947423935
231,347143	-0,0155149102210999
231,447646	-0,0149196535348892
231,547747	-0,014234647154808
231,649648	-0,0133534669876099
231,750193	-0,0129860192537308
231,852151	-0,0129069536924362
231,952656	-0,01332788169384
232,054655	-0,0139256864786148
232,154655	-0,0146228671073914
232,255159	-0,015509694814682
232,357157	-0,0158897340297699
232,457682	-0,0159813165664673
232,559662	-0,0155614018440247
232,661663	-0,0149727761745453
232,762172	-0,014272078871727
232,863161	-0,0134960114955902
232,964668	-0,0130167901515961
233,064670	-0,0129197388887405
233,166675	-0,0132289081811905
233,267168	-0,0138887315988541
233,367171	-0,0145754367113113
233,467678	-0,0153640508651733
233,569675	-0,0158470273017883
233,671706	-0,0159239023923874
233,772176	-0,0155893862247467
233,873177	-0,0148959457874298
233,974680	-0,0142128467559814
234,074681	-0,0134410709142685
234,174686	-0,0130049586296082
234,275182	-0,0128619819879532
234,377184	-0,0131635665893555
234,477683	-0,0136935412883759
234,577721	-0,0145076513290405
234,680217	-0,0152895748615265
234,782193	-0,0157374143600464
234,883193	-0,0158845037221909
234,983706	-0,0155523717403412
235,085700	-0,0150016993284225
235,187208	-0,0141749382019043
235,289211	-0,0134012848138809
235,391203	-0,012971818447113
235,491709	-0,012825533747673
235,591713	-0,0131375193595886
235,692220	-0,0136821717023849
235,794221	-0,0143611878156662
235,894223	-0,0153033435344696
235,994725	-0,0157492756843567
236,094762	-0,0159129947423935
236,195236	-0,0156705230474472
236,297230	-0,0150258839130402
236,397234	-0,0143460184335709
236,498744	-0,0135249048471451
236,600734	-0,0129542946815491
236,702241	-0,0127815157175064
236,802244	-0,0129855424165726
236,902245	-0,0135850608348846
237,002751	-0,014254555106163
237,102757	-0,015053391456604
237,203261	-0,0155471563339233
237,305257	-0,015783429145813
237,405261	-0,0156192779541016
237,505768	-0,0150638222694397
237,607795	-0,0142578780651093
237,708263	-0,013583168387413
237,808264	-0,0129983127117157
237,909267	-0,0127715617418289
238,010775	-0,0129344165325165
238,112774	-0,013495072722435
238,213280	-0,0142834633588791
238,313281	-0,014980360865593
238,415311	-0,0156131088733673
238,515786	-0,0158612579107285
238,615793	-0,0157184302806854
238,716330	-0,0152634978294373
238,818316	-0,0143479108810425
238,920318	-0,0136698484420776
239,020819	-0,0131313651800156
239,122818	-0,0128373652696609
239,223318	-0,0130035281181335
239,323320	-0,0134477019309998
239,424321	-0,0143749415874481
239,525829	-0,0150552839040756
239,627825	-0,0155903398990631
239,729330	-0,0159144103527069
239,829332	-0,0157587677240372
239,930335	-0,0153132975101471
240,031848	-0,0145427286624908
240,132840	-0,0137110650539398
240,234350	-0,0131720900535583
240,336345	-0,0128629356622696
240,436356	-0,0129888504743576
240,537857	-0,0134344398975372
240,639861	-0,0141991078853607
240,741365	-0,0150159150362015
240,843364	-0,0155704170465469
240,943369	-0,0158897340297699
241,044869	-0,0157449990510941
241,144909	-0,0152848362922668
241,246381	-0,014494851231575
241,346382	-0,013793021440506
241,447883	-0,0131124258041382
241,548884	-0,0127914547920227
241,648888	-0,0128667205572128
241,750399	-0,0133586674928665
241,850460	-0,0141180604696274
241,951896	-0,0148224532604218
242,053892	-0,0155172795057297
242,155933	-0,0158475041389465
242,257399	-0,0157824903726578
242,358401	-0,0152862519025803
242,459902	-0,0145280361175537
242,559906	-0,0138328224420547
242,659906	-0,0131517350673676
242,761414	-0,0128766596317291
242,863411	-0,0129296779632568
242,964924	-0,0133179426193237
243,066926	-0,0141773074865341
243,168920	-0,0148670226335526
243,269478	-0,0154636651277542
243,370478	-0,0158769190311432
243,471981	-0,0158100128173828
243,571986	-0,0154057890176773
243,673984	-0,014514297246933
243,774494	-0,0138072371482849
243,875494	-0,0132203847169876
243,977001	-0,0128302723169327
244,078999	-0,0128667205572128
244,178999	-0,0132525861263275
244,279510	-0,0139612257480621
244,381516	-0,0148053765296936
244,482019	-0,0154034197330475
244,583014	-0,0158062130212784
244,683018	-0,0157706290483475
244,784524	-0,0153849273920059
244,884524	-0,0148048996925354
244,985028	-0,0138190686702728
245,087024	-0,0132355391979218
245,187030	-0,012882336974144
245,287535	-0,0128856599330902
245,389531	-0,0132682174444199
245,490042	-0,013842299580574
245,590042	-0,0146939605474472
245,692042	-0,0154209733009338
245,792541	-0,0157872289419174
245,892546	-0,0158237665891647
245,993049	-0,0154034197330475
246,093062	-0,0148167610168457
246,195081	-0,0141114294528961
246,295552	-0,0132563710212708
246,395593	-0,0128927528858185
246,496059	-0,0128373652696609
246,596062	-0,0132715255022049
246,698069	-0,013856515288353
246,798566	-0,0145725905895233
246,900563	-0,0154541879892349
247,002068	-0,0158313661813736
247,102069	-0,0158977955579758
247,202072	-0,0155585408210754
247,303569	-0,0148836225271225
247,404575	-0,014182984828949
247,506077	-0,0134292244911194
247,607076	-0,0129580795764923
247,707080	-0,0128856599330902
247,808583	-0,013114795088768
247,908587	-0,0138650387525558
248,009096	-0,014557421207428
248,111094	-0,0152022987604141
248,211602	-0,015782967209816
248,311603	-0,0158361047506332
248,413601	-0,0155694633722305
248,515103	-0,0149177610874176
248,617102	-0,0140806287527084
248,718616	-0,0134268552064896
248,820609	-0,0128998458385468
248,922611	-0,0127682536840439
249,023117	-0,0130925476551056
249,125122	-0,0136314928531647
249,225627	-0,0144389271736145
249,327625	-0,015216052532196
249,428627	-0,0156396776437759
249,530134	-0,0157796442508698
249,630138	-0,0154404193162918
249,730642	-0,0148878991603851
249,830644	-0,0140692591667175
249,930657	-0,0134183466434479
250,031148	-0,0128993690013885
250,131151	-0,0127583146095276
250,231660	-0,0130305290222168
250,333654	-0,0136423856019974
250,435652	-0,0143246948719025
250,536162	-0,0151169300079346
250,636197	-0,0156524926424026
250,736668	-0,0158119052648544
250,838670	-0,0155381411314011
250,940670	-0,0149177610874176
251,041175	-0,0142251700162888
251,143171	-0,0134448558092117
251,244681	-0,0129268318414688
251,346676	-0,0127763003110886
251,447699	-0,0130328834056854
251,548190	-0,0136461704969406
251,648266	-0,0143526494503021
251,748745	-0,0150173455476761
251,848814	-0,0156368315219879
251,948895	-0,0158427506685257
252,049253	-0,0156596004962921
252,149253	-0,0150808840990067
252,249778	-0,0142460316419601
252,349823	-0,0135850608348846
252,451940	-0,012990266084671
252,552309	-0,0128013789653778
