0,100023	-0,00394593179225922
0,201255	-0,00577500462532043
0,301854	-0,00750119984149933
0,403258	-0,00819851458072662
0,504856	-0,00781987607479095
0,605727	-0,00632885098457336
0,707690	-0,00420330464839935
0,808021	-0,00240130722522736
0,908884	-0,000769495964050293
1,010847	-0,000129282474517822
1,111058	-0,000470072031021118
1,211144	-0,0018601268529892
1,312731	-0,00392381846904755
1,413042	-0,00575427711009979
1,514904	-0,0074993222951889
1,615611	-0,00817587971687317
1,717602	-0,00784015655517578
1,818951	-0,00666803121566772
1,920655	-0,00424329936504364
2,020673	-0,00244739651679993
2,120993	-0,00102099776268005
2,222146	-0,000189900398254395
2,322255	-0,000496402382850647
2,422898	-0,00158603489398956
2,523648	-0,00355969369411469
2,624672	-0,00577077269554138
2,725573	-0,00728155672550201
2,826981	-0,00818908214569092
2,927634	-0,00786937773227692
3,028646	-0,00670289993286133
3,129647	-0,00464093685150146
3,230174	-0,00246009230613708
3,330591	-0,00102569162845612
3,431503	-0,000225633382797241
3,533191	-0,000430122017860413
3,634743	-0,00149530172348022
3,736554	-0,00309871137142181
3,836687	-0,00565916299819946
3,937777	-0,00717693567276001
4,038267	-0,00804667174816132
4,138627	-0,00782930850982666
4,238706	-0,00667321681976318
4,338786	-0,00500383973121643
4,439737	-0,00280103087425232
4,541007	-0,00103414058685303
4,641332	-0,000235036015510559
4,741962	-0,00023786723613739
4,844510	-0,00126683712005615
4,953555	-0,00314435362815857
5,062197	-0,0050005316734314
5,171258	-0,00748282670974731
5,281806	-0,00819709897041321
5,391573	-0,00791558623313904
5,500671	-0,0064772367477417
5,610467	-0,00400333106517792
5,719817	-0,0016452819108963
5,830671	-0,000535875558853149
5,938552	-0,000182852149009705
6,047581	-0,00102052092552185
6,156594	-0,00277185440063477
6,266092	-0,00497040152549744
6,374845	-0,00695450603961945
6,484214	-0,00812447071075439
6,591843	-0,00806742906570435
6,700083	-0,00683104991912842
6,810788	-0,0048263818025589
6,919990	-0,00232513248920441
7,026147	-0,00099608302116394
7,140892	-0,000283926725387573
7,248007	-0,00089360773563385
7,350438	-0,00250193476676941
7,455014	-0,00464187562465668
7,564139	-0,00640186667442322
7,672919	-0,00801649689674377
7,782046	-0,00815513730049133
7,891988	-0,00708502531051636
8,001734	-0,00513093173503876
8,103145	-0,00292563438415527
8,214010	-0,00112722814083099
8,318948	-0,000281095504760742
8,429291	-0,000325292348861694
8,535026	-0,00173412263393402
8,644686	-0,00374880433082581
8,749859	-0,00558194518089294
8,859237	-0,00733152031898499
8,973010	-0,00814098119735718
9,082703	-0,0074724555015564
9,196676	-0,00576652586460114
9,304928	-0,00322712957859039
9,413159	-0,00132043659687042
9,519214	-0,000239744782447815
9,623657	-0,00020165741443634
9,731643	-0,00141116976737976
9,837866	-0,00300230085849762
9,948109	-0,00520059466362
10,056787	-0,00707702338695526
10,166853	-0,00807920098304749
10,281642	-0,00767184793949127
10,391908	-0,00577925145626068
10,492558	-0,00396569073200226
10,601050	-0,00186342000961304
10,701691	-0,000306963920593262
10,814045	-8,03917646408081E-5
10,918475	-0,000639289617538452
11,028331	-0,00256447494029999
11,137056	-0,00510974228382111
11,247755	-0,00674435496330261
11,359865	-0,00794717669487
11,475141	-0,00780054926872253
11,585678	-0,00642023980617523
11,697726	-0,00434304773807526
11,802177	-0,0025249719619751
11,904944	-0,000625193119049072
12,015672	-4,3720006942749E-5
12,117805	-0,000438570976257324
12,227856	-0,00186248123645782
12,336905	-0,00430823862552643
12,451921	-0,00639998912811279
12,552623	-0,00761716067790985
12,660993	-0,00804336369037628
12,765865	-0,00698795914649963
12,869074	-0,00543127954006195
12,973866	-0,00324359536170959
13,083073	-0,00105437636375427
13,193399	-9,40263271331787E-5
13,303086	-0,000166416168212891
13,413942	-0,00152727961540222
13,520254	-0,00352770090103149
13,629354	-0,00569964945316315
13,738879	-0,00736874341964722
13,849134	-0,00800564885139465
13,955879	-0,00721275806427002
14,064348	-0,00576888024806976
14,174697	-0,00325299799442291
14,285163	-0,00131949782371521
14,399924	-0,000188976526260376
14,505533	-0,000183328986167908
14,613180	-0,00102756917476654
14,722443	-0,0028471052646637
14,831879	-0,00539267063140869
14,941069	-0,00720568001270294
15,047648	-0,00809995830059052
15,151409	-0,00768598914146423
15,260931	-0,00585223734378815
15,369637	-0,00405696034431458
15,472693	-0,00226965546607971
15,582142	-0,000664681196212769
15,689080	-4,55975532531738E-5
15,797902	-0,000981032848358154
15,903042	-0,00211401283740997
16,007637	-0,00458493828773499
16,116672	-0,00688570737838745
16,223175	-0,00784911215305328
16,332699	-0,00797075033187866
16,437024	-0,00674624741077423
16,547726	-0,00440564751625061
16,652836	-0,00294022262096405
16,762921	-0,000855058431625366
16,866481	-3,05473804473877E-5
16,975669	-0,000243961811065674
17,082919	-0,00147932767868042
17,192622	-0,00347642600536346
17,302652	-0,00600668787956238
17,415531	-0,00756813585758209
17,523020	-0,00805327296257019
17,633873	-0,00730088353157043
17,744453	-0,00553062558174133
17,854398	-0,0033574253320694
17,964890	-0,00113475322723389
18,074383	-0,000220924615859985
18,183316	-0,000407084822654724
18,285923	-0,00121606886386871
18,386607	-0,0031227171421051
18,492802	-0,00533005595207214
18,603968	-0,00717787444591522
18,710213	-0,00811128318309784
18,819306	-0,00777179002761841
18,926534	-0,00599116086959839
19,033286	-0,00384336709976196
19,142523	-0,0020843893289566
19,251682	-0,000602632761001587
19,354929	-0,000119864940643311
19,461757	-0,000793948769569397
19,568668	-0,0027826726436615
19,679730	-0,00458823144435883
19,783497	-0,0066402405500412
19,892896	-0,00791040062904358
20,001713	-0,00791040062904358
20,114224	-0,00692388415336609
20,222372	-0,00459623336791992
20,331654	-0,00279867649078369
20,442124	-0,000823095440864563
20,551470	-0,000146657228469849
20,658658	-0,000629901885986328
20,765657	-0,0024450421333313
20,876262	-0,00459106266498566
20,986051	-0,00633686780929565
21,094818	-0,00777131319046021
21,205903	-0,00811693072319031
21,314277	-0,00693896412849426
21,416216	-0,00533853471279144
21,522362	-0,00315658748149872
21,627725	-0,00125649571418762
21,739842	-0,000216230750083923
21,850523	-0,000406607985496521
21,960211	-0,00172565877437592
22,071144	-0,00340539216995239
22,181237	-0,00557300448417664
22,290476	-0,0075247585773468
22,390678	-0,00808015465736389
22,493670	-0,0075865238904953
22,603912	-0,00568835437297821
22,712673	-0,00351406633853912
22,822059	-0,00182203948497772
22,925781	-0,000445634126663208
23,036446	-0,000164538621902466
23,139130	-0,000923693180084229
23,247838	-0,00265100598335266
23,358083	-0,0048183798789978
23,467875	-0,00704781711101532
23,577823	-0,00801035761833191
23,687847	-0,00758039951324463
23,790647	-0,00665247440338135
23,899777	-0,00427716970443726
24,011882	-0,00218170881271362
24,113385	-0,00084000825881958
24,223366	-0,000127866864204407
24,324164	-0,000755876302719116
24,433479	-0,00201950967311859
24,544016	-0,00412048399448395
24,651231	-0,00654460489749908
24,760747	-0,00797216594219208
24,870463	-0,00803534686565399
24,980136	-0,00697524845600128
25,090168	-0,00505560636520386
25,199671	-0,00253720581531525
25,307913	-0,00107364356517792
25,417100	-0,000175341963768005
25,530100	-0,00053870677947998
25,640895	-0,00197061896324158
25,750481	-0,00443059206008911
25,857989	-0,00617295503616333
25,967920	-0,00765816867351532
26,083146	-0,0079924464225769
26,184085	-0,0071939080953598
26,295277	-0,00504902005195618
26,398093	-0,00322619080543518
26,501850	-0,00131526589393616
26,612221	-0,000236928462982178
26,722352	-0,000238806009292603
26,831737	-0,00135944783687592
26,932209	-0,00365753471851349
27,037965	-0,00511209666728973
27,141320	-0,00701859593391418
27,256155	-0,00805374979972839
27,365877	-0,00762328505516052
27,476216	-0,00610512495040894
27,585977	-0,0036015659570694
27,696504	-0,00132796168327332
27,802151	-0,000476181507110596
27,913198	-0,000101536512374878
28,021604	-0,00108538568019867
28,127039	-0,00287815928459167
28,234595	-0,00503818690776825
28,344601	-0,00665436685085297
28,454127	-0,00791370868682861
28,564714	-0,00756436586380005
28,670251	-0,00638397037982941
28,777388	-0,00470966100692749
28,879106	-0,00224660336971283
28,989817	-0,000669851899147034
29,099667	-0,000119403004646301
29,205940	-0,000488400459289551
29,316252	-0,00217607617378235
29,426444	-0,00429694354534149
29,536543	-0,00634109973907471
29,636967	-0,00754174590110779
29,751594	-0,00794105231761932
29,862127	-0,00695639848709106
29,971449	-0,00512763857841492
30,081752	-0,0026702880859375
30,192253	-0,000808045268058777
30,302095	-0,000274524092674255
30,412158	-0,000637412071228027
30,515312	-0,00172519683837891
30,625528	-0,00406308472156525
30,734566	-0,00613008439540863
30,843472	-0,00762894749641418
30,953078	-0,00806035101413727
31,062725	-0,0072627067565918
31,172736	-0,00554993748664856
31,274115	-0,00306391716003418
31,379555	-0,00150611996650696
31,484287	-0,000400513410568237
31,585776	-0,000284388661384583
31,696718	-0,00117611885070801
31,807646	-0,00326146185398102
31,917560	-0,00538560748100281
32,027619	-0,00716137886047363
32,135158	-0,00791841745376587
32,243880	-0,00761574506759644
32,353978	-0,00584658980369568
32,464178	-0,00408238172531128
32,569779	-0,00207357108592987
32,672667	-0,000643521547317505
32,782480	-0,000237390398979187
32,892233	-0,000955179333686829
32,994151	-0,00256966054439545
33,100686	-0,00503818690776825
33,203239	-0,00633262097835541
33,312817	-0,00770106911659241
33,419163	-0,00789909064769745
33,527745	-0,00677405297756195
33,637692	-0,0048518031835556
33,747533	-0,00305122137069702
33,856160	-0,00101205706596375
33,966782	-0,000226110219955444
34,072417	-0,00054575502872467
34,183466	-0,00190432369709015
34,292715	-0,0042809396982193
34,403619	-0,00629964470863342
34,511557	-0,00752335786819458
34,618314	-0,00799340009689331
34,719600	-0,00703650712966919
34,833146	-0,00522978603839874
34,937946	-0,003438800573349
35,046838	-0,00153103470802307
35,157827	-0,000223755836486816
35,267731	-0,000366196036338806
35,375020	-0,00128659605979919
35,483913	-0,00344868004322052
35,594270	-0,00556027889251709
35,702895	-0,00724150240421295
35,811395	-0,00793963670730591
35,922709	-0,00723348557949066
36,033292	-0,00558288395404816
36,135594	-0,00348113477230072
36,245624	-0,00161565840244293
36,356423	-0,000468656420707703
36,465726	-0,000376060605049133
36,570529	-0,00137589871883392
36,680944	-0,00282782316207886
36,790704	-0,00526650249958038
36,891280	-0,00679995119571686
37,000192	-0,00783497095108032
37,107984	-0,00772324204444885
37,212207	-0,00645133852958679
37,320694	-0,00447575747966766
37,430861	-0,00239989161491394
37,541106	-0,000809460878372192
37,641825	-0,000176757574081421
37,751757	-0,000637412071228027
37,860810	-0,00209426879882813
37,965632	-0,00415624678134918
38,071670	-0,00619179010391235
38,181471	-0,00761103630065918
38,292091	-0,00791795551776886
38,402430	-0,00678722560405731
38,511620	-0,00455434620380402
38,622574	-0,00278173387050629
38,736260	-0,0010637640953064
38,850590	-0,000236451625823975
38,959514	-0,00063835084438324
39,070264	-0,00239284336566925
39,178044	-0,00411814451217651
39,286926	-0,00615033507347107
39,397050	-0,00757615268230438
39,507696	-0,00790096819400787
39,617119	-0,00678299367427826
39,723477	-0,00525614619255066
39,833147	-0,00311282277107239
39,947013	-0,00104449689388275
40,049446	-0,000261366367340088
40,158878	-0,000443741679191589
40,268948	-0,00203737616539001
40,377971	-0,00372105836868286
40,487687	-0,00548166036605835
40,598837	-0,00739419460296631
40,707852	-0,00792691111564636
40,817980	-0,00726976990699768
40,919732	-0,00559936463832855
41,028917	-0,00346748530864716
41,135689	-0,00153949856758118
41,236860	-0,000456437468528748
41,346612	-0,000127866864204407
41,457817	-0,00112205743789673
41,566756	-0,00290542840957642
41,668564	-0,00470353662967682
41,781745	-0,00689277052879333
41,891930	-0,00785523653030396
41,999014	-0,00760726630687714
42,108876	-0,00591909885406494
42,218939	-0,00420424342155457
42,329620	-0,00182297825813293
42,438414	-0,000458791851997375
42,547787	-9,21338796615601E-5
42,663029	-0,000844240188598633
42,770642	-0,00252780318260193
42,880790	-0,00464893877506256
42,990719	-0,00660066306591034
43,099898	-0,00778593122959137
43,203407	-0,00765298306941986
43,312833	-0,00662422180175781
43,416768	-0,00467813014984131
43,525858	-0,0025574266910553
43,635754	-0,00071968138217926
43,744317	-0,000144317746162415
43,854784	-0,000504851341247559
43,965859	-0,0021718442440033
44,079972	-0,00418588519096375
44,190932	-0,00618189573287964
44,301590	-0,00749365985393524
44,412080	-0,00768646597862244
44,520937	-0,0064861923456192
44,629904	-0,00456517934799194
44,739541	-0,00246666371822357
44,849013	-0,000846594572067261
44,958827	-9,21338796615601E-5
45,068701	-0,000462561845779419
45,178992	-0,00183051824569702
45,289464	-0,00380007922649384
45,395246	-0,00614139437675476
45,504361	-0,00746113061904907
45,615023	-0,00771522521972656
45,723675	-0,00670477747917175
45,833143	-0,00485415756702423
45,936342	-0,002436563372612
46,045969	-0,00124569237232208
46,153935	-8,32080841064453E-5
46,264473	-0,000267475843429565
46,368965	-0,00146475434303284
46,469490	-0,00302675366401672
46,578685	-0,00548166036605835
46,682661	-0,00686733424663544
46,792964	-0,00773736834526062
46,893229	-0,00732868909835815
47,001655	-0,00557440519332886
47,108314	-0,00386358797550201
47,215058	-0,00184366106987
47,321985	-0,000316828489303589
47,431527	-7,24047422409058E-5
47,542030	-0,000764340162277222
47,651259	-0,00238719582557678
47,760952	-0,00480237603187561
47,867093	-0,00664682686328888
47,977018	-0,0075865238904953
48,085394	-0,00763367116451263
48,195463	-0,0062728077173233
48,306482	-0,00430023670196533
48,410810	-0,00222215056419373
48,517597	-0,00089360773563385
48,627838	-8,4608793258667E-5
48,738945	-0,000593230128288269
48,839715	-0,0017566978931427
48,946756	-0,00371541082859039
49,051421	-0,00608064234256744
49,154459	-0,00725939869880676
49,261073	-0,00773642957210541
49,370957	-0,00681032240390778
49,480885	-0,00501371920108795
49,585816	-0,00327886641025543
49,694392	-0,00116907060146332
49,804474	-0,000221401453018188
49,913047	-0,000365257263183594
50,023057	-0,00127294659614563
50,132822	-0,00308459997177124
50,243900	-0,0055023729801178
50,350081	-0,0071236789226532
50,459629	-0,00781185925006866
50,569134	-0,0072801411151886
50,677817	-0,00541244447231293
50,779476	-0,00368154048919678
50,889961	-0,00171579420566559
51,000062	-0,000444680452346802
51,103611	-0,000175341963768005
51,210076	-0,00124475359916687
51,311723	-0,0027187168598175
51,418485	-0,00479531288146973
51,527566	-0,00665342807769775
51,635340	-0,00757944583892822
51,743829	-0,00766383111476898
51,853644	-0,00632792711257935
51,963871	-0,00436282157897949
52,065770	-0,00263030827045441
52,175043	-0,000935912132263184
52,285445	-8,22693109512329E-5
52,395115	-0,000549048185348511
52,504032	-0,00197389721870422
52,613261	-0,00400897860527039
52,721161	-0,00604155659675598
52,829867	-0,00743615627288818
52,930537	-0,00770767033100128
53,039619	-0,006916344165802
53,146872	-0,00515775382518768
53,257098	-0,0027582198381424
53,366920	-0,00130538642406464
53,477042	-0,000331878662109375
53,584905	-0,000544816255569458
53,686756	-0,00154750049114227
53,797031	-0,0034307986497879
53,900509	-0,00552026927471161
54,007922	-0,00718541443347931
54,122965	-0,00790050625801086
54,235458	-0,00741353631019592
54,344916	-0,00556358695030212
54,454822	-0,0034717321395874
54,565011	-0,00155407190322876
54,667635	-0,000502035021781921
54,777893	-0,000239744782447815
54,885533	-0,00117330253124237
54,996342	-0,00293880701065063
55,104347	-0,00502689182758331
55,215403	-0,00703556835651398
55,327246	-0,00777366757392883
55,435612	-0,00747339427471161
55,545326	-0,00613997876644135
55,655409	-0,00380714237689972
55,761953	-0,00183004140853882
55,871601	-0,000502511858940125
55,980462	-0,000168770551681519
56,091430	-0,000915229320526123
56,201107	-0,00256259739398956
56,311206	-0,00461411476135254
56,415830	-0,00648525357246399
56,524955	-0,00765156745910645
56,635468	-0,00721511244773865
56,745515	-0,0063236802816391
56,847440	-0,00438870489597321
56,948047	-0,00232231616973877
57,048731	-0,000929802656173706
57,159835	-5,8293342590332E-5
57,273648	-0,000441402196884155
57,382517	-0,00213046371936798
57,491909	-0,00381043553352356
57,602468	-0,00585176050662994
57,711124	-0,00740787386894226
57,819187	-0,00749978423118591
57,926050	-0,00685885548591614
58,031207	-0,00513564050197601
58,139741	-0,00274175405502319
58,250084	-0,000997960567474365
58,356697	-0,000195547938346863
58,466360	-0,000220000743865967
58,575462	-0,00152446329593658
58,685975	-0,00381043553352356
58,794388	-0,00552403926849365
58,904964	-0,00724431872367859
59,012938	-0,00765487551689148
59,124135	-0,00703886151313782
59,233162	-0,00512386858463287
59,339694	-0,00341010093688965
59,440006	-0,00148589909076691
59,549341	-0,000325769186019897
59,659571	-0,000129744410514832
59,764929	-0,00103321671485901
59,870494	-0,00278221070766449
59,980175	-0,0048433244228363
60,089025	-0,00669442117214203
60,201174	-0,00764167308807373
60,309864	-0,00729097425937653
60,418422	-0,00588330626487732
60,523779	-0,00417459011077881
60,632747	-0,0018685907125473
60,736250	-0,000664204359054565
60,846786	-0,000100135803222656
60,957853	-0,000847071409225464
61,069477	-0,00243186950683594
61,180024	-0,00450822710990906
61,288764	-0,0067010223865509
61,397601	-0,0076562911272049
61,505745	-0,00762328505516052
61,614622	-0,0064861923456192
61,725274	-0,00460094213485718
61,834811	-0,00255978107452393
61,946622	-0,000720620155334473
62,056140	-0,000167354941368103
62,165753	-0,000698059797286987
62,276076	-0,00215303897857666
62,385249	-0,00454917550086975
62,494825	-0,00617107748985291
62,604617	-0,00749649107456207
62,714931	-0,00775718688964844
62,824726	-0,00656062364578247
62,931982	-0,0047021210193634
63,041836	-0,00264441967010498
63,151854	-0,000789240002632141
63,260798	-0,000242561101913452
63,369892	-0,000543400645256042
63,479501	-0,00216478109359741
63,587754	-0,00385887920856476
63,695206	-0,00617624819278717
63,804605	-0,00738900899887085
63,913943	-0,00781987607479095
64,024063	-0,00709587335586548
64,131273	-0,00511822104454041
64,243471	-0,00302581489086151
64,354759	-0,00128799676895142
64,464746	-0,000351622700691223
64,574505	-0,000581949949264526
64,682920	-0,00190714001655579
64,792675	-0,0034712553024292
64,902570	-0,00552403926849365
65,005168	-0,00730369985103607
65,112181	-0,00774115324020386
65,220608	-0,00720803439617157
65,329894	-0,00564645230770111
65,439800	-0,00324641168117523
65,550322	-0,00139516592025757
65,660881	-0,000253841280937195
65,774627	-0,000193670392036438
65,884170	-0,00143231451511383
65,993274	-0,00295762717723846
66,102820	-0,00502030551433563
66,211347	-0,00672787427902222
66,322641	-0,00759689509868622
66,432502	-0,00706148147583008
66,540038	-0,00551274418830872
66,649714	-0,0034712553024292
66,759101	-0,00152117013931274
66,867620	-0,00025571882724762
66,970536	4,70876693725586E-6
67,077833	-0,000816047191619873
67,192966	-0,00252591073513031
67,302773	-0,00459952652454376
67,413158	-0,0064767599105835
67,523197	-0,00760678946971893
67,631325	-0,00730134546756744
67,741043	-0,0056459903717041
67,850019	-0,0036255419254303
67,958761	-0,00196826457977295
68,067938	-0,000565499067306519
68,176400	-8,7440013885498E-5
68,286157	-0,000730022788047791
68,395314	-0,00260397791862488
68,505480	-0,00500759482383728
68,617565	-0,00653518736362457
68,725299	-0,00757521390914917
68,835837	-0,0074814110994339
68,939772	-0,00629070401191711
69,039821	-0,00468894839286804
69,150610	-0,00263971090316772
69,261273	-0,000749304890632629
69,364722	-8,97794961929321E-5
69,473899	-0,000385001301765442
69,583158	-0,00163869559764862
69,692059	-0,00393934547901154
69,801882	-0,00594501197338104
69,911584	-0,00745406746864319
70,021264	-0,00767751038074493
70,131180	-0,00682210922241211
70,241953	-0,00510551035404205
70,349132	-0,00270602107048035
70,460910	-0,000997960567474365
70,570875	-0,000145256519317627
70,680841	-0,000567376613616943
70,787699	-0,00193440914154053
70,898589	-0,00359874963760376
71,009182	-0,00561255216598511
71,116295	-0,00732775032520294
71,216339	-0,00768598914146423
71,324722	-0,00705771148204803
71,434098	-0,00514928996562958
71,543669	-0,00339081883430481
71,652702	-0,00152117013931274
71,761436	-0,000346451997756958
71,866121	-0,000188976526260376
71,972969	-0,00112864375114441
72,084054	-0,00283817946910858
72,193684	-0,0052264928817749
72,303744	-0,00690361857414246
72,412166	-0,00756813585758209
72,521951	-0,00720521807670593
72,633017	-0,00572885572910309
72,743179	-0,00370411574840546
72,853008	-0,00176328420639038
72,966966	-0,000407546758651733
73,076903	-0,000129744410514832
73,188912	-0,00104591250419617
73,292623	-0,0024285763502121
73,402727	-0,00484474003314972
73,516844	-0,00660020112991333
73,624876	-0,00757944583892822
73,734677	-0,0073324590921402
73,844372	-0,00601987540721893
73,954738	-0,00373563170433044
74,064512	-0,00178632140159607
74,172717	-0,000436693429946899
74,281437	-8,88407230377197E-5
74,391427	-0,000806629657745361
74,500536	-0,00242480635643005
74,603974	-0,00447575747966766
74,715388	-0,0063321590423584
74,822437	-0,00746254622936249
74,928974	-0,00744321942329407
75,038868	-0,00632226467132568
75,147981	-0,00444987416267395
75,257760	-0,00238955020904541
75,367191	-0,000801935791969299
75,477764	-6,30021095275879E-5
75,587876	-0,000423997640609741
75,691783	-0,00206135213375092
75,801925	-0,00404708087444305
75,911653	-0,00599727034568787
76,021782	-0,00727920234203339
76,130998	-0,00746914744377136
76,231864	-0,00677593052387238
76,337823	-0,00507915019989014
76,446785	-0,00271588563919067
76,557630	-0,000797241926193237
76,666732	-0,000111877918243408
76,777703	-0,000306487083435059
76,885996	-0,00148966908454895
76,994611	-0,00340209901332855
77,106030	-0,00578302145004272
77,216854	-0,00704357028007507
77,320064	-0,00767703354358673
77,428821	-0,00710105895996094
77,539405	-0,00555840134620667
77,648600	-0,00351971387863159
77,757592	-0,00135475397109985
77,867943	-0,000289559364318848
77,977871	-0,000249147415161133
78,086908	-0,00125697255134583
78,196582	-0,00305262207984924
78,300080	-0,00510551035404205
78,403224	-0,00659595429897308
78,511776	-0,00756624341011047
78,622545	-0,00728249549865723
78,731684	-0,00587812066078186
78,835233	-0,00385794043540955
78,939542	-0,00220805406570435
79,049079	-0,000364780426025391
79,158840	-9,30726528167725E-5
79,267989	-0,000773727893829346
79,372096	-0,00233547389507294
79,475304	-0,00439435243606567
79,585204	-0,00601045787334442
79,694998	-0,00734895467758179
79,804869	-0,00756247341632843
79,913436	-0,00647440552711487
80,021004	-0,00464987754821777
80,130014	-0,00260256230831146
80,238975	-0,000956594944000244
80,348747	-0,000178158283233643
80,458737	-0,000486999750137329
80,568007	-0,00179854035377502
80,677632	-0,00409555435180664
80,787697	-0,00603166222572327
80,898598	-0,00738900899887085
81,008251	-0,00763648748397827
81,117593	-0,00673304498195648
81,227716	-0,00500430166721344
81,334849	-0,00290682911872864
81,444508	-0,00117142498493195
81,554792	-0,000151365995407104
81,663403	-0,000397220253944397
81,772094	-0,00143277645111084
81,880272	-0,0032525360584259
81,990297	-0,0056120753288269
82,094083	-0,00711849331855774
82,203974	-0,00755682587623596
82,314489	-0,0070892721414566
82,424179	-0,00524955987930298
82,535624	-0,00318998098373413
82,645877	-0,00137589871883392
82,752280	-0,000230804085731506
82,860433	-0,000169232487678528
82,973856	-0,00140364468097687
83,084986	-0,0032360702753067
83,193402	-0,00499065220355988
83,302721	-0,00693471729755402
83,404950	-0,00762093067169189
83,515211	-0,0073235034942627
83,619595	-0,00566293299198151
83,723189	-0,0040343850851059
83,832352	-0,00203220546245575
83,941476	-0,000467255711555481
84,049945	-0,000218108296394348
84,159685	-0,000985264778137207
84,269289	-0,00264771282672882
84,379828	-0,00469082593917847
84,489297	-0,00649937987327576
84,598666	-0,00757473707199097
84,707883	-0,00747150182723999
84,819220	-0,00630578398704529
84,932869	-0,0040842592716217
85,039226	-0,00207123160362244
85,149407	-0,000684425234794617
85,251558	-0,000212013721466064
85,362115	-0,000834837555885315
85,462760	-0,00209520757198334
85,565925	-0,00407391786575317
85,672882	-0,00637407600879669
85,781974	-0,00761055946350098
85,893324	-0,0077977180480957
86,003180	-0,00697524845600128
86,113125	-0,00523826479911804
86,216846	-0,00251510739326477
86,325701	-0,00138907134532928
86,434031	-0,000380769371986389
86,543653	-0,000552341341972351
86,653711	-0,00205853581428528
86,763720	-0,00369046628475189
86,875105	-0,00602695345878601
86,985023	-0,00722971558570862
87,093319	-0,00776612758636475
87,198668	-0,00713971257209778
87,309968	-0,00553816556930542
87,423471	-0,00316175818443298
87,534579	-0,00111688673496246
87,642910	-0,000356793403625488
87,753024	-0,000290036201477051
87,867876	-0,00142902135848999
87,976935	-0,00359874963760376
88,087490	-0,00559936463832855
88,197971	-0,00714583694934845
88,309536	-0,00770154595375061
88,420719	-0,00685462355613708
88,529554	-0,00516527891159058
88,640699	-0,00343503057956696
88,751101	-0,0015573650598526
88,861698	-0,000220462679862976
88,973248	-0,000417411327362061
89,082169	-0,00138390064239502
89,191894	-0,00319749116897583
89,303062	-0,00556781888008118
89,412549	-0,00714112818241119
89,515344	-0,0076916515827179
89,616987	-0,00730228424072266
89,726232	-0,00586917996406555
89,836205	-0,00385887920856476
89,945060	-0,00192829966545105
90,054287	-0,000457853078842163
90,165372	-0,000373244285583496
90,275824	-0,0014459490776062
90,389536	-0,00291059911251068
90,499145	-0,00497464835643768
90,608712	-0,00697995722293854
90,717912	-0,00768080353736877
90,830059	-0,00734707713127136
90,941465	-0,00590497255325317
91,051623	-0,00391300022602081
91,161978	-0,00195980072021484
91,272552	-0,000593230128288269
91,381518	-0,000226110219955444
91,490490	-0,00112205743789673
91,600509	-0,00280524790287018
91,709969	-0,00487202405929565
91,820436	-0,00663647055625916
91,921873	-0,0076039582490921
92,032237	-0,00728580355644226
92,142017	-0,0061366856098175
92,243197	-0,00421270728111267
92,351267	-0,00220052897930145
92,452594	-0,00073377788066864
92,562123	-0,000199779868125916
92,671869	-0,000706985592842102
92,781356	-0,00219300389289856
92,882506	-0,00382456183433533
92,986890	-0,00584328174591064
93,095524	-0,00727260112762451
93,204347	-0,00768034160137177
93,312057	-0,0069502592086792
93,416469	-0,00525191426277161
93,524993	-0,00320503115653992
93,635164	-0,00137214362621307
93,744574	-0,000286281108856201
93,849016	-0,000270292162895203
93,957958	-0,00125321745872498
94,067476	-0,00304792821407318
94,177622	-0,00509563088417053
94,291252	-0,00697571039199829
94,400893	-0,00761574506759644
94,509932	-0,00705346465110779
94,619618	-0,00518788397312164
94,730215	-0,00315187871456146
94,839785	-0,00130069255828857
94,944106	-0,000339865684509277
95,054739	-9,49651002883911E-5
95,164602	-0,00115308165550232
95,273650	-0,00295433402061462
95,381998	-0,00500336289405823
95,490862	-0,00650268793106079
95,600877	-0,00758227705955505
95,708936	-0,00724102556705475
95,818822	-0,00588378310203552
95,928884	-0,00388430058956146
96,037550	-0,0016452819108963
96,147768	-0,000421181321144104
96,255761	-0,000130221247673035
96,364997	-0,000816047191619873
96,474270	-0,00268533825874329
96,584161	-0,00473131239414215
96,693009	-0,00657710433006287
96,801800	-0,0074898898601532
96,911661	-0,0075078010559082
97,021383	-0,00629164278507233
97,128673	-0,00436940789222717
97,239101	-0,00237356126308441
97,352654	-0,000675484538078308
97,461619	-0,00024162232875824
97,570593	-0,000714033842086792
97,683944	-0,00243045389652252
97,792516	-0,00446587800979614
97,896698	-0,00636982917785645
98,000771	-0,0074465274810791
98,111216	-0,00768929719924927
98,220733	-0,00665012001991272
98,329168	-0,00447198748588562
98,439697	-0,00278408825397491
98,548386	-0,00113192200660706
98,655792	-0,000344559550285339
98,766517	-0,000602155923843384
98,870331	-0,00188598036766052
98,980983	-0,00417742133140564
99,087824	-0,00614893436431885
99,201086	-0,00752571225166321
99,301320	-0,00785146653652191
99,411241	-0,00697477161884308
99,521171	-0,00492757558822632
99,631258	-0,00353947281837463
99,741567	-0,0017087459564209
99,847474	-0,000400513410568237
99,948875	-0,000428706407546997
100,058676	-0,0013580322265625
100,168769	-0,00307567417621613
100,276968	-0,00547835230827332
100,385246	-0,00713217258453369
100,494786	-0,0078505277633667
100,602928	-0,00758133828639984
100,712841	-0,00595772266387939
100,815479	-0,00397039949893951
100,921607	-0,00203502178192139
101,031714	-0,000710755586624146
101,140530	-0,000458315014839172
101,251587	-0,00113427639007568
101,361990	-0,00275257229804993
101,467477	-0,00478449463844299
101,577529	-0,00659830868244171
101,687916	-0,00769965350627899
101,796965	-0,00764073431491852
101,906366	-0,00621110200881958
102,014669	-0,00429646670818329
102,123434	-0,00229127705097198
102,232630	-0,00105296075344086
102,339000	-0,000359609723091125
102,440174	-0,000910520553588867
102,551364	-0,00213658809661865
102,662581	-0,00408238172531128
102,767834	-0,00637361407279968
102,873179	-0,00764308869838715
102,985183	-0,00778545439243317
103,100176	-0,00681692361831665
103,210331	-0,00461694598197937
103,321133	-0,00252451002597809
103,432114	-0,00113427639007568
103,543230	-0,000189438462257385
103,651441	-0,000638827681541443
103,759703	-0,00182487070560455
103,867828	-0,00377374887466431
103,980064	-0,00583009421825409
104,089731	-0,00744417309761047
104,199091	-0,00774633884429932
104,307901	-0,0068032443523407
104,417901	-0,00500430166721344
104,527893	-0,00296185910701752
104,636053	-0,00120244920253754
104,738654	-0,000359147787094116
104,849069	-0,00032341480255127
104,954218	-0,00156393647193909
105,057830	-0,00346514582633972
105,166505	-0,00517894327640533
105,275220	-0,00710953772068024
105,384163	-0,00779584050178528
105,493687	-0,0072542279958725
105,602878	-0,00607968866825104
105,712066	-0,00376103818416595
105,817402	-0,00183521211147308
105,925539	-0,000617668032646179
106,035858	-0,000346913933753967
106,150623	-0,00139282643795013
106,257908	-0,00319421291351318
106,367713	-0,00487908720970154
106,468800	-0,00672787427902222
106,577846	-0,00771285593509674
106,685524	-0,00742767751216888
106,796971	-0,00635711848735809
106,906007	-0,004388228058815
107,016150	-0,00206322968006134
107,131579	-0,000668436288833618
107,239960	-0,00019507110118866
107,349992	-0,00104543566703796
107,465208	-0,00269897282123566
107,569656	-0,00472941994667053
107,679551	-0,00633355975151062
107,786894	-0,00762659311294556
107,889025	-0,00754362344741821
107,999563	-0,00662186741828918
108,103970	-0,00477978587150574
108,211753	-0,00276480615139008
108,321400	-0,00087621808052063
108,430849	-0,000272184610366821
108,539718	-0,000525549054145813
108,649695	-0,00174024701118469
108,757656	-0,00433787703514099
108,866902	-0,00596807897090912
108,975939	-0,00730511546134949
109,086551	-0,00766052305698395
109,195593	-0,00679853558540344
109,304658	-0,00511163473129272
109,404858	-0,00341291725635529
109,513952	-0,0013260692358017
109,623606	-0,000324353575706482
109,734076	-0,000448450446128845
109,844235	-0,00153809785842896
109,954094	-0,00372952222824097
110,064446	-0,00570012629032135
110,179121	-0,00721322000026703
110,288815	-0,00773736834526062
110,397954	-0,00704923272132874
110,501723	-0,00551038980484009
110,604612	-0,00347501039505005
110,713993	-0,00191372632980347
110,816703	-0,000524133443832397
110,923245	-0,000364303588867188
111,029433	-0,00110983848571777
111,133303	-0,00269192457199097
111,242064	-0,00472518801689148
111,347730	-0,00658135116100311
111,458977	-0,00759689509868622
111,568909	-0,0074460506439209
111,679701	-0,00615222752094269
111,785283	-0,00453317165374756
111,897644	-0,00255884230136871
112,003238	-0,000787362456321716
112,112759	-0,000300377607345581
112,222387	-0,000900179147720337
112,332603	-0,00266511738300323
112,436162	-0,00439529120922089
112,540772	-0,0062892884016037
112,650756	-0,00751534104347229
112,751052	-0,00775906443595886
112,861338	-0,00668169558048248
112,971635	-0,00493934750556946
113,081245	-0,00290119647979736
113,190997	-0,0014379620552063
113,301399	-0,000395327806472778
113,411631	-0,000553756952285767
113,521234	-0,00177550315856934
113,630531	-0,00367259979248047
113,744275	-0,00594405829906464
113,853941	-0,00737865269184113
113,954182	-0,00775246322154999
114,062591	-0,00715148448944092
114,172984	-0,00532205402851105
114,281563	-0,00324876606464386
114,394872	-0,00148355960845947
114,504046	-0,000484645366668701
114,611989	-0,000558912754058838
114,721876	-0,00153762102127075
114,831038	-0,00330567359924316
114,934841	-0,00532253086566925
115,043253	-0,00702519714832306
115,152029	-0,00772653520107269
115,261739	-0,007367804646492
115,372987	-0,00565257668495178
115,482055	-0,00357897579669952
115,592063	-0,00173929333686829
115,701642	-0,000523194670677185
115,813028	-0,000322476029396057
115,922114	-0,00145018100738525
116,022945	-0,00284899771213531
116,132278	-0,00490781664848328
116,241839	-0,00691680610179901
116,351835	-0,00759924948215485
116,462465	-0,00746679306030273
116,567678	-0,00618049502372742
116,678877	-0,00392758846282959
116,788734	-0,00201669335365295
116,898916	-0,000639289617538452
117,007918	-0,000288158655166626
117,117743	-0,000968337059020996
117,227698	-0,00249864161014557
117,335843	-0,00454398989677429
117,445895	-0,00664682686328888
117,554825	-0,00759312510490417
117,664832	-0,00746726989746094
117,773800	-0,00620120763778687
117,882024	-0,00465835630893707
117,985313	-0,00203925371170044
118,097761	-0,000823095440864563
118,206246	-0,000305086374282837
118,315797	-0,000792071223258972
118,424309	-0,00224001705646515
118,534931	-0,00425693392753601
118,643581	-0,00617954134941101
118,753604	-0,00756295025348663
118,862053	-0,00780525803565979
118,964900	-0,00700022280216217
119,073561	-0,00501701235771179
119,181937	-0,00331132113933563
119,291536	-0,00139328837394714
119,401820	-0,00070229172706604
119,506812	-0,000776082277297974
119,619074	-0,00190290808677673
119,729119	-0,00399722158908844
119,839589	-0,00589790940284729
119,950663	-0,00731548666954041
120,064508	-0,00765910744667053
120,173650	-0,00668075680732727
120,283603	-0,00461223721504211
120,387631	-0,00286638736724854
120,490083	-0,00117376446723938
120,598988	-0,000315412878990173
120,709838	-0,000333279371261597
120,818614	-0,00148308277130127
120,923069	-0,00327509641647339
121,031843	-0,00498877465724945
121,141568	-0,00688287615776062
121,251186	-0,00747197866439819
121,359875	-0,00681503117084503
121,467961	-0,0054774135351181
121,573318	-0,00347407162189484
121,677838	-0,00160296261310577
121,788053	-0,000316828489303589
121,897010	-0,000145256519317627
122,007596	-0,00087621808052063
122,119622	-0,00249958038330078
122,232145	-0,00488285720348358
122,341956	-0,00631001591682434
122,452234	-0,00736874341964722
122,567031	-0,0070021003484726
122,674686	-0,00579571723937988
122,784864	-0,00356392562389374
122,887124	-0,00169557332992554
122,998071	-0,000605911016464233
123,108888	-0,000269830226898193
123,212893	-0,000822633504867554
123,319751	-0,00242151319980621
123,430586	-0,00469928979873657
123,540088	-0,00757190585136414
123,649834	-0,0106973797082901
123,760277	-0,0135964304208755
123,863783	-0,0159746706485748
123,972805	-0,0177549421787262
124,073115	-0,0185044556856155
124,182685	-0,0188653171062469
124,291790	-0,0191696584224701
124,397631	-0,0195354223251343
124,506872	-0,0198531895875931
124,616113	-0,0199897587299347
124,719359	-0,0199526250362396
124,829126	-0,0196809768676758
124,938541	-0,019309476017952
125,049310	-0,0188786238431931
125,154029	-0,0185187160968781
125,264647	-0,0184821039438248
125,370434	-0,0186613351106644
125,484914	-0,0189666002988815
125,591506	-0,0194731056690216
125,701674	-0,0198203772306442
125,810595	-0,0200354158878326
125,920370	-0,0199611932039261
126,025010	-0,0196871608495712
126,134881	-0,0192880630493164
126,249754	-0,0188529491424561
126,355124	-0,0185776650905609
126,464851	-0,0185239464044571
126,574919	-0,0187354981899261
126,685034	-0,01915442943573
126,795110	-0,0195325613021851
126,909730	-0,0200763493776321
127,019559	-0,0202643126249313
127,121958	-0,020221009850502
127,225185	-0,0199773758649826
127,333801	-0,0195611119270325
127,438881	-0,0190616995096207
127,539046	-0,0188577026128769
127,648163	-0,0187112540006638
127,756954	-0,0188957452774048
127,866457	-0,0191905796527863
127,969371	-0,0197399705648422
128,079538	-0,0202362388372421
128,181113	-0,0203889906406403
128,289883	-0,0204237401485443
128,400390	-0,0201605707406998
128,507831	-0,0197228342294693
128,616489	-0,0191363543272018
128,724965	-0,0187830477952957
128,835444	-0,018588587641716
128,945047	-0,0187740176916122
129,061026	-0,0191106796264648
129,170127	-0,0196500569581985
129,278955	-0,0201591402292252
129,387733	-0,0205765068531036
129,498829	-0,0206355452537537
129,608893	-0,0204741954803467
129,718023	-0,0199878513813019
129,828868	-0,0193893909454346
129,939767	-0,0190207958221436
130,046609	-0,0187706798315048
130,149494	-0,0187844783067703
130,252949	-0,0191501528024673
130,357553	-0,0194569230079651
130,467792	-0,0199521481990814
130,568965	-0,0203942209482193
130,671409	-0,0205070227384567
130,776364	-0,0203818529844284
130,886910	-0,0200021266937256
130,987696	-0,0195030570030212
131,097524	-0,0190060585737228
131,212219	-0,0186950862407684
131,321982	-0,0186375677585602
131,437900	-0,018927127122879
131,546634	-0,019398421049118
131,654942	-0,0199397951364517
131,760564	-0,0204027891159058
131,865684	-0,0206350684165955
131,966770	-0,0205622315406799
132,075840	-0,0202148258686066
132,177536	-0,0197861194610596
132,280589	-0,0192366987466812
132,392403	-0,0187716335058212
132,501467	-0,0186299532651901
132,609340	-0,0187649726867676
132,714485	-0,0192157924175262
132,822560	-0,0196571946144104
132,936552	-0,0201834142208099
133,041341	-0,0205217897891998
133,144058	-0,0206093639135361
133,253197	-0,0203742384910583
133,361661	-0,0199155211448669
133,473323	-0,0192723870277405
133,573994	-0,0188615024089813
133,674054	-0,0186218768358231
133,782955	-0,0186147391796112
133,892379	-0,0189133286476135
134,000968	-0,0193489491939545
134,109664	-0,0199940353631973
134,214432	-0,0204442143440247
134,327097	-0,0206331610679626
134,433092	-0,0205341577529907
134,537719	-0,0200930088758469
134,651830	-0,0195159167051315
134,761790	-0,0189799070358276
134,868803	-0,0186109393835068
134,973493	-0,0185077786445618
135,083471	-0,01873978972435
135,192525	-0,0192685723304749
135,299584	-0,0198184698820114
135,413993	-0,020295724272728
135,514463	-0,0204932242631912
135,616057	-0,0204822868108749
135,719525	-0,0202214866876602
135,821013	-0,0196172297000885
135,930001	-0,0191491991281509
136,034766	-0,0185895413160324
136,135273	-0,0184188932180405
136,239334	-0,0184892416000366
136,348086	-0,0187782943248749
136,462645	-0,0194031745195389
136,566721	-0,0199702382087708
136,671863	-0,0204461067914963
136,783075	-0,0205489099025726
136,886479	-0,0203946977853775
136,994699	-0,0198864936828613
137,104003	-0,019418865442276
137,212606	-0,0189047753810883
137,322103	-0,0185933411121368
137,435595	-0,0185781270265579
137,550878	-0,0188957452774048
137,656874	-0,0193028151988983
137,767585	-0,0199526250362396
137,870539	-0,0203961282968521
137,984769	-0,0205884128808975
138,099226	-0,0204661041498184
138,207929	-0,0200682580471039
138,315672	-0,0194117426872253
138,418220	-0,0189708769321442
138,521607	-0,0186556279659271
138,627919	-0,0185591280460358
138,736767	-0,0187768638134003
138,850788	-0,0192495584487915
138,953810	-0,0198232233524323
139,062405	-0,0203433036804199
139,170465	-0,0206507742404938
139,277566	-0,0206507742404938
139,386617	-0,0203466415405273
139,488719	-0,0198441594839096
139,594180	-0,0192742794752121
139,701839	-0,0188947916030884
139,811825	-0,0186589658260345
139,918795	-0,0187816172838211
140,027763	-0,0191701352596283
140,135938	-0,019731879234314
140,239107	-0,0202633589506149
140,347882	-0,0206379145383835
140,458035	-0,0207140743732452
140,567747	-0,0204708576202393
140,673620	-0,0200021266937256
140,783940	-0,0194098353385925
140,888629	-0,0188187062740326
141,000590	-0,018588587641716
141,104931	-0,0185767114162445
141,215125	-0,0188771933317184
141,323191	-0,0193812996149063
141,433353	-0,0199269503355026
141,543800	-0,0204237401485443
141,654368	-0,0205379724502563
141,766743	-0,0203494876623154
141,876612	-0,0199102908372879
141,985371	-0,0193256586790085
142,088666	-0,0188106149435043
142,200246	-0,0184450298547745
142,301828	-0,018433153629303
142,410422	-0,0187188684940338
142,516404	-0,0192224383354187
142,626137	-0,0198132395744324
142,735873	-0,0203161835670471
142,841023	-0,0205560475587845
142,950898	-0,0204946547746658
143,061113	-0,0201201140880585
143,171192	-0,0194773823022842
143,280673	-0,0189318656921387
143,394713	-0,0185215622186661
143,499060	-0,0184654593467712
143,612566	-0,0187045931816101
143,715782	-0,0191834419965744
143,823462	-0,0196819305419922
143,936389	-0,0203123688697815
144,050209	-0,0206288695335388
144,156948	-0,0205627083778381
144,267941	-0,0202676504850388
144,378156	-0,0196272134780884
144,486444	-0,0190407782793045
144,596595	-0,0186080932617188
144,707602	-0,0184588134288788
144,817765	-0,0186218768358231
144,929031	-0,0190607458353043
145,039909	-0,0198384523391724
145,149762	-0,0201943516731262
145,251174	-0,0205355882644653
145,359820	-0,0205636620521545
145,469997	-0,0202448070049286
145,579044	-0,0198089480400085
145,689570	-0,0191216170787811
145,800086	-0,0186580121517181
145,907709	-0,0184493064880371
146,012324	-0,0185220539569855
146,116469	-0,0188653171062469
146,219415	-0,0195182859897614
146,323363	-0,0199892669916153
146,432902	-0,0204123109579086
146,533618	-0,0205717533826828
146,641850	-0,0203885138034821
146,752015	-0,0199393182992935
146,852815	-0,0193475335836411
146,961395	-0,0188011080026627
147,063464	-0,0185120552778244
147,171424	-0,0184070020914078
147,273998	-0,0186337530612946
147,385355	-0,019105926156044
147,495298	-0,0196976363658905
147,601628	-0,0202405154705048
147,716331	-0,0205650925636292
147,825714	-0,0205108374357224
147,936524	-0,0201577097177505
148,042177	-0,0195739418268204
148,153744	-0,0190108120441437
148,262368	-0,0185638666152954
148,370680	-0,0184146165847778
148,477800	-0,0185876488685608
148,585227	-0,019098311662674
148,694722	-0,019603431224823
148,805057	-0,020143911242485
148,914514	-0,0204860866069794
149,021488	-0,0205298662185669
149,124134	-0,0201900750398636
149,234340	-0,0197637528181076
149,343557	-0,0191805958747864
149,453327	-0,0186185389757156
149,558376	-0,0184483528137207
149,667779	-0,0185120552778244
149,782305	-0,0189675390720367
149,886225	-0,019550159573555
149,990690	-0,0201829373836517
150,100796	-0,020467534661293
150,215640	-0,0206236392259598
150,322765	-0,0204004049301147
150,437877	-0,0198493897914886
150,551992	-0,0192562192678452
150,657594	-0,0188386887311935
150,767713	-0,0185172855854034
150,869903	-0,0185814648866653
150,973714	-0,0189666002988815
151,084072	-0,0194122195243835
151,189693	-0,0201053768396378
151,299870	-0,0205460488796234
151,415146	-0,0206759870052338
151,526511	-0,0205084532499313
151,636077	-0,0199621468782425
151,747776	-0,0193470567464828
151,855018	-0,0188325047492981
151,965595	-0,0185462832450867
152,072082	-0,0185211002826691
152,183773	-0,0188396424055099
152,289520	-0,0193579792976379
152,399042	-0,0199602395296097
152,505374	-0,0204256325960159
152,616571	-0,0206374377012253
152,725428	-0,0204784721136093
152,835646	-0,020111083984375
152,943125	-0,0195520669221878
153,053513	-0,0189799070358276
153,166153	-0,0185686200857162
153,269137	-0,0184844881296158
153,373748	-0,0186698883771896
153,484755	-0,0191444456577301
153,591646	-0,0197314023971558
153,702460	-0,0203218907117844
153,811919	-0,0206003189086914
153,913972	-0,0205260664224625
154,019230	-0,020240992307663
154,132588	-0,019625797867775
154,241115	-0,0190488696098328
154,346868	-0,0186841487884521
154,452581	-0,0184768736362457
154,567868	-0,0186465978622437
154,677847	-0,0190949887037277
154,786938	-0,0196752697229385
154,897516	-0,0202486217021942
155,000172	-0,0206607580184937
155,109601	-0,0206793248653412
155,216723	-0,0204123109579086
155,327897	-0,0198950618505478
155,439242	-0,0192124545574188
155,547874	-0,0188167989253998
155,657966	-0,0185576975345612
155,767976	-0,0186599045991898
155,868936	-0,019055038690567
155,975808	-0,0195211470127106
156,086752	-0,0201106071472168
156,194188	-0,020604133605957
156,303530	-0,0207216888666153
156,413192	-0,0205265432596207
156,514753	-0,0200416147708893
156,619070	-0,0193570405244827
156,729872	-0,0189870446920395
156,836876	-0,0186294764280319
156,941708	-0,0185762345790863
157,052340	-0,0189047753810883
157,162900	-0,0194398164749146
157,273617	-0,0200411379337311
157,383146	-0,0204475373029709
157,486922	-0,020733118057251
157,597707	-0,0206307768821716
157,704785	-0,0202428996562958
157,815435	-0,0196895450353622
157,924384	-0,0190992653369904
158,035132	-0,0187079310417175
158,143662	-0,018583357334137
158,253823	-0,0187863707542419
158,364463	-0,01936274766922
158,467712	-0,0199597626924515
158,570734	-0,0204027891159058
158,679302	-0,0207692980766296
158,784313	-0,020740732550621
158,891545	-0,0204508751630783
158,999699	-0,0199169516563416
159,109482	-0,0193185210227966
159,217615	-0,0188458263874054
159,319285	-0,0186076164245605
159,431808	-0,0187122076749802
159,535730	-0,0190892815589905
159,637961	-0,0196491032838821
159,747869	-0,0201481878757477
159,859150	-0,0206393450498581
159,969338	-0,0207802355289459
160,071547	-0,0205784142017365
160,181465	-0,0200925320386887
160,292033	-0,0194036662578583
160,398889	-0,0189423412084579
160,507946	-0,0186095088720322
160,615099	-0,018588587641716
160,723521	-0,0189352035522461
160,837045	-0,0194845199584961
160,946624	-0,0200687348842621
161,057587	-0,0204484909772873
161,166869	-0,0207021832466125
161,267886	-0,0205365419387817
161,375628	-0,0201077610254288
161,485820	-0,0196253210306168
161,599337	-0,0188753008842468
161,701329	-0,0185976177453995
161,816661	-0,0185220539569855
161,929643	-0,0187687873840332
162,032998	-0,0193817764520645
162,136891	-0,0199635773897171
162,237621	-0,0203399658203125
162,341616	-0,0206988453865051
162,449613	-0,0206669420003891
162,563482	-0,0203418731689453
162,678301	-0,0197799354791641
162,784180	-0,0192091315984726
162,894285	-0,0187564194202423
163,005185	-0,0185710042715073
163,112355	-0,0187259912490845
163,215033	-0,0192181617021561
163,319285	-0,0197057127952576
163,419947	-0,0201924592256546
163,524583	-0,0206203162670135
163,635277	-0,0207783430814743
163,738479	-0,0205855518579483
163,849468	-0,0201296359300613
163,959750	-0,019443616271019
164,066864	-0,0189038217067719
164,170942	-0,0186289995908737
164,282314	-0,0186508744955063
164,382950	-0,0189789533615112
164,484664	-0,0194226801395416
164,596423	-0,0199745297431946
164,705863	-0,0205246359109879
164,816830	-0,0207064598798752
164,919405	-0,0205546170473099
165,029870	-0,0202419459819794
165,135647	-0,0196667164564133
165,245733	-0,0190227031707764
165,356767	-0,0186580121517181
165,466010	-0,0185486674308777
165,575162	-0,0188115686178207
165,685093	-0,0192890167236328
165,785560	-0,0198846012353897
165,893588	-0,0203371196985245
166,004602	-0,0206983685493469
166,114653	-0,0206469595432281
166,224593	-0,0202833563089371
166,334069	-0,0198256075382233
166,443486	-0,0192799866199493
166,553958	-0,0187920778989792
166,665593	-0,0186637043952942
166,770903	-0,0188039690256119
166,871468	-0,0193042457103729
166,973623	-0,0197956264019012
167,085045	-0,0203447341918945
167,188601	-0,0206783711910248
167,297606	-0,0207992792129517
167,407652	-0,0205360651016235
167,510788	-0,0201472491025925
167,625284	-0,0194345712661743
167,735130	-0,018842488527298
167,843466	-0,0186042785644531
167,956536	-0,0186442136764526
168,069162	-0,0189775228500366
168,179584	-0,0196200907230377
168,290843	-0,0201905518770218
168,400758	-0,020626500248909
168,508941	-0,0207688212394714
168,617580	-0,0205346345901489
168,720474	-0,0201448649168015
168,822020	-0,0194721519947052
168,922423	-0,0190265029668808
169,027750	-0,0187003165483475
169,137069	-0,0186437368392944
169,241502	-0,0188786238431931
169,351859	-0,0194364786148071
169,461059	-0,020025908946991
169,570890	-0,0205236822366714
169,681450	-0,0207426249980927
169,789159	-0,0206360220909119
169,899067	-0,020303800702095
170,013910	-0,0197333097457886
170,127227	-0,0191696584224701
170,236607	-0,0187084078788757
170,345838	-0,0186213999986649
170,455976	-0,0188600867986679
170,565208	-0,0194355249404907
170,665803	-0,0199383646249771
170,776741	-0,0205555707216263
170,887877	-0,0207792967557907
170,997723	-0,0207754820585251
171,108885	-0,0203689932823181
171,215589	-0,0199126601219177
171,325699	-0,019337072968483
171,435310	-0,0188619792461395
171,545797	-0,0186494439840317
171,650148	-0,0188167989253998
171,755031	-0,01915442943573
171,864051	-0,0197280794382095
171,969286	-0,0204494446516037
172,083590	-0,0207340717315674
172,197785	-0,0207488238811493
172,300526	-0,0204484909772873
172,404087	-0,0199464559555054
172,509838	-0,0193532407283783
172,619801	-0,018922358751297
172,732502	-0,0185952484607697
172,840170	-0,0186385214328766
172,950532	-0,0190764367580414
173,051542	-0,0194450318813324
173,160708	-0,0201953053474426
173,267630	-0,0205584317445755
173,378445	-0,0206936001777649
173,487611	-0,0205232053995132
173,594005	-0,0200911015272141
173,703542	-0,0194930732250214
173,813777	-0,0189713537693024
173,914360	-0,0186109393835068
174,026347	-0,0185762345790863
174,132871	-0,0189028680324554
174,242102	-0,0193066298961639
174,350253	-0,0199036300182343
174,460969	-0,0204718112945557
174,570365	-0,0206522047519684
174,678756	-0,0206027030944824
174,786678	-0,0201448649168015
174,896014	-0,0195815563201904
175,006606	-0,0190398246049881
175,115724	-0,0186432600021362
175,217576	-0,0185724198818207
175,320840	-0,0187897086143494
175,431866	-0,0191810727119446
175,534845	-0,0197808891534805
175,642701	-0,0204946547746658
175,752344	-0,0207545310258865
175,861551	-0,0207650065422058
175,970870	-0,0205056071281433
176,080117	-0,0199274122714996
176,190172	-0,0193042457103729
176,297879	-0,0188439190387726
176,401351	-0,0186408907175064
176,506448	-0,0187027007341385
176,615704	-0,0192005634307861
176,729197	-0,0196557641029358
176,835515	-0,0202153027057648
176,944741	-0,0206402987241745
177,054608	-0,0207273960113525
177,163576	-0,0205355882644653
177,270860	-0,0200549364089966
177,385978	-0,0192424058914185
177,500904	-0,0188548564910889
177,608009	-0,0185481905937195
177,714647	-0,0185790807008743
177,823890	-0,0189347267150879
177,929841	-0,0194293409585953
178,039120	-0,0200968086719513
178,149230	-0,0204399228096008
178,260736	-0,0205688923597336
178,369999	-0,0204603970050812
178,471679	-0,02000592648983
178,583032	-0,0193327963352203
178,693632	-0,0188301354646683
178,803884	-0,0184844881296158
178,914791	-0,0184859037399292
179,029621	-0,0188895612955093
179,140659	-0,0194298177957535
179,249629	-0,0200549364089966
179,349730	-0,0205084532499313
179,457517	-0,020705983042717
179,568609	-0,0206298232078552
179,675870	-0,0202371925115585
179,789764	-0,0197133272886276
179,898466	-0,0190759599208832
180,007649	-0,0186599045991898
180,116468	-0,0186456441879272
180,224786	-0,0188624560832977
180,334989	-0,0193479955196381
180,437830	-0,0200282782316208
180,542915	-0,0204161107540131
180,650840	-0,0206893235445023
180,760457	-0,0206602811813354
180,863569	-0,0203066617250443
180,973227	-0,0198617577552795
181,083440	-0,0191729813814163
181,185938	-0,0187393128871918
181,296060	-0,0185672044754028
181,407650	-0,0187473893165588
181,517769	-0,0191311240196228
181,627769	-0,0196762233972549
181,735172	-0,0202995240688324
181,838161	-0,0205974578857422
181,947664	-0,0206631422042847
182,057917	-0,0203694701194763
182,167472	-0,0199393182992935
182,269630	-0,0193570405244827
182,378712	-0,018870547413826
182,485038	-0,0185828804969788
182,587642	-0,0186513513326645
182,699025	-0,0190003514289856
182,807831	-0,0195434987545013
182,917486	-0,0201524794101715
183,020792	-0,0206298232078552
183,125167	-0,0207616686820984
183,235976	-0,0205612778663635
183,338958	-0,0201500952243805
183,447846	-0,0196738392114639
183,557800	-0,0189794301986694
183,667822	-0,0185866951942444
183,782910	-0,0185191929340363
183,884305	-0,0187031775712967
183,996678	-0,0193047225475311
184,099317	-0,0198108553886414
184,209059	-0,0203423500061035
184,313266	-0,0206778943538666
184,421568	-0,0206417292356491
184,523395	-0,0202486217021942
184,636445	-0,0196952521800995
184,747500	-0,0191867649555206
184,857908	-0,0186485052108765
184,969398	-0,0185481905937195
185,084340	-0,0187212377786636
185,193481	-0,0192714333534241
185,303571	-0,0198517739772797
185,412854	-0,0203195065259933
185,525968	-0,0207050293684006
185,635620	-0,0206988453865051
185,745469	-0,0203737616539001
185,851304	-0,0198379755020142
185,957802	-0,0192452669143677
186,064065	-0,0188667476177216
186,167832	-0,0185895413160324
186,277623	-0,0187245607376099
186,382309	-0,0190379172563553
186,486521	-0,0196809768676758
186,595693	-0,0202704966068268
186,695996	-0,0205979347229004
186,804984	-0,0207650065422058
186,918755	-0,0205270200967789
187,020271	-0,0200183093547821
187,132640	-0,0195411145687103
187,237697	-0,0189618468284607
187,341275	-0,0186223387718201
187,452552	-0,0185786038637161
187,554888	-0,0188320279121399
187,667895	-0,0193589329719543
187,773417	-0,0199388414621353
187,883504	-0,0204446911811829
187,988760	-0,0207269191741943
188,088961	-0,0206560045480728
188,198006	-0,0202129185199738
188,307674	-0,0197404474020004
188,417533	-0,0191449224948883
188,517879	-0,0186736881732941
188,627300	-0,0185362994670868
188,736578	-0,0187022238969803
188,843009	-0,0190398246049881
188,951098	-0,0196919143199921
189,060986	-0,0202657431364059
189,171924	-0,020659327507019
189,281274	-0,0206893235445023
189,390669	-0,0204551517963409
189,495914	-0,019945502281189
189,610167	-0,0193865299224854
189,720023	-0,0188410580158234
189,829292	-0,0186213999986649
189,938709	-0,0187540501356125
190,043963	-0,0190531462430954
190,153944	-0,0196938216686249
190,257883	-0,0202695578336716
190,367776	-0,0206445753574371
190,472220	-0,0207721590995789
190,581886	-0,0205546170473099
190,688009	-0,0200825333595276
190,801274	-0,0194174498319626
190,909742	-0,0189832448959351
191,021223	-0,0186594277620316
191,133891	-0,0187787711620331
191,244816	-0,0190788209438324
191,351418	-0,0196453034877777
191,460318	-0,0202300548553467
191,569238	-0,0206678956747055
191,673109	-0,0208407044410706
191,775185	-0,0207069367170334
191,884981	-0,0201129913330078
191,985139	-0,0197199881076813
192,088473	-0,0192290991544724
192,199417	-0,0187364518642426
192,303853	-0,0186019092798233
192,412981	-0,0188044458627701
192,513856	-0,0191748887300491
192,622798	-0,0198517739772797
192,729564	-0,0204061269760132
192,838599	-0,0206931233406067
192,938968	-0,0207735747098923
193,050903	-0,0204423069953918
193,161850	-0,0199026763439178
193,269962	-0,0194164961576462
193,379503	-0,0188215672969818
193,484846	-0,0185904949903488
193,599817	-0,0186808258295059
193,703407	-0,018970400094986
193,813121	-0,019628643989563
193,916154	-0,0202114880084991
194,020095	-0,0205793678760529
194,120329	-0,0207740515470505
194,230193	-0,0206245929002762
194,338467	-0,0202033966779709
194,444767	-0,0196129530668259
194,552708	-0,019032210111618
194,666806	-0,0186285376548767
194,781561	-0,0185904949903488
194,888920	-0,018870547413826
194,998812	-0,0193850994110107
195,102793	-0,0199597626924515
195,207728	-0,0204499214887619
195,314574	-0,0206907540559769
195,420946	-0,0206088870763779
195,526086	-0,0202505141496658
195,635099	-0,0197903960943222
195,738500	-0,0192143619060516
195,852743	-0,0187226682901382
195,963705	-0,0185962021350861
196,071600	-0,0188767313957214
196,183579	-0,0192828476428986
196,288540	-0,0198898315429688
196,398130	-0,020438015460968
196,500815	-0,0207688212394714
196,611486	-0,0208106935024261
196,721006	-0,0203927904367447
196,833118	-0,0199164748191833
196,943987	-0,0192975848913193
197,053684	-0,0187730640172958
197,164744	-0,018482580780983
197,269088	-0,0186703652143478
197,370545	-0,0189375877380371
197,482167	-0,0195159167051315
197,585951	-0,0201995968818665
197,690958	-0,0205555707216263
197,801585	-0,0207102745771408
197,903791	-0,0205317735671997
198,013032	-0,0200863480567932
198,116872	-0,0194963961839676
198,230269	-0,0189708769321442
198,338946	-0,0186152160167694
198,439014	-0,0186394602060318
198,547855	-0,0189028680324554
198,657710	-0,0194079428911209
198,768651	-0,0200887322425842
198,877910	-0,020487517118454
198,987938	-0,0207064598798752
199,098516	-0,0205965042114258
199,203087	-0,0200796723365784
199,308450	-0,0195639580488205
199,417421	-0,018952339887619
199,527524	-0,0185144394636154
199,636350	-0,018404632806778
199,740055	-0,0186071395874023
199,849267	-0,019105926156044
199,950803	-0,0198550969362259
200,061597	-0,0204337239265442
200,175262	-0,0207721590995789
200,283937	-0,0207921415567398
200,385271	-0,0204318314790726
200,494830	-0,0198798477649689
200,603662	-0,0193613171577454
200,713974	-0,0188496261835098
200,824502	-0,0185809880495071
200,925044	-0,0187050700187683
201,036304	-0,0190422087907791
201,147577	-0,019608661532402
201,249505	-0,0203047543764114
201,353546	-0,0206507742404938
201,463470	-0,0207864344120026
201,566692	-0,0205370187759399
201,676502	-0,0199055224657059
201,784994	-0,0194883197546005
201,894585	-0,0188329815864563
202,003722	-0,0185177624225616
202,114238	-0,0185348838567734
202,224330	-0,0188648402690887
202,333747	-0,0194260030984879
202,438690	-0,0200411379337311
202,539117	-0,0205232053995132
202,649464	-0,0207412093877792
202,760009	-0,0206450521945953
202,869355	-0,0201653242111206
202,973605	-0,0195530205965042
203,083121	-0,0189547091722488
203,193331	-0,0185486674308777
203,295212	-0,0184431225061417
203,397650	-0,0186128318309784
203,501009	-0,019075483083725
203,605965	-0,0196676552295685
203,716776	-0,0202514678239822
203,822249	-0,0206493437290192
203,929435	-0,0206374377012253
204,034680	-0,0203114151954651
204,138720	-0,0198531895875931
204,249294	-0,0192400366067886
204,357614	-0,0187321752309799
204,466461	-0,0184654593467712
204,570977	-0,0185429602861404
204,680101	-0,0189161896705627
204,791985	-0,0194906890392303
204,901040	-0,0201905518770218
205,009115	-0,0205470025539398
205,112805	-0,0207078903913498
205,221073	-0,020462766289711
205,335531	-0,0198460519313812
205,444863	-0,0193332731723785
205,548731	-0,0188581794500351
205,651609	-0,0184783041477203
205,758858	-0,0184740275144577
205,867828	-0,0187616497278214
205,970656	-0,0193113833665848
206,073447	-0,0199345648288727
206,183522	-0,0204770565032959
206,297480	-0,0207573771476746
206,397616	-0,0207017064094543
206,506494	-0,0203404426574707
206,610191	-0,0197589993476868
206,718587	-0,0191658437252045
206,829257	-0,0187331289052963
206,938783	-0,0185733735561371
207,049255	-0,0187564194202423
207,159361	-0,0192157924175262
207,267796	-0,0199393182992935
207,377641	-0,0205022692680359
207,486285	-0,0207897573709488
207,599206	-0,0208283215761185
207,707528	-0,0204979926347733
207,816866	-0,0199317038059235
207,925125	-0,0193137526512146
208,034528	-0,0188282281160355
208,135701	-0,0186071395874023
208,244343	-0,0187369287014008
208,353645	-0,0191634744405746
208,455905	-0,0196676552295685
208,565397	-0,0203823298215866
208,670324	-0,0207968950271606
208,777708	-0,0209278017282486
208,883660	-0,0206921845674515
208,993734	-0,020188644528389
209,103958	-0,0195748955011368
209,213815	-0,0190093815326691
209,319528	-0,0186793953180313
209,429703	-0,0186608582735062
209,539463	-0,0189637392759323
209,642448	-0,0194112658500671
209,752765	-0,0201106071472168
209,863824	-0,0205974578857422
209,967732	-0,0208278447389603
210,082780	-0,0207021832466125
210,187918	-0,0201953053474426
210,297579	-0,0196762233972549
210,407683	-0,0190802365541458
210,517459	-0,0186722725629807
210,630472	-0,0185667276382446
210,734734	-0,018844872713089
210,844499	-0,0193751156330109
210,953496	-0,019978329539299
211,054966	-0,0205079764127731
211,156843	-0,0207716822624207
211,266160	-0,0207369178533554
211,371670	-0,0203095078468323
211,485004	-0,0196981132030487
211,593900	-0,0190769135951996
211,703018	-0,0186618119478226
211,804511	-0,0183989256620407
211,914897	-0,0185581743717194
212,024828	-0,0190070122480392
212,134287	-0,0195301920175552
212,238585	-0,020250990986824
212,349749	-0,0206683725118637
212,459149	-0,0207840502262115
212,569126	-0,0205417722463608
212,676201	-0,020033523440361
212,784880	-0,019441232085228
212,896973	-0,0189095288515091
213,009993	-0,0186294764280319
213,119255	-0,0187069773674011
213,232981	-0,0190921276807785
213,334490	-0,0196719467639923
213,440243	-0,0201643705368042
213,550144	-0,0206831246614456
213,653322	-0,0208278447389603
213,767537	-0,0206193625926971
213,881957	-0,0201520025730133
213,987854	-0,0195377916097641
214,097597	-0,0189737230539322
214,204846	-0,0186385214328766
214,315371	-0,0186389833688736
214,416800	-0,0189076215028763
214,519891	-0,0194369554519653
214,629902	-0,0200344622135162
214,736216	-0,0205532014369965
214,844151	-0,0207907110452652
214,953535	-0,0207040905952454
215,059320	-0,0203123688697815
215,169362	-0,0196215212345123
215,269903	-0,0191354155540466
215,377365	-0,0187098234891891
215,486904	-0,0185814648866653
215,587987	-0,018799215555191
215,693662	-0,0191715508699417
215,801656	-0,0197861194610596
215,906762	-0,0204561054706573
216,018803	-0,0208102315664291
216,123023	-0,0208435505628586
216,233928	-0,0206036567687988
216,339917	-0,0199997425079346
216,450738	-0,0193789303302765
216,551592	-0,018922358751297
216,655748	-0,0186251997947693
216,765765	-0,018645167350769
216,875907	-0,0189837068319321
216,987844	-0,0195430219173431
217,097913	-0,020161047577858
217,204476	-0,0207335948944092
217,313941	-0,020906388759613
217,416559	-0,020792618393898
217,526018	-0,0203918516635895
217,636031	-0,0196124762296677
217,745454	-0,0191658437252045
217,855524	-0,0188334584236145
217,961862	-0,0187977850437164
218,071670	-0,0190911740064621
218,173707	-0,0194983035326004
218,282835	-0,0201039612293243
218,395053	-0,0207045674324036
218,504649	-0,0209577977657318
218,614468	-0,0208659172058105
218,725093	-0,0204661041498184
218,835005	-0,0197575688362122
218,941419	-0,0191753506660461
219,049803	-0,0188072919845581
219,158275	-0,0186475515365601
219,264577	-0,0188814699649811
219,370617	-0,0192723870277405
219,482952	-0,0198698490858078
219,589861	-0,0204346776008606
219,700119	-0,0208330750465393
219,807522	-0,0208364129066467
219,914548	-0,0205075144767761
220,027784	-0,0199583470821381
220,137905	-0,0192690491676331
220,251301	-0,0188134759664536
220,354735	-0,0186503976583481
220,458106	-0,0187511891126633
220,567662	-0,0191463381052017
220,675549	-0,0198222696781158
220,782416	-0,0202942937612534
220,892778	-0,0207440555095673
221,003930	-0,0208045244216919
221,105359	-0,0205907821655273
221,214780	-0,0200026035308838
221,327539	-0,0193898528814316
221,433998	-0,0188862383365631
221,540427	-0,018663227558136
221,652876	-0,0186670422554016
221,766487	-0,0190873742103577
221,871124	-0,0196581482887268
221,984718	-0,0202519446611404
222,090122	-0,0207245498895645
222,199752	-0,0208959132432938
222,304450	-0,0207373946905136
222,413481	-0,0202942937612534
222,520425	-0,0196733772754669
222,630051	-0,0190112888813019
222,739565	-0,0187050700187683
222,849598	-0,0186465978622437
222,954851	-0,0188924074172974
223,065723	-0,0194887965917587
223,172763	-0,0200944393873215
223,281655	-0,0205260664224625
223,385586	-0,0208130776882172
223,495420	-0,0206997990608215
223,601902	-0,0204323083162308
223,707502	-0,0198907852172852
223,817357	-0,019314706325531
223,924563	-0,0187778174877167
224,032405	-0,0187031775712967
224,135510	-0,0188581794500351
224,244699	-0,0193817764520645
224,344874	-0,0198912471532822
224,455631	-0,020462766289711
224,565570	-0,0208473652601242
224,680493	-0,0209097266197205
224,790566	-0,0205860286951065
224,900608	-0,0200387537479401
225,004308	-0,0195278078317642
225,114360	-0,0189423412084579
225,229663	-0,0187179148197174
225,340017	-0,0188049077987671
225,450437	-0,0192728489637375
225,560341	-0,0198570042848587
225,666456	-0,0204151570796967
225,776046	-0,0207921415567398
225,885983	-0,0208783000707626
225,996055	-0,0206117480993271
226,102144	-0,020003080368042
226,210677	-0,0194830894470215
226,320695	-0,0188800543546677
226,426049	-0,0186485052108765
226,532985	-0,0186713188886642
226,641412	-0,0189917981624603
226,744226	-0,0195306539535522
226,846725	-0,0202015042304993
226,954991	-0,0204998850822449
227,064925	-0,0207235962152481
227,166161	-0,0205769836902618
227,266590	-0,020218163728714
227,371209	-0,0196591019630432
227,480382	-0,0191658437252045
227,584874	-0,018667995929718
227,686235	-0,0185481905937195
227,797208	-0,0187017470598221
227,905224	-0,0192395597696304
228,013953	-0,0198503434658051
228,124717	-0,0204161107540131
228,234452	-0,0207340717315674
228,342812	-0,020795464515686
228,452463	-0,020512267947197
228,567599	-0,0199926048517227
228,672133	-0,0193974673748016
228,781372	-0,0188443958759308
228,888654	-0,0186537206172943
228,999245	-0,018742635846138
229,101770	-0,0191967487335205
229,211348	-0,0197827816009521
229,321351	-0,0203594863414764
229,427128	-0,0206983685493469
229,533399	-0,0208316445350647
229,634673	-0,0206555277109146
229,743932	-0,0201895982027054
229,853238	-0,0196067690849304
229,963201	-0,0190769135951996
230,066131	-0,0187354981899261
230,175239	-0,0187207609415054
230,283925	-0,0190826207399368
230,390740	-0,0195349454879761
230,500067	-0,0202476680278778
230,608894	-0,0206464827060699
230,719477	-0,020906388759613
230,821778	-0,0207769125699997
230,934909	-0,0203475952148438
231,039822	-0,0198670029640198
231,149376	-0,0191881954669952
231,255632	-0,018765926361084
231,362211	-0,0186950862407684
231,476017	-0,0188439190387726
231,582462	-0,0192795097827911
231,686910	-0,0199355185031891
231,798450	-0,0204513520002365
231,907445	-0,0207264572381973
232,017521	-0,0207564383745193
232,117804	-0,0204127877950668
232,225874	-0,0198864936828613
232,336002	-0,0193137526512146
232,439511	-0,0188943147659302
232,549624	-0,0187217146158218
232,660002	-0,0189280658960342
232,765359	-0,0193109065294266
232,874024	-0,0198888778686523
232,983437	-0,0204641968011856
233,095178	-0,020849734544754
233,201650	-0,0209392309188843
233,314708	-0,0206098407506943
233,415661	-0,0201648473739624
233,525527	-0,0195534974336624
233,635526	-0,0190260261297226
233,736871	-0,0187141001224518
233,847918	-0,0187588036060333
233,957953	-0,0190512388944626
234,063060	-0,0195734649896622
234,173368	-0,0201634168624878
234,287494	-0,0206165015697479
234,396879	-0,0208040326833725
234,510097	-0,0206683725118637
234,619452	-0,0201405882835388
234,721352	-0,0195430219173431
234,830781	-0,0190769135951996
234,938772	-0,0186489671468735
235,039258	-0,0186285376548767
235,147624	-0,018844872713089
235,249679	-0,0193441957235336
235,355783	-0,0199350416660309
235,465928	-0,0204694271087646
235,573622	-0,0207797735929489
235,680778	-0,0207493007183075
235,792495	-0,0202448070049286
235,903874	-0,019759476184845
236,010962	-0,019258588552475
236,119945	-0,0188087224960327
236,229911	-0,0186104625463486
236,337989	-0,0187906622886658
236,446285	-0,019230529665947
236,560552	-0,0198888778686523
236,668594	-0,0203899443149567
236,771161	-0,0206417292356491
236,884740	-0,0206502974033356
236,989146	-0,0203599631786346
237,101575	-0,019736647605896
237,211359	-0,0190559923648834
237,321795	-0,0187740176916122
237,422710	-0,0185643434524536
237,535855	-0,0187440514564514
237,637793	-0,0191192477941513
237,747788	-0,0198079943656921
237,852355	-0,0204023122787476
237,958316	-0,0207854807376862
238,071694	-0,0208587795495987
238,181929	-0,02065409719944
238,292563	-0,0200520753860474
238,402784	-0,019421249628067
238,512433	-0,0188077688217163
238,612861	-0,0185957252979279
238,723550	-0,0186232924461365
238,833170	-0,0189908444881439
238,935461	-0,0195677578449249
239,050609	-0,0203161835670471
239,159895	-0,0207564383745193
239,270939	-0,0209120959043503
239,380357	-0,0207188427448273
239,491913	-0,0203175991773605
239,604684	-0,0195963084697723
239,714720	-0,0190051048994064
239,821534	-0,0186389833688736
239,936762	-0,0186057090759277
240,040761	-0,0189637392759323
240,151077	-0,0195401757955551
240,262121	-0,0201815068721771
240,370006	-0,0206193625926971
240,482915	-0,020931139588356
240,586417	-0,0208135545253754
240,696462	-0,0203699469566345
240,803731	-0,0197494924068451
240,914672	-0,0191273242235184
241,022880	-0,0187112540006638
241,132870	-0,0185947716236115
241,234683	-0,0188187062740326
241,339747	-0,0193318426609039
241,449013	-0,019948348402977
241,558751	-0,0205393880605698
241,667875	-0,0208649635314941
241,777532	-0,0208554565906525
241,885708	-0,0205208361148834
241,994633	-0,0198075175285339
242,103894	-0,0191734582185745
242,214726	-0,018691286444664
242,325398	-0,0185006558895111
242,436245	-0,0186575353145599
242,550825	-0,0191064029932022
242,661055	-0,0198289453983307
242,770337	-0,020380899310112
242,880756	-0,0206964612007141
242,990648	-0,0207188427448273
243,100497	-0,0203709006309509
243,209530	-0,0197861194610596
243,319169	-0,0191178172826767
243,429277	-0,0186152160167694
243,539748	-0,0183632671833038
243,648654	-0,0185348838567734
243,761130	-0,0190360248088837
243,870497	-0,0196429193019867
243,978643	-0,0202824026346207
244,087784	-0,0206807553768158
244,197484	-0,0207573771476746
244,307954	-0,0205136835575104
244,416277	-0,019839882850647
244,518906	-0,0193127989768982
244,630070	-0,0187302678823471
244,732014	-0,0184136629104614
244,842246	-0,0184740275144577
244,952167	-0,0188025385141373
245,061421	-0,0195254385471344
245,167843	-0,0201643705368042
245,275660	-0,020542249083519
245,389705	-0,0207830965518951
245,500499	-0,0206126868724823
245,609733	-0,0200749188661575
245,719088	-0,0194512158632278
245,830582	-0,0188015848398209
245,940581	-0,0185510516166687
246,050662	-0,0185591280460358
246,161397	-0,0189228355884552
246,266087	-0,0194065123796463
246,375300	-0,020036369562149
246,485828	-0,020626500248909
246,596089	-0,0208321213722229
246,706734	-0,0206774175167084
246,817521	-0,0201943516731262
246,921945	-0,0195572972297668
247,032171	-0,0189371109008789
247,133233	-0,0184868574142456
247,234542	-0,0184511989355087
247,335645	-0,0186841487884521
247,437642	-0,0192205458879471
247,539594	-0,019739493727684
247,641058	-0,0203423500061035
247,742923	-0,0207145512104034
247,843512	-0,0207521468400955
247,944081	-0,0204718112945557
248,045490	-0,019920289516449
248,147378	-0,019421249628067
248,247738	-0,0188153833150864
248,349566	-0,0184778273105621
248,449696	-0,0183932185173035
248,551528	-0,0186109393835068
248,653315	-0,0192167460918427
248,753913	-0,0197290331125259
248,854501	-0,0202538520097733
248,954593	-0,0207017064094543
249,056106	-0,0207821428775787
249,157661	-0,0205812752246857
249,258681	-0,0199906975030899
249,359912	-0,0194607377052307
249,460600	-0,0189732611179352
249,561549	-0,0185738503932953
249,662858	-0,0184773504734039
249,763856	-0,0186760723590851
249,864934	-0,0191434919834137
249,966349	-0,0197913497686386
250,067498	-0,0203042775392532
250,169454	-0,0207169353961945
250,271327	-0,0208349823951721
250,372780	-0,0206326842308044
250,474022	-0,0201491415500641
