0,101297	0,00167415663599968
0,202471	0,00293263420462608
0,303934	0,00405503436923027
0,405079	0,00512393936514854
0,506764	0,00609232112765312
0,607024	0,00625384971499443
0,707639	0,00592464581131935
0,809013	0,00494251027703285
0,910637	0,00359508767724037
1,012461	0,00243362039327621
1,112936	0,00144269317388535
1,222981	0,00116336718201637
1,331609	0,00158138573169708
1,439404	0,00292932242155075
1,547050	0,00432159379124641
1,656041	0,0055297426879406
1,765608	0,00620662048459053
1,874173	0,00624393299221992
1,982830	0,00551179423928261
2,090678	0,0042913444340229
2,199867	0,00290094688534737
2,309530	0,0017385222017765
2,420228	0,0011974610388279
2,529381	0,00153215602040291
2,638752	0,00255188345909119
2,747785	0,00392694398760796
2,857855	0,00539983436465263
2,966085	0,00610696896910667
3,073471	0,00621134415268898
3,182194	0,00570216402411461
3,290690	0,00447565689682961
3,400563	0,0032031312584877
3,509674	0,0020972304046154
3,619378	0,00156387314200401
3,729157	0,00191836059093475
3,837800	0,00268716737627983
3,948069	0,00395624712109566
4,056921	0,00514567270874977
4,165667	0,00598793849349022
4,274909	0,00603422150015831
4,382527	0,00555052980780602
4,489227	0,00454087182879448
4,598663	0,00307545438408852
4,708458	0,00198981538414955
4,814911	0,00151795521378517
4,923638	0,00177685916423798
5,033774	0,0026838555932045
5,142345	0,00395767018198967
5,250912	0,00513149425387383
5,359842	0,0059388168156147
5,467464	0,00611357763409615
5,576928	0,00561713799834251
5,683997	0,0046679861843586
5,792678	0,00324852392077446
5,900426	0,00236218422651291
6,009769	0,00179720669984818
6,117890	0,00191788747906685
6,225800	0,0029141902923584
6,334951	0,00432537868618965
6,443230	0,0050714947283268
6,551704	0,00591708347201347
6,660806	0,00612207874655724
6,772714	0,00561005249619484
6,880783	0,00462640449404716
6,990780	0,00340880826115608
7,100350	0,00222592800855637
7,210342	0,00181850790977478
7,318958	0,00196804851293564
7,427092	0,00279216840863228
7,537492	0,00413679704070091
7,645961	0,00521747395396233
7,754894	0,00593597814440727
7,866933	0,00601628050208092
7,975651	0,00546786561608315
8,083773	0,00440949574112892
8,192553	0,00311801210045815
8,300986	0,00202294066548347
8,409220	0,00141996890306473
8,517431	0,00162209197878838
8,625929	0,00249700993299484
8,733395	0,00370855256915092
8,843507	0,00511780008673668
8,952052	0,00579379871487617
9,062004	0,00605737045407295
9,171642	0,00555573031306267
9,280785	0,00450779125094414
9,388510	0,00322109833359718
9,497927	0,00207735598087311
9,607220	0,00142991170287132
9,716830	0,00157570466399193
9,827024	0,00240381434559822
9,935759	0,00364850834012032
10,045999	0,00510314479470253
10,154746	0,00591377541422844
10,262060	0,00613955035805702
10,371517	0,00582356378436089
10,480254	0,00468404963612556
10,590059	0,00338422879576683
10,700825	0,00213839486241341
10,810995	0,00136600062251091
10,918876	0,00145547091960907
11,028949	0,00230541080236435
11,137825	0,00335916876792908
11,246208	0,00485793873667717
11,355880	0,00574609264731407
11,464993	0,00605500862002373
11,574922	0,00559115782380104
11,681597	0,00474689528346062
11,790286	0,0034504197537899
11,900637	0,00194533541798592
12,010036	0,00125806033611298
12,120220	0,00117520615458488
12,229720	0,00192214548587799
12,338707	0,00318374112248421
12,448943	0,0042913444340229
12,558974	0,005378108471632
12,669595	0,00597612932324409
12,779460	0,00564358755946159
12,888660	0,00490754470229149
12,997522	0,00365087762475014
13,107794	0,00212230905890465
13,218400	0,00117852166295052
13,327120	0,00112785771489143
13,435799	0,00162682309746742
13,544838	0,0032324492931366
13,653578	0,00435798242688179
13,763273	0,00547919794917107
13,872960	0,00611216202378273
13,981969	0,00598935410380363
14,090502	0,00528882071375847
14,200995	0,00387163832783699
14,309557	0,00275716558098793
14,419939	0,00157002359628677
14,529656	0,00129261985421181
14,639846	0,00176597386598587
14,750013	0,00286594778299332
14,858911	0,00418075546622276
14,968192	0,00534834340214729
15,076084	0,00604792311787605
15,185287	0,0060148574411869
15,293701	0,00523542985320091
15,403551	0,00424503907561302
15,513071	0,00291986390948296
15,623161	0,00177117809653282
15,731935	0,00122113153338432
15,841326	0,00160505250096321
15,950596	0,00284750387072563
16,058914	0,00396806374192238
16,166818	0,00536204501986504
16,274964	0,00595345720648766
16,384549	0,00611073896288872
16,494807	0,00558974221348763
16,604774	0,00431687012314796
16,714052	0,00298843905329704
16,823014	0,00198697671294212
16,932979	0,00130966305732727
17,043261	0,00150328502058983
17,153697	0,0024113841354847
17,264822	0,00393781438469887
17,375802	0,00495810434222221
17,484901	0,00594070181250572
17,592946	0,00600966438651085
17,703095	0,0056062750518322
17,813392	0,00465239211916924
17,922718	0,00296195596456528
18,031584	0,00184358656406403
18,141350	0,0013650543987751
18,250592	0,00156339630484581
18,360086	0,00246342271566391
18,468578	0,00353173539042473
18,579904	0,0049566812813282
18,689960	0,00577018782496452
18,800194	0,00598557665944099
18,909664	0,00552549585700035
19,020629	0,00433341041207314
19,128919	0,00325041636824608
19,238011	0,00186914578080177
19,347249	0,00132954865694046
19,457707	0,00134611874818802
19,566962	0,00229642167687416
19,676170	0,00358043238520622
19,784689	0,00483335927128792
19,893126	0,00574373081326485
20,002981	0,00606681779026985
20,112657	0,00560958310961723
20,222463	0,00482391193509102
20,332291	0,00353788211941719
20,442058	0,00209155306220055
20,551865	0,00135937333106995
20,661957	0,00144127011299133
20,771955	0,00212372839450836
20,881962	0,00335396826267242
20,991203	0,00463869050145149
21,100088	0,00562706217169762
21,209968	0,00605406239628792
21,320707	0,00572152808308601
21,431071	0,00481777265667915
21,540354	0,00354119762778282
21,650259	0,00228080898523331
21,761150	0,00143701210618019
21,871138	0,00130587443709373
21,981020	0,00211615487933159
22,090640	0,00334687530994415
22,199464	0,00443832203745842
22,309756	0,00575270876288414
22,419062	0,00608192756772041
22,529880	0,00576074048876762
22,637771	0,00504172965884209
22,747084	0,00357664749026299
22,856310	0,00250836461782455
22,965828	0,00154967233538628
23,076039	0,00127368420362473
23,185830	0,00194107368588448
23,296111	0,00331093743443489
23,406202	0,00418642535805702
23,515729	0,00545605644583702
23,625412	0,00601911172270775
23,733609	0,00581174716353416
23,841777	0,00515558943152428
23,950618	0,00375346466898918
24,058515	0,00265310704708099
24,168909	0,00158564373850822
24,278022	0,00117899477481842
24,386740	0,00168835371732712
24,497639	0,00277135521173477
24,607791	0,00408953800797462
24,717992	0,00535873696208
24,827286	0,00585946068167686
24,936878	0,00581600144505501
25,047019	0,00525574758648872
25,156366	0,00392978265881538
25,265478	0,00261101126670837
25,376178	0,00154257193207741
25,484722	0,00112549215555191
25,595900	0,0014796145260334
25,704803	0,00249511748552322
25,812691	0,00380593165755272
25,921969	0,00516125932335854
26,031261	0,00582781061530113
26,140120	0,00585898384451866
26,248737	0,00525243952870369
26,357698	0,00436506792902946
26,468919	0,00283709913492203
26,579234	0,0017172247171402
26,688568	0,00117520615458488
26,798358	0,00140434876084328
26,906874	0,002542894333601
27,016515	0,00364189222455025
27,125541	0,00490187481045723
27,233180	0,00586182251572609
27,342921	0,00604177638888359
27,452141	0,00555336102843285
27,561981	0,00454464927315712
27,670064	0,00346838310360909
27,778658	0,00224911049008369
27,888892	0,00139771774411201
27,999089	0,00155298411846161
28,108866	0,00245537981390953
28,219854	0,00350431725382805
28,330002	0,00497227534651756
28,439214	0,00582828745245934
28,548862	0,00607342645525932
28,658716	0,00579143688082695
28,767381	0,00452574715018272
28,876984	0,0034400187432766
28,988009	0,00222072377800941
29,097865	0,00136789679527283
29,206689	0,00143275037407875
29,317963	0,00222545489668846
29,428027	0,00322157144546509
29,538063	0,00452055409550667
29,647018	0,00563981011509895
29,756041	0,00599313154816628
29,866636	0,00570027902722359
29,974519	0,00480784848332405
30,084970	0,00332606956362724
30,193973	0,00208776444196701
30,304756	0,00129025429487228
30,413922	0,00119083002209663
30,522958	0,00192593410611153
30,631843	0,00312085077166557
30,739737	0,00442556664347649
30,848939	0,00530960783362389
30,958434	0,00594259425997734
31,068357	0,00579285249114037
31,177767	0,00501291081309319
31,287268	0,00381585583090782
31,397943	0,00232528150081635
31,507228	0,00142233446240425
31,615598	0,0012078769505024
31,726216	0,00180052220821381
31,835841	0,00292837619781494
31,944053	0,00423085317015648
32,054586	0,0053015761077404
32,163239	0,00589488074183464
32,272208	0,00577443465590477
32,382982	0,00499731674790382
32,491795	0,00402998551726341
32,601788	0,00272074714303017
32,712621	0,00151748582720757
32,820888	0,00119367241859436
32,931049	0,00163392350077629
33,039649	0,00270655751228333
33,149899	0,00401769205927849
33,260247	0,00516692921519279
33,370945	0,00587740913033485
33,479911	0,00588968768715858
33,590369	0,00522362068295479
33,699824	0,00409379228949547
33,808152	0,00276852026581764
33,916869	0,00169356167316437
34,026632	0,00120314210653305
34,135951	0,00149618461728096
34,246328	0,00266493111848831
34,354973	0,00372462347149849
34,463841	0,00509275123476982
34,572563	0,00579143688082695
34,681968	0,00588968768715858
34,791113	0,0053105466067791
34,900221	0,00404179468750954
35,009196	0,00273730233311653
35,118002	0,00182465836405754
35,227919	0,00119603797793388
35,336903	0,0015103854238987
35,446969	0,00247855857014656
35,556872	0,00354261323809624
35,666715	0,00498740002512932
35,776499	0,00577963516116142
35,886063	0,00598321482539177
35,996864	0,00541022792458534
36,106543	0,00453803315758705
36,216094	0,00305228307843208
36,326175	0,00206458196043968
36,435374	0,00134611874818802
36,546072	0,00146493688225746
36,653961	0,00231581926345825
36,762955	0,00358327105641365
36,873454	0,00483288988471031
36,981956	0,00570594146847725
37,091627	0,00603044405579567
37,200458	0,00567523762583733
37,309587	0,00476012006402016
37,419920	0,00327500328421593
37,531817	0,00202861800789833
37,641813	0,0012287050485611
37,751832	0,00129120051860809
37,859913	0,00201063603162766
37,969903	0,00324001163244247
38,078407	0,0045044831931591
38,188843	0,00548581406474113
38,297847	0,00593692436814308
38,408036	0,00561194494366646
38,518522	0,0047549270093441
38,628075	0,00353552028536797
38,736533	0,0023006796836853
38,844855	0,00150659680366516
38,954002	0,0014270693063736
39,063928	0,00199076160788536
39,173492	0,00334403663873672
39,283096	0,00438066944479942
39,393020	0,00542251393198967
39,502842	0,00591756030917168
39,612103	0,005701694637537
39,722727	0,00490565225481987
39,832905	0,00369719788432121
39,943063	0,00246105715632439
40,053100	0,0014791376888752
40,161685	0,00131392478942871
40,270964	0,00199643895030022
40,380243	0,002924595028162
40,490611	0,00440193340182304
40,600234	0,00555477663874626
40,709031	0,00591897591948509
40,817788	0,00578577443957329
40,927428	0,0050521232187748
41,037497	0,0038825087249279
41,145975	0,00263418629765511
41,254975	0,00153215602040291
41,364936	0,00128646567463875
41,474021	0,00182418525218964
41,583547	0,00290520116686821
41,690948	0,0039898045361042
41,798840	0,00543148443102837
41,908932	0,00588874146342278
42,017535	0,00588118657469749
42,127103	0,00523873791098595
42,236606	0,00413348898291588
42,346852	0,00265831127762794
42,454739	0,00165617093443871
42,563230	0,00130398198962212
42,671984	0,00169545412063599
42,782301	0,00290898606181145
42,890844	0,00378323718905449
43,000538	0,00514000281691551
43,110231	0,0058433972299099
43,219047	0,00595345720648766
43,329928	0,00541825965046883
43,441208	0,00439248606562614
43,550948	0,0029141902923584
43,660512	0,00183743610978127
43,771104	0,00139014422893524
43,880697	0,00161357223987579
43,991858	0,00254384055733681
44,101716	0,00382247194647789
44,209952	0,00502188131213188
44,319795	0,0058344267308712
44,429689	0,00602005049586296
44,540446	0,00534173473715782
44,651094	0,00444729998707771
44,762229	0,00337240472435951
44,872234	0,00200401246547699
44,981548	0,00133806839585304
45,092514	0,00147724524140358
45,201765	0,00228364765644073
45,312141	0,00392552837729454
45,422661	0,00506487861275673
45,531641	0,0057012178003788
45,641754	0,00592275336384773
45,750873	0,00550895556807518
45,862091	0,0043688528239727
45,972319	0,0033019557595253
46,082817	0,00210290774703026
46,194148	0,00127604976296425
46,303243	0,001417126506567
46,414854	0,00224201381206512
46,524689	0,00369058176875114
46,633132	0,00488203391432762
46,742232	0,00560532882809639
46,851966	0,0059293694794178
46,963167	0,0056256391108036
47,072349	0,00437783822417259
47,181577	0,00330526381731033
47,292393	0,00193539634346962
47,402919	0,00134848430752754
47,512621	0,00138635560870171
47,623262	0,00239056721329689
47,732952	0,0032026581466198
47,842634	0,00446998700499535
47,952869	0,00566106662154198
48,063521	0,00589204952120781
48,173911	0,00560674443840981
48,282271	0,00473886355757713
48,392260	0,00328635051846504
48,501506	0,00190747901797295
48,611186	0,00138114765286446
48,722209	0,00120124965906143
48,831805	0,00210621953010559
48,941417	0,00309578701853752
49,050872	0,00436979904770851
49,161215	0,00546833500266075
49,270601	0,00581317022442818
49,378768	0,00553541257977486
49,487768	0,0046774335205555
49,598448	0,00346791371703148
49,709482	0,00207215175032616
49,819549	0,00140292569994926
49,930318	0,00125806033611298
50,040394	0,00200637802481651
50,150952	0,00318610668182373
50,260380	0,00446857139468193
50,370380	0,00558879598975182
50,480497	0,00590668991208076
50,589629	0,00568752363324165
50,700138	0,00500346347689629
50,808528	0,00380782410502434
50,917906	0,00251593068242073
51,026912	0,0014270693063736
51,137559	0,00123533234000206
51,247821	0,00179105624556541
51,356530	0,00268811360001564
51,466396	0,00417035445570946
51,576210	0,0053677149116993
51,685034	0,00580844655632973
51,794913	0,00577208027243614
51,904830	0,00495431944727898
52,014023	0,0038040392100811
52,124950	0,00274486839771271
52,233736	0,00159037858247757
52,343260	0,00128599256277084
52,454944	0,00187293067574501
52,564045	0,00299127772450447
52,674795	0,00407015904784203
52,783468	0,00534315034747124
52,893970	0,00592606142163277
53,002730	0,00592606142163277
53,113395	0,00536204501986504
53,223995	0,00409898534417152
53,334960	0,00281628966331482
53,444567	0,00176502764225006
53,556170	0,00130303576588631
53,665731	0,00173142552375793
53,775848	0,00276993587613106
53,886527	0,00405172631144524
53,996062	0,00519338622689247
54,106620	0,00587930157780647
54,216925	0,00594920292496681
54,327565	0,0053970031440258
54,438636	0,00434286519885063
54,548519	0,00285128876566887
54,657701	0,00180099532008171
54,765886	0,0013338103890419
54,874021	0,00162871554493904
54,983587	0,00257269665598869
55,093325	0,00382861867547035
55,203925	0,00501149520277977
55,313729	0,00578152015805244
55,424653	0,00593220070004463
55,534797	0,00539841875433922
55,643969	0,00435372814536095
55,754626	0,00308585539460182
55,863490	0,0018308088183403
55,973097	0,00138635560870171
56,082657	0,00155866518616676
56,193812	0,0024123303592205
56,303901	0,00387447699904442
56,414850	0,00507007911801338
56,524913	0,00583678856492043
56,633964	0,00601721927523613
56,742953	0,00542770698666573
56,854590	0,00435751304030418
56,964651	0,00327784195542336
57,074685	0,00206883996725082
57,184865	0,00128788873553276
57,295350	0,00142375752329826
57,406406	0,00224154070019722
57,517872	0,00347642228007317
57,627612	0,00487777963280678
57,736128	0,00573286786675453
57,844843	0,00585993006825447
57,954551	0,00554249808192253
58,065876	0,00446337088942528
58,175419	0,00321069732308388
58,286454	0,00202246755361557
58,396047	0,00125853344798088
58,507063	0,00139819458127022
58,616746	0,00221977755427361
58,725815	0,00345231220126152
58,836477	0,00467460229992867
58,946173	0,00553777441382408
59,055347	0,00584859028458595
59,166038	0,00551746413111687
59,276149	0,00462356582283974
59,384944	0,00317002832889557
59,495563	0,00197230651974678
59,603637	0,001250009983778
59,714604	0,00125664100050926
59,825155	0,00198176875710487
59,934619	0,0031827948987484
60,045131	0,00444493815302849
60,156653	0,00541070476174355
60,265631	0,00585567578673363
60,376203	0,00554108247160912
60,486167	0,00466703996062279
60,596234	0,00322488322854042
60,707761	0,00220416113734245
60,818335	0,0013025626540184
60,929285	0,00130067020654678
61,040790	0,00201063603162766
61,150137	0,00320407375693321
61,262135	0,00446478649973869
61,371669	0,00543716177344322
61,481988	0,00587693974375725
61,592547	0,00558926537632942
61,704078	0,00472846999764442
61,815264	0,00351377204060555
61,926005	0,00227844342589378
62,034421	0,00145215913653374
62,145299	0,00135274603962898
62,255415	0,00205985084176064
62,364752	0,00303667783737183
62,473694	0,0043107233941555
62,582281	0,00549478456377983
62,692007	0,00593409314751625
62,800791	0,0056346170604229
62,910846	0,00494109466671944
63,020868	0,00353410467505455
63,130611	0,00230115279555321
63,241650	0,00146304443478584
63,352259	0,00127699971199036
63,462919	0,00189801305532455
63,572786	0,00323386862874031
63,682155	0,00430316105484962
63,791134	0,00536582246422768
63,900953	0,00596621260046959
64,009865	0,00578765943646431
64,119947	0,00501715764403343
64,230972	0,00404179468750954
64,339741	0,00255377590656281
64,449779	0,00161120668053627
64,559398	0,00131013616919518
64,669604	0,00176550075411797
64,779736	0,00302343443036079
64,888811	0,0043007992208004
64,998891	0,00521795079112053
65,109992	0,00587740913033485
65,220091	0,00586701557040215
65,330783	0,0052056722342968
65,439356	0,00407677516341209
65,548255	0,00280777737498283
65,657500	0,00155629962682724
65,766079	0,00134706497192383
65,877073	0,00166137889027596
65,987623	0,00280351936817169
66,096276	0,00406921282410622
66,206928	0,00518440827727318
66,316990	0,00583867356181145
66,425320	0,00588307902216911
66,535023	0,00515275821089745
66,645558	0,00403045490384102
66,757157	0,00275669246912003
66,866802	0,00172385200858116
66,978001	0,00129025429487228
67,088722	0,0017276369035244
67,199124	0,00275527313351631
67,309408	0,00381490960717201
67,418196	0,00514992699027061
67,527733	0,00581647828221321
67,637720	0,00587410107254982
67,747217	0,00530629977583885
67,857776	0,00404416397213936
67,967887	0,00298039987683296
68,078105	0,00188145041465759
68,188075	0,00129735469818115
68,298077	0,00161120668053627
68,407397	0,0027538575232029
68,517580	0,00403517857193947
68,626201	0,00516315177083015
68,736568	0,0057682953774929
68,847611	0,00594684109091759
68,957129	0,00549526140093803
69,065392	0,00451015308499336
69,175208	0,00303525850176811
69,285893	0,00191599503159523
69,395304	0,00134185701608658
69,504811	0,00149381533265114
69,615818	0,00252066180109978
69,726452	0,00356293842196465
69,836496	0,00476059690117836
69,947497	0,00559493526816368
70,057833	0,00582025572657585
70,168021	0,00539605692028999
70,278803	0,0044170580804348
70,389365	0,00294965878129005
70,498661	0,0018303357064724
70,609708	0,0012504830956459
70,720807	0,00140434876084328
70,830897	0,00225289538502693
70,941204	0,00349249318242073
71,050514	0,00488581135869026
71,158965	0,0055684857070446
71,269112	0,00585520640015602
71,379743	0,00539558753371239
71,489665	0,00443738326430321
71,599901	0,00318421423435211
71,709241	0,00201820954680443
71,819328	0,00133049488067627
71,927840	0,00135132297873497
72,037882	0,00209060683846474
72,146262	0,00350337103009224
72,255356	0,00472705438733101
72,364379	0,00560391321778297
72,473528	0,00589629635214806
72,583815	0,00567382201552391
72,694252	0,00449975952506065
72,802570	0,00324521213769913
72,912736	0,00224201381206512
73,020770	0,00143606588244438
73,130610	0,00138209760189056
73,242168	0,00229216367006302
73,352781	0,00309058651328087
73,463809	0,00435703620314598
73,573125	0,0055108480155468
73,681926	0,00592180714011192
73,792003	0,00569602474570274
73,900867	0,00489526614546776
74,008167	0,00348729267716408
74,116124	0,00245869159698486
74,226525	0,0015420988202095
74,334991	0,00128978118300438
74,442929	0,00192877277731895
74,553495	0,00305180996656418
74,663565	0,00411505624651909
74,772017	0,00520330294966698
74,880826	0,0058717392385006
74,989372	0,00577254965901375
75,098453	0,00490802153944969
75,208731	0,00372273102402687
75,317642	0,00267439335584641
75,426143	0,00157523155212402
75,534323	0,00132102519273758
75,643673	0,00168551504611969
75,754304	0,00286689400672913
75,863476	0,00433294102549553
75,972091	0,00521228089928627
76,082366	0,00582356378436089
76,190904	0,00582308694720268
76,300670	0,00505023822188377
76,411810	0,00411411002278328
76,519896	0,00262803956866264
76,630892	0,00162114575505257
76,738128	0,00125237926840782
76,847703	0,00149902328848839
76,957453	0,00260675325989723
77,067211	0,00388392433524132
77,177396	0,00503983721137047
77,286846	0,00585001334547997
77,395858	0,00588024780154228
77,503847	0,00528787449002266
77,613728	0,00442178174853325
77,723790	0,00316056981682777
77,833006	0,00188145041465759
77,941017	0,00135890021920204
78,049472	0,00158564373850822
78,158506	0,00230493769049644
78,266696	0,00373265519738197
78,374614	0,00492361560463905
78,486108	0,00581930950284004
78,595942	0,00593928620219231
78,705696	0,00542959943413734
78,816637	0,0041939876973629
78,925459	0,00333741679787636
79,034878	0,00213177129626274
79,143550	0,00130114331841469
79,253337	0,00138446316123009
79,363242	0,00234988331794739
79,473002	0,00337193533778191
79,582042	0,00478658452630043
79,691026	0,00561713799834251
79,800869	0,0058717392385006
79,910530	0,00560249760746956
80,020719	0,00457064434885979
80,128550	0,00332985445857048
80,238727	0,00212562084197998
80,347642	0,0013546384871006
80,457709	0,00130019709467888
80,567072	0,00197325274348259
80,677594	0,00312557816505432
80,785999	0,00437546893954277
80,896390	0,00546739622950554
81,004218	0,00583206489682198
81,114770	0,00556895509362221
81,223160	0,00490943714976311
81,330969	0,00355490669608116
81,442301	0,00233521685004234
81,552412	0,00148576870560646
81,661858	0,00132434070110321
81,771939	0,00205937400460243
81,880811	0,00301681086421013
81,988164	0,00449125096201897
82,096243	0,00547967478632927
82,205365	0,005948256701231
82,315065	0,00579191371798515
82,425555	0,00520755723118782
82,534526	0,00410560891032219
82,642859	0,00263134762644768
82,751284	0,00166989862918854
82,860988	0,00137215480208397
82,970497	0,00177827849984169
83,079645	0,00281345099210739
83,188643	0,00407960638403893
83,297349	0,0051957480609417
83,407625	0,00586418434977531
83,517122	0,00580513849854469
83,627178	0,00522267445921898
83,736362	0,00412781909108162
83,846328	0,00286547467112541
83,955062	0,00171485915780067
84,066079	0,00138872489333153
84,175921	0,00181471928954124
84,286000	0,00264648720622063
84,395573	0,00431970879435539
84,504638	0,00538283213973045
84,613918	0,00583631917834282
84,722614	0,00598085299134254
84,829364	0,00543290749192238
84,939012	0,00418926402926445
85,047689	0,00312085077166557
85,157667	0,00186393782496452
85,265911	0,00142281129956245
85,376852	0,00167841464281082
85,487597	0,00241469591856003
85,598531	0,00384468957781792
85,708377	0,005167406052351
85,817488	0,00577491149306297
85,926055	0,00594873353838921
86,035747	0,0055108480155468
86,144393	0,00434191897511482
86,253695	0,00307450816035271
86,364073	0,0019637905061245
86,472829	0,00137878209352493
86,583726	0,00152884423732758
86,693475	0,00235981866717339
86,803025	0,00378843769431114
86,912720	0,00478422269225121
87,023140	0,00563603267073631
87,133941	0,00593125447630882
87,243971	0,00547636672854424
87,353610	0,00451251491904259
87,461351	0,00347926095128059
87,570883	0,0021066926419735
87,680982	0,00141523405909538
87,790787	0,0014374852180481
87,899274	0,00217624753713608
88,009209	0,00358090922236443
88,119097	0,00480170920491219
88,229137	0,00568043813109398
88,338884	0,00598983094096184
88,449175	0,00567382201552391
88,558173	0,00479840114712715
88,668537	0,00357050821185112
88,778328	0,00235035642981529
88,887936	0,00146067887544632
88,997443	0,00145784020423889
89,105897	0,00217151641845703
89,215968	0,00333552435040474
89,325879	0,00456355139613152
89,436388	0,00537054613232613
89,546283	0,00589063391089439
89,656801	0,0056728757917881
89,767500	0,004880141466856
89,877858	0,00347642228007317
89,986414	0,00225431472063065
90,096447	0,00143511965870857
90,206940	0,00130350887775421
90,317028	0,00191410258412361
90,426300	0,003044243901968
90,537274	0,00430741533637047
90,647835	0,00545983389019966
90,757983	0,00586087629199028
90,868301	0,00569035485386848
90,978825	0,00473177805542946
91,088549	0,00351566448807716
91,198731	0,00247855857014656
91,309165	0,00145594403147697
91,418814	0,00129688158631325
91,529066	0,00174325332045555
91,640577	0,00299033150076866
91,750505	0,00424740090966225
91,860667	0,00528078898787498
91,968907	0,00582356378436089
92,077958	0,0057489238679409
92,187627	0,00507952645421028
92,297749	0,00376622006297112
92,407824	0,00274061039090157
92,518359	0,00175698101520538
92,626860	0,00138351693749428
92,736412	0,00185731053352356
92,845000	0,00290189310908318
92,954428	0,0041547603905201
93,062597	0,00524109974503517
93,172286	0,00590527430176735
93,282265	0,00580891594290733
93,392265	0,00511873885989189
93,500879	0,00399216637015343
93,610354	0,00254100188612938
93,720727	0,00161830335855484
93,829259	0,00132907554507256
93,937808	0,00167462974786758
94,049601	0,00263560563325882
94,160647	0,00389432534575462
94,269677	0,00504882261157036
94,378912	0,00584622845053673
94,487998	0,00588118657469749
94,596507	0,0054347924888134
94,706214	0,00444069132208824
94,816097	0,00297803804278374
94,926659	0,00189706683158875
95,036325	0,00136600062251091
95,145634	0,00167510285973549
95,255986	0,00262945890426636
95,364916	0,00388581678271294
95,476845	0,00504126027226448
95,587011	0,00569319352507591
95,696975	0,00592606142163277
95,806616	0,00545180216431618
95,917370	0,00426535680890083
96,027051	0,00321731716394424
96,137309	0,0019226185977459
96,246386	0,00135747715830803
96,355665	0,001666110008955
96,465683	0,00241327658295631
96,573890	0,00362534448504448
96,680570	0,00497322157025337
96,790715	0,00561997666954994
96,899369	0,00584245845675468
97,007844	0,00548439845442772
97,118357	0,00437641516327858
97,227998	0,0033412016928196
97,337335	0,00214407220482826
97,446566	0,00131534412503242
97,554773	0,00136884301900864
97,665869	0,00212562084197998
97,773238	0,00310051441192627
97,880969	0,00453945621848106
97,989611	0,00545841827988625
98,098032	0,00584103539586067
98,204939	0,00567004457116127
98,314310	0,00459568575024605
98,423970	0,0033908449113369
98,532884	0,00239293277263641
98,640716	0,00146351754665375
98,749835	0,00136363506317139
98,858519	0,00206410884857178
98,968348	0,00299269706010818
99,077495	0,00424550846219063
99,186389	0,00555052980780602
99,294284	0,00592464581131935
99,403661	0,00581978633999825
99,512031	0,00500771030783653
99,621933	0,00364473089575768
99,730852	0,00241327658295631
99,837635	0,00154919549822807
99,945710	0,00133239105343819
100,054953	0,00175366923213005
100,164116	0,0029742531478405
100,272588	0,0040380172431469
100,381621	0,00531763955950737
100,490882	0,00586134567856789
100,600726	0,00595061853528023
100,710664	0,00542203709483147
100,819738	0,00419257208704948
100,929670	0,0029340498149395
101,038596	0,00189564749598503
101,147795	0,00142233446240425
101,257553	0,0016973465681076
101,367616	0,00260533392429352
101,477164	0,00404368713498116
101,586347	0,00499401614069939
101,695195	0,00583584234118462
101,802650	0,00591519102454185
101,910867	0,00538330152630806
102,021083	0,00455079600214958
102,129908	0,00309484079480171
102,239794	0,00199407339096069
102,348806	0,00140576809644699
102,459597	0,00163865461945534
102,568633	0,00254242122173309
102,676357	0,00355396047234535
102,785862	0,00474594905972481
102,894826	0,00568610057234764
103,005354	0,00587740913033485
103,113348	0,00532330200076103
103,223092	0,00429749116301537
103,332676	0,00325608998537064
103,440998	0,00193634256720543
103,549616	0,00140292569994926
103,657610	0,00141049921512604
103,765111	0,00212230905890465
103,874281	0,00328635051846504
103,984351	0,0047161839902401
104,093907	0,0054829828441143
104,203681	0,0059005506336689
104,312379	0,00560532882809639
104,421635	0,00474878773093224
104,531773	0,00354781374335289
104,640919	0,00235745310783386
104,750492	0,00156245008111
104,859563	0,00144932046532631
104,966268	0,00221173092722893
105,075653	0,00316246226429939
105,184940	0,00460466369986534
105,293583	0,00554391369223595
105,402083	0,00592983886599541
105,509932	0,00574703887104988
105,618200	0,00512771680951118
105,726556	0,00400729104876518
105,837467	0,00255944952368736
105,948701	0,00165048986673355
106,055937	0,00138351693749428
106,165726	0,00200070068240166
106,274589	0,00290236622095108
106,382912	0,00416326895356178
106,492645	0,00523779168725014
106,601914	0,00585520640015602
106,710750	0,00581270083785057
106,820845	0,00512441620230675
106,930851	0,00378938391804695
107,040637	0,00295627862215042
107,150961	0,00188996642827988
107,260528	0,00136694684624672
107,367885	0,00171817094087601
107,478448	0,00269047915935516
107,585998	0,00395246967673302
107,695032	0,00525055453181267
107,803368	0,00581978633999825
107,913818	0,00595345720648766
108,023239	0,00546928122639656
108,134307	0,00428803637623787
108,244235	0,00305180996656418
108,353917	0,00198792293667793
108,463532	0,00147393345832825
108,575291	0,00178727135062218
108,683846	0,00254715234041214
108,793614	0,00397467985749245
108,902250	0,00493590161204338
109,011938	0,00582308694720268
109,121087	0,00591519102454185
109,230598	0,00532330200076103
109,338108	0,00465049967169762
109,446894	0,0032026581466198
109,556092	0,00206174328923225
109,664370	0,001417126506567
109,774600	0,00149286910891533
109,884533	0,00243362039327621
109,994774	0,00365417823195457
110,105327	0,00465664640069008
110,212629	0,00555950775742531
110,319490	0,00592275336384773
110,427959	0,0055585615336895
110,537043	0,00466514751315117
110,646716	0,00345562025904655
110,756996	0,0022902712225914
110,866834	0,00155345723032951
110,973901	0,00150233879685402
111,083728	0,00217009708285332
111,193654	0,00330290198326111
111,303628	0,00452480837702751
111,413996	0,00548203662037849
111,523539	0,00594448670744896
111,633004	0,00556895509362221
111,743496	0,00484376028180122
111,852440	0,00344711169600487
111,962163	0,00244686380028725
112,070924	0,00150565057992935
112,180856	0,0013962984085083
112,290732	0,00208871066570282
112,400481	0,00321731716394424
112,509180	0,00445060804486275
112,618738	0,00542109832167625
112,728561	0,00588024780154228
112,838894	0,00571775063872337
112,949041	0,00497227534651756
113,059641	0,00382956489920616
113,168991	0,00258925184607506
113,279104	0,00154919549822807
113,389099	0,00140150636434555
113,499083	0,0019022710621357
113,608290	0,00319414585828781
113,717940	0,00424173101782799
113,826535	0,00542723760008812
113,934288	0,00586890801787376
114,044160	0,00583253428339958
114,154014	0,00504503771662712
114,264525	0,00391654297709465
114,374706	0,00267959758639336
114,482827	0,00185447186231613
114,593531	0,00140387192368507
114,701627	0,00194107368588448
114,811230	0,00280541181564331
114,921430	0,00404416397213936
115,031853	0,00528787449002266
115,142302	0,00589818879961967
115,252719	0,00582120195031166
115,363211	0,00518299266695976
115,473909	0,00409898534417152
115,583456	0,0028347335755825
115,691992	0,00167983397841454
115,800927	0,00134611874818802
115,909402	0,00174230709671974
116,018465	0,00274818018078804
116,127761	0,00377945974469185
116,237924	0,00494392588734627
116,347627	0,00578482821583748
116,456596	0,00585804507136345
116,566031	0,00533794984221458
116,677183	0,00431261584162712
116,787135	0,00285176187753677
116,894217	0,00195764005184174
117,003915	0,00134943053126335
117,111756	0,00148576870560646
117,222128	0,00246768072247505
117,330700	0,00367120280861855
117,440956	0,0048314742743969
117,550498	0,00549809262156487
117,657813	0,00575460121035576
117,766756	0,00524866208434105
117,875954	0,00442887470126152
117,986460	0,00301208347082138
118,095940	0,00193539634346962
118,205962	0,00135037675499916
118,314936	0,00143558904528618
118,423616	0,00231629237532616
118,531815	0,00371516868472099
118,640890	0,00489289686083794
118,752032	0,00567004457116127
118,859724	0,00589157268404961
118,970989	0,00560013577342033
119,079711	0,0045616589486599
119,188801	0,00335633009672165
119,297949	0,00236454978585243
119,406372	0,00149855017662048
119,514679	0,00145310536026955
119,625678	0,00203051045536995
119,735377	0,00312226638197899
119,844669	0,0047161839902401
119,953567	0,00554958358407021
120,063082	0,00585851445794106
120,172477	0,00563650205731392
120,282119	0,0048702172935009
120,393514	0,00370476767420769
120,504013	0,00246389582753181
120,614033	0,00145736709237099
120,725543	0,00134611874818802
120,834946	0,00200306624174118
120,945917	0,00293499976396561
121,054885	0,00415665283799171
121,165624	0,00528740510344505
121,275898	0,00573853775858879
121,386249	0,0054640881717205
121,496652	0,00465427711606026
121,606673	0,00370476767420769
121,715848	0,00250505283474922
121,825357	0,00151606276631355
121,934922	0,0013442263007164
122,044518	0,00187387689948082
122,154837	0,00290898606181145
122,265147	0,00408764556050301
122,374716	0,00506724044680595
122,484686	0,00556375458836555
122,594388	0,00538660958409309
122,705081	0,00478516891598701
122,814521	0,00366127863526344
122,924573	0,00223491713404655
123,034263	0,00134943053126335
123,144178	0,00112596526741982
123,253767	0,00181329995393753
123,362461	0,00274723395705223
123,472577	0,00422896072268486
123,582900	0,00511401519179344
123,693237	0,00571161136031151
123,803031	0,00564972683787346
123,911996	0,0049467645585537
124,022460	0,00378843769431114
124,131404	0,00248612836003304
124,240583	0,00142517685890198
124,349062	0,000995274633169174
124,459506	0,00147582590579987
124,570464	0,0023513026535511
124,679902	0,00390424951910973
124,789364	0,00507621839642525
124,896289	0,0057579018175602
125,006172	0,0058533139526844
125,116341	0,00511780008673668
125,225317	0,00350290164351463
125,335048	0,00175272300839424
125,445988	0,000270094722509384
125,555857	-0,00143256038427353
125,666255	-0,00228703394532204
125,776609	-0,00253354758024216
125,887465	-0,00238867476582527
125,997102	-0,00198693946003914
126,106242	-0,00168740376830101
126,216623	-0,00161858275532722
126,328139	-0,00184166803956032
126,439760	-0,00238914787769318
126,548199	-0,00283999741077423
126,657951	-0,00311707332730293
126,767522	-0,00326443836092949
126,876280	-0,00315415114164352
126,987364	-0,00276206806302071
127,097187	-0,00242049619555473
127,207366	-0,00200165435671806
127,317710	-0,00191667303442955
127,428536	-0,00213697925209999
127,538819	-0,00251169875264168
127,648096	-0,00298351421952248
127,758381	-0,00326396524906158
127,868910	-0,003330048173666
127,978557	-0,00321024283766747
128,087445	-0,00286945700645447
128,196874	-0,00230128690600395
128,307965	-0,00200023129582405
128,417627	-0,00182648003101349
128,529312	-0,00194990634918213
128,638731	-0,00235827639698982
128,748267	-0,00281243771314621
128,857643	-0,00322831049561501
128,968489	-0,00345034524798393
129,078616	-0,00347697362303734
129,188452	-0,0031764917075634
129,298836	-0,00275636836886406
129,408462	-0,00232360884547234
129,519080	-0,00205720588564873
129,629219	-0,00208094716072083
129,738675	-0,00236302986741066
129,847183	-0,00272168219089508
129,956427	-0,00323924422264099
130,064918	-0,00357541441917419
130,174972	-0,00368337705731392
130,284867	-0,0035368949174881
130,393585	-0,00311612337827682
130,502924	-0,00273403525352478
130,612014	-0,00233547762036324
130,722024	-0,00211703404784203
130,831799	-0,00221912935376167
130,942082	-0,00257677957415581
131,050850	-0,00303246825933456
131,161670	-0,00345652922987938
131,270471	-0,00372761115431786
131,379640	-0,00372380763292313
131,488249	-0,00347697362303734
131,597883	-0,00305433198809624
131,706985	-0,0025140754878521
131,816787	-0,00218208879232407
131,927312	-0,00208759680390358
132,036197	-0,00223669782280922
132,146846	-0,0025881789624691
132,256480	-0,00301535800099373
132,365887	-0,00346793979406357
132,475287	-0,00366149842739105
132,585175	-0,00362677872180939
132,695360	-0,00336095318198204
132,805386	-0,00295832753181458
132,915651	-0,00259578227996826
133,026406	-0,00224002078175545
133,136591	-0,00225616991519928
133,245872	-0,00243711844086647
133,356092	-0,00279675424098969
133,465294	-0,00325398147106171
133,574558	-0,0035887286067009
133,684184	-0,00366577878594398
133,791458	-0,00356923043727875
133,902835	-0,00322165340185165
134,012661	-0,00280530750751495
134,121822	-0,00242714583873749
134,232373	-0,00221912935376167
134,341779	-0,00227326527237892
134,450451	-0,00261383131146431
134,559325	-0,00288894027471542
134,669769	-0,00335144624114037
134,779409	-0,00362439826130867
134,889873	-0,00366862863302231
135,000738	-0,00342371687293053
135,109570	-0,00305243209004402
135,219969	-0,0025634765625
135,328769	-0,0022822879254818
135,438378	-0,00214932486414909
135,549695	-0,00220155715942383
135,659492	-0,00259673222899437
135,769507	-0,00291935727000237
135,879500	-0,00326111167669296
135,988962	-0,00348410755395889
136,098173	-0,00343893095850945
136,208204	-0,00316556170582771
136,317161	-0,00294216722249985
136,427933	-0,00256014987826347
136,539169	-0,00224762037396431
136,650526	-0,00218303874135017
136,760790	-0,00235495343804359
136,871524	-0,00268224999308586
136,980785	-0,00305195897817612
137,090543	-0,00335001945495605
137,200762	-0,00351501628756523
137,309224	-0,00345224887132645
137,416234	-0,00322117656469345
137,523748	-0,00289179384708405
137,632964	-0,00254257395863533
137,743727	-0,00236112996935844
137,855229	-0,00239959731698036
137,963903	-0,00261573120951653
138,073647	-0,00295024737715721
138,181990	-0,00321309641003609
138,291712	-0,00349551811814308
138,402234	-0,00354164838790894
138,513906	-0,003355722874403
138,623544	-0,00311469659209251
138,734195	-0,00270885601639748
138,843840	-0,00237584859132767
138,954403	-0,00230128690600395
139,065088	-0,00235637649893761
139,174413	-0,00266894325613976
139,285946	-0,00305766239762306
139,395610	-0,00347412005066872
139,505367	-0,00367338582873344
139,614567	-0,00368718057870865
139,726205	-0,00345177203416824
139,836172	-0,00308997929096222
139,944719	-0,00269079953432083
140,054349	-0,00238962098956108
140,164930	-0,00226994231343269
140,274769	-0,00235210359096527
140,383339	-0,00264423713088036
140,491867	-0,00311136990785599
140,600496	-0,00349456816911697
140,710736	-0,00375615060329437
140,820516	-0,00379801169037819
140,930870	-0,00359348580241203
141,042778	-0,0032406710088253
141,153674	-0,00282526761293411
141,263163	-0,00248889625072479
141,373285	-0,00230365991592407
141,482964	-0,00237489864230156
141,590843	-0,00264899060130119
141,700802	-0,00296307727694511
141,811552	-0,00347459688782692
141,919753	-0,00370049849152565
142,028669	-0,00376709550619125
142,137420	-0,00356638059020042
142,246640	-0,0032145231962204
142,357076	-0,00280530750751495
142,465542	-0,00248176977038383
142,574914	-0,00231695920228958
142,686314	-0,00236302986741066
142,796929	-0,00262665748596191
142,907549	-0,00300062820315361
143,017944	-0,00340041890740395
143,127818	-0,00376899912953377
143,237690	-0,00380752608180046
143,347262	-0,00359871610999107
143,457802	-0,00336475670337677
143,568182	-0,00279485434293747
143,676276	-0,002440445125103
143,787162	-0,0022590197622776
143,897965	-0,00226946547627449
144,010566	-0,00251027196645737
144,119911	-0,00287136062979698
144,230870	-0,00327537581324577
144,340730	-0,00358112156391144
144,450440	-0,00368147343397141
144,559172	-0,00357874110341072
144,668620	-0,00319835916161537
144,779397	-0,00285092368721962
144,889207	-0,00242334604263306
144,999465	-0,00219253450632095
145,109693	-0,00223004817962646
145,217879	-0,00242049619555473
145,325762	-0,00283714756369591
145,436899	-0,00324542447924614
145,545445	-0,00351311638951302
145,655547	-0,00367766991257668
145,765210	-0,00358635187149048
145,875421	-0,00328298285603523
145,984947	-0,00282526761293411
146,095077	-0,00247227028012276
146,205967	-0,00227136537432671
146,314698	-0,00224429741501808
146,425093	-0,00239579752087593
146,532646	-0,00279247760772705
146,642324	-0,0032658651471138
146,751804	-0,0035630501806736
146,860920	-0,00367814302444458
146,970746	-0,00363343581557274
147,080805	-0,00332529470324516
147,192421	-0,00288371369242668
147,301660	-0,0025763027369976
147,410824	-0,00232360884547234
147,521959	-0,00227896496653557
147,629963	-0,00245944783091545
147,739713	-0,00281386077404022
147,850695	-0,00322593376040459
147,961152	-0,00357874110341072
148,069471	-0,00378849729895592
148,180520	-0,00375329703092575
148,290911	-0,003446064889431
148,400962	-0,0030624158680439
148,509303	-0,00261810794472694
148,617925	-0,00240767374634743
148,727292	-0,00232930481433868
148,835909	-0,00246847048401833
148,943777	-0,00279247760772705
149,052656	-0,0032525546848774
149,162116	-0,0035502091050148
149,272018	-0,00378089025616646
149,381758	-0,0037732757627964
149,491049	-0,0035107396543026
149,600503	-0,00319550931453705
149,710684	-0,00272548198699951
149,820663	-0,00239817425608635
149,930945	-0,00231600925326347
150,039966	-0,00242571905255318
150,150459	-0,00271597877144814
150,261026	-0,00309901311993599
150,370639	-0,00348981469869614
150,479501	-0,00373141840100288
150,588654	-0,00374283269047737
150,697719	-0,00352595373988152
150,807811	-0,00315557792782784
150,917631	-0,00274448841810226
151,027690	-0,00242429599165916
151,136822	-0,00227611511945724
151,245955	-0,00235210359096527
151,354777	-0,0026128850877285
151,463936	-0,00306431576609612
151,571261	-0,00345842912793159
151,680653	-0,00368004664778709
151,790599	-0,00375472381711006
151,900790	-0,00353118777275085
152,009969	-0,003150824457407
152,118587	-0,00274401530623436
152,229691	-0,00246704742312431
152,338752	-0,00229226052761078
152,449269	-0,00234070420265198
152,559890	-0,00263853743672371
152,668615	-0,0030376985669136
152,779496	-0,00344891846179962
152,890707	-0,00377850979566574
153,000790	-0,00385462120175362
153,109939	-0,00367861986160278
153,220530	-0,0033295750617981
153,330732	-0,00292268395423889
153,439962	-0,00256537646055222
153,550720	-0,00237015262246132
153,660757	-0,00239057466387749
153,770399	-0,00261430814862251
153,880963	-0,00298351421952248
153,991587	-0,00338520109653473
154,102043	-0,00373569875955582
154,212667	-0,00383606925606728
154,323051	-0,00364960730075836
154,433629	-0,00330342724919319
154,543957	-0,00289987400174141
154,653150	-0,00259293243288994
154,762926	-0,00236920267343521
154,873978	-0,00233310461044312
154,983102	-0,00261383131146431
155,093274	-0,00292506068944931
155,204047	-0,00337189063429832
155,312533	-0,00363010540604591
155,422859	-0,0037594847381115
155,532017	-0,00363343581557274
155,641355	-0,00338900461792946
155,751651	-0,00299064442515373
155,861947	-0,00257440283894539
155,972060	-0,00235163047909737
156,081657	-0,0023554302752018
156,190639	-0,00260718539357185
156,300571	-0,0029112808406353
156,410950	-0,00338948145508766
156,522115	-0,00367481261491776
156,631571	-0,00384082645177841
156,742925	-0,00374473258852959
156,853978	-0,00339281186461449
156,964091	-0,00305338576436043
157,074657	-0,0026741698384285
157,184463	-0,00240244716405869
157,293862	-0,00238487496972084
157,403375	-0,00259720906615257
157,513512	-0,00282811746001244
157,622352	-0,00336761027574539
157,732339	-0,0036548413336277
157,840728	-0,0038398765027523
157,949710	-0,00378279015421867
158,060818	-0,0034070760011673
158,170840	-0,00301013141870499
158,281710	-0,00270695239305496
158,390735	-0,00248699635267258
158,500853	-0,00240292027592659
158,612143	-0,00262000784277916
158,721681	-0,00296403095126152
158,831402	-0,00335762649774551
158,940577	-0,00374092906713486
159,049135	-0,00387127324938774
159,159373	-0,00380276888608932
159,268354	-0,00353166088461876
159,377746	-0,00313086062669754
159,487327	-0,00272975862026215
159,596592	-0,00239389762282372
159,707266	-0,00231505930423737
159,815679	-0,00245992466807365
159,925315	-0,00270790234208107
160,034874	-0,00309758633375168
160,144804	-0,00346080586314201
160,254311	-0,0037066824734211
160,363676	-0,00366482511162758
160,473600	-0,00345700606703758
160,583734	-0,00308237597346306
160,692709	-0,00269174948334694
160,800832	-0,00238629803061485
160,910716	-0,00226234272122383
161,018822	-0,00239484757184982
161,129016	-0,00270600244402885
161,238565	-0,00319693610072136
161,348477	-0,00352072343230247
161,457069	-0,00377517938613892
161,566719	-0,00382274761795998
161,676850	-0,00358254835009575
161,786955	-0,00328202918171883
161,895453	-0,00287991389632225
162,007052	-0,00250647217035294
162,117723	-0,00237299874424934
162,226713	-0,00242524594068527
162,337997	-0,00273498520255089
162,448613	-0,00313323736190796
162,558744	-0,00353261455893517
162,669758	-0,00381656363606453
162,779839	-0,00389505922794342
162,888859	-0,0036933645606041
162,998350	-0,00326824188232422
163,108280	-0,002935990691185
163,218342	-0,00259245559573174
163,327437	-0,00241337344050407
163,437916	-0,00245992466807365
163,547567	-0,00265184044837952
163,658436	-0,00308570265769958
163,766904	-0,00346603617072105
163,876826	-0,00373950228095055
163,986652	-0,0038122832775116
164,098247	-0,00361916795372963
164,208250	-0,00327394902706146
164,317402	-0,00293789058923721
164,426511	-0,0025881789624691
164,536390	-0,00237679854035378
164,646873	-0,00241051986813545
164,756492	-0,00264471396803856
164,867010	-0,00301108136773109
164,977105	-0,00339566543698311
165,086367	-0,00373569875955582
165,196431	-0,00380847603082657
165,306959	-0,00369812175631523
165,416950	-0,00340136885643005
165,526981	-0,00294216722249985
165,637434	-0,00259340554475784
165,748451	-0,00239009782671928
165,857514	-0,00240244716405869
165,967408	-0,00262951105833054
166,077255	-0,00298351421952248
166,186879	-0,00330960750579834
166,296038	-0,00362439826130867
166,406851	-0,00376566872000694
166,516563	-0,00364389643073082
166,624127	-0,00333480536937714
166,735715	-0,00293361395597458
166,846958	-0,00251739844679832
166,957564	-0,00231505930423737
167,067514	-0,00232503190636635
167,177112	-0,00245754793286324
167,286708	-0,00292078405618668
167,396355	-0,00325160473585129
167,506670	-0,00362202152609825
167,617775	-0,0037466362118721
167,725974	-0,00361441075801849
167,836463	-0,00336570665240288
167,946593	-0,002986840903759
168,056421	-0,00268889963626862
168,166206	-0,00241194665431976
168,276492	-0,00237679854035378
168,386739	-0,00254115089774132
168,496272	-0,0028609037399292
168,606889	-0,00337284058332443
168,717594	-0,00363010540604591
168,828224	-0,00377422943711281
168,939166	-0,00370097532868385
169,048696	-0,00336143001914024
169,158285	-0,00303484499454498
169,268972	-0,00264423713088036
169,379313	-0,00234735384583473
169,490662	-0,0023193322122097
169,600991	-0,00251217558979988
169,710467	-0,00278392434120178
169,821646	-0,0031769685447216
169,930850	-0,00355401262640953
170,040912	-0,00371001288294792
170,152101	-0,0036419965326786
170,262308	-0,00331626087427139
170,374022	-0,00293314084410667
170,484053	-0,00257202610373497
170,593274	-0,00232835486531258
170,703577	-0,0022827610373497
170,813562	-0,00244947150349617
170,922566	-0,00277062132954597
171,032705	-0,00323306396603584
171,141984	-0,00351359322667122
171,252067	-0,00372380763292313
171,363127	-0,00366862863302231
171,473157	-0,00346413627266884
171,581507	-0,00310423970222473
171,692365	-0,00265754014253616
171,803123	-0,00237015262246132
171,911897	-0,00232788175344467
172,021545	-0,00248842313885689
172,132103	-0,00280435755848885
172,242348	-0,00325398147106171
172,352561	-0,00347412005066872
172,462693	-0,00369193777441978
172,572287	-0,00368004664778709
172,680611	-0,00344273820519447
172,791036	-0,00300632789731026
172,900676	-0,00268319994211197
173,010797	-0,002367302775383
173,120882	-0,00230365991592407
173,229931	-0,00244472175836563
173,339627	-0,00275731459259987
173,448625	-0,00315605476498604
173,557707	-0,00353213772177696
173,667814	-0,0037732757627964
173,778356	-0,00378945097327232
173,888958	-0,00354402884840965
174,000483	-0,00311755016446114
174,109717	-0,00279580429196358
174,217997	-0,00249744579195976
174,328087	-0,00237822160124779
174,437873	-0,00249696895480156
174,547864	-0,00279628112912178
174,658385	-0,00311612337827682
174,768854	-0,00354640558362007
174,879467	-0,00377232581377029
174,989576	-0,00378326699137688
175,098231	-0,0036282055079937
175,208360	-0,00323877111077309
175,319343	-0,00279342755675316
175,430702	-0,00253639742732048
175,540602	-0,00238059833645821
175,649218	-0,00246324762701988
175,757758	-0,00273070856928825
175,867201	-0,00310994312167168
175,976749	-0,00342704355716705
176,086524	-0,00373855233192444
176,196154	-0,00379040092229843
176,306613	-0,00361869111657143
176,417586	-0,00328535959124565
176,528198	-0,00283334776759148
176,638705	-0,00251597538590431
176,748772	-0,00236682593822479
176,859198	-0,00245137140154839
176,969673	-0,00266751646995544
177,079786	-0,00304102525115013
177,188949	-0,00342752039432526
177,299685	-0,0037461631000042
177,408883	-0,00380324572324753
177,518781	-0,00358635187149048
177,628229	-0,00323211401700974
177,736882	-0,00290129706263542
177,845417	-0,00255824998021126
177,955298	-0,00237015262246132
178,064616	-0,00237204879522324
178,175063	-0,00261763110756874
178,284582	-0,0029740110039711
178,394420	-0,00341040268540382
178,504463	-0,00363248214125633
178,614158	-0,00372190400958061
178,725138	-0,00359348580241203
178,834683	-0,00328202918171883
178,944977	-0,00287943705916405
179,054722	-0,00251929834485054
179,164313	-0,00228371098637581
179,273343	-0,00229178741574287
179,384536	-0,00249364599585533
179,495100	-0,00285092368721962
179,605257	-0,00323401391506195
179,716275	-0,00358540192246437
179,826647	-0,00368480384349823
179,936479	-0,00359871610999107
180,047311	-0,00327157229185104
180,157870	-0,00282289087772369
180,268401	-0,00253022462129593
180,379035	-0,00229226052761078
180,489010	-0,00227374210953712
180,598270	-0,00253449752926826
180,708274	-0,00288941711187363
180,818622	-0,00314417108893394
180,928704	-0,00350931286811829
181,038686	-0,0036282055079937
181,148298	-0,00352928414940834
181,258985	-0,00319122895598412
181,369345	-0,0028114877641201
181,480028	-0,00245707109570503
181,590518	-0,00224572047591209
181,702691	-0,00224192067980766
181,811750	-0,00245042517781258
181,920356	-0,0028114877641201
182,031868	-0,00314987450838089
182,143466	-0,00355258584022522
182,253361	-0,00369526818394661
182,363907	-0,00359823927283287
182,473369	-0,00337284058332443
182,582843	-0,0029996745288372
182,693927	-0,00263663753867149
182,804540	-0,0023682527244091
182,915152	-0,0023312047123909
183,025907	-0,00254590064287186
183,135787	-0,00282716751098633
183,246008	-0,00320834293961525
183,355289	-0,00358017161488533
183,465397	-0,00370525568723679
183,574698	-0,00366102159023285
183,684000	-0,00335952639579773
183,792464	-0,002974484115839
183,901755	-0,00266514346003532
184,010962	-0,00235827639698982
184,119519	-0,00227896496653557
184,228406	-0,00245422497391701
184,336910	-0,00277869775891304
184,447711	-0,00309710949659348
184,557473	-0,00353023782372475
184,666235	-0,00364247336983681
184,773936	-0,00364675372838974
184,884630	-0,00339090824127197
184,995660	-0,00301868468523026
185,106192	-0,00264851376414299
185,215229	-0,00237252563238144
185,324593	-0,00228038802742958
185,435827	-0,0024290457367897
185,546219	-0,00274258852005005
185,656399	-0,0031389407813549
185,766256	-0,00343845784664154
185,876716	-0,00370097532868385
185,986950	-0,0037066824734211
186,097581	-0,00344416499137878
186,207292	-0,00307762250304222
186,317780	-0,00264471396803856
186,427826	-0,00242239609360695
186,537733	-0,00233453139662743
186,648062	-0,0024413950741291
186,759381	-0,00279152765870094
186,867873	-0,00312277674674988
186,978032	-0,003550685942173
187,087873	-0,0037471130490303
187,196920	-0,00378089025616646
187,306452	-0,00356542691588402
187,415991	-0,0032791793346405
187,526169	-0,00280863419175148
187,636289	-0,0024903230369091
187,746412	-0,00234497711062431
187,855423	-0,00239674746990204
187,964212	-0,00264186039566994
188,073746	-0,00307334586977959
188,182965	-0,00348410755395889
188,291993	-0,00365293771028519
188,402548	-0,00372904166579247
188,512942	-0,003550685942173
188,623589	-0,00315605476498604
188,734224	-0,00282194092869759
188,844265	-0,0024903230369091
188,953951	-0,00230033323168755
189,063301	-0,00235353037714958
189,173459	-0,002601008862257
189,284001	-0,00289464369416237
189,393832	-0,00333100184798241
189,502902	-0,00360727682709694
189,612042	-0,00368337705731392
189,721743	-0,00350740924477577
189,830950	-0,00311992689967155
189,939337	-0,00278535112738609
190,046923	-0,00251312181353569
190,157472	-0,00229178741574287
190,265192	-0,0023188591003418
190,374724	-0,00260385870933533
190,483767	-0,00298066437244415
190,593175	-0,00330960750579834
190,703183	-0,00362202152609825
190,812507	-0,00374853983521461
190,922294	-0,00362582877278328
191,032306	-0,00331911444664001
191,142009	-0,00293314084410667
191,252058	-0,00259530916810036
191,362437	-0,00237869843840599
191,473118	-0,00236492976546288
191,583196	-0,00260385870933533
191,693272	-0,00288371369242668
191,802488	-0,00327679887413979
191,912455	-0,00364485010504723
192,022882	-0,00376233831048012
192,132632	-0,00366862863302231
192,242187	-0,00332196801900864
192,352921	-0,00299634784460068
192,462405	-0,00262903422117233
192,570520	-0,00235163047909737
192,678758	-0,00232740864157677
192,787416	-0,00251692160964012
192,896628	-0,00283809751272202
193,006511	-0,00316698476672173
193,113879	-0,00355448946356773
193,221500	-0,00371762365102768
193,330554	-0,003667201846838
193,440910	-0,00335809960961342
193,551936	-0,00298589095473289
193,661433	-0,0026746466755867
193,770764	-0,00238059833645821
193,880476	-0,00233690440654755
193,988578	-0,00248462334275246
194,098469	-0,00280388444662094
194,207243	-0,00325825810432434
194,316608	-0,00358302146196365
194,425910	-0,00372713804244995
194,535926	-0,00370525568723679
194,645555	-0,00347745046019554
194,754406	-0,00304767861962318
194,862639	-0,00272215530276299
194,973663	-0,00239579752087593
195,082613	-0,00230365991592407
195,190463	-0,00237632542848587
195,300006	-0,00270172581076622
195,409537	-0,00315415114164352
195,520807	-0,00345034524798393
195,628932	-0,00369289144873619
195,737447	-0,00370049849152565
195,846997	-0,00349028781056404
195,956780	-0,00314322113990784
196,067758	-0,00275304168462753
196,176376	-0,00238772109150887
196,286937	-0,0022461973130703
196,396359	-0,0023198090493679
196,505683	-0,0025758296251297
196,614869	-0,00288419052958488
196,725901	-0,00332054123282433
196,836093	-0,00360632315278053
196,944937	-0,0036410428583622
197,055114	-0,00348172709345818
197,165080	-0,00303104147315025
197,274854	-0,00270410254597664
197,384839	-0,0023796483874321
197,495388	-0,00221200659871101
197,604262	-0,00225474312901497
197,712146	-0,0024903230369091
197,822148	-0,00284997373819351
197,929958	-0,00322973728179932
198,038780	-0,00351977348327637
198,148883	-0,00363343581557274
198,257155	-0,00352500379085541
198,365995	-0,0032401941716671
198,474014	-0,00281623750925064
198,582788	-0,00248176977038383
198,691990	-0,00229416042566299
198,801667	-0,00230793282389641
198,909643	-0,00257297977805138
199,020715	-0,00287278369069099
199,129403	-0,00325635820627213
199,237619	-0,00360727682709694
199,345036	-0,00370573252439499
199,455063	-0,00357969477772713
199,563888	-0,00328107923269272
199,673470	-0,00296450778841972
199,782731	-0,00255017355084419
199,891843	-0,00231030955910683
199,999758	-0,00229226052761078
200,107973	-0,00246847048401833
200,217000	-0,00279342755675316
200,324177	-0,00317934527993202
200,433706	-0,00346651300787926
200,544520	-0,00368194654583931
200,655235	-0,00361203029751778
200,763356	-0,00333860889077187
200,872922	-0,00302296504378319
200,983995	-0,00258010253310204
201,092626	-0,00232550874352455
201,200773	-0,0022580698132515
201,311629	-0,00235447660088539
201,421416	-0,00269222632050514
201,530630	-0,0031389407813549
201,639562	-0,00342324003577232
201,750754	-0,00362630188465118
201,859912	-0,00359919294714928
201,970054	-0,00336095318198204
202,080744	-0,00300252810120583
202,190674	-0,00262143462896347
202,300479	-0,00234877690672874
202,409404	-0,00224809721112251
202,517155	-0,00234593078494072
202,627577	-0,00268937274813652
202,737945	-0,00307429581880569
202,844798	-0,0034208633005619
202,953156	-0,00362963229417801
203,063980	-0,00364342331886292
203,173931	-0,00342656672000885
203,283997	-0,00300585478544235
203,393430	-0,00262618437409401
203,502282	-0,00235067680478096
203,612912	-0,0022461973130703
203,722838	-0,00234925374388695
203,832392	-0,00257772952318192
203,941557	-0,00301583483815193
204,050690	-0,00338330119848251
204,161018	-0,00365103408694267
204,270708	-0,00365816801786423
204,379439	-0,00350788608193398
204,489069	-0,00318599864840508
204,598669	-0,00280816107988358
204,708203	-0,00249602273106575
204,818741	-0,0023312047123909
204,928991	-0,00239342078566551
205,038625	-0,00270220264792442
205,148807	-0,00301725789904594
205,259176	-0,00346270948648453
205,368950	-0,00369193777441978
205,478780	-0,00378041341900826
205,587404	-0,00365103408694267
205,697459	-0,00334050878882408
205,807897	-0,00290082395076752
205,916938	-0,00257345288991928
206,027154	-0,00239484757184982
206,137040	-0,00243474543094635
206,245733	-0,00265801325440407
206,355855	-0,00300252810120583
206,465109	-0,00338330119848251
206,575167	-0,00367576628923416
206,683184	-0,00379373133182526
206,792838	-0,00366387516260147
206,904128	-0,00329819694161415
207,014621	-0,002974484115839
207,124459	-0,00262190774083138
207,235539	-0,00240244716405869
207,344618	-0,00238154828548431
207,454008	-0,00260243192315102
207,563867	-0,00294692069292068
207,674008	-0,00331245735287666
207,785124	-0,00359443575143814
207,896745	-0,00370525568723679
208,006477	-0,00355543941259384
208,116288	-0,00324304774403572
208,225992	-0,00285377725958824
208,334441	-0,00250647217035294
208,443022	-0,00228988751769066
208,553419	-0,00226566568017006
208,662751	-0,00245564803481102
208,770392	-0,0027235820889473
208,880432	-0,00316270813345909
208,990669	-0,00352833420038223
209,098931	-0,00365341082215309
209,208041	-0,00356638059020042
209,319176	-0,0032910630106926
209,430011	-0,00292316079139709
209,538683	-0,00257487967610359
209,648396	-0,00236967578530312
209,757732	-0,00230365991592407
209,865944	-0,00247179716825485
209,975201	-0,00286518037319183
210,084479	-0,00319931283593178
210,194576	-0,00360109284520149
210,303985	-0,00375853106379509
210,412763	-0,0037594847381115
210,522646	-0,00350265577435493
210,631562	-0,00308284908533096
210,740808	-0,0027863010764122
210,851334	-0,00252309814095497
210,958711	-0,0024409219622612
211,070693	-0,00259435549378395
211,180491	-0,00283857062458992
211,290571	-0,00321737304329872
211,400447	-0,00355971977114677
211,509540	-0,00378897413611412
211,619876	-0,0037471130490303
211,730887	-0,00349551811814308
211,841993	-0,00319408252835274
211,952472	-0,00275921821594238
212,062207	-0,00253117457032204
212,171042	-0,00241811946034431
212,279856	-0,0025026723742485
212,390718	-0,00282051414251328
212,499781	-0,00324637442827225
212,609834	-0,00352025032043457
212,718858	-0,00372713804244995
212,828505	-0,00371238961815834
212,936269	-0,00352785736322403
213,045570	-0,00311089307069778
213,155380	-0,00272310525178909
213,263935	-0,00238724797964096
213,373187	-0,00229891017079353
213,482555	-0,00235780328512192
213,592024	-0,00259863212704659
213,701050	-0,00309710949659348
213,812200	-0,00345462560653687
213,921918	-0,00365388765931129
214,031607	-0,00371238961815834
214,140771	-0,00350550934672356
214,250646	-0,00316508486866951
214,361422	-0,00278392434120178
214,470764	-0,00250837206840515
214,580984	-0,00230413302779198
214,691800	-0,00236112996935844
214,800525	-0,00259815528988838
214,910580	-0,00295357406139374
215,019486	-0,00342656672000885
215,129711	-0,00364056974649429
215,237937	-0,00367005541920662
215,348399	-0,00354450196027756
215,458231	-0,00310994312167168
215,568293	-0,00277917459607124
215,678845	-0,00242571905255318
215,788008	-0,00220915675163269
215,896576	-0,00226851552724838
216,004775	-0,00247986987233162
216,113296	-0,00278535112738609
216,221202	-0,00316936150193214
216,329422	-0,00351834669709206
216,436788	-0,00361964479088783
216,547444	-0,00352025032043457
216,655636	-0,00324922800064087
216,765426	-0,00282289087772369
216,875406	-0,00254542753100395
216,986124	-0,00230935961008072
217,093508	-0,00229796022176743
217,203038	-0,00250837206840515
217,313907	-0,00278107449412346
217,423368	-0,00315510109066963
217,532937	-0,00351263955235481
217,643628	-0,00364532694220543
217,753508	-0,00355591624975204
217,863592	-0,00322878360748291
217,973620	-0,00284997373819351
218,082227	-0,00255635008215904
218,192538	-0,00231648609042168
218,299618	-0,00226091966032982
218,409146	-0,00244852155447006
218,518604	-0,00284237414598465
218,628470	-0,00322070345282555
218,740422	-0,00353974848985672
218,849806	-0,00368147343397141
218,958896	-0,00364913046360016
219,069659	-0,00336095318198204
219,179784	-0,00306098908185959
219,288277	-0,00263283774256706
219,397063	-0,00238107517361641
219,507684	-0,00231363251805305
219,617572	-0,00244424492120743
219,726887	-0,00274496525526047
219,835768	-0,00318362191319466
219,942902	-0,00350598245859146
220,053859	-0,00366482511162758
220,162786	-0,00364056974649429
220,272490	-0,00336095318198204
220,380753	-0,00312705710530281
220,489717	-0,00275304168462753
220,599146	-0,00242524594068527
220,709027	-0,00232075899839401
220,819439	-0,00244994834065437
220,927605	-0,00269317626953125
221,035652	-0,00312895700335503
221,145530	-0,00347935035824776
221,255887	-0,00366625189781189
221,365567	-0,00370953604578972
221,474440	-0,00350170210003853
221,584295	-0,00316128134727478
221,694931	-0,0027858279645443
221,804666	-0,00253117457032204
221,916432	-0,00235210359096527
222,026052	-0,00243474543094635
222,136773	-0,00264376029372215
222,245813	-0,00300015136599541
222,354299	-0,00341182947158813
222,463471	-0,00367433950304985
222,572723	-0,0036933645606041
222,682470	-0,00357113406062126
222,793465	-0,00315605476498604
222,902526	-0,00279105082154274
223,012231	-0,00249982252717018
223,120690	-0,00237679854035378
223,230532	-0,0024285726249218
223,340521	-0,00267321988940239
223,450671	-0,00301963463425636
223,560579	-0,0033295750617981
223,669499	-0,00365103408694267
223,779594	-0,00373189523816109
223,890587	-0,00360965356230736
224,001208	-0,00332339480519295
224,111469	-0,0028984472155571
224,222554	-0,00255824998021126
224,332226	-0,00242951884865761
224,440693	-0,00246229767799377
224,549831	-0,00267654657363892
224,659653	-0,00307144224643707
224,769662	-0,00337331369519234
224,880724	-0,00367861986160278
224,990846	-0,00374187901616096
225,101232	-0,00355306267738342
225,210496	-0,00321642309427261
225,319495	-0,00289131700992584
225,427107	-0,00254732742905617
225,535495	-0,00233263149857521
225,645733	-0,00231268629431725
225,757007	-0,00248319655656815
225,866995	-0,00285377725958824
225,977976	-0,00328107923269272
226,088006	-0,00355734303593636
226,197683	-0,00364675372838974
226,307959	-0,00357921794056892
226,417006	-0,00331959128379822
226,528001	-0,00296688079833984
226,638031	-0,00257440283894539
226,748559	-0,00237109884619713
226,859646	-0,00234640389680862
226,968488	-0,00250789895653725
227,077081	-0,00280388444662094
227,188338	-0,00321024283766747
227,298179	-0,003446064889431
227,408851	-0,00358587503433228
227,518766	-0,00352880731225014
227,629031	-0,00324352458119392
227,738956	-0,00284189730882645
227,848366	-0,00258152931928635
227,959155	-0,00237632542848587
228,069373	-0,0023677758872509
228,179267	-0,00262048467993736
228,288891	-0,00290557742118835
228,398763	-0,00328630954027176
228,507036	-0,0036020465195179
228,618469	-0,00376233831048012
228,727697	-0,00369193777441978
228,838093	-0,00342609360814095
228,949448	-0,00306669250130653
229,059528	-0,00272120535373688
229,169522	-0,0024898461997509
229,280648	-0,00243664532899857
229,381985	-0,00257345288991928
229,482606	-0,0028613805770874
229,582656	-0,00314987450838089
229,684579	-0,00347459688782692
229,785930	-0,00368194654583931
229,885965	-0,00370811298489571
229,986183	-0,0035635270178318
230,086186	-0,00325968489050865
230,186746	-0,00295737385749817
230,286775	-0,00266941636800766
230,386807	-0,00241241976618767
230,488336	-0,00238249823451042
230,590406	-0,0024903230369091
230,690547	-0,00280958786606789
230,790641	-0,00310708954930305
230,892403	-0,00339185819029808
230,993977	-0,00362344831228256
231,094508	-0,00367861986160278
231,194605	-0,00356400012969971
231,296168	-0,00329058989882469
231,396206	-0,002935990691185
231,497987	-0,00265089049935341
231,599173	-0,00242524594068527
231,700441	-0,00237157568335533
231,801458	-0,00246942415833473
231,902503	-0,00267274305224419
232,003537	-0,00306859239935875
232,103567	-0,00335049256682396
232,204682	-0,00355876982212067
232,306627	-0,0036419965326786
232,407615	-0,00353309139609337
232,507762	-0,00331436097621918
232,609528	-0,00296403095126152
232,710595	-0,00261715799570084
232,811857	-0,00239532068371773
232,912015	-0,00233785435557365
233,013088	-0,00244614854454994
233,114952	-0,00265469029545784
233,215649	-0,0029992014169693
233,317055	-0,00333860889077187
233,417227	-0,00354212522506714
233,517985	-0,00363248214125633
233,619534	-0,00351691991090775
233,720562	-0,00330200046300888
233,822495	-0,00295167043805122
233,924369	-0,00266466662287712
234,025913	-0,00241811946034431
234,126248	-0,00232978165149689
234,226610	-0,00241004675626755
234,326688	-0,00265754014253616
234,427139	-0,003011554479599
234,528026	-0,00331103429198265
234,628575	-0,00357969477772713
234,728655	-0,00368527695536613
234,830369	-0,00360585004091263
234,930879	-0,00336095318198204
235,032413	-0,00306669250130653
235,133921	-0,00271645560860634
235,234332	-0,00246324762701988
235,334966	-0,00237917527556419
235,436015	-0,00246467068791389
235,537866	-0,00265374034643173
235,638168	-0,00300015136599541
235,738749	-0,00335239619016647
235,840743	-0,00359491258859634
235,940785	-0,00372475758194923
236,041725	-0,00365055724978447
236,142232	-0,00345462560653687
236,243905	-0,00310661643743515
236,345832	-0,00274781510233879
236,446541	-0,00252167508006096
236,548225	-0,00239532068371773
236,648718	-0,00246467068791389
236,750560	-0,00265184044837952
236,850569	-0,00298874452710152
236,950618	-0,00334526225924492
237,050811	-0,0035763643682003
237,152329	-0,00370049849152565
237,252621	-0,00366434827446938
237,354273	-0,0034465417265892
237,454739	-0,00315700471401215
237,556390	-0,00279675424098969
237,657956	-0,0025140754878521
237,758705	-0,00239627435803413
237,858811	-0,00242571905255318
237,959714	-0,00263426080346107
238,060366	-0,00291460752487183
238,160614	-0,00327537581324577
238,262600	-0,00356495007872581
238,362785	-0,00368718057870865
238,464627	-0,00364532694220543
238,564926	-0,0034208633005619
238,665717	-0,00312848016619682
238,767107	-0,00281861424446106
238,867886	-0,00245802477002144
238,967998	-0,00232693180441856
239,070350	-0,002330731600523
239,170546	-0,00255302712321281
239,271604	-0,00282811746001244
239,371650	-0,0031251534819603
239,472536	-0,00344891846179962
239,574381	-0,00361393392086029
239,674869	-0,0036015696823597
239,775664	-0,00341135263442993
239,876211	-0,00308189913630486
239,976729	-0,00278059765696526
240,077659	-0,00250409916043282
240,178100	-0,00227658823132515
240,280336	-0,00226614251732826
240,380389	-0,00239959731698036
240,480585	-0,00274733826518059
240,581093	-0,00304720550775528
240,681838	-0,00331531092524529
240,781938	-0,00351549312472343
240,882475	-0,00351026281714439
240,982529	-0,00336190313100815
241,082829	-0,00305766239762306
241,183652	-0,00270315259695053
241,284156	-0,00244377180933952
241,385447	-0,00226329267024994
241,486117	-0,00225189700722694
241,586661	-0,00241527333855629
241,687924	-0,00266514346003532
241,788454	-0,00304672867059708
241,888635	-0,00339804217219353
241,990663	-0,00359348580241203
242,092696	-0,0036415196955204
242,193755	-0,00349884852766991
242,294667	-0,00326301157474518
242,395963	-0,00284189730882645
242,496666	-0,00258152931928635
242,598002	-0,00240292027592659
242,698621	-0,00236540287733078
242,799028	-0,00251122191548347
242,900776	-0,00274306535720825
243,001646	-0,0031009130179882
243,101806	-0,00343893095850945
243,201886	-0,00362963229417801
243,302154	-0,00368575379252434
243,403875	-0,00352976098656654
243,504976	-0,0032920129597187
243,605027	-0,00298731774091721
243,705994	-0,00260290876030922
243,806791	-0,0024290457367897
243,906931	-0,00238819792866707
244,008598	-0,00250789895653725
244,110064	-0,00278107449412346
244,210659	-0,00308475270867348
244,311108	-0,00342656672000885
244,412917	-0,00366434827446938
244,513059	-0,00371001288294792
244,614419	-0,00359015539288521
244,714477	-0,00330580398440361
244,814696	-0,00299587473273277
244,916604	-0,00270885601639748
245,016842	-0,00242477282881737
245,118550	-0,00236872583627701
245,220385	-0,00243854522705078
245,320572	-0,00273450836539268
245,421897	-0,00303056836128235
245,524158	-0,0033172145485878
245,624274	-0,0036025196313858
245,725857	-0,00364722684025764
245,826562	-0,00355638936161995
245,928294	-0,00328535959124565
246,028512	-0,00292125716805458
246,129931	-0,00262998417019844
246,231187	-0,002367302775383
246,332765	-0,0022827610373497
246,433944	-0,00235733017325401
246,534490	-0,00259910896420479
246,636049	-0,00294787064194679
246,736077	-0,00323972105979919
246,836656	-0,00347507372498512
246,937776	-0,00359396263957024
247,038789	-0,00351644307374954
247,139861	-0,00331293419003487
247,240449	-0,00291650742292404
247,340469	-0,0026375874876976
247,441105	-0,00242429599165916
247,542087	-0,00232550874352455
247,643877	-0,00241431966423988
247,744622	-0,00263663753867149
247,846514	-0,00299587473273277
247,947719	-0,00336761027574539
248,047960	-0,00361298397183418
248,148056	-0,00373664870858192
248,248553	-0,00366387516260147
248,350573	-0,00345415249466896
248,450732	-0,00316556170582771
248,550750	-0,00273450836539268
248,652364	-0,00249126926064491
248,753759	-0,00235495343804359
248,854646	-0,00237062573432922
248,956644	-0,00257487967610359
249,057931	-0,00290272384881973
249,159561	-0,0032026395201683
249,260641	-0,00349266827106476
249,361603	-0,00362725183367729
249,462673	-0,00358777865767479
249,564159	-0,00336428359150887
249,664481	-0,00303864851593971
249,764906	-0,00275541469454765
249,865795	-0,00249364599585533
249,967292	-0,00238914787769318
250,068332	-0,00242429599165916
250,168480	-0,00264233723282814
250,270352	-0,00291603431105614
250,372349	-0,0032787024974823
250,472567	-0,00352262705564499
250,574109	-0,00367814302444458
250,674533	-0,00362915545701981
250,774558	-0,00344796851277351
250,874782	-0,00311802327632904
250,976508	-0,00275304168462753
251,077160	-0,00251217558979988
251,177755	-0,00235685333609581
251,279163	-0,00240197405219078
251,379635	-0,00256965309381485
251,480745	-0,00288799032568932
251,582052	-0,00326206162571907
251,683107	-0,00351834669709206
251,784129	-0,00369051098823547
251,885340	-0,0036543644964695
251,987264	-0,00348030403256416
252,087378	-0,00320691615343094
252,188486	-0,0027744248509407
252,290752	-0,00251597538590431
