0,101057	-0,00190432369709015
0,201923	-1,12950801849365E-5
0,302645	0,000709876418113708
0,404552	0,000502541661262512
0,506537	-0,00128282606601715
0,608219	-0,00325345993041992
0,708922	-0,00546234846115112
0,810847	-0,00792312622070313
0,912196	-0,00873717665672302
1,012973	-0,00850978493690491
1,114136	-0,00658605992794037
1,215873	-0,00453504920005798
1,316800	-0,0023566335439682
1,417219	-0,000296145677566528
1,517997	0,000710353255271912
1,618607	0,000509127974510193
1,719965	-0,000900179147720337
1,820051	-0,00320690870285034
1,922166	-0,00539079308509827
2,023982	-0,00757142901420593
2,124160	-0,00867299735546112
2,226213	-0,0084649920463562
2,328154	-0,00693707168102264
2,430045	-0,00451812148094177
2,530132	-0,00234158337116241
2,631934	-0,000275462865829468
2,733124	0,000740915536880493
2,834053	0,000547677278518677
2,935975	-0,000855535268783569
3,036101	-0,00276245176792145
3,137169	-0,00539785623550415
3,239042	-0,00762848556041718
3,341045	-0,00866734981536865
3,442199	-0,00843009352684021
3,543643	-0,00708408653736115
3,644696	-0,00512716174125671
3,745065	-0,00213658809661865
3,846293	-0,000432461500167847
3,947566	0,000536859035491943
4,048099	0,000463992357254028
4,149772	-0,000921815633773804
4,250860	-0,00280007719993591
4,351839	-0,00541102886199951
4,452837	-0,00763508677482605
4,553919	-0,00870132446289063
4,655360	-0,00863951444625854
4,757077	-0,00714112818241119
4,859007	-0,00518929958343506
4,959028	-0,00258469581604004
5,059177	-0,000488877296447754
5,159754	0,000485152006149292
5,261232	0,000535458326339722
5,362074	-0,000924155116081238
5,463922	-0,0027746856212616
5,564016	-0,00495864450931549
5,665936	-0,00728484988212585
5,766153	-0,00868433713912964
5,866709	-0,0087352842092514
5,968196	-0,00749319791793823
6,069451	-0,0052260160446167
6,169882	-0,00304886698722839
6,271920	-0,000827327370643616
6,372290	0,000463992357254028
6,474255	0,000520870089530945
6,576252	-0,000601693987846375
6,676982	-0,0027586966753006
6,778252	-0,00493180751800537
6,878866	-0,00725987553596497
6,979224	-0,00853148102760315
7,080177	-0,00871075689792633
7,180187	-0,00747999548912048
7,282224	-0,00561019778251648
7,383952	-0,00300934910774231
7,484203	-0,000772789120674133
7,584398	0,000405222177505493
7,684921	0,000592350959777832
7,786310	-0,00050768256187439
7,886399	-0,00226542353630066
7,988452	-0,00482919812202454
8,090320	-0,00718824565410614
8,192470	-0,00847253203392029
8,293592	-0,00868338346481323
8,395052	-0,0074898898601532
8,495430	-0,00562667846679688
8,596067	-0,00348301231861115
8,696357	-0,00079113245010376
8,798171	0,000396758317947388
8,899499	0,000660046935081482
9,000968	-0,000491708517074585
9,102820	-0,00224660336971283
9,202895	-0,0043717622756958
9,304843	-0,0071939080953598
9,404952	-0,00850695371627808
9,506786	-0,00881831347942352
9,606998	-0,00788353383541107
9,708115	-0,00575004518032074
9,809853	-0,00361990928649902
9,911805	-0,00123628973960876
10,013398	0,000264659523963928
10,114943	0,000541090965270996
10,216144	-0,000320121645927429
10,316168	-0,00233641266822815
10,416766	-0,00443530082702637
10,518145	-0,00692246854305267
10,619157	-0,00856545567512512
10,721071	-0,00888955593109131
10,821883	-0,00795000791549683
10,922775	-0,00581032037734985
11,023128	-0,00367918610572815
11,123878	-0,00128047168254852
11,224380	6,95735216140747E-5
11,325896	0,00058293342590332
11,426297	-2,02208757400513E-5
11,527952	-0,00184084475040436
11,628252	-0,00431764125823975
11,729595	-0,00642682611942291
11,831098	-0,00824332237243652
11,932254	-0,00879189372062683
12,033079	-0,00811174511909485
12,135004	-0,00615882873535156
12,236823	-0,00363777577877045
12,338357	-0,00124803185462952
12,439704	7,84993171691895E-5
12,540832	0,000591874122619629
12,641362	-0,000263243913650513
12,741401	-0,00185683369636536
12,843120	-0,00392287969589233
12,943958	-0,00650456547737122
13,045299	-0,00835651159286499
13,146148	-0,0089527815580368
13,247716	-0,0080447793006897
13,347885	-0,00636701285839081
13,447904	-0,00427483022212982
13,548857	-0,00178819894790649
13,650902	-7,94529914855957E-5
13,750968	0,000457406044006348
13,851008	-0,000148072838783264
13,952170	-0,00193347036838531
14,052210	-0,00396193563938141
14,154059	-0,00612537562847137
14,254443	-0,00837300717830658
14,355268	-0,00898675620555878
14,457101	-0,00851921737194061
14,558278	-0,00640515983104706
14,658950	-0,00431576371192932
14,760183	-0,00221745669841766
14,860952	-0,000112816691398621
14,962339	0,000460699200630188
15,064282	5,40614128112793E-5
15,164934	-0,00152069330215454
15,266126	-0,00391018390655518
15,366307	-0,00604483485221863
15,468173	-0,0080542266368866
15,568774	-0,00890512764453888
15,669993	-0,00844612717628479
15,771236	-0,0067259818315506
15,872575	-0,00424329936504364
15,974165	-0,00213563442230225
16,074223	-0,000482290983200073
16,175079	0,000561773777008057
16,276115	0,00017017126083374
16,376522	-0,00104731321334839
16,477070	-0,00376197695732117
16,578994	-0,00589132308959961
16,679016	-0,00764450430870056
16,790950	-0,00873859226703644
16,899970	-0,00834141671657562
17,008979	-0,00665955245494843
17,118096	-0,0041821300983429
17,228828	-0,00136180222034454
17,338766	0,000192731618881226
17,448810	0,00045505166053772
17,558933	-0,000721558928489685
17,668477	-0,00250475108623505
17,778061	-0,00504337251186371
17,886615	-0,0073503702878952
17,996671	-0,00865224003791809
18,106322	-0,00836263597011566
18,216334	-0,00667086243629456
18,325941	-0,00418823957443237
18,435660	-0,00209943950176239
18,545306	3,10242176055908E-5
18,654998	0,000623375177383423
18,765293	-0,000380769371986389
18,876010	-0,0020439624786377
18,986310	-0,00499206781387329
19,096379	-0,0076214075088501
19,205688	-0,0086536705493927
19,315776	-0,00856214761734009
19,426310	-0,00711141526699066
19,537056	-0,00472283363342285
19,646996	-0,00223203003406525
19,758127	-0,000317767262458801
19,869290	0,000495970249176025
19,979835	-0,000258073210716248
20,090794	-0,00252684950828552
20,200182	-0,00463107228279114
20,307151	-0,00703650712966919
20,416399	-0,00854139029979706
20,527061	-0,00871594250202179
20,636443	-0,00743521749973297
20,745825	-0,00470824539661407
20,856101	-0,00179712474346161
20,966689	-0,000238329172134399
21,077275	0,000584825873374939
21,187827	-0,00014244019985199
21,297564	-0,00200964510440826
21,408170	-0,00451341271400452
21,518230	-0,00656674802303314
21,631064	-0,00861120223999023
21,740942	-0,00867441296577454
21,851139	-0,00709398090839386
21,960918	-0,0051342248916626
22,065903	-0,00257153809070587
22,175928	-0,000202596187591553
22,290818	0,000648289918899536
22,400046	-5,21838665008545E-5
22,509346	-0,00151881575584412
22,616002	-0,0039774477481842
22,724174	-0,00647252798080444
22,834161	-0,00841829180717468
22,944205	-0,00865554809570313
23,055604	-0,00712698698043823
23,157757	-0,00562857091426849
23,267309	-0,0026702880859375
23,376660	-0,000572085380554199
23,482018	0,000384539365768433
23,591885	0,00022752583026886
23,699577	-0,000946730375289917
23,810627	-0,00363025069236755
23,922052	-0,00654272735118866
24,032130	-0,0080980658531189
24,142322	-0,00880792737007141
24,252049	-0,00779725611209869
24,357756	-0,00610466301441193
24,467906	-0,00356015563011169
24,572983	-0,000898778438568115
24,678777	0,00024820864200592
24,788437	0,000389248132705688
24,898449	-0,000612974166870117
25,007381	-0,0027262419462204
25,113091	-0,00609239935874939
25,223239	-0,00751392543315887
25,324190	-0,00869707763195038
25,435995	-0,00844989717006683
25,544787	-0,00610701739788055
25,655444	-0,00442352890968323
25,759407	-0,00157570838928223
25,869585	-0,000105306506156921
25,984992	0,000567421317100525
26,095546	-0,000550463795661926
26,205357	-0,00223343074321747
26,306680	-0,00474777817726135
26,416286	-0,00710529088973999
26,522699	-0,0086442232131958
26,631289	-0,00846074521541595
26,736520	-0,00724998116493225
26,840268	-0,00496287643909454
26,942189	-0,00287063419818878
27,052837	-0,000767618417739868
27,159852	0,000382184982299805
27,270741	-3,24398279190063E-5
27,378805	-0,00130115449428558
27,484052	-0,00360250473022461
27,590063	-0,00650598108768463
27,698274	-0,00808817148208618
27,807985	-0,00885841250419617
27,913763	-0,007929727435112
28,023308	-0,00546282529830933
28,138224	-0,00292046368122101
28,245672	-0,00107881426811218
28,350746	0,000239744782447815
28,462054	0,000309795141220093
28,570851	-0,000911474227905273
28,681255	-0,00308084487915039
28,791094	-0,00599116086959839
28,900945	-0,00797782838344574
29,012344	-0,00876641273498535
29,126590	-0,00789155066013336
29,233566	-0,0062808096408844
29,342643	-0,00378596782684326
29,447263	-0,00146287679672241
29,556951	5,50001859664917E-5
29,666892	0,000282526016235352
29,776417	-0,000931680202484131
29,886004	-0,00308459997177124
29,994077	-0,00560688972473145
30,097147	-0,00773973762989044
30,208387	-0,00875604152679443
30,323455	-0,00837583839893341
30,434649	-0,00667650997638702
30,544447	-0,00381091237068176
30,653913	-0,00183051824569702
30,759254	-0,000110000371932983
30,869175	0,000422626733779907
30,973762	-0,000352084636688232
31,075689	-0,00221697986125946
31,176901	-0,00428329408168793
31,281254	-0,00670383870601654
31,388888	-0,00837536156177521
31,497539	-0,00866027176380157
31,609357	-0,00736357271671295
31,719220	-0,00511728227138519
31,829701	-0,00223296880722046
31,933696	-0,000608265399932861
32,043996	0,000274538993835449
32,154138	2,02059745788574E-5
32,258299	-0,00186435878276825
32,368301	-0,00429600477218628
32,478010	-0,00633874535560608
32,588181	-0,0083843320608139
32,697724	-0,00874850153923035
32,804419	-0,00768128037452698
32,904758	-0,00634205341339111
33,010471	-0,00300559401512146
33,115767	-0,00116719305515289
33,224222	7,23898410797119E-5
33,331278	0,000365272164344788
33,440975	-0,000784546136856079
33,549025	-0,0029044896364212
33,658833	-0,0058310329914093
33,769055	-0,00758275389671326
33,873853	-0,00866875052452087
33,978890	-0,00815844535827637
34,087107	-0,00704923272132874
34,193856	-0,00387254357337952
34,304551	-0,00188645720481873
34,414181	2,9146671295166E-5
34,518058	0,000416502356529236
34,628419	-0,000549525022506714
34,737445	-0,00252826511859894
34,847081	-0,00460752844810486
34,956990	-0,00729097425937653
35,070830	-0,00860224664211273
35,181221	-0,00838716328144073
35,291062	-0,00673729181289673
35,397030	-0,00475719571113586
35,508064	-0,00228045880794525
35,617947	-0,000146657228469849
35,728533	0,000445187091827393
35,835214	-4,98294830322266E-5
35,946106	-0,00205947458744049
36,060991	-0,00451387465000153
36,172154	-0,00685320794582367
36,283728	-0,00837773084640503
36,394075	-0,00845319032669067
36,504051	-0,00667133927345276
36,610033	-0,00470870733261108
36,720837	-0,00261479616165161
36,830002	-8,7440013885498E-5
36,940881	0,000496432185173035
37,051201	2,82078981399536E-5
37,157216	-0,00200116634368896
37,266395	-0,00447246432304382
37,375704	-0,00648383796215057
37,486805	-0,00841498374938965
37,596246	-0,00863572955131531
37,706159	-0,00744038820266724
37,807760	-0,00567328929901123
37,918110	-0,00277093052864075
38,028212	-0,00101816654205322
38,136919	0,000291928648948669
38,246996	5,73396682739258E-5
38,355181	-0,00141774117946625
38,462477	-0,00370599329471588
38,572269	-0,00655308365821838
38,680135	-0,00830556452274323
38,789433	-0,00876924395561218
38,900910	-0,00803346931934357
39,010251	-0,00571708381175995
39,119878	-0,00361520051956177
39,229977	-0,00133922696113586
39,340197	0,000107169151306152
39,445820	9,21338796615601E-5
39,556457	-0,00105953216552734
39,662876	-0,00324922800064087
39,773282	-0,00576794147491455
39,881951	-0,00783166289329529
39,983306	-0,00879424810409546
40,090083	-0,00831641256809235
40,198965	-0,00655403733253479
40,308612	-0,0041162520647049
40,419121	-0,00140364468097687
40,523622	-9,77814197540283E-5
40,633490	0,000285357236862183
40,744695	-0,000505328178405762
40,853321	-0,00243468582630157
40,961444	-0,00532582402229309
41,070708	-0,0074903666973114
41,174349	-0,00857394933700562
41,285228	-0,00859281420707703
41,394633	-0,00690643489360809
41,496825	-0,00497323274612427
41,606092	-0,00248125195503235
41,716125	-0,000541985034942627
41,826111	0,000341281294822693
41,936142	-0,000258073210716248
42,047176	-0,00241681933403015
42,156859	-0,00490027666091919
42,267390	-0,00719907879829407
42,377962	-0,00846216082572937
42,479093	-0,00863716006278992
42,586982	-0,00760160386562347
42,692543	-0,005435511469841
42,794072	-0,00253061950206757
42,895773	-0,000847071409225464
43,005953	0,000165939331054688
43,116140	8,93175601959229E-5
43,225547	-0,00165937840938568
43,327932	-0,00317209959030151
43,438671	-0,005687415599823
43,546812	-0,00803111493587494
43,659046	-0,00879897177219391
43,769656	-0,00815041363239288
43,878351	-0,00664165616035461
43,988227	-0,00380007922649384
44,089340	-0,00149907171726227
44,193784	-0,000176280736923218
44,308533	0,000264659523963928
44,417932	-0,000731438398361206
44,527587	-0,00276339054107666
44,637895	-0,00526037812232971
44,746556	-0,00746631622314453
44,856480	-0,0087890625
44,964565	-0,00838574767112732
45,074489	-0,00704310834407806
45,184387	-0,00428000092506409
45,294966	-0,00188268721103668
45,405154	-0,000216707587242126
45,515945	0,000287234783172607
45,625927	-0,000486999750137329
45,741175	-0,00276574492454529
45,852298	-0,00523778796195984
45,963008	-0,00773501396179199
46,071644	-0,00869613885879517
46,181853	-0,00836782157421112
46,286369	-0,00703367590904236
46,390044	-0,00468330085277557
46,504160	-0,00220853090286255
46,615240	-0,000154197216033936
46,724496	0,000342220067977905
46,833234	-0,000379353761672974
46,943352	-0,00225177407264709
47,053257	-0,00511492788791656
47,154576	-0,00734518468379974
47,265565	-0,00849282741546631
47,375641	-0,00860130786895752
47,486088	-0,00734472274780273
47,596823	-0,0046936422586441
47,707258	-0,00261855125427246
47,810461	-0,000378414988517761
47,920974	0,000389248132705688
48,032933	-0,000362426042556763
48,142760	-0,00151082873344421
48,252886	-0,00425457954406738
48,363915	-0,00667698681354523
48,474433	-0,00834330916404724
48,584131	-0,00872066617012024
48,688679	-0,00741305947303772
48,797808	-0,00560688972473145
48,907744	-0,00272765755653381
49,017829	-0,00100594758987427
49,126685	0,000243499875068665
49,228646	-8,41468572616577E-5
49,338019	-0,00127342343330383
49,448253	-0,00391018390655518
49,558203	-0,00637690722942352
49,668215	-0,00820228457450867
49,779030	-0,00882492959499359
49,892602	-0,00801743566989899
50,003479	-0,00565116107463837
50,114214	-0,00315564870834351
50,225593	-0,000995129346847534
50,334208	0,000203549861907959
50,443802	0,000129744410514832
50,553062	-0,00149671733379364
50,662785	-0,00339175760746002
50,772007	-0,00627186894416809
50,881270	-0,00812165439128876
50,989486	-0,00878056883811951
51,094313	-0,00821644067764282
51,203791	-0,00642776489257813
51,312616	-0,00356815755367279
51,422661	-0,00129927694797516
51,532844	9,96589660644531E-5
51,646214	0,000260442495346069
51,757217	-0,00112722814083099
51,862052	-0,00293269753456116
51,972886	-0,00580042600631714
52,081206	-0,00780808925628662
52,190986	-0,00869943201541901
52,293867	-0,00834377110004425
52,403930	-0,00639998912811279
52,513935	-0,00438635051250458
52,624061	-0,00161799788475037
52,732421	-4,09036874771118E-5
52,842970	0,000374197959899902
52,957860	-0,000775143504142761
53,060195	-0,00245444476604462
53,171013	-0,0049016922712326
53,281124	-0,00715808570384979
53,390286	-0,00856073200702667
53,500041	-0,00826549530029297
53,607029	-0,0066835880279541
53,717407	-0,00473177433013916
53,825846	-0,00229080021381378
53,935024	-0,000171586871147156
54,039891	0,000432491302490234
54,141383	-2,58535146713257E-5
54,252061	-0,00200587511062622
54,363153	-0,00443011522293091
54,466635	-0,00679147243499756
54,577787	-0,00815513730049133
54,687094	-0,00856310129165649
54,797170	-0,00707465410232544
54,907554	-0,00479389727115631
55,017566	-0,00234158337116241
55,126264	-0,000434353947639465
55,236299	0,000413209199905396
55,347192	-3,10242176055908E-5
55,462299	-0,00163446366786957
55,571051	-0,00439058244228363
55,679680	-0,0063745528459549
55,789398	-0,00809100270271301
55,891029	-0,00856545567512512
56,000742	-0,00733718276023865
56,105490	-0,00557300448417664
56,216011	-0,00268957018852234
56,325604	-0,000908181071281433
56,435889	0,0004376620054245
56,545822	0,000235050916671753
56,656448	-0,00120103359222412
56,766571	-0,00306439399719238
56,876286	-0,00593087077140808
56,986932	-0,00783072412014008
57,102167	-0,00856214761734009
57,211231	-0,00786042213439941
57,323830	-0,00560453534126282
57,432882	-0,00313447415828705
57,543092	-0,000681132078170776
57,652422	0,000387370586395264
57,763808	0,000175803899765015
57,872873	-0,00123864412307739
57,982704	-0,00351029634475708
58,093224	-0,00557959079742432
58,202752	-0,00789767503738403
58,312589	-0,00864988565444946
58,422928	-0,00797499716281891
58,532492	-0,00612208247184753
58,643346	-0,00325816869735718
58,752145	-0,000789240002632141
58,863655	0,000198855996131897
58,974946	0,000112816691398621
59,079533	-0,000978201627731323
59,190185	-0,00352253019809723
59,294789	-0,00558240711688995
59,404790	-0,00764402747154236
59,507140	-0,00862017273902893
59,614378	-0,00820890069007874
59,725179	-0,00614234805107117
59,827577	-0,0045364648103714
59,938118	-0,00176844000816345
60,048062	-0,000132098793983459
60,158379	0,000289589166641235
60,265014	-0,000469595193862915
60,374372	-0,0027427077293396
60,483545	-0,00521518290042877
60,590805	-0,00709068775177002
60,701553	-0,00863716006278992
60,811077	-0,00846876204013824
60,916425	-0,00729946792125702
61,024634	-0,00507444143295288
61,134492	-0,00224284827709198
61,242389	-0,000444218516349792
61,352149	0,000248685479164124
61,462286	-0,000331878662109375
61,571180	-0,00204348564147949
61,671453	-0,00441740453243256
61,779433	-0,00677593052387238
61,889019	-0,00819239020347595
61,999446	-0,00870651006698608
62,110171	-0,00762800872325897
62,221279	-0,00551556050777435
62,332687	-0,00264018774032593
62,442716	-0,000662803649902344
62,552990	0,000271245837211609
62,663818	-7,61598348617554E-5
62,773877	-0,00129176676273346
62,889183	-0,00394311547279358
62,998014	-0,0070713609457016
63,107688	-0,00834614038467407
63,216304	-0,00871735811233521
63,326317	-0,00760632753372192
63,436642	-0,00509986281394958
63,545943	-0,00304180383682251
63,656186	-0,000675961375236511
63,767145	0,000291928648948669
63,877395	-1,97440385818481E-5
63,987486	-0,00153432786464691
64,096270	-0,00382784008979797
64,206824	-0,00626714527606964
64,316650	-0,00806930661201477
64,428444	-0,00862441956996918
64,538567	-0,00758087635040283
64,648307	-0,00587201118469238
64,758859	-0,00303004682064056
64,867861	-0,000924155116081238
64,977907	0,00023457407951355
65,087980	0,000132560729980469
65,197746	-0,00117424130439758
65,304573	-0,00379019975662231
65,414824	-0,00621016323566437
65,525814	-0,00779017806053162
65,636506	-0,00864800810813904
65,744737	-0,00806647539138794
65,860155	-0,00552262365818024
65,971023	-0,00347031652927399
66,074502	-0,00125133991241455
66,184605	0,000194624066352844
66,293941	0,000114232301712036
66,403342	-0,00120432674884796
66,512483	-0,00340399146080017
66,628697	-0,0062299370765686
66,737314	-0,00782601535320282
66,848136	-0,00866922736167908
66,958184	-0,00811457633972168
67,068248	-0,00633732974529266
67,179325	-0,00349383056163788
67,290139	-0,0015888512134552
67,400454	0,000120818614959717
67,515678	0,000282049179077148
67,625864	-0,00112441182136536
67,734806	-0,00289037823677063
67,845289	-0,00575992465019226
67,955863	-0,00774067640304565
68,066920	-0,00862866640090942
68,168123	-0,0081164687871933
68,278693	-0,00599163770675659
68,388084	-0,00398309528827667
68,495076	-0,00168007612228394
68,605686	-0,000122219324111938
68,715740	7,84993171691895E-5
68,826435	-0,000894546508789063
68,935680	-0,00256495177745819
69,045746	-0,00499819219112396
69,156190	-0,0074898898601532
69,266198	-0,00859799981117249
69,375275	-0,00828669965267181
69,481124	-0,00671373307704926
69,590115	-0,00395441055297852
69,698369	-0,00161565840244293
69,808481	-6,39259815216064E-5
69,918252	0,000366687774658203
70,028119	-0,000517085194587708
70,143634	-0,00244033336639404
70,252915	-0,00485226511955261
70,355254	-0,00709633529186249
70,465680	-0,00842443108558655
70,575182	-0,00837583839893341
70,690182	-0,00669631361961365
70,799801	-0,00433929264545441
70,909139	-0,00159873068332672
71,018744	-0,000227048993110657
71,128193	0,000398650765419006
71,238391	-0,000271707773208618
71,348540	-0,00240835547447205
71,457873	-0,00441271066665649
71,567315	-0,00707513093948364
71,677480	-0,00826029479503632
71,787133	-0,00838857889175415
71,897107	-0,00672692060470581
72,007835	-0,00439529120922089
72,118455	-0,00238814949989319
72,227551	-0,000268891453742981
72,336756	0,000367611646652222
72,445124	-7,05122947692871E-5
72,556108	-0,00165233016014099
72,666042	-0,00438681244850159
72,774916	-0,00673022866249084
72,885777	-0,00839424133300781
72,994578	-0,0085093230009079
73,105141	-0,00708737969398499
73,215583	-0,00524860620498657
73,325391	-0,00282642245292664
73,434559	-0,000776082277297974
73,544955	0,00033000111579895
73,656139	-9,96589660644531E-5
73,759433	-0,00166924297809601
73,868510	-0,00359168648719788
73,975432	-0,00674624741077423
74,085934	-0,00810655951499939
74,199075	-0,00862583518028259
74,307204	-0,0077269971370697
74,417031	-0,00575098395347595
74,527277	-0,00291529297828674
74,636462	-0,000871971249580383
74,746379	9,30726528167725E-5
74,857457	-0,000143378973007202
74,958989	-0,00107458233833313
75,072946	-0,00361943244934082
75,174939	-0,00603543221950531
75,284488	-0,007929727435112
75,394257	-0,00866591930389404
75,504807	-0,00801602005958557
75,615411	-0,00619508326053619
75,726741	-0,00377750396728516
75,837077	-0,00151458382606506
75,944203	7,23898410797119E-5
76,059217	0,000130206346511841
76,169773	-0,0010637640953064
76,281151	-0,00318244099617004
76,388777	-0,00601516664028168
76,498876	-0,00792360305786133
76,606294	-0,00867253541946411
76,716421	-0,008231520652771
76,825761	-0,00621062517166138
76,935060	-0,00379584729671478
77,044820	-0,00152868032455444
77,153889	-5,96940517425537E-5
77,257563	0,000228941440582275
77,360931	-0,000740364193916321
77,465171	-0,00271588563919067
77,574103	-0,00473789870738983
77,684658	-0,00731596350669861
77,796080	-0,00851921737194061
77,906168	-0,00836074352264404
78,010816	-0,00689466297626495
78,120853	-0,00501042604446411
78,230871	-0,00183802843093872
78,340991	-0,000392988324165344
78,441039	0,000285357236862183
78,548549	-0,000235036015510559
78,657859	-0,00227764248847961
78,766914	-0,00468659400939941
78,875241	-0,00696298480033875
78,984289	-0,00824189186096191
79,094526	-0,00859706103801727
79,203204	-0,00727212429046631
79,310843	-0,00549483299255371
79,420049	-0,00266793370246887
79,529878	-0,00071309506893158
79,640907	0,00021718442440033
79,751683	-0,000107184052467346
79,856547	-0,00160108506679535
79,966095	-0,00428470969200134
80,076754	-0,00662705302238464
80,186129	-0,00805138051509857
80,296283	-0,00859895348548889
80,405590	-0,00756719708442688
80,510965	-0,00549907982349396
80,620734	-0,00345949828624725
80,730842	-0,00098244845867157
80,841052	0,000236928462982178
80,951297	-7,00503587722778E-5
81,060188	-0,00123816728591919
81,172036	-0,00382408499717712
81,282100	-0,00621674954891205
81,384638	-0,00779205560684204
81,494187	-0,00863716006278992
81,604590	-0,00807543098926544
81,719127	-0,00554898381233215
81,829415	-0,00311046838760376
81,940225	-0,00131572782993317
82,051067	0,000144317746162415
82,160129	0,000171571969985962
82,268641	-0,000926971435546875
82,378789	-0,00337623059749603
82,490738	-0,00579336285591125
82,601040	-0,00773879885673523
82,711151	-0,00857488811016083
82,821129	-0,00801697373390198
82,930046	-0,00589697062969208
83,040124	-0,00387817621231079
83,155131	-0,000979617238044739
83,256990	7,70837068557739E-5
83,365655	0,000227063894271851
83,475616	-0,00116389989852905
83,584851	-0,00253626704216003
83,693280	-0,00496193766593933
83,802943	-0,00746019184589386
83,912550	-0,0085904598236084
84,022083	-0,00825275480747223
84,131010	-0,00633355975151062
84,242005	-0,00394687056541443
84,352337	-0,00166361033916473
84,462070	-0,000302731990814209
84,571413	0,000270769000053406
84,682402	-0,000637412071228027
84,791830	-0,00293740630149841
84,903128	-0,00497135519981384
85,012835	-0,00716845691204071
85,122339	-0,00855319201946259
85,233104	-0,00827351212501526
85,339734	-0,00671090185642242
85,449895	-0,00437928736209869
85,559788	-0,00201152265071869
85,660751	-0,000502511858940125
85,770022	0,000327646732330322
85,879203	-0,000120341777801514
85,989742	-0,00206558406352997
86,098776	-0,00484615564346313
86,207281	-0,00672881305217743
86,318133	-0,00836876034736633
86,428530	-0,00837300717830658
86,536121	-0,00732114911079407
86,644570	-0,00521188974380493
86,755171	-0,00241541862487793
86,865061	-0,000557035207748413
86,975243	0,000257149338722229
87,085255	-0,000195547938346863
87,194772	-0,00146333873271942
87,304920	-0,00409978628158569
87,415135	-0,0068037211894989
87,526171	-0,00834235548973083
87,636912	-0,00858384370803833
87,745635	-0,0074460506439209
87,854433	-0,00495535135269165
87,960818	-0,00332261621952057
88,073972	-0,000932618975639343
88,183904	8,9794397354126E-5
88,293944	-0,000117987394332886
88,402776	-0,00153385102748871
88,513089	-0,00416941940784454
88,623301	-0,00652952492237091
88,733087	-0,00826264917850494
88,842533	-0,00867016613483429
88,956695	-0,00781799852848053
89,066314	-0,00504854321479797
89,177002	-0,00299571454524994
89,287799	-0,000973969697952271
89,398104	2,35438346862793E-6
89,507730	-0,000208720564842224
89,615645	-0,00143842399120331
89,725086	-0,00359921157360077
89,835079	-0,00598691403865814
89,945082	-0,0080631822347641
90,054114	-0,0085451602935791
90,164328	-0,00790663063526154
90,273970	-0,00606933236122131
90,384113	-0,0032765120267868
90,493190	-0,00115777552127838
90,602479	0,000188037753105164
90,713099	0,000128805637359619
90,822871	-0,00136509537696838
90,931809	-0,00315329432487488
91,040778	-0,00557629764080048
91,149871	-0,00757001340389252
91,260164	-0,00855602324008942
91,369075	-0,00790804624557495
91,479075	-0,00609429180622101
91,585823	-0,00369188189506531
91,696745	-0,00146475434303284
91,807137	-1,26957893371582E-5
91,916621	0,000257149338722229
92,024927	-0,000725790858268738
92,134832	-0,00308226048946381
92,244924	-0,00551179051399231
92,355502	-0,00754503905773163
92,465713	-0,00850412249565125
92,575126	-0,00793303549289703
92,684106	-0,00610937178134918
92,793148	-0,00413459539413452
92,902471	-0,00182487070560455
93,012720	-1,64508819580078E-5
93,122436	0,000252440571784973
93,232369	-0,000460207462310791
93,340882	-0,00265194475650787
93,451397	-0,00508008897304535
93,560818	-0,0072113424539566
93,670176	-0,00842678546905518
93,779947	-0,00813862681388855
93,890885	-0,00650079548358917
93,999928	-0,00420001149177551
94,108541	-0,0018765926361084
94,218514	-0,000449389219284058
94,328138	0,000251501798629761
94,436804	-0,000475704669952393
94,548384	-0,00229832530021667
94,656767	-0,00467483699321747
94,767253	-0,00722688436508179
94,878140	-0,00847914814949036
94,988007	-0,0083484947681427
95,098281	-0,00725091993808746
95,208597	-0,00430399179458618
95,318729	-0,0023331344127655
95,425235	-0,000542938709259033
95,536346	0,000189453363418579
95,646960	-0,000518485903739929
95,756431	-0,00230632722377777
95,866049	-0,0042480081319809
95,975284	-0,00688429176807404
96,085184	-0,00843055546283722
96,195916	-0,00830085575580597
96,302250	-0,00719861686229706
96,412942	-0,00466777384281158
96,521834	-0,00228327512741089
96,631250	-0,0007304847240448
96,740009	0,000235050916671753
96,850927	-0,000101074576377869
96,961019	-0,00191278755664825
97,069604	-0,00419953465461731
97,178845	-0,0068385899066925
97,289848	-0,00812070071697235
97,399961	-0,00846734642982483
97,509894	-0,00720757246017456
97,621005	-0,00507302582263947
97,726960	-0,0026622861623764
97,836834	-0,000499695539474487
97,946882	0,000273123383522034
98,056163	-6,72191381454468E-5
98,165584	-0,00153668224811554
98,274166	-0,00375162065029144
98,384110	-0,00613385438919067
98,495407	-0,00810891389846802
98,608839	-0,00852441787719727
98,713022	-0,00752900540828705
98,823251	-0,00550708174705505
98,933210	-0,00352253019809723
99,041945	-0,00107552111148834
99,152558	0,000148549675941467
99,264376	-0,000151365995407104
99,372607	-0,00128987431526184
99,483968	-0,0034307986497879
99,593954	-0,00657097995281219
99,704082	-0,00819757580757141
99,814386	-0,00858667492866516
99,923302	-0,00787079334259033
100,033358	-0,00598220527172089
100,144200	-0,00319185853004456
100,254572	-0,0011117160320282
100,360631	-4,51356172561646E-5
100,469422	-0,000103890895843506
100,576459	-0,000927448272705078
100,686102	-0,00294633209705353
100,794752	-0,00573450326919556
100,905030	-0,00789296627044678
101,018528	-0,00852818787097931
101,128636	-0,00780761241912842
101,238274	-0,00592663884162903
101,349100	-0,00315892696380615
101,459532	-0,00135523080825806
101,569267	1,26957893371582E-5
101,679432	0,000182390213012695
101,789987	-0,00113663077354431
101,899028	-0,00287862122058868
102,008899	-0,00567235052585602
102,122193	-0,00735320150852203
102,233012	-0,00852583348751068
102,341816	-0,00800423324108124
102,451910	-0,00595065951347351
102,561031	-0,00398121774196625
102,671030	-0,00138296186923981
102,780736	-0,000175803899765015
102,891611	0,000226587057113647
103,005285	-0,000623777508735657
103,115277	-0,0028960257768631
103,224181	-0,00568787753582001
103,331161	-0,00739561021327972
103,440135	-0,00850978493690491
103,550902	-0,00788447260856628
103,660942	-0,00675424933433533
103,770238	-0,00405979156494141
103,880979	-0,00211495161056519
103,991522	-5,12450933456421E-5
104,100799	0,000218123197555542
104,210053	-0,000603571534156799
104,319868	-0,00246620178222656
104,429679	-0,00523684918880463
104,538448	-0,00703509151935577
104,651103	-0,00835320353507996
104,761081	-0,00821173191070557
104,870130	-0,00672268867492676
104,980835	-0,00403250753879547
105,090844	-0,00172096490859985
105,201059	-0,000151842832565308
105,312247	0,000313550233840942
105,419416	-0,000498741865158081
105,529783	-0,00235992670059204
105,639467	-0,00471153855323792
105,749267	-0,00693471729755402
105,853086	-0,00837159156799316
105,963124	-0,00828811526298523
106,065962	-0,00702142715454102
106,174493	-0,00443953275680542
106,285105	-0,00212623178958893
106,396282	-0,000628486275672913
106,505307	0,000259488821029663
106,614543	-0,000167816877365112
106,723294	-0,00169181823730469
106,833789	-0,0043632835149765
106,942420	-0,006315678358078
107,052757	-0,00818154215812683
107,163427	-0,00836074352264404
107,273445	-0,00708456337451935
107,384012	-0,00489698350429535
107,494074	-0,00253720581531525
107,604327	-0,000662326812744141
107,714921	0,000146657228469849
107,822812	-0,000174880027770996
107,933383	-0,00202891230583191
108,044414	-0,00395157933235168
108,154989	-0,00630813837051392
108,264071	-0,00818437337875366
108,373989	-0,00847819447517395
108,479222	-0,00767138600349426
108,589387	-0,0053267627954483
108,698858	-0,00332543253898621
108,808923	-0,000647276639938354
108,917980	0,000172987580299377
109,022773	1,59740447998047E-5
109,125969	-0,00131432712078094
109,236016	-0,00389841198921204
109,347246	-0,00588753819465637
109,455879	-0,00752004981040955
109,566297	-0,00853762030601501
109,675863	-0,00791747868061066
109,785670	-0,0061531662940979
109,895838	-0,00339740514755249
110,003969	-0,00125321745872498
110,113717	-0,000126451253890991
110,222913	0,000172525644302368
110,332777	-0,00104826688766479
110,442043	-0,00311848521232605
110,552294	-0,00551179051399231
110,662645	-0,00755447149276733
110,772261	-0,00859186053276062
110,880887	-0,00799009203910828
110,991530	-0,00660255551338196
111,102646	-0,00428423285484314
111,212689	-0,00165891647338867
111,323243	-0,000197902321815491
111,433544	4,41819429397583E-5
111,544104	-0,000821217894554138
111,653586	-0,00312742590904236
111,762776	-0,00551414489746094
111,873185	-0,00780196487903595
111,982365	-0,00855129957199097
112,093260	-0,00820182263851166
112,200592	-0,0066143274307251
112,311895	-0,00388194620609283
112,422750	-0,00163915753364563
112,532747	-0,0003337562084198
112,641159	0,000178635120391846
112,748850	-0,000517085194587708
112,858715	-0,00226917862892151
112,968369	-0,00463247299194336
113,079105	-0,00719720125198364
113,190237	-0,00841735303401947
113,300789	-0,00833481550216675
113,407447	-0,00659830868244171
113,522040	-0,00425928831100464
113,625146	-0,00230538845062256
113,734494	-0,000458315014839172
113,847932	0,000314489006996155
113,959229	-0,000378876924514771
114,068912	-0,00247889757156372
114,178822	-0,00487485527992249
114,288948	-0,00706148147583008
114,399037	-0,00831924378871918
114,507265	-0,0082942396402359
114,617059	-0,00722594559192657
114,726325	-0,00473412871360779
114,836202	-0,00238955020904541
114,946807	-0,000365257263183594
115,056359	0,00019603967666626
115,166392	-0,000284865498542786
115,276863	-0,00223013758659363
115,387645	-0,0049930065870285
115,498606	-0,00717976689338684
115,609490	-0,00844281911849976
115,718621	-0,00851120054721832
115,827663	-0,00703273713588715
115,936507	-0,00521048903465271
116,046690	-0,00278785824775696
116,156676	-0,000562205910682678
116,265658	0,000255733728408813
116,374616	-1,08182430267334E-5
116,485201	-0,00143466889858246
116,594891	-0,00405979156494141
116,704233	-0,0067613273859024
116,819239	-0,00810231268405914
116,930025	-0,00856593251228333
117,039702	-0,00737676024436951
117,150783	-0,00529852509498596
117,260809	-0,00257247686386108
117,370797	-0,000976800918579102
117,481180	-4,70876693725586E-6
117,591085	-0,00062425434589386
117,701209	-0,00204160809516907
117,811106	-0,0039854496717453
117,921090	-0,00679948925971985
118,030131	-0,00854705274105072
118,141134	-0,00895608961582184
118,251879	-0,00777602195739746
118,363107	-0,00603260099887848
118,473175	-0,00273141264915466
118,582629	-0,00101158022880554
118,693189	0,000212952494621277
118,808312	-6,5341591835022E-5
118,917995	-0,00185918807983398
119,028058	-0,00376668572425842
119,137095	-0,00574108958244324
119,247737	-0,0078679621219635
119,357820	-0,00839847326278687
119,462119	-0,007542684674263
119,572245	-0,00560736656188965
119,683335	-0,00316363573074341
119,793241	-0,000408962368965149
119,903803	0,00045458972454071
120,011395	0,00047716498374939
120,120825	-0,00066608190536499
120,230776	-0,00315564870834351
120,341135	-0,00600999593734741
120,450261	-0,00765110552310944
120,560500	-0,00855602324008942
120,669149	-0,00810185074806213
120,777995	-0,0064518004655838
120,887676	-0,00415860116481781
120,997816	-0,00196309387683868
121,109232	-0,000329062342643738
121,220188	-0,00018097460269928
121,329701	-0,00154091417789459
121,438690	-0,00285933911800385
121,549988	-0,005975142121315
121,659090	-0,00761574506759644
121,769107	-0,00866498053073883
121,879630	-0,00831924378871918
121,989030	-0,00639620423316956
122,098612	-0,00402498245239258
122,209043	-0,0014219731092453
122,318084	-0,00018097460269928
122,427958	0,000201672315597534
122,536953	-0,000916168093681335
122,646329	-0,00293269753456116
122,755449	-0,00497370958328247
122,864851	-0,00752948224544525
122,974266	-0,00875556468963623
123,084157	-0,00867158174514771
123,192620	-0,00756624341011047
123,302431	-0,00480473041534424
123,403852	-0,0023321807384491
123,512062	-0,00114321708679199
123,620754	-0,00175575911998749
123,731177	-0,00461788475513458
123,838916	-0,00928594172000885
123,949814	-0,0158612579107285
124,059190	-0,0211925059556961
124,168071	-0,0245246291160583
124,277770	-0,0266870260238647
124,388289	-0,0264288634061813
124,498338	-0,0233104228973389
124,606716	-0,0192761868238449
124,717428	-0,0147390067577362
124,827571	-0,0122197866439819
124,937784	-0,0115949809551239
125,048118	-0,0130665004253387
125,158248	-0,0162276476621628
125,268777	-0,0195801258087158
125,379424	-0,0240340232849121
125,488019	-0,026310533285141
125,589020	-0,0262360870838165
125,698255	-0,0244302302598953
125,807076	-0,020136296749115
125,918775	-0,0161668807268143
126,029208	-0,0128482580184937
126,138316	-0,0119052082300186
126,247657	-0,0129656493663788
126,356459	-0,015827089548111
126,467147	-0,0190312564373016
126,577472	-0,0235821008682251
126,685266	-0,0261430591344833
126,795428	-0,0264622718095779
126,905011	-0,0239424854516983
127,016819	-0,0201481878757477
127,128085	-0,016141265630722
127,236595	-0,0131199955940247
127,346929	-0,011807769536972
127,456471	-0,0122850686311722
127,565810	-0,0151482373476028
127,676573	-0,0196405351161957
127,787135	-0,0229534804821014
127,897483	-0,0258248299360275
128,007484	-0,0264961421489716
128,117909	-0,024048313498497
128,228418	-0,020303800702095
128,336966	-0,0176000595092773
128,447802	-0,0136996954679489
128,558318	-0,0120196640491486
128,669398	-0,0123735517263412
128,780890	-0,0146242827177048
128,892880	-0,0189190357923508
129,003936	-0,0229072570800781
129,119227	-0,0257861912250519
129,228764	-0,0264928042888641
129,336420	-0,0250549465417862
129,445034	-0,0210082679986954
129,554845	-0,0170001238584518
129,665898	-0,013729065656662
129,776234	-0,0120508968830109
129,887044	-0,012636661529541
129,998012	-0,0146228671073914
130,109003	-0,0182605981826782
130,219915	-0,0222964584827423
130,328198	-0,0258148014545441
130,438584	-0,0265538841485977
130,549482	-0,0246576815843582
130,659465	-0,0217191725969315
130,768377	-0,0164070725440979
130,877910	-0,0137366503477097
130,981238	-0,0121857225894928
131,093589	-0,0121412426233292
131,204693	-0,0145469903945923
131,311077	-0,0188258439302444
131,420798	-0,0221706926822662
131,530187	-0,0253473222255707
131,641260	-0,0266078114509583
131,751081	-0,0254699140787125
131,860056	-0,0223545730113983
131,969111	-0,0176889002323151
132,078064	-0,0141863077878952
132,185313	-0,0123787522315979
132,294927	-0,0121237337589264
132,397224	-0,0140185505151749
132,505835	-0,0174561142921448
132,614088	-0,0208130776882172
132,722956	-0,0244369059801102
132,832000	-0,0265610367059708
132,940809	-0,0258262604475021
133,050934	-0,0223907828330994
133,159594	-0,0197471082210541
133,269894	-0,0147304832935333
133,380964	-0,0124265551567078
133,486458	-0,0120012164115906
133,594046	-0,0131919831037521
133,704045	-0,0167954564094543
133,814131	-0,0201248824596405
133,924194	-0,0244464427232742
134,035439	-0,026273787021637
134,145960	-0,0261716842651367
134,256454	-0,0236783921718597
134,367068	-0,0191539525985718
134,467439	-0,0159272253513336
134,578051	-0,0130665004253387
134,686337	-0,011959120631218
134,795734	-0,012885183095932
134,904738	-0,0155988782644272
135,014406	-0,0201248824596405
135,123529	-0,0233528465032578
135,233894	-0,0260085016489029
135,343271	-0,0264088213443756
135,452883	-0,0242490321397781
135,563409	-0,0205446183681488
135,672823	-0,0165718197822571
135,781832	-0,0134287476539612
135,891056	-0,0119577050209045
136,001922	-0,0125140994787216
136,110893	-0,0149168074131012
136,220767	-0,0186475515365601
136,329006	-0,0232060551643372
136,438350	-0,0258835107088089
136,552898	-0,0264617949724197
136,663276	-0,0246462374925613
136,773819	-0,0204879939556122
136,882575	-0,0171397477388382
136,993288	-0,0137731283903122
137,103786	-0,012002632021904
137,213999	-0,0126887410879135
137,323653	-0,0147930532693863
137,433779	-0,0185025483369827
137,544419	-0,0230635702610016
137,652978	-0,0257694870233536
137,764625	-0,0263625383377075
137,874946	-0,0241036266088486
137,984521	-0,0211139619350433
138,094006	-0,0171060264110565
138,207674	-0,0137546509504318
138,312917	-0,0119747370481491
138,421752	-0,0121417194604874
138,531994	-0,014738067984581
138,642133	-0,0184288769960403
138,751880	-0,0223798304796219
138,861112	-0,0250148773193359
138,962157	-0,0263343751430511
139,071249	-0,0250229835510254
139,182335	-0,0224398523569107
139,291174	-0,0184635668992996
139,397927	-0,0142853558063507
139,508064	-0,0122060626745224
139,617471	-0,0120187252759933
139,727115	-0,0138314068317413
139,833473	-0,017168715596199
139,943469	-0,0211687088012695
140,058981	-0,024661973118782
140,168564	-0,0264059603214264
140,279249	-0,0255061537027359
140,387908	-0,0225279927253723
140,498184	-0,0185467600822449
140,607600	-0,0148523300886154
140,715420	-0,0122103095054626
140,825275	-0,0118687897920609
140,934560	-0,0133321434259415
141,045195	-0,0170385837554932
141,154039	-0,0216772556304932
141,261799	-0,0245356112718582
141,374719	-0,0263172090053558
141,484182	-0,0254761129617691
141,594116	-0,0231231302022934
141,704160	-0,0192466974258423
141,813159	-0,0149049609899521
141,923300	-0,0127791464328766
142,033785	-0,011961966753006
142,137965	-0,0134287476539612
142,245997	-0,0159006416797638
142,355305	-0,020492285490036
142,464474	-0,0246486216783524
142,574119	-0,0262861847877502
142,683349	-0,0261826515197754
142,795083	-0,0238013714551926
142,905663	-0,01934514939785
143,015697	-0,0160876214504242
143,125233	-0,0130958557128906
143,235309	-0,011838510632515
143,345438	-0,012909784913063
143,454876	-0,0157359838485718
143,565527	-0,0196453034877777
143,676588	-0,0234381556510925
143,787189	-0,0261640399694443
143,897842	-0,0260915160179138
144,009077	-0,0237513184547424
144,118726	-0,0200292319059372
144,228519	-0,0161042362451553
144,339080	-0,013118103146553
144,445847	-0,0118550658226013
144,554818	-0,0125533789396286
144,661915	-0,0156705230474472
144,766170	-0,0195415914058685
144,875642	-0,0233328342437744
144,985928	-0,0258515477180481
145,095068	-0,0261759757995605
145,204749	-0,0236955583095551
145,313301	-0,021317258477211
145,422644	-0,0166871845722198
145,531827	-0,0135140120983124
145,640084	-0,0119449347257614
145,749999	-0,0123347640037537
145,861116	-0,0151610374450684
145,970986	-0,0189304500818253
146,080764	-0,0228496044874191
146,192300	-0,0256955474615097
146,302784	-0,0264455676078796
146,413102	-0,0243839770555496
146,523071	-0,0214958190917969
146,633451	-0,0168472081422806
146,744387	-0,0136333853006363
146,855638	-0,0119491815567017
146,966268	-0,0123640894889832
147,076749	-0,0151477605104446
147,187143	-0,0188814699649811
147,297099	-0,0227828919887543
147,406725	-0,0256373435258865
147,517104	-0,0264312475919724
147,627572	-0,0248317420482635
147,731279	-0,0214796364307404
147,839795	-0,0174489766359329
147,945211	-0,0145351439714432
148,048590	-0,0120868533849716
148,159152	-0,0120863765478134
148,269389	-0,0135897994041443
148,380148	-0,0167897492647171
148,489031	-0,0214405953884125
148,597307	-0,0251884758472443
148,706858	-0,0263611078262329
148,815942	-0,0255710333585739
148,927112	-0,0221006721258163
149,032569	-0,0187996923923492
149,142032	-0,014540359377861
149,256218	-0,0125259310007095
149,360231	-0,0119392573833466
149,469940	-0,0135357975959778
149,581033	-0,016730397939682
149,689690	-0,0200482755899429
149,799522	-0,0242433100938797
149,909592	-0,0263038575649261
150,019266	-0,0258572697639465
150,129450	-0,0233337730169296
150,240831	-0,0188862383365631
150,349573	-0,0151539295911789
150,459708	-0,0126309841871262
150,569568	-0,0119269639253616
150,681095	-0,0132303237915039
150,792637	-0,0162167251110077
150,898012	-0,0208040326833725
151,008681	-0,0238337963819504
151,118833	-0,0263029038906097
151,227242	-0,0259584188461304
151,336044	-0,0239839553833008
151,445184	-0,020326167345047
151,555434	-0,0157919824123383
151,660879	-0,0129935890436172
151,765859	-0,0119449347257614
151,875176	-0,0125860273838043
151,985761	-0,0156007707118988
152,095098	-0,0194088816642761
152,205220	-0,023248478770256
152,314095	-0,0258753895759583
152,424169	-0,026181697845459
152,534907	-0,0240116119384766
152,646010	-0,0210215896368027
152,756750	-0,017043337225914
152,867176	-0,0133695602416992
152,978255	-0,0119392573833466
153,080876	-0,0125652104616165
153,189054	-0,0150121301412582
153,300008	-0,0186931937932968
153,409810	-0,0226347148418427
153,520794	-0,0255443304777145
153,630763	-0,0264403223991394
153,739988	-0,0240745395421982
153,843869	-0,0217325091362
153,954100	-0,0177611112594604
154,062510	-0,01383376121521
154,171703	-0,0119799375534058
154,281054	-0,0123148709535599
154,392544	-0,0144413113594055
154,502576	-0,0186237692832947
154,613143	-0,0231502950191498
154,724207	-0,0258000195026398
154,830901	-0,0264183729887009
154,940985	-0,0249752849340439
155,046367	-0,0217015445232391
155,156956	-0,0177378505468369
155,267448	-0,014254555106163
155,377811	-0,0122126787900925
155,488558	-0,0120892226696014
155,594462	-0,0138868391513824
155,703712	-0,0178661346435547
155,813470	-0,0218382477760315
155,924089	-0,025019645690918
156,034195	-0,0263630151748657
156,144280	-0,0253439843654633
156,253811	-0,0223493427038193
156,363350	-0,0184246003627777
156,470910	-0,0142905712127686
156,581203	-0,012448325753212
156,690993	-0,0119681060314178
156,799029	-0,013451486825943
156,909252	-0,0165803581476212
157,015053	-0,0205094069242477
157,125626	-0,0245894938707352
157,234912	-0,0263186395168304
157,345909	-0,0256945788860321
157,449579	-0,0235620886087418
157,559465	-0,0191468149423599
157,673857	-0,01482293009758
157,780962	-0,0127545297145844
157,889954	-0,0119818300008774
157,999747	-0,0134533792734146
158,108576	-0,0159637629985809
158,218120	-0,0198265612125397
158,327837	-0,023603081703186
158,438242	-0,0262255966663361
158,547493	-0,026054784655571
158,658621	-0,0231412351131439
158,766684	-0,019970715045929
158,876826	-0,0155395716428757
158,986401	-0,0132298469543457
159,096140	-0,0120418965816498
159,206972	-0,0128515660762787
159,307914	-0,016015961766243
159,415683	-0,0191967487335205
159,525017	-0,0230425894260406
159,634419	-0,0257337093353271
159,744048	-0,0262370407581329
159,852871	-0,0241970717906952
159,963240	-0,0199540555477142
160,075704	-0,0160824060440063
160,186044	-0,0131820440292358
160,296462	-0,0120362341403961
160,407471	-0,012488067150116
160,519104	-0,0147973299026489
160,625841	-0,0190802365541458
160,736392	-0,0229482352733612
160,846302	-0,0259383618831635
160,953246	-0,0263267457485199
161,064410	-0,0241927802562714
161,172055	-0,0212696492671967
161,279990	-0,0173126459121704
161,389604	-0,0139541178941727
161,499250	-0,0119245946407318
161,610789	-0,0124289095401764
161,718260	-0,0147134065628052
161,832828	-0,0189865678548813
161,942202	-0,0228338837623596
162,051226	-0,0255901217460632
162,161075	-0,0263319909572601
162,270272	-0,0246490985155106
162,377679	-0,0212948769330978
162,487337	-0,0173401832580566
162,599194	-0,0139939188957214
162,708759	-0,0121516585350037
162,818587	-0,0122311413288116
162,929121	-0,0142313241958618
163,040144	-0,0176741778850555
163,150188	-0,0222540646791458
163,261188	-0,0252924561500549
163,370887	-0,0263840109109879
163,480976	-0,0251350700855255
163,590933	-0,0220077931880951
163,701763	-0,0174138247966766
163,811033	-0,0140545666217804
163,921119	-0,0123749673366547
164,031816	-0,0120986700057983
164,139979	-0,0142100006341934
164,248741	-0,0182791352272034
164,358953	-0,021571546792984
164,469009	-0,024842232465744
164,579510	-0,0263525247573853
164,689565	-0,024713471531868
164,799660	-0,0226337611675262
164,908969	-0,0187264680862427
165,015850	-0,0145270824432373
165,124362	-0,0123584121465683
165,233910	-0,0122316032648087
165,343812	-0,0141929537057877
165,455549	-0,0169887244701385
165,564587	-0,0215858221054077
165,673874	-0,0244321376085281
165,785206	-0,0262899994850159
165,895206	-0,0256034731864929
166,005700	-0,0221778452396393
166,115974	-0,0182572603225708
166,226631	-0,0146991908550262
166,335193	-0,0125070065259933
166,445591	-0,0121767222881317
166,546403	-0,0134088695049286
166,657014	-0,0169920474290848
166,768189	-0,0209130495786667
166,878386	-0,024847000837326
166,989394	-0,0262814164161682
167,090951	-0,0258901864290237
167,205425	-0,0228052884340286
167,317073	-0,0196124762296677
167,426567	-0,0158323049545288
167,527981	-0,013451486825943
167,634556	-0,0121270418167114
167,743668	-0,0131223648786545
167,849390	-0,0152905285358429
167,959834	-0,0196276903152466
168,070853	-0,023386687040329
168,181203	-0,0261373221874237
168,292172	-0,0263172090053558
168,399006	-0,0244397670030594
168,500934	-0,0209473371505737
168,611097	-0,01702481508255
168,720831	-0,0138138681650162
168,830220	-0,0120901614427567
168,939831	-0,0127180814743042
169,049286	-0,0151444375514984
169,160123	-0,0181626826524734
169,270798	-0,0226632952690125
169,380820	-0,0254808813333511
169,491283	-0,026216059923172
169,600155	-0,0247964560985565
169,709547	-0,0208944827318192
169,818089	-0,0163738429546356
169,922550	-0,0142194777727127
170,033006	-0,0122883766889572
170,143172	-0,0124203860759735
170,253121	-0,01458540558815
170,363630	-0,018101379275322
170,473092	-0,0220025628805161
170,583984	-0,0254670530557632
170,696821	-0,0263048112392426
170,807485	-0,0248369872570038
170,915201	-0,0222288221120834
171,025629	-0,017686054110527
171,136279	-0,0138678848743439
171,247102	-0,0123560428619385
171,357605	-0,0123006850481033
171,468118	-0,0146418213844299
171,577597	-0,0181431919336319
171,680950	-0,021430104970932
171,784181	-0,0247568637132645
171,889888	-0,026345357298851
171,995188	-0,0253186970949173
172,096012	-0,0229005962610245
172,200963	-0,0197237879037857
172,302851	-0,0159319639205933
172,403787	-0,0131323039531708
172,514176	-0,0121138095855713
172,623652	-0,0129566639661789
172,734182	-0,0155893862247467
172,843092	-0,0193418264389038
172,953652	-0,0231055021286011
173,063618	-0,0259393304586411
173,174461	-0,0258429497480392
173,284154	-0,0239243656396866
173,393563	-0,0203518718481064
173,504431	-0,0158849805593491
173,614506	-0,0130892395973206
173,724049	-0,0120627284049988
173,834285	-0,0128946453332901
173,944998	-0,0155334025621414
174,054837	-0,0192952156066895
174,165474	-0,0230673849582672
174,276252	-0,0256955474615097
174,386072	-0,0260915160179138
174,491957	-0,0244836360216141
174,592302	-0,0204641968011856
174,702334	-0,0178314447402954
174,812359	-0,0139588564634323
174,922557	-0,0122330188751221
175,032120	-0,0124185085296631
175,141972	-0,0144981741905212
175,252474	-0,0192704796791077
175,362045	-0,0224655717611313
175,471140	-0,0253730714321136
175,581068	-0,0262966901063919
175,685030	-0,0249256938695908
175,786065	-0,0217582285404205
175,898920	-0,0178675651550293
176,008330	-0,0144574195146561
176,118177	-0,0124327093362808
176,219851	-0,0121724605560303
176,329704	-0,0136419087648392
176,438720	-0,0173154920339584
176,548429	-0,0218587070703506
176,658442	-0,0245918780565262
176,768644	-0,0262685418128967
176,877532	-0,025369256734848
176,986967	-0,0230321139097214
177,092717	-0,0192319452762604
177,201864	-0,0155106335878372
177,304728	-0,0129102617502213
177,415852	-0,0121294111013412
177,526272	-0,0135812759399414
177,639673	-0,0166131258010864
177,748551	-0,0204799026250839
177,859075	-0,0244874507188797
177,969407	-0,0260366499423981
178,080050	-0,0256211310625076
178,184256	-0,0235234797000885
178,294639	-0,0198422521352768
178,403881	-0,0160373151302338
178,514713	-0,0131872445344925
178,619769	-0,0120305418968201
178,720185	-0,0128487348556519
178,830962	-0,0154219269752502
178,941137	-0,0191501528024673
179,051826	-0,0234958380460739
179,161637	-0,025902584195137
179,270914	-0,0261602252721786
179,381038	-0,0246181041002274
179,482956	-0,020651713013649
179,592132	-0,0167631506919861
179,703593	-0,0136717557907104
179,814363	-0,012183353304863
179,924956	-0,012614905834198
180,036756	-0,0149191915988922
180,148209	-0,0184783041477203
180,258211	-0,0223174244165421
180,365802	-0,0256378203630447
180,476165	-0,0262618660926819
180,584806	-0,0246257334947586
180,694352	-0,0213067829608917
180,804100	-0,0167674273252487
180,914581	-0,0136731714010239
181,023366	-0,0122708678245544
181,133887	-0,0123555809259415
181,242319	-0,0148362070322037
181,351142	-0,0183756202459335
181,460208	-0,0222597867250443
181,570138	-0,0252447724342346
181,680940	-0,0262971669435501
181,792045	-0,0250721126794815
181,901230	-0,0219673067331314
182,011172	-0,0180942565202713
182,121124	-0,0141730308532715
182,231778	-0,0123366564512253
182,341073	-0,0124232321977615
182,451054	-0,0143920034170151
182,561213	-0,0184207856655121
182,666480	-0,0216758251190186
182,776390	-0,0252791047096252
182,883598	-0,0263291299343109
182,994849	-0,0251336395740509
183,102713	-0,022649958729744
183,212379	-0,0188120454549789
183,323349	-0,0146617293357849
183,429524	-0,0125032216310501
183,538211	-0,0123640894889832
183,642500	-0,0134529173374176
183,751060	-0,0170295685529709
183,861975	-0,0209078192710876
183,971177	-0,0243219882249832
184,080879	-0,0261249244213104
184,180943	-0,0256893336772919
184,290131	-0,0231617391109467
184,400160	-0,0194226801395416
184,509527	-0,0156771540641785
184,619559	-0,0130120515823364
184,729646	-0,0120750218629837
184,839330	-0,0130778700113297
184,949381	-0,0158204436302185
185,063827	-0,0202490836381912
185,173619	-0,0238519012928009
185,284652	-0,0260376036167145
185,394136	-0,0260209143161774
185,504317	-0,0233004093170166
185,614253	-0,0195786952972412
185,724396	-0,0152952671051025
185,833651	-0,013497918844223
185,944243	-0,012189969420433
186,051129	-0,0131683051586151
186,160880	-0,0158840417861938
186,265310	-0,0196224749088287
186,372137	-0,0233538001775742
186,480950	-0,0258324593305588
186,583938	-0,0263110101222992
186,696933	-0,0248098075389862
186,806073	-0,0202647894620895
186,914360	-0,0170290917158127
187,014727	-0,0143024176359177
187,124477	-0,0122420191764832
187,225526	-0,0125581175088882
187,334200	-0,0142351239919662
187,443979	-0,017554447054863
187,556728	-0,0220578014850616
187,671758	-0,0250888019800186
187,782208	-0,0262518376111984
187,892657	-0,0251307785511017
188,002563	-0,0215124934911728
188,112784	-0,0176352113485336
188,222717	-0,0142896175384521
188,331603	-0,0123839676380157
188,441075	-0,0123650431632996
188,551214	-0,0147096067667007
188,661110	-0,0175634622573853
188,771276	-0,022083044052124
188,880862	-0,0251426994800568
188,991962	-0,0263343751430511
189,102218	-0,0252671837806702
189,213059	-0,0222802758216858
189,323192	-0,0184279233217239
189,434227	-0,0144152343273163
189,544671	-0,012469619512558
189,654750	-0,012412816286087
189,765289	-0,0142393857240677
189,874832	-0,0175330638885498
189,985323	-0,0214058309793472
190,095357	-0,0246872454881668
190,205393	-0,0262609124183655
190,315809	-0,0252328366041183
190,426427	-0,0216377377510071
190,536946	-0,0183965414762497
190,646481	-0,0148499608039856
190,757013	-0,0124033689498901
190,866580	-0,0123252868652344
190,977045	-0,0137191116809845
191,088103	-0,0168101638555527
191,198128	-0,0213082134723663
191,308648	-0,0249929428100586
191,419148	-0,0261807441711426
191,529052	-0,0255180895328522
191,639027	-0,0222373902797699
191,749538	-0,0184065252542496
191,859479	-0,0148802995681763
191,969565	-0,012633353471756
192,079253	-0,0122122168540955
192,188369	-0,0137068033218384
192,297033	-0,0174085944890976
192,408389	-0,0212944000959396
192,521181	-0,0250062942504883
192,630762	-0,0262279808521271
192,740738	-0,0255734175443649
192,850870	-0,0228943973779678
192,953383	-0,0184545367956161
193,063164	-0,0154252350330353
193,173841	-0,0126352459192276
193,283871	-0,0121842920780182
193,399121	-0,0136599093675613
193,501054	-0,0167218446731567
193,610979	-0,0199121832847595
193,714610	-0,0235625654459
193,825055	-0,0260552614927292
193,935089	-0,0258224457502365
194,045676	-0,0234791487455368
194,155088	-0,019809901714325
194,265607	-0,01604063808918
194,375126	-0,0132497400045395
194,482511	-0,0121379345655441
194,595699	-0,0129595100879669
194,705701	-0,0161028057336807
194,810867	-0,0198907852172852
194,910900	-0,0235487371683121
195,012734	-0,0258696675300598
195,114207	-0,0261869430541992
195,214958	-0,0245155692100525
195,316658	-0,0218201279640198
195,417395	-0,0179835259914398
195,518674	-0,0146015286445618
195,619504	-0,0128084868192673
195,721043	-0,0123404413461685
195,821811	-0,0137897133827209
195,922423	-0,0162475854158401
196,023858	-0,0200221091508865
196,124384	-0,0236731469631195
196,226274	-0,0257346630096436
196,326510	-0,0263157784938812
196,427929	-0,0246471911668777
196,528792	-0,0219263434410095
196,629399	-0,0186927169561386
196,729445	-0,0151131451129913
196,830807	-0,012795701622963
196,932655	-0,0122387111186981
197,032966	-0,0133444666862488
197,134698	-0,0161322504281998
197,236495	-0,0192419439554214
197,337392	-0,0235520750284195
197,438875	-0,025652140378952
197,540829	-0,0263186395168304
197,642323	-0,0245995074510574
197,742939	-0,0219092071056366
197,843555	-0,0187031775712967
197,945421	-0,0151302218437195
198,046733	-0,0127753466367722
198,148691	-0,0121937543153763
198,249406	-0,0132852643728256
198,349740	-0,0160567760467529
198,450137	-0,0191534757614136
198,550878	-0,022921547293663
198,650975	-0,0255719870328903
198,751050	-0,0262661576271057
198,852272	-0,0253611505031586
198,953951	-0,0219206362962723
199,054234	-0,0187079310417175
199,154340	-0,0156410932540894
199,254734	-0,0130390524864197
199,356140	-0,0121705830097198
199,456757	-0,0129353702068329
199,557824	-0,0154337882995605
199,658709	-0,0190868973731995
199,760026	-0,0222726464271545
199,862145	-0,025215670466423
199,963369	-0,0262656807899475
200,064882	-0,025371640920639
200,166318	-0,0225541889667511
200,266700	-0,0187621265649796
200,367881	-0,0157227069139481
200,468092	-0,0131223648786545
200,568173	-0,0122245103120804
200,668199	-0,0129580795764923
200,770090	-0,0154698342084885
200,870113	-0,0184882879257202
200,970827	-0,022336483001709
201,071138	-0,0249318927526474
201,172691	-0,026380181312561
201,272754	-0,0255414545536041
201,374293	-0,0233199596405029
201,476010	-0,0196067690849304
201,576248	-0,0159096717834473
201,678214	-0,0136101692914963
201,778749	-0,0123607814311981
201,880047	-0,0130504071712494
201,980800	-0,0149789452552795
202,082706	-0,018456906080246
202,184241	-0,0222855061292648
202,284639	-0,0248670279979706
202,384843	-0,0262962132692337
202,485469	-0,02577044069767
202,586220	-0,0232765823602676
202,687745	-0,0195920169353485
202,788384	-0,0164554864168167
202,889517	-0,0135537981987
202,990810	-0,0123707205057144
203,090851	-0,0127308666706085
203,191212	-0,0149059146642685
203,292085	-0,0177425891160965
203,392590	-0,0215848684310913
203,493129	-0,0247664004564285
203,594978	-0,0261611789464951
203,696776	-0,0257332324981689
203,797931	-0,0232446640729904
203,898754	-0,0201915055513382
203,999093	-0,0164265483617783
204,099363	-0,0139147937297821
204,200638	-0,0123281329870224
204,300682	-0,0124535262584686
204,400882	-0,0143464952707291
204,502778	-0,0176646709442139
204,602862	-0,0208649635314941
204,704410	-0,0242738276720047
204,804962	-0,0261144191026688
204,906546	-0,0259727239608765
205,006607	-0,0238266438245773
205,107062	-0,0202762186527252
205,208340	-0,0170974731445313
205,308379	-0,0139654874801636
205,408418	-0,0125051140785217
205,509517	-0,0124804973602295
205,610793	-0,0143412798643112
205,712108	-0,0170077234506607
205,812661	-0,0208478420972824
205,912794	-0,02377849817276
206,014582	-0,0259617567062378
206,116168	-0,0260104089975357
206,216734	-0,0243410617113113
206,316769	-0,0209692269563675
206,418041	-0,0171283483505249
206,519769	-0,0144356191158295
206,619908	-0,0125226080417633
206,720888	-0,0124662965536118
206,821995	-0,0138792544603348
206,923281	-0,0169469267129898
207,023931	-0,0201229751110077
207,124844	-0,0236836373806
207,224862	-0,0259040147066116
207,325827	-0,0261201411485672
207,426035	-0,0243587046861649
207,526986	-0,0209873169660568
207,628151	-0,0177720487117767
207,728945	-0,0144612193107605
207,830615	-0,012548640370369
207,930964	-0,0123598277568817
208,031744	-0,0138731002807617
208,132419	-0,0163610279560089
208,232608	-0,0201429575681686
208,334483	-0,0237155705690384
208,435172	-0,0257227420806885
208,536754	-0,0262026935815811
208,637881	-0,024902805685997
208,738779	-0,021761566400528
208,840987	-0,0179179310798645
208,942163	-0,0150718837976456
209,045424	-0,0126598626375198
209,145890	-0,0124592036008835
209,246562	-0,0135765373706818
209,346640	-0,0164080262184143
209,447118	-0,0201691389083862
209,547794	-0,0232160687446594
209,648910	-0,0257609039545059
209,750853	-0,0262604355812073
209,850997	-0,0249628871679306
209,951090	-0,0224289000034332
210,052093	-0,0179797112941742
210,153844	-0,0151268988847733
210,255821	-0,0131451040506363
210,357246	-0,0124634653329849
210,458984	-0,0135504901409149
210,560718	-0,0157981514930725
210,662163	-0,0200877785682678
210,764090	-0,0231131315231323
210,864612	-0,0253663957118988
210,964930	-0,0262337028980255
211,065903	-0,0248760879039764
211,166908	-0,0223393440246582
211,268886	-0,0185282230377197
211,370590	-0,0150249302387238
211,470719	-0,0130148977041245
211,571694	-0,0122472196817398
211,672853	-0,0133785605430603
211,773807	-0,0161858797073364
211,873912	-0,0192809402942657
211,974982	-0,0229792147874832
212,076798	-0,0252576470375061
212,177553	-0,0261759757995605
212,277669	-0,024870365858078
212,379552	-0,0223545730113983
212,480887	-0,0185933411121368
212,581992	-0,0155960321426392
212,683025	-0,0130669772624969
212,783057	-0,012284129858017
212,883854	-0,0130783319473267
212,985063	-0,0156358778476715
213,086998	-0,0192543119192123
213,188906	-0,0223936438560486
213,290890	-0,0252376198768616
213,390940	-0,0261650085449219
213,492730	-0,0252290219068527
213,593843	-0,022360771894455
213,694875	-0,0186023712158203
213,796297	-0,015601247549057
213,896403	-0,0130622386932373
213,998067	-0,0122614204883575
214,099902	-0,0130466222763062
214,200906	-0,0150690376758575
214,302103	-0,0192072242498398
214,402150	-0,022365540266037
214,502575	-0,0248603522777557
214,603098	-0,0262050777673721
214,704741	-0,0252829194068909
214,804804	-0,0230035185813904
214,905010	-0,0193080604076385
215,006666	-0,0156377702951431
215,106812	-0,0134145468473434
215,208089	-0,0122609436511993
215,308620	-0,0130267292261124
215,410801	-0,0150130689144135
215,510971	-0,0178661346435547
215,612084	-0,0222955048084259
215,712845	-0,0247888267040253
215,814047	-0,0260795950889587
215,914931	-0,0252595543861389
216,015768	-0,0230020880699158
216,116459	-0,0199578702449799
216,216993	-0,0156472623348236
216,317884	-0,0134173929691315
216,419497	-0,0122997313737869
216,521103	-0,0129822343587875
216,622747	-0,014944314956665
216,722880	-0,0178020000457764
216,824280	-0,0216191560029984
216,925551	-0,0247311145067215
217,026636	-0,0260361731052399
217,126787	-0,0255371630191803
217,226924	-0,0230154246091843
217,326926	-0,0199802368879318
217,428542	-0,016827255487442
217,528699	-0,0134353935718536
217,630816	-0,0123181939125061
217,730933	-0,0125420093536377
217,831091	-0,014958068728447
217,932108	-0,0178020000457764
218,032654	-0,0209973156452179
218,132712	-0,0243196040391922
218,232751	-0,026082456111908
218,333499	-0,0258458256721497
218,434346	-0,0236407369375229
218,534621	-0,0200906246900558
218,634655	-0,0169488191604614
218,734923	-0,014340341091156
218,836255	-0,0124350786209106
218,938233	-0,0126447230577469
219,038275	-0,0141280144453049
219,138854	-0,0178927481174469
219,240912	-0,021096333861351
219,341283	-0,0239648967981339
219,441558	-0,0262213051319122
219,542325	-0,0259894281625748
219,642881	-0,0243038684129715
219,742965	-0,0208944827318192
219,844097	-0,0171069800853729
219,944140	-0,0144801586866379
220,044647	-0,0126617550849915
220,145955	-0,012720450758934
220,246621	-0,0141834616661072
220,348173	-0,0167123526334763
220,448201	-0,0210863351821899
220,548479	-0,0239401012659073
220,648503	-0,0258162319660187
220,748982	-0,0261344611644745
220,850939	-0,0242847949266434
220,950976	-0,0214948654174805
221,051370	-0,0176889002323151
221,152008	-0,0144375115633011
221,252081	-0,0127890855073929
221,353348	-0,0125022679567337
221,454925	-0,0140976905822754
221,556662	-0,0166216492652893
221,658409	-0,0197347402572632
221,759963	-0,0238976627588272
221,860760	-0,0258014500141144
221,961984	-0,0262575596570969
222,062860	-0,0243410617113113
222,164325	-0,0215920209884644
222,266280	-0,0184264928102493
222,367532	-0,0145436823368073
222,468375	-0,0128775984048843
222,569556	-0,0124951750040054
222,669708	-0,0137537121772766
222,770761	-0,0166235566139221
222,871036	-0,0197033286094666
222,972608	-0,0233299732208252
223,072991	-0,0257389545440674
223,174109	-0,0261974334716797
223,275950	-0,0247129946947098
223,376851	-0,0215243995189667
223,478443	-0,0183532983064651
223,578603	-0,0149253457784653
223,679725	-0,0127914547920227
223,781114	-0,0123778134584427
223,882451	-0,0136305391788483
223,983414	-0,0165048688650131
224,084295	-0,0196067690849304
224,185525	-0,0232546627521515
224,286749	-0,0254083722829819
224,388294	-0,0261893272399902
224,488599	-0,0251322090625763
224,588895	-0,0221883356571198
224,691065	-0,0184236466884613
224,792872	-0,0149813145399094
224,893296	-0,0130736082792282
224,994746	-0,0123967379331589
225,095759	-0,0136025846004486
225,196847	-0,0158759653568268
225,296946	-0,019524484872818
225,398839	-0,0226151794195175
225,498876	-0,0253454148769379
225,599717	-0,0261568874120712
225,700967	-0,0251288712024689
225,801729	-0,0222373902797699
225,901876	-0,0191163867712021
226,003009	-0,0155590176582336
226,104090	-0,0131621509790421
226,205756	-0,0124681890010834
226,306322	-0,0133643448352814
226,406979	-0,0159732550382614
226,508592	-0,0189718306064606
226,610678	-0,0226875990629196
226,710716	-0,0254188627004623
226,812117	-0,0262523144483566
226,912271	-0,0252013653516769
227,012803	-0,0222869366407394
227,112853	-0,0191558599472046
227,212995	-0,0161075592041016
227,314928	-0,0134183466434479
227,416501	-0,0123886913061142
227,517687	-0,0129864811897278
227,619609	-0,0153194516897202
227,720762	-0,0188263207674026
227,822658	-0,0219668298959732
227,924098	-0,0252996236085892
228,025042	-0,0261616557836533
228,125616	-0,0254608392715454
228,227408	-0,0222793072462082
228,327992	-0,0191753506660461
228,428560	-0,0161502808332443
228,528841	-0,0134732872247696
228,630759	-0,0124421715736389
228,730853	-0,0130466222763062
228,831057	-0,0148807764053345
228,932977	-0,0188919305801392
229,034914	-0,0220373272895813
229,135886	-0,0246386080980301
229,236971	-0,0262585282325745
229,338637	-0,0255743712186813
229,440026	-0,0234948843717575
229,540634	-0,0192723870277405
229,640715	-0,0162295550107956
229,740837	-0,0138783007860184
229,842216	-0,0125136226415634
229,943877	-0,0130641311407089
230,044616	-0,0148850381374359
230,146137	-0,0182615518569946
230,246248	-0,0220392346382141
230,348132	-0,0246605426073074
230,449475	-0,0262546986341476
230,551020	-0,0256258994340897
230,652214	-0,0235582739114761
230,752741	-0,0199640542268753
230,852788	-0,0162589699029922
230,954776	-0,013859361410141
231,056120	-0,0124435871839523
231,157554	-0,0129292011260986
231,257699	-0,0147024989128113
231,358010	-0,0180334150791168
231,458128	-0,0211929976940155
231,558911	-0,0244307070970535
231,660666	-0,0260385572910309
231,762089	-0,0257007926702499
231,862122	-0,0234138518571854
231,962326	-0,0204637199640274
232,062543	-0,0167232751846313
232,162562	-0,0137750208377838
232,264187	-0,0124965906143188
232,364544	-0,0126693248748779
232,466359	-0,0146560370922089
232,566915	-0,0173701196908951
232,666973	-0,0211430042982101
232,768527	-0,0243877917528152
232,870624	-0,0258816033601761
232,971438	-0,0256812274456024
233,073024	-0,0239071995019913
233,174691	-0,0204779952764511
233,274851	-0,0167275369167328
233,376080	-0,0141535997390747
233,477446	-0,0124374330043793
233,578018	-0,012594074010849
233,678307	-0,0141185373067856
233,779857	-0,0172727406024933
233,880850	-0,0210339725017548
233,982017	-0,0238299816846848
234,082242	-0,025810033082962
234,183049	-0,0258200615644455
234,284043	-0,0238771736621857
234,384087	-0,0204661041498184
234,484404	-0,0173226147890091
234,584914	-0,01414555311203
234,685535	-0,0125973969697952
234,787500	-0,0123953223228455
234,889071	-0,0140678286552429
234,990583	-0,0166188180446625
235,092050	-0,0203323662281036
235,192652	-0,0237722992897034
235,292954	-0,0255529135465622
235,392964	-0,0257852375507355
235,493492	-0,023870974779129
235,594142	-0,021088719367981
235,694358	-0,017335444688797
235,796226	-0,0146100670099258
235,896234	-0,0125902891159058
235,996331	-0,0122789144515991
236,097980	-0,0136433243751526
236,199758	-0,0165608823299408
236,300791	-0,0196524411439896
236,400910	-0,0232155919075012
236,502663	-0,0255094915628433
236,602692	-0,0258916169404984
236,702977	-0,0243181735277176
236,803001	-0,0211201459169388
236,903916	-0,0179892182350159
237,005503	-0,0146404057741165
237,106721	-0,0126257836818695
237,208715	-0,0123158246278763
237,308779	-0,0136864334344864
237,408812	-0,0166164338588715
237,510062	-0,0197085589170456
237,611070	-0,0227457284927368
237,711113	-0,0253678262233734
237,812896	-0,026031881570816
237,912934	-0,02487513422966
238,013811	-0,0218996703624725
238,115749	-0,0181574523448944
238,216039	-0,0152881592512131
238,316429	-0,0129642337560654
238,416477	-0,0123901069164276
238,517817	-0,0133771300315857
238,618117	-0,0160382688045502
238,718578	-0,0190526694059372
238,818704	-0,0227200090885162
238,920612	-0,0253482758998871
239,021327	-0,0260710120201111
239,122740	-0,0248946845531464
239,223510	-0,0225318074226379
239,325048	-0,0188496261835098
239,426313	-0,0153626203536987
239,526901	-0,0133136808872223
239,628449	-0,0124260783195496
239,729742	-0,013430655002594
239,830883	-0,0155390948057175
239,931136	-0,0190712064504623
240,032220	-0,022714763879776
240,133437	-0,0250320434570313
240,233665	-0,0260819792747498
240,334238	-0,024907574057579
240,435256	-0,0225375294685364
240,536524	-0,0194759517908096
240,636701	-0,0153630971908569
240,737774	-0,0132994651794434
240,838097	-0,0124175548553467
240,939286	-0,0130849778652191
241,040561	-0,0154964029788971
241,141537	-0,0184155702590942
241,243451	-0,0226976126432419
241,345365	-0,0250301361083984
241,446097	-0,0260753035545349
241,546162	-0,0253082066774368
241,648081	-0,0226271003484726
241,749433	-0,0195672810077667
241,849491	-0,0159637629985809
241,950536	-0,0133638679981232
242,050916	-0,0124681890010834
242,152074	-0,0131048560142517
242,252383	-0,0154992491006851
242,352838	-0,0184041559696198
242,454262	-0,0215334445238113
242,556260	-0,0250425338745117
242,657084	-0,0260862708091736
242,757964	-0,0256201773881912
242,859647	-0,0226490050554276
242,961033	-0,0195872634649277
243,062047	-0,0165290832519531
243,162149	-0,0136750638484955
243,263973	-0,0124398022890091
243,365027	-0,0128274261951447
243,465964	-0,0149253457784653
243,566153	-0,0182990878820419
243,666401	-0,0214281976222992
243,768230	-0,0245723277330399
243,868869	-0,0260128080844879
243,969784	-0,0255738943815231
244,070713	-0,0231908112764359
244,171838	-0,0196291208267212
244,272126	-0,0165708661079407
244,372929	-0,0140924751758575
244,474784	-0,0124719738960266
244,574887	-0,0128430426120758
244,676642	-0,0144967436790466
244,778247	-0,0176964998245239
244,878372	-0,021454393863678
244,980795	-0,02416130900383
245,081064	-0,0259483903646469
245,182961	-0,025615394115448
245,284243	-0,0232208371162415
245,385364	-0,0202819257974625
245,486923	-0,0165751427412033
245,588657	-0,013711541891098
245,690896	-0,0125230848789215
245,790926	-0,0127853006124496
245,891576	-0,014871284365654
245,991987	-0,0176147818565369
246,092853	-0,0207635760307312
246,194707	-0,0245289206504822
246,295184	-0,025923103094101
246,396164	-0,0258319824934006
246,496178	-0,0237680077552795
246,597457	-0,0203599631786346
246,698333	-0,0172390192747116
246,799553	-0,0141877382993698
246,899707	-0,0125869810581207
247,000876	-0,0126636475324631
247,101392	-0,0144484043121338
247,202102	-0,0176147818565369
247,303044	-0,0207454860210419
247,403464	-0,0240564197301865
247,505056	-0,0259083211421967
247,606942	-0,0258043110370636
247,707019	-0,0242132842540741
247,807793	-0,0203266441822052
247,908928	-0,0172024369239807
248,008932	-0,0145669132471085
248,110692	-0,0126683861017227
248,211406	-0,0126040279865265
248,312584	-0,0139673799276352
248,412995	-0,0169535726308823
248,513864	-0,0206940770149231
248,614865	-0,0235525518655777
248,716105	-0,0257585197687149
248,817254	-0,0258615612983704
248,918849	-0,0243091136217117
249,020763	-0,021061584353447
249,121057	-0,0173154920339584
249,221227	-0,0146811604499817
249,322292	-0,0129595100879669
249,422919	-0,0126712322235107
249,524718	-0,0139891803264618
249,626573	-0,0163866579532623
249,728180	-0,0206778943538666
249,829981	-0,0235339552164078
249,931029	-0,025517612695694
250,031811	-0,025870144367218
250,133199	-0,0243424922227859
250,234038	-0,0217067897319794
250,335903	-0,017976388335228
250,436016	-0,0147233605384827
250,536603	-0,0129916965961456
250,637527	-0,0125803500413895
250,738101	-0,0140076577663422
250,838160	-0,0163866579532623
250,938738	-0,0200287699699402
251,040940	-0,0235134661197662
251,141734	-0,0255032926797867
