0,100363	0,00642210245132446
0,201240	0,00240013003349304
0,301303	0,000554502010345459
0,402247	-0,00022810697555542
0,502769	0,0003470778465271
0,603500	0,00268980860710144
0,703876	0,00547736883163452
0,810071	0,00938090682029724
0,917846	0,0133638381958008
1,027857	0,0160114169120789
1,136883	0,0182996690273285
1,246096	0,0185238122940063
1,353523	0,0170047879219055
1,462218	0,0141567885875702
1,571404	0,0104370415210724
1,679269	0,00645104050636292
1,788027	0,00313171744346619
1,899153	0,000580310821533203
2,009120	0,000252425670623779
2,120533	0,00160989165306091
2,230952	0,00490075349807739
2,340972	0,00807327032089233
2,449935	0,0126056373119354
2,560302	0,0158845782279968
2,671306	0,0180082619190216
2,784099	0,0184789896011353
2,884355	0,017636239528656
2,984519	0,0153181850910187
3,085050	0,0124020278453827
3,187457	0,00852829217910767
3,303075	0,00421306490898132
3,417819	0,00144475698471069
3,533745	0,000150620937347412
3,644299	0,00081634521484375
3,750867	0,00312411785125732
3,852943	0,00593984127044678
3,966970	0,0103957056999207
4,078532	0,014679491519928
4,185243	0,0169194042682648
4,296946	0,0182500779628754
4,408772	0,0180850625038147
4,520723	0,0157139003276825
4,632711	0,012463390827179
4,734584	0,00923287868499756
4,846601	0,00534534454345703
4,952626	0,00182795524597168
5,064478	0,000180244445800781
5,167839	0,00022423267364502
5,268649	0,00200536847114563
5,380121	0,00441557168960571
5,491788	0,00814017653465271
5,601826	0,0127065181732178
5,702927	0,0158702731132507
5,815037	0,01797154545784
5,926809	0,0183320939540863
6,037380	0,0167596340179443
6,148649	0,0139176845550537
6,252331	0,0108041167259216
6,363581	0,00629633665084839
6,471446	0,00342828035354614
6,586102	0,000683993101119995
6,700480	0,000121474266052246
6,811648	0,00147101283073425
6,922778	0,00428816676139832
7,034092	0,00795990228652954
7,145072	0,0117672085762024
7,254791	0,0157177150249481
7,367018	0,0177087485790253
7,481951	0,0182219445705414
7,592814	0,017083466053009
7,703323	0,014420747756958
7,815512	0,0108639597892761
7,927466	0,00631153583526611
8,039084	0,00290223956108093
8,150395	0,000715047121047974
8,261786	-3,72827053070068E-5
8,373596	0,00139942765235901
8,484637	0,00468027591705322
8,596103	0,00779101252555847
8,707024	0,0124343633651733
8,817195	0,0152366757392883
8,927814	0,0176787078380585
9,039891	0,018602043390274
9,151741	0,017798900604248
9,263214	0,0150617361068726
9,374812	0,0108406841754913
9,486745	0,00696450471878052
9,598412	0,00355151295661926
9,709175	0,00112918019294739
9,820445	0,000382930040359497
9,932150	0,00152447819709778
10,032657	0,00364428758621216
10,133516	0,00775590538978577
10,233855	0,01094850897789
10,334104	0,0139953196048737
10,434155	0,0168736279010773
10,534490	0,0182829797267914
10,635104	0,0182863175868988
10,735162	0,0168082714080811
10,835957	0,0138876736164093
10,936387	0,0108995735645294
11,036405	0,00765866041183472
11,137241	0,00401765108108521
11,238889	0,00145000219345093
11,339000	0,000363796949386597
11,440128	0,000606119632720947
11,540253	0,00254213809967041
11,640283	0,00507843494415283
11,741094	0,00877070426940918
11,841843	0,0120253562927246
11,942093	0,0153825581073761
12,042697	0,0176076292991638
12,144520	0,0183984041213989
12,245238	0,0176820456981659
12,346425	0,0155341327190399
12,447886	0,0128616392612457
12,547896	0,00898373126983643
12,648224	0,00523325800895691
12,749065	0,00261977314949036
12,850063	0,000586509704589844
12,951865	0,000184059143066406
13,052385	0,00127434730529785
13,154307	0,00376081466674805
13,255560	0,00673532485961914
13,356425	0,0106455087661743
13,457333	0,0142678022384644
13,558536	0,0167319774627686
13,659869	0,018317312002182
13,760843	0,0184222459793091
13,861166	0,0170972943305969
13,961689	0,0142620801925659
14,062099	0,0111922025680542
14,162971	0,00731894373893738
14,263574	0,00368425250053406
14,364784	0,00143903493881226
14,465265	0,000114768743515015
14,566437	0,000334650278091431
14,666805	0,00187849998474121
14,767669	0,00433903932571411
14,868709	0,00856050848960876
14,969510	0,0118047595024109
15,070079	0,0146647393703461
15,170583	0,0169890522956848
15,271481	0,0179405510425568
15,371930	0,0174149572849274
15,473438	0,0153310596942902
15,574463	0,0122117698192596
15,675394	0,00903546810150146
15,776279	0,00521475076675415
15,877164	0,00220182538032532
15,978847	0,000509113073348999
16,079126	-1,81496143341064E-5
16,180474	0,00130155682563782
16,281321	0,00336211919784546
16,381668	0,00625312328338623
16,482599	0,0108387768268585
16,584155	0,0138252675533295
16,684509	0,0162989497184753
16,786368	0,0181651711463928
16,887421	0,0180492997169495
16,988016	0,0169160664081573
17,089648	0,0142301619052887
17,190953	0,0105334222316742
17,292663	0,00736162066459656
17,394573	0,00372609496116638
17,496026	0,00112584233283997
17,596565	0,000146299600601196
17,697726	0,000393450260162354
17,798837	0,00237533450126648
17,899168	0,0050366222858429
18,001009	0,00878921151161194
18,101751	0,0127007961273193
18,204219	0,015514612197876
18,305058	0,0177230536937714
18,405955	0,0185223817825317
18,507521	0,0178561210632324
18,607839	0,0155512988567352
18,709578	0,0122612118721008
18,810951	0,00894579291343689
18,911424	0,0050736665725708
19,012293	0,00246348977088928
19,113779	0,000359505414962769
19,214174	-0,00012621283531189
19,314624	0,000933855772018433
19,414999	0,00339210033416748
19,515629	0,00628966093063354
19,617592	0,0102537572383881
19,717855	0,0138524174690247
19,818299	0,0162889361381531
19,918593	0,0179701149463654
20,018940	0,0179047584533691
20,119754	0,0167477130889893
20,221012	0,0145489275455475
20,322574	0,0103173851966858
20,424396	0,00711917877197266
20,525855	0,00410941243171692
20,627017	0,000999301671981812
20,727837	6,69658184051514E-5
20,829726	0,000416874885559082
20,931533	0,00237247347831726
21,033119	0,00506466627120972
21,134509	0,00877165794372559
21,234974	0,0119687914848328
21,335899	0,0153405964374542
21,437211	0,0171593129634857
21,538143	0,0180750489234924
21,638291	0,0173453092575073
21,739419	0,0154540538787842
21,839774	0,0122093856334686
21,940407	0,00836789608001709
22,041938	0,00510931015014648
22,142736	0,00199392437934875
22,243025	7,26878643035889E-5
22,343164	-0,000346213579177856
22,444800	0,000893741846084595
22,545280	0,00344303250312805
22,646309	0,00636133551597595
22,747200	0,00970268249511719
22,847485	0,0138909816741943
22,947850	0,0162369608879089
23,048169	0,0176796615123749
23,149631	0,0177874565124512
23,250959	0,0163285136222839
23,351393	0,0140972435474396
23,451644	0,0104256570339203
23,551921	0,00656163692474365
23,653823	0,00362762808799744
23,755771	0,00120559334754944
23,856115	-0,000307470560073853
23,957477	-3,87132167816162E-5
24,057964	0,00130298733711243
24,159621	0,0049017071723938
24,259835	0,00801211595535278
24,361185	0,0111722350120544
24,462596	0,0151194036006927
24,563938	0,0169251263141632
24,664315	0,0176510512828827
24,765041	0,0169251263141632
24,865075	0,0149897634983063
24,966864	0,01226407289505
25,067897	0,00853303074836731
25,168730	0,00462517142295837
25,270588	0,00196769833564758
25,371591	-4,44650650024414E-5
25,472524	-0,000619322061538696
25,573892	0,000313133001327515
25,674693	0,00280985236167908
25,775202	0,00621706247329712
25,875556	0,00950285792350769
25,976060	0,0126589238643646
26,076638	0,0159422755241394
26,177656	0,0173429250717163
26,277813	0,0175651907920837
26,378524	0,0158621668815613
26,478976	0,0136381089687347
26,580216	0,0106602311134338
26,681788	0,00674906373023987
26,782497	0,00328406691551208
26,882540	0,00101742148399353
26,983848	-0,000399768352508545
27,084161	-1,09672546386719E-5
27,185454	0,00142186880111694
27,286693	0,00436568260192871
27,387117	0,00818666815757751
27,488245	0,01129150390625
27,589699	0,0146423280239105
27,690662	0,0168979465961456
27,790793	0,0174812376499176
27,892329	0,0170276761054993
27,992931	0,0145689249038696
28,094554	0,0117177665233612
28,195070	0,00853681564331055
28,296375	0,00467219948768616
28,397911	0,00132638216018677
28,499024	-0,000387340784072876
28,599052	-0,00103747844696045
28,700691	-3,53753566741943E-5
28,802046	0,00214460492134094
28,902175	0,00561413168907166
29,002559	0,00958210229873657
29,103521	0,01284259557724
29,204144	0,0158354640007019
29,305711	0,0175251364707947
29,406197	0,0177578628063202
29,508105	0,0163409113883972
29,608740	0,0135590434074402
29,709786	0,010578989982605
29,810671	0,00716900825500488
29,911593	0,00289937853813171
30,013139	0,000659644603729248
30,113210	-0,000723123550415039
30,215044	-0,000636070966720581
30,315524	0,00110530853271484
30,416028	0,00349771976470947
30,518237	0,00732415914535522
30,619589	0,0112435221672058
30,719758	0,0140619874000549
30,821475	0,016648530960083
30,922293	0,0175904631614685
31,024204	0,0170701146125793
31,125231	0,0152028203010559
31,227052	0,0118865072727203
31,327997	0,00867676734924316
31,429666	0,00493162870407104
31,531465	0,00161752104759216
31,631862	-9,08374786376953E-5
31,731957	-0,000625073909759521
31,832315	0,000389635562896729
31,934032	0,00250732898712158
32,034034	0,00539666414260864
32,135242	0,00982892513275146
32,235593	0,0129668116569519
32,336023	0,015512228012085
32,436078	0,0171903073787689
32,536745	0,0174569189548492
32,637015	0,0163289904594421
32,737143	0,0135999917984009
32,838708	0,0106991529464722
32,939258	0,00673627853393555
33,039666	0,00301653146743774
33,140612	0,000740379095077515
33,242423	-0,000805407762527466
33,343469	-0,000679135322570801
33,444834	0,000838309526443481
33,545683	0,00372704863548279
33,646261	0,00749212503433228
33,748003	0,0108463764190674
33,848578	0,014187753200531
33,949249	0,0162879824638367
34,049811	0,0174678862094879
34,150075	0,0170238614082336
34,250595	0,0151870846748352
34,351460	0,0120724439620972
34,453262	0,00881054997444153
34,553285	0,00499719381332397
34,655233	0,00169914960861206
34,755710	-0,000227630138397217
34,856462	-0,000881016254425049
34,958070	2,43782997131348E-5
35,058661	0,00197151303291321
35,160544	0,00548544526100159
35,261151	0,00930875539779663
35,363115	0,012463390827179
35,464313	0,0155546367168427
35,564947	0,0171926915645599
35,665234	0,017414003610611
35,766091	0,0161420702934265
35,867053	0,013904333114624
35,967924	0,0103843212127686
36,069011	0,00712394714355469
36,169259	0,00334450602531433
36,270982	0,000539690256118774
36,371179	-0,000766664743423462
36,472898	-0,000826001167297363
36,573140	0,000885128974914551
36,673923	0,00329264998435974
36,775864	0,00697636604309082
36,877717	0,0108786821365356
36,978647	0,0137485861778259
37,079458	0,0162174105644226
37,179893	0,0172437131404877
37,281380	0,0167973041534424
37,382325	0,0148029327392578
37,483229	0,0116384029388428
37,584000	0,00841629505157471
37,684718	0,00456386804580688
37,785944	0,00134453177452087
37,888048	-0,00044715404510498
37,989483	-0,00106427073478699
38,090190	-0,000281661748886108
38,190745	0,00204974412918091
38,291718	0,00552153587341309
38,391858	0,00878161191940308
38,492291	0,0125123858451843
38,593176	0,015072226524353
38,693533	0,0169437229633331
38,794192	0,0171831548213959
38,894198	0,016157329082489
38,995943	0,0135328471660614
39,096880	0,00997179746627808
39,197887	0,00672391057014465
39,298222	0,00360572338104248
39,398423	0,000312656164169312
39,499140	-0,000875771045684814
39,599601	-0,000901579856872559
39,700595	0,00101789832115173
39,800602	0,00351390242576599
39,901573	0,00656875967979431
40,003232	0,0104617178440094
40,103683	0,0139029026031494
40,203782	0,0159398913383484
40,304335	0,0171001553535461
40,405130	0,0165617167949677
40,505278	0,0149049162864685
40,606016	0,0123953819274902
40,706229	0,00797459483146667
40,807132	0,00474679470062256
40,909547	0,00193861126899719
41,010667	-0,000685811042785645
41,111103	-0,0012441873550415
41,211433	-0,000573873519897461
41,312106	0,00160989165306091
41,412311	0,00499910116195679
41,512546	0,00828060507774353
41,613873	0,0120296478271484
41,714850	0,0151403844356537
41,815250	0,0167305469512939
41,915911	0,017134040594101
42,016555	0,0162689089775085
42,118365	0,013811469078064
42,218769	0,0102950930595398
42,319652	0,00708454847335815
42,421029	0,00335213541984558
42,522294	0,000855505466461182
42,623718	-0,000923603773117065
42,724807	-0,000910192728042603
42,826652	0,000320315361022949
42,926766	0,00314554572105408
43,027102	0,00672820210456848
43,127256	0,010015457868576
43,227732	0,0135647654533386
43,329528	0,0160252451896667
43,430332	0,0170629620552063
43,531306	0,0167286396026611
43,632327	0,0151761174201965
43,733028	0,0122441053390503
43,833875	0,00844570994377136
43,935481	0,00454011559486389
44,035719	0,0018160343170166
44,137201	-0,000549018383026123
44,238161	-0,00127911567687988
44,339502	-0,000524640083312988
44,441134	0,00166478753089905
44,541338	0,00448164343833923
44,642033	0,00838688015937805
44,742621	0,0115186274051666
44,844088	0,0147481262683868
44,944562	0,0167176723480225
45,045141	0,0170944333076477
45,145254	0,0161463618278503
45,247256	0,0136604905128479
45,348208	0,0107347667217255
45,448282	0,00692510604858398
45,549037	0,00378412008285522
45,649521	0,000751852989196777
45,750377	-0,000831246376037598
45,851826	-0,000983387231826782
45,953585	0,000416874885559082
46,054010	0,00328835844993591
46,155817	0,00629773736000061
46,255971	0,0102086663246155
46,357265	0,0137838423252106
46,457854	0,0159026980400085
46,559706	0,0172198712825775
46,661019	0,0170758366584778
46,761082	0,0152919590473175
46,861792	0,0123563408851624
46,963592	0,00926321744918823
47,064887	0,00532588362693787
47,165467	0,00251877307891846
47,265891	6,4551830291748E-5
47,366190	-0,000909239053726196
47,466673	-0,000319421291351318
47,567473	0,00174492597579956
47,668808	0,00498011708259583
47,769693	0,00826826691627502
47,870055	0,0114212334156036
47,971807	0,0151041448116302
48,071979	0,0168297588825226
48,172102	0,0173143148422241
48,273944	0,0161859393119812
48,375282	0,0141653716564178
48,475604	0,0112648904323578
48,577437	0,00681453943252563
48,677722	0,00373703241348267
48,778557	0,00114113092422485
48,879018	-0,000602126121520996
48,979641	-0,000758051872253418
49,080323	0,000312656164169312
49,180680	0,00310888886451721
49,281598	0,00670731067657471
49,382942	0,00991246104240417
49,484589	0,0135990679264069
49,585317	0,0161282420158386
49,686723	0,0172193944454193
49,787755	0,0172336995601654
49,888075	0,0151980519294739
49,989406	0,0127107799053192
50,091213	0,00971215963363647
50,191230	0,00512972474098206
50,291274	0,00234007835388184
50,391577	0,000359028577804565
50,492459	-0,000823616981506348
50,593140	-0,00012671947479248
50,693462	0,00164616107940674
50,795297	0,004752516746521
50,896153	0,00866299867630005
50,996215	0,0118423104286194
51,097330	0,0149606764316559
51,199290	0,0170205235481262
51,299778	0,0174693167209625
51,400062	0,0166833400726318
51,500983	0,0140515267848969
51,601465	0,01114422082901
51,702066	0,00785741209983826
51,802427	0,00420880317687988
51,903050	0,0011143684387207
52,003756	-0,000397384166717529
52,105726	-0,000586330890655518
52,206536	0,00069880485534668
52,306599	0,00299987196922302
52,407129	0,00668501853942871
52,507329	0,010535329580307
52,608050	0,0136181116104126
52,708581	0,0164181888103485
52,809184	0,0175623297691345
52,909535	0,0176004767417908
53,009771	0,0159303545951843
53,109935	0,0134200155735016
53,211641	0,0104588568210602
53,311797	0,00652271509170532
53,412406	0,00290414690971375
53,513354	0,000780999660491943
53,615083	-0,000538498163223267
53,715460	-0,000159710645675659
53,817413	0,00150108337402344
53,919405	0,00455531477928162
54,021019	0,00835368037223816
54,121344	0,011667400598526
54,222678	0,0149387717247009
54,323151	0,0171120762825012
54,423627	0,0178060531616211
54,524188	0,0169451534748077
54,624875	0,0146833062171936
54,725773	0,0119283497333527
54,826931	0,00798600912094116
54,927323	0,00426393747329712
55,027602	0,00170820951461792
55,129206	-5,78463077545166E-5
55,229405	-0,000466734170913696
55,331311	0,000622838735580444
55,431673	0,00264501571655273
55,532830	0,00619947910308838
55,633668	0,0100762248039246
55,734877	0,0130572617053986
55,835709	0,0160147547721863
55,936408	0,0174535810947418
56,036866	0,0174221098423004
56,138184	0,0160190463066101
56,238941	0,0130844116210938
56,339225	0,0100083351135254
56,439596	0,006834477186203
56,540596	0,00261405110359192
56,641412	0,000512927770614624
56,742175	-0,000500202178955078
56,843341	-0,00018647313117981
56,943649	0,00153592228889465
57,044277	0,00412702560424805
57,146269	0,00842675566673279
57,246681	0,0117039680480957
57,346723	0,0145003199577332
57,448321	0,0167129039764404
57,548809	0,0175833106040955
57,649674	0,0169666409492493
57,750234	0,0147543251514435
57,850242	0,0115547478199005
57,950385	0,00831526517868042
58,052276	0,00505706667900085
58,154198	0,00148200988769531
58,255999	-0,000184565782546997
58,356359	-0,000694453716278076
58,457705	0,000694513320922852
58,558331	0,00277984142303467
58,658916	0,0056440532207489
58,759783	0,0102181732654572
58,861337	0,0131281614303589
58,961648	0,0155360400676727
59,062049	0,017264723777771
59,163099	0,0171903073787689
59,263123	0,0160309672355652
59,363453	0,0133523941040039
59,463804	0,00961393117904663
59,564681	0,00645104050636292
59,665367	0,00290414690971375
59,767310	0,000256270170211792
59,868168	-0,000666201114654541
59,969519	-0,000517934560775757
60,071412	0,00151348114013672
60,172742	0,00420928001403809
60,273477	0,00727862119674683
60,373763	0,0110539495944977
60,474383	0,0145241618156433
60,576115	0,0163852870464325
60,676888	0,0173100233078003
60,778556	0,0167481899261475
60,878604	0,0148963332176208
60,979676	0,0117415487766266
61,081497	0,00802585482597351
61,183448	0,00474965572357178
61,283549	0,00164377689361572
61,384944	-0,000249624252319336
61,486290	-0,000760436058044434
61,588115	0,000430703163146973
61,689083	0,00297558307647705
61,790062	0,00578555464744568
61,891831	0,00978478789329529
61,991991	0,0133171677589417
62,093855	0,0155870616436005
62,195241	0,0171096920967102
62,296155	0,0171202123165131
62,397954	0,0158259272575378
62,498560	0,0136947631835938
62,598596	0,0100548565387726
62,700263	0,00617292523384094
62,801795	0,00330358743667603
62,903463	0,000153958797454834
63,005331	-0,00072169303894043
63,106258	-0,000402152538299561
63,207911	0,0016728937625885
63,308991	0,00439894199371338
63,410375	0,00755190849304199
63,510780	0,0112591981887817
63,611797	0,0146490037441254
63,711850	0,0165106952190399
63,813302	0,0172551870346069
63,913675	0,0165927112102509
64,013908	0,0147314369678497
64,114004	0,0120068192481995
64,214914	0,00773170590400696
64,316109	0,0045153796672821
64,417100	0,00181031227111816
64,518381	-0,000319898128509521
64,618934	-0,000727921724319458
64,719081	0,000162571668624878
64,820560	0,00321504473686218
64,921333	0,00605091452598572
65,022598	0,00932490825653076
65,124212	0,0130810737609863
65,224833	0,0157720446586609
65,326198	0,0171802937984467
65,427460	0,0173462629318237
65,529351	0,0157405734062195
65,630771	0,0135628581047058
65,731387	0,00996702909469604
65,833038	0,0060495138168335
65,933684	0,00325119495391846
66,035122	0,000586509704589844
66,135859	-0,000549495220184326
66,237693	-0,000108540058135986
66,338884	0,00129392743110657
66,439513	0,00481665134429932
66,539582	0,008013516664505
66,640224	0,0111261606216431
66,741037	0,0149487555027008
66,841062	0,0167744159698486
66,941589	0,0173973143100739
67,043488	0,0168116390705109
67,144261	0,01468425989151
67,244904	0,0119131505489349
67,346644	0,00818571448326111
67,447574	0,00443458557128906
67,548060	0,00178119540214539
67,648924	-0,000120013952255249
67,750060	-0,000510275363922119
67,851890	0,000409215688705444
67,953561	0,00301414728164673
68,054437	0,00648379325866699
68,154813	0,00966233015060425
68,255141	0,0128135681152344
68,356299	0,0160509943962097
68,457338	0,0172809362411499
68,557493	0,0174683630466461
68,658491	0,0160381197929382
68,759147	0,0132900476455688
68,859982	0,0103658437728882
68,961401	0,00642019510269165
69,061514	0,00293365120887756
69,161853	0,000805824995040894
69,263004	-0,000598758459091187
69,363956	-0,000141531229019165
69,465243	0,00144714117050171
69,566188	0,00439655780792236
69,667457	0,00827300548553467
69,767719	0,011469691991806
69,869030	0,0147119164466858
69,970375	0,0167186260223389
70,071538	0,0175966620445251
70,171878	0,0170424580574036
70,272780	0,0151084363460541
70,374169	0,0118142664432526
70,474513	0,0086003839969635
70,575203	0,00489124655723572
70,676262	0,00162708759307861
70,777079	-5,49852848052979E-5
70,878047	-0,000544697046279907
70,978436	0,000452697277069092
71,078686	0,00257167220115662
71,180044	0,00603574514389038
71,280935	0,00916311144828796
71,381862	0,0129154324531555
71,482831	0,0157758593559265
71,583293	0,0170586705207825
71,683766	0,0173286199569702
71,784374	0,0158459544181824
71,885020	0,0135109424591064
71,985708	0,0100743174552917
72,085774	0,00611737370491028
72,187138	0,00316745042800903
72,287395	0,00100025534629822
72,389219	-0,000538021326065063
72,490579	-0,000289320945739746
72,590717	0,00123327970504761
72,691082	0,00406187772750854
72,791323	0,00785601139068604
72,892642	0,0111333131790161
72,993168	0,014418363571167
73,093901	0,0168450176715851
73,194059	0,0176305174827576
73,295921	0,0171636044979095
73,396477	0,0149849951267242
73,497081	0,0122602581977844
73,597585	0,00905019044876099
73,699497	0,0047534704208374
73,801479	0,00202205777168274
73,901611	0,000183582305908203
74,001643	-0,000419884920120239
74,101863	0,000376224517822266
74,203453	0,00234198570251465
74,305393	0,00576323270797729
74,406150	0,00947961211204529
74,506970	0,0125942230224609
74,607989	0,0156013667583466
74,709957	0,0171574056148529
74,811464	0,0174116194248199
74,911542	0,0164835155010223
75,012164	0,013416200876236
75,112298	0,0105676054954529
75,213676	0,00735783576965332
75,314373	0,00315126776695251
75,415118	0,00103890895843506
75,515219	-0,000202268362045288
75,615798	-2,1517276763916E-5
75,716557	0,00157842040061951
75,817600	0,00393396615982056
75,918965	0,00822129845619202
76,019876	0,011468231678009
76,120693	0,0142039656639099
76,220907	0,016643762588501
76,321252	0,0176553428173065
76,421862	0,0170863270759583
76,524271	0,0151651799678802
76,624972	0,012021541595459
76,725735	0,00876596570014954
76,826661	0,00563883781433105
76,927562	0,00187230110168457
77,027587	5,5462121963501E-5
77,128540	-0,000482052564620972
77,229283	0,00027155876159668
77,329747	0,00248876214027405
77,429798	0,0053781270980835
77,529807	0,0091090202331543
77,631779	0,0127526521682739
77,733188	0,0153324902057648
77,834132	0,0170243382453918
77,934986	0,0172652006149292
78,035310	0,0162979960441589
78,136360	0,0136133432388306
78,236563	0,0107623040676117
78,337369	0,00701051950454712
78,437740	0,0032869279384613
78,538050	0,00106662511825562
78,638326	-0,000398337841033936
78,738996	-0,000341415405273438
78,839616	0,00116023421287537
78,940532	0,00349342823028564
79,040984	0,00699061155319214
79,141241	0,0109651386737823
79,242264	0,0138300061225891
79,343728	0,0163175463676453
79,445111	0,0175599455833435
79,545708	0,0171812474727631
79,646697	0,0153291523456573
79,747118	0,0123834609985352
79,847976	0,00917354226112366
79,948352	0,00538432598114014
80,050333	0,0022299587726593
80,150979	0,000311225652694702
80,251651	-0,000417947769165039
80,352282	0,000573128461837769
80,453826	0,00239726901054382
80,555115	0,00516724586486816
80,656488	0,00963622331619263
80,756955	0,012604683637619
80,857455	0,0152447819709778
80,958011	0,0171731412410736
81,059062	0,0174173414707184
81,160442	0,0165831744670868
81,261462	0,014069139957428
81,362227	0,0105324983596802
81,464073	0,00742378830909729
81,564481	0,00370040535926819
81,664542	0,000905662775039673
81,765276	-0,000249624252319336
81,866373	-0,000359117984771729
81,966697	0,00132018327713013
82,067559	0,00381267070770264
82,167914	0,00670778751373291
82,268283	0,0112444460391998
82,368894	0,0141386985778809
82,469112	0,0161435008049011
82,570074	0,0174812376499176
82,671122	0,0171120762825012
82,771592	0,015488862991333
82,871615	0,0126042068004608
82,973329	0,00886321067810059
83,075173	0,0055961012840271
83,175831	0,0023786723613739
83,277228	0,000110447406768799
83,379173	-0,00060737133026123
83,480478	0,000282555818557739
83,581535	0,00246301293373108
83,681605	0,00522425770759583
83,781709	0,00848841667175293
83,882984	0,0121532678604126
83,984588	0,0152309536933899
84,086549	0,0169475376605988
84,186824	0,0172923803329468
84,288024	0,0163261294364929
84,388696	0,0143664181232452
84,489207	0,0108767747879028
84,589237	0,00713247060775757
84,689317	0,00413128733634949
84,790868	0,00112679600715637
84,891246	-0,000276386737823486
84,993116	-0,000302672386169434
85,094847	0,00107571482658386
85,196148	0,00403571128845215
85,297106	0,00700247287750244
85,398113	0,010773241519928
85,499273	0,0142897069454193
85,599726	0,0162636637687683
85,701767	0,0172742605209351
85,801864	0,0169857144355774
85,902378	0,0152771770954132
86,002852	0,0128083229064941
86,104352	0,00861036777496338
86,205310	0,00533396005630493
86,305505	0,00260835886001587
86,407553	0,000352323055267334
86,507998	-0,000565260648727417
86,609542	0,000141531229019165
86,709875	0,00231671333312988
86,811697	0,00550919771194458
86,913603	0,00877070426940918
87,014973	0,0124695897102356
87,115847	0,0153792202472687
87,215952	0,017010509967804
87,316592	0,0173481702804565
87,418035	0,0161072611808777
87,518446	0,0140824913978577
87,618877	0,0111793577671051
87,719218	0,00734597444534302
87,819235	0,00377461314201355
87,919932	0,00127625465393066
88,021290	-0,000397384166717529
88,121541	-0,000383496284484863
88,222108	0,000753283500671387
88,323074	0,00351771712303162
88,424524	0,00715240836143494
88,526076	0,0102684795856476
88,626977	0,0138086080551147
88,727271	0,0159856677055359
88,827530	0,0171898305416107
88,927877	0,016959011554718
89,028083	0,0154798030853271
89,129189	0,0124881267547607
89,230843	0,00888457894325256
89,330994	0,00567254424095154
89,431622	0,0023043155670166
89,533667	0,000166863203048706
89,634316	-0,000594466924667358
89,736257	0,000103294849395752
89,837666	0,00196292996406555
89,937943	0,00506371259689331
90,039121	0,00819188356399536
90,139947	0,0119958817958832
90,241312	0,0149864256381989
90,342231	0,0166733264923096
90,443219	0,0172790288925171
90,543521	0,0161344408988953
90,644481	0,0142053961753845
90,744868	0,0108649134635925
90,844953	0,0069735050201416
90,946859	0,00402146577835083
91,048378	0,00110816955566406
91,148823	-0,000494003295898438
91,249469	-0,000461965799331665
91,351345	0,000923812389373779
91,452061	0,00373989343643188
91,553000	0,00681358575820923
91,653995	0,0105604827404022
91,754938	0,0134871602058411
91,855667	0,0161506533622742
91,957058	0,0171817243099213
92,057957	0,0170453190803528
92,159687	0,0153463184833527
92,260085	0,0128387808799744
92,361424	0,00925847887992859
92,462052	0,00544887781143188
92,562079	0,00259882211685181
92,663679	0,000336110591888428
92,764056	-0,000547081232070923
92,865921	-1,96099281311035E-5
92,966592	0,002154141664505
93,066657	0,00536197423934937
93,167946	0,00850644707679749
93,269874	0,0122997462749481
93,370153	0,0152543187141418
93,470769	0,0168359577655792
93,570940	0,01739302277565
93,671301	0,016119658946991
93,771724	0,0141058266162872
93,873604	0,0113694071769714
93,974996	0,007505863904953
94,075821	0,00392109155654907
94,177378	0,00150537490844727
94,278731	-0,000277817249298096
94,379604	-0,000304132699966431
94,480932	0,000868886709213257
94,581121	0,003488689661026
94,681197	0,00712108612060547
94,782028	0,0102651715278625
94,882983	0,013148158788681
94,983703	0,0162450671195984
95,085503	0,0171750485897064
95,186674	0,0170329213142395
95,287705	0,0150917768478394
95,389554	0,0125204920768738
95,489672	0,00949385762214661
95,590053	0,0051344633102417
95,690621	0,00232720375061035
95,791093	0,000372409820556641
95,892984	-0,000570535659790039
95,993133	1,53183937072754E-5
96,093305	0,00181078910827637
96,193379	0,00498819351196289
96,294354	0,00868245959281921
96,394866	0,0118732154369354
96,495313	0,0145441591739655
96,595922	0,0166122615337372
96,697416	0,0173386335372925
96,797710	0,0165998637676239
96,898557	0,0143402218818665
96,998973	0,011146605014801
97,099615	0,0079561173915863
97,201091	0,00426489114761353
97,301275	0,00145956873893738
97,403121	-6,40749931335449E-5
97,503719	-0,000311791896820068
97,603808	0,00114399194717407
97,703855	0,00324881076812744
97,804787	0,00680267810821533
97,905670	0,0106151103973389
98,005694	0,0134133398532867
98,106833	0,0160872340202332
98,207645	0,017202228307724
98,307799	0,0169814229011536
98,408872	0,0157434344291687
98,509487	0,0129430294036865
98,609575	0,00987637042999268
98,709731	0,00617387890815735
98,810017	0,00270506739616394
98,910949	0,000564515590667725
99,011405	-0,000496864318847656
99,112152	-0,000104218721389771
99,213453	0,00149631500244141
99,314287	0,00464797019958496
99,415781	0,0082554817199707
99,516737	0,0113964974880219
99,617386	0,0142001509666443
99,718577	0,0165688693523407
99,819454	0,0171626508235931
99,921286	0,0163824260234833
100,021930	0,01396244764328
100,122482	0,0113019347190857
100,224399	0,00819379091262817
100,325503	0,00381553173065186
100,425752	0,00147911906242371
100,526413	-0,000102788209915161
100,626801	-0,000612139701843262
100,726975	0,000728428363800049
100,828812	0,00280413031578064
100,930191	0,00618857145309448
101,031512	0,0101113617420197
101,131597	0,0129948854446411
101,232982	0,0157053172588348
101,333408	0,0172017514705658
101,433688	0,0170276761054993
101,534509	0,0158621668815613
101,634611	0,0127707421779633
101,734984	0,00966185331344604
101,835877	0,00653409957885742
101,936352	0,00312840938568115
102,036733	0,000512927770614624
102,138560	-0,000406473875045776
102,239003	-5,1647424697876E-5
102,340815	0,00173825025558472
102,441436	0,00436615943908691
102,541467	0,0080471932888031
102,643298	0,0116977989673615
102,743642	0,0144874453544617
102,845065	0,0165931880474091
102,945150	0,0172213017940521
103,045523	0,0166518688201904
103,147425	0,0148586928844452
103,247986	0,0111152231693268
103,348876	0,00806096196174622
103,450252	0,00487369298934937
103,551189	0,00136363506317139
103,652053	-6,78896903991699E-5
103,753640	-0,000574350357055664
103,855467	0,000520110130310059
103,955768	0,00306317210197449
104,056180	0,00579884648323059
104,156338	0,0096680223941803
104,257791	0,0131972134113312
104,359160	0,0153954029083252
104,459595	0,0170229077339172
104,560583	0,0169265568256378
104,660964	0,0156123340129852
104,761585	0,0130072832107544
104,863383	0,0100301504135132
104,964795	0,00619000196456909
105,065800	0,00289461016654968
105,167275	0,000386297702789307
105,268662	-0,000512659549713135
105,369538	-0,000158756971359253
105,471400	0,00191333889961243
105,573362	0,00453251600265503
105,673789	0,00765436887741089
105,774647	0,011848509311676
105,876529	0,0145084261894226
105,977545	0,0163595080375671
106,079091	0,0170205235481262
106,181047	0,0163261294364929
106,282843	0,0145331919193268
106,383042	0,0106222331523895
106,483621	0,00757801532745361
106,583841	0,00447595119476318
106,684256	0,00136077404022217
106,786014	-0,000303655862808228
106,887548	-0,000638484954833984
106,988262	0,000515788793563843
107,088662	0,00325119495391846
107,189561	0,00606325268745422
107,290478	0,00921386480331421
107,391762	0,0134638249874115
107,493463	0,0155884921550751
107,593768	0,0169165432453156
107,695633	0,0169656872749329
107,796630	0,0155150890350342
107,898073	0,0133162140846252
107,999480	0,00918066501617432
108,101355	0,00593036413192749
108,201387	0,0031617283821106
108,302616	0,000314086675643921
108,402823	-0,000545650720596313
108,503458	-9,94503498077393E-5
108,603808	0,00171965360641479
108,704745	0,0047391951084137
108,804996	0,00791862607002258
108,905750	0,0115770697593689
109,006693	0,0146952271461487
109,107092	0,0165183246135712
109,208757	0,0171302258968353
109,309481	0,0162240862846375
109,409839	0,0143978595733643
109,511331	0,0116455256938934
109,613099	0,00730139017105103
109,713696	0,00429436564445496
109,814877	0,00165045261383057
109,916835	-0,000378251075744629
110,017267	-0,000556200742721558
110,117780	0,00030931830406189
110,219242	0,00285843014717102
110,319430	0,00631058216094971
110,420234	0,00940176844596863
110,521777	0,0130510628223419
110,622580	0,0156814754009247
110,724372	0,0168278515338898
110,825354	0,0168912708759308
110,926210	0,0151961445808411
111,026768	0,0128130912780762
111,126924	0,00930070877075195
111,227107	0,00537574291229248
111,328108	0,00251114368438721
111,429721	0,000405877828598022
111,531217	-0,00101974606513977
111,631264	-0,000655710697174072
111,731630	0,000870317220687866
111,833005	0,00369945168495178
111,934823	0,0074256956577301
112,034987	0,0105324983596802
112,136185	0,0136595368385315
112,237586	0,0158511996269226
112,338182	0,0164463222026825
112,438740	0,0156385600566864
112,539633	0,0135262012481689
112,641515	0,01079460978508
112,743039	0,00707030296325684
112,844981	0,00356578826904297
112,946427	0,00104990601539612
113,046817	-0,000687748193740845
113,147690	-0,000793933868408203
113,248677	0,000253856182098389
113,349694	0,00239726901054382
113,450273	0,00590753555297852
113,551870	0,00966614484786987
113,652014	0,0127174556255341
113,753328	0,0155446231365204
113,854229	0,0169141590595245
113,955092	0,0169685482978821
114,056910	0,0154821872711182
114,157195	0,0126089751720428
114,258566	0,00969269871711731
114,358884	0,00584012269973755
114,459214	0,00240680575370789
114,559540	0,000423550605773926
114,660445	-0,000766187906265259
114,761797	-0,000464349985122681
114,863542	0,00145047903060913
114,964916	0,00445598363876343
115,065857	0,00819995999336243
115,167703	0,0113736987113953
115,268390	0,0144440829753876
115,369830	0,0165111720561981
115,471608	0,0170524716377258
115,572192	0,0163475871086121
115,673525	0,0138381123542786
115,773944	0,0110567808151245
115,875859	0,00783133506774902
115,976443	0,00360336899757385
116,076617	0,00106805562973022
116,176832	-0,000607848167419434
116,277195	-0,000985324382781982
116,378299	0,000165432691574097
116,478419	0,00226902961730957
116,578956	0,00588715076446533
116,679863	0,00908291339874268
116,781221	0,0127926468849182
116,883125	0,015670508146286
116,984433	0,0169022381305695
117,084480	0,0170171856880188
117,185889	0,0155408084392548
117,286757	0,0132038593292236
117,388228	0,0097387433052063
117,489768	0,0065896213054657
117,591214	0,00304746627807617
117,692269	0,000609457492828369
117,792748	-0,000365346670150757
117,893440	4,87864017486572E-5
117,995179	0,00218036770820618
118,095346	0,00485658645629883
118,196317	0,00868815183639526
118,296995	0,0125751793384552
118,397357	0,0152180790901184
118,497689	0,0173066854476929
118,598690	0,0178861618041992
118,699612	0,0169785618782043
118,801383	0,0145851373672485
118,902293	0,0117539167404175
119,003243	0,00779050588607788
119,105247	0,00402194261550903
119,205697	0,0014958381652832
119,306017	-0,000365346670150757
119,406204	-0,000578641891479492
119,507926	0,000655323266983032
119,608832	0,00321409106254578
119,710352	0,00609695911407471
119,810392	0,0097154974937439
119,911405	0,0128873288631439
120,011903	0,0148148536682129
120,112349	0,0157053172588348
120,212866	0,01519376039505
120,314190	0,0132286250591278
120,415256	0,00995516777038574
120,516818	0,00613540410995483
120,617694	0,00302794575691223
120,718082	-0,000160187482833862
120,818378	-0,0018150806427002
120,918462	-0,00237357616424561
121,019365	-0,00128579139709473
121,119964	0,000810146331787109
121,220159	0,00361669063568115
121,320836	0,00798219442367554
121,421782	0,0109760463237762
121,523378	0,0133057534694672
121,623831	0,0148477256298065
121,723961	0,0149187445640564
121,824535	0,0137300193309784
121,925482	0,0111038088798523
122,025576	0,00768804550170898
122,126481	0,00455766916275024
122,226791	0,00168004631996155
122,327202	-0,00122359395027161
122,427817	-0,00220704078674316
122,527860	-0,00203427672386169
122,628555	-0,000368207693099976
122,729349	0,00245064496994019
122,830207	0,00537529587745667
122,931764	0,00897994637489319
123,033188	0,0119835138320923
123,134343	0,0137433409690857
123,236193	0,0145331919193268
123,336638	0,0137866735458374
123,438021	0,0121076107025146
123,538511	0,00905728340148926
123,639849	0,00541234016418457
123,740425	0,00246492028236389
123,841917	-0,000522702932357788
123,941936	-0,0023328959941864
124,043562	-0,00262817740440369
124,143649	-0,00186866521835327
124,243856	0,000314086675643921
124,344547	0,00352770090103149
124,445354	0,00646576285362244
124,546290	0,0098336935043335
124,646593	0,0124505460262299
124,747118	0,0136500000953674
124,849033	0,0137395262718201
124,950741	0,0123630166053772
125,051637	0,010198712348938
125,151693	0,00686532258987427
125,253199	0,00327596068382263
125,354984	0,000513404607772827
125,456926	-0,00188830494880676
125,558462	-0,00294256210327148
125,659779	-0,0026320219039917
125,760148	-0,000834614038467407
125,860422	0,00211361050605774
125,960859	0,00506418943405151
126,061134	0,0086686909198761
126,162780	0,0112591981887817
126,263022	0,013387143611908
126,364730	0,0141148865222931
126,465910	0,013565719127655
126,566174	0,0115770697593689
126,667809	0,00910428166389465
126,768318	0,00556617975234985
126,868507	0,00204446911811829
126,968513	-0,000387340784072876
127,068657	-0,00225728750228882
127,168993	-0,00269660353660583
127,269204	-0,00173896551132202
127,370366	0,000599920749664307
127,472012	0,0032869279384613
127,572810	0,00692605972290039
127,673153	0,0103007555007935
127,773745	0,0125128626823425
127,874007	0,0139133930206299
127,975736	0,0140591263771057
128,076301	0,0129334926605225
128,178162	0,0109152495861053
128,279083	0,00761166214942932
128,380721	0,00401145219802856
128,481203	0,00122612714767456
128,582268	-0,00137767195701599
128,683943	-0,00258892774581909
128,785432	-0,00241377949714661
128,887268	-0,000847995281219482
128,989188	0,00202682614326477
129,089728	0,00491169095039368
129,189897	0,00847750902175903
129,290649	0,0116065442562103
129,391181	0,0133523941040039
129,491562	0,0142115950584412
129,592390	0,0135461986064911
129,692732	0,0118589699268341
129,793631	0,00888270139694214
129,894555	0,00532257556915283
129,995418	0,00234389305114746
130,096357	-0,000168800354003906
130,197737	-0,00216972827911377
130,298564	-0,00273585319519043
130,398966	-0,00194764137268066
130,499756	0,000254333019256592
130,600463	0,00347679853439331
130,700544	0,00652936100959778
130,800781	0,00995233654975891
130,901442	0,0126522779464722
131,002219	0,0139690935611725
131,103155	0,0141448974609375
131,203287	0,0128335654735565
131,303811	0,0107409358024597
131,405198	0,00800260901451111
131,505409	0,00382170081138611
131,607284	0,0010470449924469
131,708624	-0,00113841891288757
131,808727	-0,00260233879089355
131,909808	-0,00239464640617371
132,010494	-0,00112837553024292
132,110788	0,00156790018081665
132,211121	0,00496396422386169
132,311549	0,00793096423149109
132,412806	0,0110672414302826
132,514258	0,0131848156452179
132,614372	0,0139086246490479
132,714379	0,0133819282054901
132,815319	0,0114074349403381
132,915550	0,00894910097122192
133,016174	0,0060495138168335
133,116790	0,00245541334152222
133,216814	-0,000539928674697876
133,317137	-0,00223863124847412
133,417547	-0,00295597314834595
133,519517	-0,0022951066493988
133,619641	-0,000224262475967407
133,720401	0,0029122531414032
133,820499	0,00592797994613647
133,921142	0,00938564538955688
134,021713	0,01218181848526
134,122242	0,013616681098938
134,222889	0,0139371752738953
134,324108	0,0127983391284943
134,424803	0,0108188390731812
134,525535	0,00814443826675415
134,627027	0,00400814414024353
134,727507	0,00119030475616455
134,828163	-0,00107574462890625
134,929486	-0,00257027149200439
135,030639	-0,00258558988571167
135,132131	-0,0014183521270752
135,233498	0,00119221210479736
135,334234	0,00458049774169922
135,435993	0,00758937001228333
135,536864	0,010850191116333
135,637944	0,0131243765354156
135,739317	0,014015793800354
135,840011	0,0137004852294922
135,941453	0,0118860602378845
136,041561	0,00952848792076111
136,141701	0,00607419013977051
136,243598	0,00249496102333069
136,344988	-6,26444816589355E-5
136,446681	-0,00216203927993774
136,548309	-0,00283825397491455
136,649019	-0,00217878818511963
136,749358	-9,36985015869141E-5
136,849495	0,0029960572719574
136,950801	0,00596737861633301
137,051122	0,00883001089096069
137,151207	0,0116569399833679
137,252504	0,0134095251560211
137,353979	0,0137104690074921
137,455127	0,0127155482769012
137,556069	0,0104318261146545
137,656649	0,00776207447052002
137,757214	0,00423207879066467
137,857297	0,000926673412322998
137,958190	-0,00127097964286804
138,059591	-0,00253820419311523
138,160078	-0,00257503986358643
138,260857	-0,00137239694595337
138,361680	0,000776201486587524
138,461925	0,00464987754821777
138,561954	0,00758320093154907
138,663565	0,0103007555007935
138,764708	0,0129349231719971
138,865642	0,0137118995189667
138,967356	0,0134900212287903
139,067628	0,0118114054203033
139,169292	0,00900506973266602
139,269294	0,00617101788520813
139,369455	0,00261262059211731
139,469885	-0,000402152538299561
139,571132	-0,00210028886795044
139,671147	-0,0028693675994873
139,772161	-0,00229892134666443
139,873924	-0,000297427177429199
139,974985	0,00217512249946594
140,075117	0,0063205361366272
140,175604	0,0091901421546936
140,275671	0,0115885138511658
140,376233	0,0134781002998352
140,476772	0,0139105319976807
140,576796	0,0130872428417206
140,677787	0,0109204649925232
140,778146	0,00833612680435181
140,878468	0,00481000542640686
140,978791	0,00145336985588074
141,080095	-0,000810682773590088
141,180996	-0,00241521000862122
141,282776	-0,00248172879219055
141,384064	-0,0014188289642334
141,484325	0,00105229020118713
141,584440	0,00380077958106995
141,686275	0,00730660557746887
141,787061	0,0104717016220093
141,888229	0,0124714970588684
141,989969	0,0136304795742035
142,091408	0,0133423805236816
142,191474	0,012003481388092
142,291965	0,00927081704139709
142,392810	0,00646480917930603
142,492992	0,00293794274330139
142,593561	-0,000213742256164551
142,695261	-0,00201320648193359
142,795306	-0,00290238857269287
142,896180	-0,00231713056564331
142,996362	-0,000652819871902466
143,097589	0,00229144096374512
143,197637	0,00577035546302795
143,298638	0,0086924135684967
143,399637	0,011139452457428
143,500144	0,0132876634597778
143,601971	0,0137062072753906
143,703131	0,0130082368850708
143,804765	0,0109446942806244
143,906704	0,00793996453285217
144,006900	0,00501382350921631
144,108201	0,00164759159088135
144,208815	-0,000985801219940186
144,309217	-0,00233051180839539
144,409361	-0,00251668691635132
144,509698	-0,00117671489715576
144,609771	0,000865072011947632
144,711152	0,00357195734977722
144,812488	0,00767761468887329
144,912735	0,0103017091751099
145,013498	0,0123806297779083
145,114995	0,0137676298618317
145,215627	0,0135118961334229
145,316047	0,0122959613800049
145,417021	0,00970315933227539
145,518165	0,00632762908935547
145,618695	0,00342303514480591
145,719940	0,000260084867477417
145,821538	-0,00194525718688965
145,921968	-0,0026698112487793
146,023094	-0,0022127628326416
146,123705	-0,000300765037536621
146,224457	0,00215891003608704
146,325103	0,00497299432754517
146,425574	0,00897568464279175
146,525909	0,0113466084003448
146,627550	0,0129230320453644
146,729010	0,0135723948478699
146,829652	0,0127769112586975
146,930759	0,0110116600990295
147,030770	0,00806427001953125
147,130930	0,00456669926643372
147,231648	0,00171726942062378
147,332228	-0,000999689102172852
147,433879	-0,00261479616165161
147,534182	-0,00279423594474792
147,634565	-0,00161120295524597
147,735065	0,000327497720718384
147,835760	0,00353485345840454
147,937464	0,00703567266464233
148,039372	0,0101906061172485
148,140466	0,0122108161449432
148,240630	0,0133243203163147
148,341470	0,0133071839809418
148,442417	0,0118822455406189
148,544100	0,00972878932952881
148,645101	0,00645959377288818
148,746344	0,00299319624900818
148,848091	0,000351846218109131
148,949583	-0,00189787149429321
149,050618	-0,0028301477432251
149,152480	-0,00245636701583862
149,252730	-0,000632733106613159
149,353076	0,00225475430488586
149,454160	0,00512781739234924
149,555564	0,00858426094055176
149,656897	0,0114307105541229
149,757265	0,0129963159561157
149,858774	0,0135885775089264
149,960205	0,0126946270465851
150,060676	0,010942816734314
150,160841	0,00794613361358643
150,261168	0,00506085157394409
150,361926	0,00171393156051636
150,462277	-0,000578641891479492
150,563989	-0,00226351618766785
150,664446	-0,00248315930366516
150,764596	-0,00151121616363525
150,864692	0,000858843326568604
150,965141	0,00408756732940674
151,065698	0,00701859593391418
151,166116	0,0102580189704895
151,267140	0,0123292505741119
151,368073	0,0137042999267578
151,469167	0,0135838091373444
151,570042	0,0123906135559082
151,670308	0,00984933972358704
151,771453	0,00651034712791443
151,872007	0,00359338521957397
151,972692	0,000923335552215576
152,073615	-0,00176578760147095
152,174389	-0,00254729390144348
152,274684	-0,00228121876716614
152,375169	-0,000671476125717163
152,475547	0,0021689236164093
152,576203	0,00498580932617188
152,676848	0,0084158182144165
152,777336	0,0113646686077118
152,877688	0,0129749178886414
152,978350	0,0136680901050568
153,079177	0,0129411220550537
153,180535	0,0112325549125671
153,280734	0,00884521007537842
153,380786	0,00487512350082397
153,482583	0,00202444195747375
153,582930	-0,000336647033691406
153,683232	-0,00215965509414673
153,784223	-0,00259658694267273
153,885163	-0,00173705816268921
153,986339	0,000480920076370239
154,086466	0,0035971999168396
154,186817	0,00652554631233215
154,287003	0,00975582003593445
154,387110	0,0118884146213531
154,488728	0,0134000182151794
154,589717	0,0133957266807556
154,690148	0,0123206973075867
154,790661	0,00992149114608765
154,890878	0,00722306966781616
154,992388	0,00373846292495728
155,092966	0,000544458627700806
155,193501	-0,00148439407348633
155,295016	-0,0026678740978241
155,395533	-0,00236544013023376
155,495613	-0,00101640820503235
155,596571	0,00172394514083862
155,696763	0,00453203916549683
155,797194	0,00798028707504272
155,898040	0,0110183358192444
155,999108	0,0127707421779633
156,099538	0,0136266648769379
156,199606	0,0130586922168732
156,300265	0,0114905834197998
156,401117	0,00915789604187012
156,502325	0,00524324178695679
156,603383	0,00238868594169617
156,704342	-7,02738761901855E-5
156,804766	-0,00216972827911377
156,905539	-0,00255447626113892
157,005763	-0,00185385346412659
157,107382	0,000274896621704102
157,208003	0,00330883264541626
157,308575	0,00620612502098083
157,409559	0,00953039526939392
157,511342	0,0120852589607239
157,612261	0,013373851776123
157,713989	0,0136719048023224
157,814842	0,0122997462749481
157,916580	0,01032355427742
158,018341	0,00715285539627075
158,120124	0,00364142656326294
158,221190	0,00100740790367126
158,321697	-0,00141263008117676
158,422665	-0,00256499648094177
158,523557	-0,00231999158859253
158,624504	-0,00111737847328186
158,725386	0,00196722149848938
158,826345	0,00479528307914734
158,928081	0,00765201449394226
159,028709	0,0107062458992004
159,129811	0,0128635466098785
159,231667	0,0135881006717682
159,332249	0,0131491124629974
159,432554	0,0113575458526611
159,534194	0,00899085402488708
159,635490	0,00565451383590698
159,736303	0,00230145454406738
159,836338	-0,000114262104034424
159,936512	-0,00194001197814941
160,038410	-0,00239944458007813
160,138904	-0,00166144967079163
160,239164	8,74996185302734E-5
160,341066	0,00361382961273193
160,442069	0,00645720958709717
160,542997	0,00923618674278259
160,643641	0,01223224401474
160,745316	0,0134009718894958
160,846008	0,0136452317237854
160,946850	0,012204647064209
161,047011	0,0101659595966339
161,147838	0,00758558511734009
161,249160	0,00410467386245728
161,349652	0,000947237014770508
161,450494	-0,00104081630706787
161,550683	-0,00234103202819824
161,651346	-0,00210365653038025
161,753311	-0,000798255205154419
161,853450	0,00126573443412781
161,953619	0,00510501861572266
162,054470	0,00792953372001648
162,155147	0,0104142427444458
162,256935	0,012902557849884
162,357121	0,013527125120163
162,458073	0,0131357908248901
162,558167	0,0110567808151245
162,660063	0,00863787531852722
162,760070	0,00582921504974365
162,860973	0,00245445966720581
162,961537	-0,000459074974060059
163,062768	-0,00203618407249451
163,163056	-0,00263822078704834
163,263652	-0,00179928541183472
163,364952	-4,10974025726318E-5
163,465044	0,00294890999794006
163,565424	0,00575420260429382
163,666019	0,00904828310012817
163,767411	0,0112819969654083
163,869119	0,0129154324531555
163,970886	0,0131976902484894
164,072428	0,0123087763786316
164,174665	0,00961962342262268
164,274968	0,00701099634170532
164,375025	0,00415840744972229
164,475152	0,000952005386352539
164,576404	-0,00143271684646606
164,676550	-0,00249224901199341
164,778492	-0,00240278244018555
164,880314	-0,000865697860717773
164,980468	0,00131061673164368
165,081697	0,00455814599990845
165,182577	0,00796321034431458
165,283299	0,0104531645774841
165,384224	0,0125575959682465
165,486020	0,0133438110351563
165,586512	0,0129349231719971
165,688473	0,0115442872047424
165,789586	0,00835320353507996
165,890216	0,00555431842803955
165,990677	0,00273221731185913
166,092096	-0,000156819820404053
166,193603	-0,00205054879188538
166,294265	-0,00255972146987915
166,394505	-0,00180071592330933
166,495562	0,000282078981399536
166,595663	0,00277698040008545
166,695994	0,00616815686225891
166,798118	0,00941175222396851
166,898555	0,0115994215011597
167,000332	0,0131591260433197
167,102043	0,0133057534694672
167,203090	0,0123482942581177
167,303568	0,0100553333759308
167,404620	0,00692084431648254
167,505491	0,00409421324729919
167,605573	0,000919520854949951
167,706573	-0,00108817219734192
167,807572	-0,00236207246780396
167,908002	-0,00232809782028198
168,008284	-0,000934123992919922
168,108784	0,00162374973297119
168,210550	0,00433096289634705
168,311401	0,00771936774253845
168,412269	0,010248064994812
168,513971	0,0124581456184387
168,614193	0,0133995413780212
168,715246	0,0130862891674042
168,815856	0,0114430785179138
168,916344	0,00870618224143982
169,017001	0,00593510270118713
169,117148	0,00258165597915649
169,218960	-0,000289767980575562
169,319921	-0,00187918543815613
169,421468	-0,00250566005706787
169,522890	-0,00168442726135254
169,623551	5,78761100769043E-5
169,724208	0,00301748514175415
169,824391	0,00582921504974365
169,924888	0,0091090202331543
170,025551	0,0113499462604523
170,126362	0,013008713722229
170,227040	0,0133385956287384
170,328835	0,01249098777771
170,430634	0,0102732181549072
170,531416	0,00723874568939209
170,632937	0,00438275933265686
170,733362	0,00115928053855896
170,835032	-0,00123649835586548
170,935685	-0,00236016511917114
171,036288	-0,00235298275947571
171,138047	-0,000858992338180542
171,238379	0,00124427676200867
171,338928	0,00447976589202881
171,439749	0,00787213444709778
171,540652	0,0103188157081604
171,640714	0,0121984481811523
171,740906	0,0133009850978851
171,842822	0,0129063725471497
171,944134	0,011586606502533
172,044744	0,00896856188774109
172,144810	0,00566494464874268
172,244875	0,00288650393486023
172,346339	-4,97102737426758E-5
172,447487	-0,00197681784629822
172,547703	-0,00249898433685303
172,649307	-0,00182849168777466
172,749959	0,000209420919418335
172,851946	0,0026702880859375
172,952445	0,00544461607933044
173,052645	0,00926321744918823
173,154449	0,0114530324935913
173,255084	0,012866884469986
173,355599	0,0132600367069244
173,456072	0,0123425722122192
173,556412	0,010537713766098
173,656982	0,00755426287651062
173,758515	0,00417691469192505
173,860037	0,00148054957389832
173,960504	-0,00105708837509155
174,061359	-0,00238698720932007
174,161758	-0,00240278244018555
174,263044	-0,00110301375389099
174,363628	0,00141850113868713
174,463875	0,00407230854034424
174,564127	0,00689807534217834
174,665035	0,0104503333568573
174,765859	0,0122326910495758
174,866753	0,0131705403327942
174,967716	0,0129901170730591
175,068649	0,011392205953598
175,168655	0,00922906398773193
175,269784	0,00602293014526367
175,369936	0,00264310836791992
175,471582	0,000235706567764282
175,571703	-0,00178587436676025
175,673536	-0,00249466300010681
175,773561	-0,00188636779785156
175,875064	3,58819961547852E-5
175,976413	0,00294938683509827
176,077294	0,00581070780754089
176,177413	0,00907865166664124
176,278367	0,0117058753967285
176,379469	0,0131019949913025
176,480491	0,0134585797786713
176,580717	0,0126032531261444
176,681604	0,0105201303958893
176,782217	0,00798219442367554
176,883192	0,00462374091148376
176,983574	0,00142425298690796
177,085016	-0,000765234231948853
177,186251	-0,0021941065788269
177,288249	-0,00223526358604431
177,388538	-0,00120827555656433
177,490486	0,0012647807598114
177,590552	0,00440701842308044
177,692495	0,00718799233436584
177,793298	0,0102993547916412
177,894231	0,0123987197875977
177,995089	0,0132305324077606
178,096056	0,0129734873771667
178,196073	0,0116027593612671
178,296817	0,00903642177581787
178,396901	0,0058121383190155
178,497982	0,00296938419342041
178,599430	7,55786895751953E-5
178,699482	-0,00161886215209961
178,800954	-0,00249370932579041
178,902828	-0,00180599093437195
179,003090	-0,000224262475967407
179,103379	0,00257405638694763
179,203717	0,00538572669029236
179,305016	0,00866204500198364
179,405542	0,0113328397274017
179,505867	0,012789785861969
179,606657	0,0132452845573425
179,707728	0,0122697949409485
179,808080	0,0105149149894714
179,908813	0,00807756185531616
180,009093	0,00413650274276733
180,109575	0,00146910548210144
180,209658	-0,000742286443710327
180,311493	-0,00249704718589783
180,412316	-0,00251525640487671
180,513446	-0,00156190991401672
180,613916	0,000735580921173096
180,714020	0,00390350818634033
180,815922	0,00669211149215698
180,917331	0,00978100299835205
181,018301	0,0120724439620972
181,118858	0,0129872858524323
181,220842	0,0128416419029236
181,321692	0,0113632380962372
181,422217	0,00918871164321899
181,522430	0,00657206773757935
181,622585	0,00272172689437866
181,723130	0,00025099515914917
181,823523	-0,00146859884262085
181,924463	-0,00237980484962463
182,025103	-0,00189307332038879
182,125829	-0,000357687473297119
182,227771	0,00237390398979187
182,327777	0,00564122200012207
182,427962	0,00842246413230896
182,528799	0,0111218690872192
182,628940	0,0127950310707092
182,730467	0,0132062435150146
182,830747	0,0122755169868469
182,931723	0,0105552673339844
183,033119	0,00767096877098083
183,134570	0,00481665134429932
183,236270	0,00105947256088257
183,337990	-0,00106906890869141
183,438511	-0,00244009494781494
183,539570	-0,00270810723304749
183,640529	-0,00154754519462585
183,740636	0,000353753566741943
183,841155	0,00347203016281128
183,942149	0,00683164596557617
184,044248	0,00937947630882263
184,145628	0,0117520093917847
184,245958	0,0128640234470367
184,346827	0,0127136409282684
184,447665	0,0113285481929779
184,548454	0,00877594947814941
184,648524	0,00612592697143555
184,748848	0,00283986330032349
184,849380	0,000351369380950928
184,949973	-0,00175333023071289
185,050820	-0,00252577662467957
185,152886	-0,00210508704185486
185,253384	-0,000322788953781128
185,355069	0,00199773907661438
185,456156	0,00522708892822266
185,556665	0,00853681564331055
185,657586	0,0108506679534912
185,759510	0,0126351416110992
185,859614	0,0131848156452179
185,959763	0,01251620054245
186,060076	0,0105395913124084
186,161096	0,0076899528503418
186,262096	0,00491833686828613
186,362314	0,00172203779220581
186,462962	-0,000412702560424805
186,563569	-0,00202518701553345
186,664025	-0,00222474336624146
186,764457	-0,0013001561164856
186,864912	0,000446975231170654
186,965607	0,003938227891922
187,065701	0,00666460394859314
187,166175	0,00918349623680115
187,266300	0,0115704238414764
187,366378	0,0127716958522797
187,466516	0,012742668390274
187,568072	0,0114758610725403
187,669832	0,00905254483222961
187,771340	0,0064961314201355
187,871572	0,0037689208984375
187,972132	0,000300228595733643
188,072579	-0,0014595091342926
188,173547	-0,00235393643379211
188,275485	-0,00196057558059692
188,376070	-0,000542312860488892
188,478061	0,00160560011863708
188,578123	0,00529643893241882
188,679447	0,0079779326915741
188,779993	0,0102760791778564
188,880807	0,0121741890907288
188,981202	0,0128045380115509
189,082002	0,0122655034065247
189,183903	0,0104531645774841
189,284448	0,00767239928245544
189,386449	0,00497916340827942
189,486638	0,00179216265678406
189,588414	-0,000788211822509766
189,690128	-0,00211703777313232
189,791033	-0,00249704718589783
189,891486	-0,00137382745742798
189,992975	0,000460326671600342
190,093844	0,00288271903991699
190,194231	0,00670018792152405
190,294597	0,00924140214920044
190,395809	0,0112777352333069
190,497414	0,0127893090248108
190,598120	0,0127526521682739
190,699036	0,0117700695991516
190,800960	0,00905680656433105
190,900970	0,00651699304580688
191,002148	0,00382503867149353
191,102953	0,000855028629302979
191,204000	-0,00128340721130371
191,304587	-0,0021318793296814
191,404961	-0,0018744170665741
191,505538	-0,000272572040557861
191,605660	0,0018770694732666
191,707111	0,00497156381607056
191,807124	0,00763112306594849
191,907665	0,0103786289691925
192,007967	0,011949747800827
192,109532	0,0127241015434265
192,210882	0,0121176242828369
192,311565	0,0106222331523895
192,412373	0,0079788863658905
192,514182	0,00479811429977417
192,614248	0,00216034054756165
192,715150	-0,000426590442657471
192,815584	-0,00200265645980835
192,915802	-0,00228697061538696
193,016795	-0,00129106640815735
193,117862	0,000872254371643066
193,218586	0,00335261225700378
193,319147	0,00665131211280823
193,419288	0,00918254256248474
193,519957	0,0116070210933685
193,620849	0,0129144787788391
193,722056	0,0129116177558899
193,822740	0,0117234885692596
193,922991	0,0098455548286438
194,024540	0,00682356953620911
194,125356	0,00360289216041565
194,225651	0,00111484527587891
194,327354	-0,00116425752639771
194,427608	-0,00207638740539551
194,528344	-0,00194287300109863
194,628922	-0,000460028648376465
194,729048	0,0016886293888092
194,830775	0,00477105379104614
194,931044	0,00798028707504272
195,031685	0,0103582143783569
195,132327	0,0120538771152496
195,232537	0,0130105912685394
195,333206	0,0125927925109863
195,433709	0,0112097561359406
195,533744	0,00818714499473572
195,635260	0,00556284189224243
195,736951	0,00287652015686035
195,837502	-0,000167340040206909
195,937590	-0,00152412056922913
196,038739	-0,00199070572853088
196,139015	-0,0012039840221405
196,239987	0,000795304775238037
196,340448	0,00312745571136475
196,440979	0,00634235143661499
196,542837	0,00934341549873352
196,643185	0,0113252103328705
196,743515	0,0125908851623535
196,843541	0,0128611624240875
196,943669	0,0117942988872528
197,044157	0,0100221037864685
197,146136	0,00710117816925049
197,247247	0,00389069318771362
197,347892	0,00138270854949951
197,447925	-0,000953257083892822
197,548537	-0,00210508704185486
197,648956	-0,00200170278549194
197,749879	-0,000653296709060669
197,850454	0,00133594870567322
197,951817	0,00437229871749878
198,052330	0,00754335522651672
198,152406	0,00990059971809387
198,254416	0,0119355022907257
198,355762	0,0127307772636414
198,457294	0,0123692154884338
198,557486	0,0107718110084534
198,657773	0,00863739848136902
198,758783	0,00555479526519775
198,859341	0,00242489576339722
198,959415	0,000153481960296631
199,059443	-0,00164374709129333
199,160117	-0,00213715434074402
199,260638	-0,00150448083877563
199,360695	0,000451266765594482
199,460712	0,0027841329574585
199,562573	0,0059317946434021
199,664031	0,00904163718223572
199,765126	0,0111019313335419
199,866520	0,0125709176063538
199,967759	0,0127964317798615
200,068041	0,0118955671787262
200,168524	0,0101574063301086
200,268528	0,00682595372200012
200,369388	0,00409898161888123
200,470971	0,00154882669448853
200,571401	-0,000815451145172119
200,672403	-0,00212520360946655
200,773787	-0,00212663412094116
200,874987	-0,000832229852676392
200,976559	0,00153353810310364
201,078066	0,00410658121109009
201,179060	0,00734218955039978
201,279717	0,0101564526557922
201,380398	0,0119022130966187
201,482393	0,0128349959850311
201,582683	0,0123839378356934
201,683751	0,0110667645931244
201,785458	0,00848793983459473
201,887047	0,00531637668609619
201,987856	0,00268173217773438
202,089528	0,00031888484954834
202,190153	-0,00185048580169678
202,292074	-0,00229078531265259
202,393193	-0,00180214643478394
202,494136	0,000425457954406738
202,595784	0,00280746817588806
202,695947	0,00544840097427368
202,797606	0,00858187675476074
202,898386	0,0111019313335419
202,998492	0,0123763382434845
203,099283	0,012742668390274
203,200428	0,0117491483688354
203,301136	0,00998270511627197
203,401854	0,00715857744216919
203,502158	0,00395676493644714
203,603043	0,00142902135848999
203,704219	-0,000564336776733398
203,805842	-0,00207400321960449
203,906541	-0,0019955039024353
204,006812	-0,00095754861831665
204,107517	0,00177833437919617
204,208769	0,004325270652771
204,309437	0,006996750831604
204,409850	0,0102898478507996
204,510087	0,011949747800827
204,611820	0,0127650499343872
204,712950	0,0124881267547607
204,813638	0,0109276175498962
204,914174	0,00882479548454285
205,015018	0,00576084852218628
205,115795	0,00262406468391418
205,216057	0,000343739986419678
205,316779	-0,00126665830612183
205,417565	-0,00206539034843445
205,517796	-0,0014805793762207
205,618578	2,5331974029541E-5
205,718855	0,00319266319274902
205,819650	0,00585770606994629
205,919739	0,00847229361534119
206,020479	0,011020690202713
206,121225	0,0125761330127716
206,222435	0,0129006505012512
206,324060	0,0119939744472504
206,425131	0,00996136665344238
206,526470	0,00759980082511902
206,628456	0,00437802076339722
206,728988	0,00141611695289612
206,829380	-0,000559061765670776
206,930165	-0,00190025568008423
207,031843	-0,00180408358573914
207,133703	-0,000756144523620605
207,234780	0,00155931711196899
207,335129	0,00461995601654053
207,435567	0,00722023844718933
207,536870	0,00961393117904663
207,637364	0,0120714902877808
207,739351	0,0127460062503815
207,839854	0,0125561654567719
207,939969	0,0111551582813263
208,040273	0,00860655307769775
208,141122	0,00610312819480896
208,243122	0,0029551088809967
208,343415	0,000180721282958984
208,445064	-0,00130876898765564
208,546585	-0,0020357072353363
208,647017	-0,00140255689620972
208,747659	0,000198423862457275
208,849529	0,00285699963569641
208,950431	0,00599727034568787
209,051557	0,00860181450843811
209,151673	0,0110211670398712
209,253538	0,0124838650226593
209,353899	0,0127536058425903
209,455860	0,0119768679141998
209,556874	0,00964334607124329
209,657678	0,00727337598800659
209,759361	0,0045647919178009
209,859432	0,00156360864639282
209,960340	-0,000765711069107056
210,061315	-0,00192707777023315
210,162998	-0,00195387005805969
210,263854	-0,000709265470504761
210,365307	0,00116786360740662
210,466926	0,00420498847961426
210,567682	0,00732415914535522
210,668341	0,00966280698776245
210,769177	0,0118147432804108
210,870732	0,012677013874054
210,970770	0,0123963356018066
211,072285	0,0109584927558899
211,174020	0,00838592648506165
211,275921	0,00586056709289551
211,376222	0,00330311059951782
211,477418	8,74996185302734E-5
211,579262	-0,00136381387710571
211,681085	-0,00192660093307495
211,781727	-0,00123316049575806
211,882358	0,000402063131332397
211,982477	0,00267171859741211
212,082659	0,00574803352355957
212,184375	0,00885230302810669
212,286274	0,0109551548957825
212,386984	0,0124866962432861
212,487160	0,0128478407859802
212,588114	0,0120681524276733
212,688780	0,0100311040878296
212,789822	0,00725299119949341
212,890498	0,00458952784538269
212,990610	0,00156885385513306
213,092393	-0,000668108463287354
213,192787	-0,00174951553344727
213,293529	-0,00176960229873657
213,394190	-0,000711649656295776
213,494194	0,00150966644287109
213,594842	0,00397151708602905
213,696274	0,00715336203575134
213,797960	0,00993379950523376
213,898670	0,011691153049469
213,999858	0,0127612352371216
214,100441	0,0124219954013824
214,200695	0,0112240314483643
214,301383	0,00882291793823242
214,403203	0,00573191046714783
214,503653	0,00315365195274353
214,603656	0,00041496753692627
214,704824	-0,00119107961654663
214,805504	-0,00192946195602417
214,906057	-0,00133702158927917
215,007054	0,00010758638381958
215,108044	0,0027850866317749
215,209207	0,0058709979057312
215,310000	0,00837123394012451
215,410638	0,0109133422374725
215,510881	0,0122231841087341
215,611616	0,012651801109314
215,711714	0,0120154023170471
215,813494	0,0101047158241272
215,913935	0,00733411312103271
216,015219	0,00475916266441345
216,116098	0,00172537565231323
216,217514	-0,000634640455245972
216,318134	-0,00173467397689819
216,418968	-0,00190120935440063
216,520123	-0,000688701868057251
216,620886	0,00120511651039124
216,721055	0,00409135222434998
216,822860	0,00722402334213257
216,923564	0,00959208607673645
217,024750	0,0113722681999207
217,126546	0,0125894546508789
217,226730	0,0123525559902191
217,327487	0,0111736655235291
217,427825	0,00837785005569458
217,527921	0,00585722923278809
217,629766	0,00321409106254578
217,729879	0,000463217496871948
217,831476	-0,00143462419509888
217,931976	-0,00210747122764587
218,032205	-0,00176626443862915
218,133755	0,000172615051269531
218,234238	0,0023634135723114
218,334925	0,00495541095733643
218,436464	0,00851449370384216
218,537884	0,0105970501899719
218,638998	0,0120529532432556
218,740951	0,0125580728054047
218,841814	0,0118280649185181
218,941952	0,0103116929531097
219,042787	0,00708028674125671
219,143140	0,00448781251907349
219,243444	0,00200632214546204
219,345048	-0,000794410705566406
219,445694	-0,0018371045589447
219,545864	-0,00195673108100891
219,646298	-0,000929355621337891
219,746695	0,00131300091743469
219,847206	0,00373420119285583
219,949220	0,00681740045547485
220,049396	0,00966614484786987
220,149928	0,0114112198352814
220,250069	0,0123644471168518
220,350673	0,0123739540576935
220,452000	0,0110363662242889
220,552753	0,00911140441894531
220,654405	0,00571480393409729
220,755384	0,00310841202735901
220,857175	0,000791966915130615
220,957832	-0,00120064616203308
221,059265	-0,00201606750488281
221,159713	-0,00164902210235596
221,259952	-2,34246253967285E-5
221,361678	0,00254547595977783
221,463575	0,00510123372077942
221,564085	0,00813925266265869
221,664891	0,0106364786624908
221,766581	0,0119958817958832
221,866879	0,0124833881855011
221,968124	0,0116564631462097
222,069811	0,0100728869438171
222,170225	0,00788068771362305
222,270264	0,00432670116424561
222,371846	0,00187897682189941
222,472853	-0,000130057334899902
222,573184	-0,00160834193229675
222,673633	-0,00178253650665283
222,775628	-0,000888198614120483
222,876872	0,00122803449630737
222,978873	0,00410085916519165
223,079388	0,00671017169952393
223,179673	0,00957927107810974
223,280386	0,0116878151893616
223,381912	0,0126137137413025
223,482792	0,012518584728241
223,583014	0,0111608505249023
223,683240	0,00924992561340332
223,783653	0,00632670521736145
223,884493	0,00379031896591187
223,985919	0,00107619166374207
224,086229	-0,00085371732711792
224,187203	-0,0014992356300354
224,288123	-0,00107860565185547
224,388244	0,000222325325012207
224,489183	0,00273221731185913
224,591068	0,00572431087493896
224,691246	0,00821420550346375
224,792163	0,0107836723327637
224,893086	0,0121799111366272
224,994637	0,0127497911453247
225,096352	0,0120581686496735
225,197073	0,0105172991752625
225,298656	0,00790867209434509
225,400543	0,00487512350082397
225,501496	0,00190570950508118
225,601503	-3,34680080413818E-5
225,702418	-0,00138866901397705
225,804174	-0,00157627463340759
225,904493	-0,000533223152160645
226,004524	0,00163757801055908
226,105221	0,00398913025856018
226,205657	0,00710353255271912
226,306464	0,0094696581363678
226,406631	0,0116246044635773
226,508201	0,0127336382865906
226,609839	0,0126256346702576
226,711169	0,0113242566585541
226,811394	0,0094696581363678
226,912712	0,00656116008758545
227,013552	0,00345635414123535
227,114458	0,00117647647857666
227,216293	-0,000853240489959717
227,316944	-0,00168108940124512
227,417430	-0,00132119655609131
227,519288	0,00020560622215271
227,620408	0,00275984406471252
227,720851	0,00529500842094421
227,822456	0,00828677415847778
227,923417	0,0108188390731812
228,025306	0,0121898949146271
228,126447	0,0126675069332123
228,226461	0,0121223628520966
228,327686	0,0103330612182617
228,428356	0,00765249133110046
228,528724	0,00513923168182373
228,630347	0,00216272473335266
228,731320	-0,000209420919418335
228,831436	-0,00135424733161926
228,931826	-0,00157913565635681
229,032705	-0,000735580921173096
229,133766	0,00135120749473572
229,233986	0,00416409969329834
229,335210	0,00674906373023987
229,436174	0,00960677862167358
229,538196	0,011695921421051
229,639049	0,0126165747642517
229,739084	0,012529045343399
229,839966	0,0111532509326935
229,940527	0,00922763347625732
230,041693	0,00681310892105103
230,142449	0,00322884321212769
230,243261	0,000966817140579224
230,344940	-0,000721216201782227
230,446365	-0,00164946913719177
230,546432	-0,00124847888946533
230,646828	7,26878643035889E-5
230,748383	0,00256404280662537
230,849113	0,005583256483078
230,950457	0,00813022255897522
231,051164	0,0107129216194153
231,152271	0,0123558938503265
231,253699	0,0127940773963928
231,354148	0,0121261775493622
231,454994	0,0102333724498749
231,555648	0,00799739360809326
231,655770	0,00544413924217224
231,756148	0,00193288922309875
231,856685	-5,40316104888916E-5
231,957057	-0,00134515762329102
232,057358	-0,00165140628814697
232,157575	-0,000748038291931152
232,259316	0,000938624143600464
232,360315	0,00369518995285034
232,460985	0,00679415464401245
232,562592	0,009166419506073
232,664447	0,0113717913627625
232,766052	0,0125142931938171
232,866236	0,012442946434021
232,966969	0,0115105509757996
233,068786	0,00896048545837402
233,169251	0,00653696060180664
233,269507	0,00400528311729431
233,369916	0,00083354115486145
233,470533	-0,000783413648605347
233,571791	-0,00154420733451843
233,671956	-0,00126713514328003
233,772434	0,00026392936706543
233,874391	0,00235578417778015
233,975647	0,00533300638198853
234,076829	0,00834181904792786
234,177547	0,0105186998844147
234,279247	0,0122360289096832
234,380779	0,012767881155014
234,481050	0,0122417509555817
234,581932	0,0104565024375916
234,683350	0,00782564282417297
234,784712	0,00529691576957703
234,885174	0,00230050086975098
234,985413	-7,45654106140137E-5
235,085973	-0,00124368071556091
235,185995	-0,00156524777412415
235,287897	-0,000431835651397705
235,387924	0,00133737921714783
235,488206	0,00360146164894104
235,589851	0,00667694211006165
235,690113	0,00951522588729858
235,790649	0,0113123953342438
235,892748	0,0125585496425629
235,993681	0,0124738812446594
236,093844	0,0114155113697052
236,194134	0,00923949480056763
236,295149	0,00630772113800049
236,396315	0,00372466444969177
236,497192	0,00100216269493103
236,598615	-0,000731289386749268
236,698840	-0,00170069932937622
236,799431	-0,00128868222236633
236,900255	-5,64157962799072E-5
237,000960	0,00243300199508667
237,102332	0,0049649178981781
237,203680	0,0079784095287323
237,303685	0,0106279253959656
237,404388	0,0121361613273621
237,504747	0,0127769112586975
237,605717	0,0123915672302246
237,705808	0,0107618272304535
237,806265	0,00814920663833618
237,906647	0,00567394495010376
238,006959	0,00261786580085754
238,108864	8,89301300048828E-5
238,209532	-0,00120735168457031
238,311242	-0,00171172618865967
238,413019	-0,000834614038467407
238,513631	0,000824928283691406
238,615305	0,00345396995544434
238,716101	0,00647050142288208
238,817007	0,0088304877281189
238,917436	0,0109765231609344
239,017473	0,0121437609195709
239,118028	0,0121385455131531
239,219589	0,0112150013446808
239,320521	0,00921955704689026
239,420943	0,0064733624458313
239,522710	0,00395771861076355
239,623422	0,00127768516540527
239,724561	-0,000716924667358398
239,826118	-0,00149780511856079
239,926835	-0,00120016932487488
240,028040	0,000283032655715942
240,129588	0,00229048728942871
240,231393	0,00517958402633667
240,333043	0,0080467164516449
240,434206	0,0100961625576019
240,534356	0,0117743313312531
240,635931	0,0122427046298981
240,737720	0,0116816461086273
240,839663	0,00991198420524597
240,939665	0,00729283690452576
241,039952	0,00479528307914734
241,140673	0,00187420845031738
241,241355	-0,000124305486679077
241,341382	-0,00158441066741943
241,443391	-0,00180503726005554
241,543812	-0,000920236110687256
241,645239	0,00108048319816589
241,745381	0,00334927439689636
241,845870	0,0063551664352417
241,946099	0,00912797451019287
242,046521	0,0109575390815735
242,147019	0,0120410621166229
242,247091	0,0120624303817749
242,348288	0,0110781788825989
242,449510	0,00929740071296692
242,549662	0,0060257613658905
242,651196	0,00355243682861328
242,752125	0,0012485682964325
242,852997	-0,00102502107620239
242,954523	-0,00169113278388977
243,056329	-0,00152125954627991
243,157766	-8,12709331512451E-5
243,259285	0,00233626365661621
243,359724	0,00474870204925537
243,460348	0,00774404406547546
243,561832	0,0102646946907043
243,662157	0,0116479098796844
243,763832	0,0123021304607391
243,864318	0,0116317570209503
243,964355	0,0101906061172485
244,066025	0,00817340612411499
244,167806	0,00471973419189453
244,268567	0,00228238105773926
244,368788	0,000282078981399536
244,469545	-0,00147241353988647
244,570248	-0,00163894891738892
244,671813	-0,000872880220413208
244,771955	0,00140085816383362
244,872492	0,00370562076568604
244,972819	0,00621563196182251
245,074469	0,00900745391845703
245,174852	0,0111674964427948
245,275593	0,012174665927887
245,377014	0,0121737122535706
245,478916	0,0109955370426178
245,579876	0,0091778039932251
245,680836	0,0063433051109314
245,782137	0,00339925289154053
245,882557	0,00115880370140076
245,983113	-0,000586807727813721
246,084953	-0,00163465738296509
246,185490	-0,00134992599487305
246,285732	-0,000211358070373535
246,386256	0,0026116669178009
246,488247	0,00502046942710876
246,589166	0,00746840238571167
246,689965	0,0104104578495026
246,791943	0,0117058753967285
246,893295	0,0122207999229431
246,994001	0,011514812707901
247,094853	0,00997889041900635
247,195345	0,00789585709571838
247,296124	0,0050128698348999
247,396828	0,00208836793899536
247,498983	0,00013434886932373
247,599671	-0,00130206346511841
247,699965	-0,00156429409980774
247,801283	-0,000714510679244995
247,901521	0,000893741846084595
248,002072	0,00398340821266174
248,102481	0,00652936100959778
248,203724	0,00887176394462585
248,304685	0,0113275945186615
248,404774	0,012281209230423
248,505566	0,0122954845428467
248,605783	0,0111560821533203
248,707156	0,00904211401939392
248,808028	0,00668171048164368
248,909478	0,00369089841842651
249,009969	0,00103461742401123
249,110390	-0,000657111406326294
249,211404	-0,00157532095909119
249,313364	-0,00117909908294678
249,413809	3,44514846801758E-5
249,515469	0,00246110558509827
249,615503	0,00492072105407715
249,716464	0,00785553455352783
249,817014	0,0100330114364624
249,917794	0,0118408799171448
250,018694	0,012442946434021
250,119926	0,0120424926280975
250,220396	0,0104275345802307
250,321658	0,00789728760719299
250,421742	0,00547215342521667
250,521880	0,00253641605377197
250,622291	0,000146299600601196
250,722486	-0,00107431411743164
250,822621	-0,0014374852180481
250,923094	-0,000752806663513184
251,024937	0,00116690993309021
251,125413	0,00384595990180969
251,226352	0,00633713603019714
