0,100605	-0,107085138559341
0,200836	-0,101675778627396
0,301263	-0,0904721617698669
0,401467	-0,0813063681125641
0,502116	-0,0725804567337036
0,602997	-0,0641694962978363
0,703399	-0,0592738091945648
0,803432	-0,058610737323761
0,903673	-0,0619232654571533
1,003764	-0,0677404999732971
1,104762	-0,0774354636669159
1,205729	-0,0865522027015686
1,306396	-0,0970885455608368
1,409854	-0,104181170463562
1,517850	-0,109172195196152
1,629991	-0,109012722969055
1,742016	-0,102564990520477
1,852760	-0,0949688851833344
1,964229	-0,0842182338237762
2,075837	-0,071933388710022
2,187411	-0,0637764930725098
2,297927	-0,0597749352455139
2,410299	-0,0589830875396729
2,522820	-0,0648618936538696
2,634195	-0,0718982517719269
2,745995	-0,0823660492897034
2,854027	-0,0933650135993958
2,963168	-0,104106217622757
3,074755	-0,109469264745712
3,185493	-0,109890818595886
3,294636	-0,106196820735931
3,403950	-0,0966575741767883
3,511406	-0,0879417955875397
3,619205	-0,0756081938743591
3,727947	-0,0669431984424591
3,838696	-0,0611844658851624
3,948820	-0,0609502196311951
4,058178	-0,0641466975212097
4,168249	-0,0715246200561523
4,277248	-0,0816065073013306
4,386484	-0,0943727195262909
4,495463	-0,103893667459488
4,604763	-0,110110998153687
4,715474	-0,111735165119171
4,825763	-0,107459425926208
4,937776	-0,100812554359436
5,049653	-0,0883376002311707
5,160939	-0,0768942534923553
5,270798	-0,0668666958808899
5,380114	-0,0608817934989929
5,487634	-0,057465672492981
5,599283	-0,0604067444801331
5,708473	-0,0676036477088928
5,815500	-0,0759165585041046
5,923048	-0,0892327427864075
6,032501	-0,0982723236083984
6,141090	-0,107660889625549
6,249109	-0,111052185297012
6,358079	-0,109265953302383
6,468309	-0,104109048843384
6,580429	-0,0944986045360565
6,688326	-0,080944150686264
6,796214	-0,0698330700397491
6,904604	-0,0601041316986084
7,015297	-0,0565396249294281
7,126023	-0,0566930174827576
7,237472	-0,0615517199039459
7,348370	-0,0722073316574097
7,459895	-0,081738293170929
7,571362	-0,0953776240348816
7,681859	-0,104973942041397
7,790526	-0,111123293638229
7,900196	-0,11135345697403
8,007010	-0,106927931308746
8,114932	-0,0965397953987122
8,224562	-0,0871025025844574
8,331425	-0,0737471282482147
8,439055	-0,0643306076526642
8,546209	-0,0592291355133057
8,655557	-0,057420551776886
8,766478	-0,060148298740387
8,876828	-0,0688968300819397
8,988353	-0,0795672237873077
9,097736	-0,0930932462215424
9,208307	-0,101666271686554
9,318309	-0,10964024066925
9,429572	-0,111459493637085
9,538237	-0,107887536287308
9,646439	-0,0999328792095184
9,755853	-0,0890330672264099
9,867841	-0,0772642493247986
9,978424	-0,0668458044528961
10,089707	-0,059516042470932
10,198680	-0,0565519630908966
10,308257	-0,0584981739521027
10,419423	-0,0649436116218567
10,529976	-0,0748855471611023
10,641384	-0,0885809659957886
10,752176	-0,101290553808212
10,864200	-0,108925193548203
10,974750	-0,111759036779404
11,084665	-0,10959067940712
11,194339	-0,101006925106049
11,303936	-0,0901190042495728
11,413434	-0,0782953500747681
11,522756	-0,0692151188850403
11,633067	-0,0608965158462524
11,741074	-0,0567319393157959
11,851189	-0,0573920607566833
11,959001	-0,0640473663806915
12,066741	-0,0737338364124298
12,176110	-0,0833162367343903
12,285655	-0,0967600643634796
12,393274	-0,105855107307434
12,503944	-0,110881298780441
12,614622	-0,110807329416275
12,724770	-0,104363352060318
12,834027	-0,0946879684925079
12,943985	-0,0850554704666138
13,054677	-0,0735786557197571
13,166669	-0,0628004372119904
13,276170	-0,0576375722885132
13,385002	-0,0571712255477905
13,495556	-0,0614524483680725
13,606298	-0,0715151131153107
13,717303	-0,0827600359916687
13,828904	-0,0943211913108826
13,940653	-0,10541757941246
14,050644	-0,110678017139435
14,157709	-0,111243635416031
14,267124	-0,107198178768158
14,375691	-0,0988552868366241
14,484536	-0,0858089327812195
14,592209	-0,0743033289909363
14,703149	-0,0660598874092102
14,815043	-0,0592585802078247
14,923915	-0,0569897890090942
15,032080	-0,0611835122108459
15,140172	-0,0677485764026642
15,251757	-0,0782868266105652
15,360730	-0,0918772518634796
15,468570	-0,100713223218918
15,578627	-0,10841429233551
15,689319	-0,111559331417084
15,801382	-0,10870823264122
15,911972	-0,101227849721909
16,021416	-0,0906016826629639
16,132314	-0,0789218544960022
16,243819	-0,0667597949504852
16,355804	-0,0596970021724701
16,464633	-0,0569855272769928
16,573926	-0,059118926525116
16,685032	-0,0671646296977997
16,795324	-0,0756484866142273
16,905318	-0,0872140824794769
17,016786	-0,098358541727066
17,128093	-0,107955992221832
17,238143	-0,111456155776978
17,348270	-0,109032720327377
17,459235	-0,103361308574677
17,570405	-0,0895033776760101
17,680552	-0,0798071324825287
17,792492	-0,0690678656101227
17,904790	-0,0611088871955872
18,015778	-0,0571451187133789
18,127291	-0,0588710010051727
18,236862	-0,063811182975769
18,349345	-0,0730441808700562
18,460521	-0,0882211923599243
18,568468	-0,0974965691566467
18,679797	-0,107329279184341
18,789369	-0,110867440700531
18,900176	-0,109919399023056
19,011209	-0,103811115026474
19,121496	-0,0922732651233673
19,233019	-0,0826661586761475
19,344807	-0,068466454744339
19,455852	-0,0619575083255768
19,567438	-0,0577036142349243
19,676639	-0,0586069524288177
19,787347	-0,0638934075832367
19,897225	-0,0746734440326691
20,007389	-0,0841063261032104
20,117213	-0,0954858958721161
20,225348	-0,107338279485703
20,332913	-0,111071735620499
20,444368	-0,111338675022125
20,556040	-0,105938613414764
20,668008	-0,0969059467315674
20,776615	-0,0857847332954407
20,883848	-0,0728913545608521
20,994081	-0,0641404986381531
21,103178	-0,0588068664073944
21,212961	-0,0591602623462677
21,321947	-0,0630408823490143
21,431753	-0,0712834000587463
21,542001	-0,0838715434074402
21,650412	-0,0952045023441315
21,759572	-0,104546010494232
21,868845	-0,11023685336113
21,978636	-0,111368298530579
22,088907	-0,106978744268417
22,198085	-0,100332409143448
22,306972	-0,0877940356731415
22,414714	-0,0764251053333282
22,523539	-0,0666528940200806
22,631570	-0,0608813166618347
22,741319	-0,0579942464828491
22,850295	-0,0604414343833923
22,960754	-0,0672325789928436
23,069806	-0,0791100859642029
23,179256	-0,0905255079269409
23,289298	-0,101007878780365
23,398078	-0,107502192258835
23,509459	-0,111412674188614
23,618657	-0,108570754528046
23,726885	-0,102670848369598
23,835705	-0,0907644927501678
23,944509	-0,0812665522098541
24,054346	-0,0690065920352936
24,163106	-0,0615313053131104
24,272682	-0,0581998825073242
24,383746	-0,0594956278800964
24,492810	-0,0666771233081818
24,602894	-0,0746051371097565
24,713796	-0,0838563740253448
24,825215	-0,0969011783599854
24,935039	-0,106865733861923
25,045386	-0,111051231622696
25,154304	-0,110706150531769
25,264192	-0,10453936457634
25,373325	-0,0934126973152161
25,483382	-0,083918035030365
25,592376	-0,0746103525161743
25,702922	-0,0640773177146912
25,812743	-0,0588486790657043
25,922649	-0,0586373507976532
26,031981	-0,0633991956710815
26,141882	-0,0736303627490997
26,252005	-0,0828434824943542
26,363807	-0,0940684378147125
26,474822	-0,104942142963409
26,585237	-0,110182017087936
26,696264	-0,110485762357712
26,807775	-0,107054263353348
26,918771	-0,0990195870399475
27,028952	-0,0863718390464783
27,140444	-0,0752494931221008
27,252491	-0,0644204020500183
27,364459	-0,0597084164619446
27,475390	-0,0585162341594696
27,585239	-0,0619950294494629
27,695256	-0,0698724985122681
27,806890	-0,0803225636482239
27,916989	-0,0953270792961121
28,026704	-0,1044961810112
28,137188	-0,109341651201248
28,247688	-0,110879391431808
28,357282	-0,107290804386139
28,467656	-0,099473237991333
28,576181	-0,0888742506504059
28,686002	-0,0774886012077332
28,797523	-0,0661154389381409
28,908434	-0,0591550469398499
29,020851	-0,0579006969928741
29,128655	-0,0607288479804993
29,238772	-0,0692146420478821
29,348317	-0,0777864754199982
29,458712	-0,0910206735134125
29,567766	-0,0996864438056946
29,678465	-0,109160304069519
29,789801	-0,110952407121658
29,898934	-0,108508467674255
30,009546	-0,10156986117363
30,120310	-0,0894553363323212
30,231524	-0,0781360268592834
30,342433	-0,0665155351161957
30,452646	-0,0607749223709106
30,560824	-0,0578740835189819
30,669765	-0,060298889875412
30,778257	-0,0671242475509644
30,888139	-0,0770768821239471
30,998426	-0,0883675515651703
31,110442	-0,0991609692573547
31,221276	-0,106063902378082
31,332862	-0,110873192548752
31,444455	-0,109656900167465
31,555789	-0,103604257106781
31,663764	-0,0940522253513336
31,773144	-0,0808701813220978
31,884403	-0,070231556892395
31,993481	-0,0613041818141937
32,103814	-0,0579453408718109
32,214613	-0,0593911409378052
32,326114	-0,0652263760566711
32,438106	-0,0744884014129639
32,546958	-0,0857021808624268
32,654988	-0,0966918766498566
32,766507	-0,106606483459473
32,878488	-0,110349357128143
32,990103	-0,110243529081345
33,100174	-0,104088664054871
33,208246	-0,0928777158260345
33,318322	-0,083448052406311
33,427205	-0,0725419819355011
33,536507	-0,0637246966362
33,645751	-0,0586985945701599
33,755039	-0,0585822463035583
33,862971	-0,0634011030197144
33,971423	-0,0720354616641998
34,083244	-0,081002950668335
34,192051	-0,0923142731189728
34,301905	-0,102256953716278
34,409864	-0,109483540058136
34,518897	-0,110311210155487
34,630132	-0,105646759271622
34,740113	-0,0969550609588623
34,849864	-0,0878814458847046
34,960334	-0,0747384428977966
35,071166	-0,0666647553443909
35,183201	-0,05997633934021
35,293670	-0,0577924251556396
35,403814	-0,0606608986854553
35,514513	-0,0678863525390625
35,625106	-0,0780515670776367
35,736585	-0,0912797749042511
35,848183	-0,101382255554199
35,958561	-0,108273088932037
36,070018	-0,110490053892136
36,178132	-0,106961667537689
36,289061	-0,0991567075252533
36,399063	-0,0903836488723755
36,507697	-0,079028993844986
36,618522	-0,0671427845954895
36,727371	-0,0601658821105957
36,836896	-0,0574604570865631
36,948392	-0,0594376623630524
37,056095	-0,0672149956226349
37,163066	-0,077290803194046
37,273659	-0,0867397487163544
37,385096	-0,0992975831031799
37,496197	-0,10711458325386
37,604888	-0,110702335834503
37,715807	-0,108361035585403
37,825574	-0,101409792900085
37,934897	-0,0930961072444916
38,043589	-0,0798678398132324
38,153548	-0,0709206163883209
38,263647	-0,0614756941795349
38,372646	-0,0576613247394562
38,482813	-0,0584981739521027
38,593528	-0,0651764869689941
38,704347	-0,0746293067932129
38,815367	-0,0839516818523407
38,923048	-0,0968377888202667
39,031452	-0,104265153408051
39,140679	-0,110104322433472
39,252176	-0,109749317169189
39,363736	-0,103311032056808
39,472919	-0,0955445468425751
39,582606	-0,0825348198413849
39,690811	-0,0716836452484131
39,800351	-0,0643163621425629
39,910136	-0,0583333671092987
40,020593	-0,0581253468990326
40,130372	-0,0624991953372955
40,239060	-0,0724627077579498
40,347687	-0,0814988613128662
40,455767	-0,0946135520935059
40,565850	-0,103945851325989
40,677961	-0,108944207429886
40,786601	-0,110646516084671
40,896468	-0,10629078745842
41,005748	-0,0996240973472595
41,116095	-0,0890834331512451
41,225752	-0,0759099125862122
41,335651	-0,0662071704864502
41,445798	-0,0590533912181854
41,552875	-0,0576708316802979
41,660991	-0,0609692335128784
41,770633	-0,0668757259845734
41,881663	-0,0767623782157898
41,989745	-0,0898977518081665
42,101819	-0,10018926858902
42,213166	-0,107448488473892
42,324714	-0,110290259122849
42,436647	-0,108135223388672
42,547178	-0,0999647676944733
42,656405	-0,0877859592437744
42,767399	-0,0765802264213562
42,878984	-0,0682901740074158
42,989588	-0,0601943731307983
43,097948	-0,0579192042350769
43,207336	-0,0594514608383179
43,319518	-0,0653451681137085
43,430211	-0,0782711803913116
43,539749	-0,0876472592353821
43,649978	-0,0983071029186249
43,760208	-0,107372015714645
43,870795	-0,110441416501999
43,980796	-0,108595013618469
44,090467	-0,103478521108627
44,201998	-0,0940684378147125
44,313509	-0,0810797512531281
44,425470	-0,0689391493797302
44,534551	-0,0624830424785614
44,644826	-0,0583461821079254
44,756744	-0,0593137145042419
44,866921	-0,0649935305118561
44,977232	-0,0741106569766998
45,088683	-0,08512282371521
45,200052	-0,0978106260299683
45,310849	-0,106065809726715
45,421764	-0,110281676054001
45,533339	-0,109559267759323
45,643120	-0,102781414985657
45,755381	-0,0931490361690521
45,865938	-0,0819544792175293
45,975919	-0,0713318288326263
46,086905	-0,0630984008312225
46,197667	-0,0586477816104889
46,309163	-0,0587940514087677
46,420467	-0,0646133422851563
46,530040	-0,0735131502151489
46,641555	-0,0863181948661804
46,752321	-0,0954257845878601
46,859565	-0,10559743642807
46,970756	-0,110055714845657
47,080726	-0,109661668539047
47,192694	-0,105645328760147
47,303212	-0,0972010493278503
47,415203	-0,0845213234424591
47,524545	-0,0736052095890045
47,634268	-0,0646708607673645
47,744188	-0,0592880547046661
47,855747	-0,0586207211017609
47,967916	-0,0641286373138428
48,079421	-0,0728201568126678
48,190204	-0,0817657709121704
48,300532	-0,0946841537952423
48,410546	-0,105042278766632
48,519283	-0,108717262744904
48,627444	-0,110314071178436
48,736800	-0,105947613716125
48,847164	-0,097769170999527
48,957683	-0,0870939493179321
49,067458	-0,0759953260421753
49,179176	-0,0652121007442474
49,290712	-0,0595706701278687
49,401708	-0,0583637654781342
49,513368	-0,0627253651618958
49,623060	-0,0707268714904785
49,733608	-0,0793898701667786
49,843886	-0,0905645191669464
49,955915	-0,100725084543228
50,065232	-0,109278827905655
50,176796	-0,110346019268036
50,286143	-0,106497764587402
50,395136	-0,100091278553009
50,503284	-0,087934672832489
50,614567	-0,0768017768859863
50,726631	-0,0671456456184387
50,838123	-0,0605896413326263
50,948950	-0,0583561658859253
51,058023	-0,0606323778629303
51,167543	-0,0685790479183197
51,276660	-0,0768548846244812
51,388636	-0,0915975272655487
51,497526	-0,101515710353851
51,608363	-0,107389122247696
51,717242	-0,110344588756561
51,827909	-0,10845947265625
51,937966	-0,101978719234467
52,048031	-0,0922022461891174
52,156492	-0,0792955160140991
52,265991	-0,0691191554069519
52,376828	-0,0618159174919128
52,488120	-0,0584155321121216
52,599536	-0,0597929954528809
52,711524	-0,0668391585350037
52,823435	-0,0763193368911743
52,933483	-0,0893088281154633
53,045020	-0,0980793833732605
53,157125	-0,107183933258057
53,265324	-0,110320270061493
53,374925	-0,1095030605793
53,482928	-0,102710723876953
53,590801	-0,0931757092475891
53,701271	-0,0820876955986023
53,810339	-0,0732563734054565
53,921175	-0,0635517239570618
54,029819	-0,0592643022537231
54,138428	-0,0600447654724121
54,246221	-0,0642412304878235
54,357156	-0,0743446052074432
54,467564	-0,0851925611495972
54,579076	-0,0943207144737244
54,687818	-0,103661179542542
54,796881	-0,109954655170441
54,907334	-0,110249251127243
55,018728	-0,1045962870121
55,129601	-0,0972901880741119
55,240518	-0,0828605592250824
55,352021	-0,0739184319972992
55,463190	-0,0651213526725769
55,572321	-0,0594680607318878
55,681451	-0,059393972158432
55,790553	-0,0628237426280975
55,899386	-0,0705108046531677
56,010065	-0,0807772576808929
56,119675	-0,093686431646347
56,228856	-0,10315728187561
56,339137	-0,109175026416779
56,449112	-0,11075147986412
56,558562	-0,107159227132797
56,670898	-0,0979306995868683
56,779453	-0,0891381204128265
56,888760	-0,078017920255661
56,997347	-0,0655960738658905
57,105108	-0,0607031881809235
57,214739	-0,0588154196739197
57,323610	-0,0615602731704712
57,433938	-0,0683885216712952
57,543508	-0,0782308578491211
57,653386	-0,0893178880214691
57,763893	-0,0996183753013611
57,872956	-0,107240438461304
57,984939	-0,110553503036499
58,096483	-0,108993679285049
58,207695	-0,101484835147858
58,320668	-0,0896893441677094
58,432718	-0,0804515182971954
58,541134	-0,0701897740364075
58,652278	-0,0616995096206665
58,762686	-0,058802604675293
58,872490	-0,0612181723117828
58,983016	-0,0679001212120056
59,092600	-0,0776019692420959
59,202740	-0,0905221700668335
59,313721	-0,100698947906494
59,423377	-0,105908244848251
59,533031	-0,110588788986206
59,640498	-0,109338790178299
59,749628	-0,102075099945068
59,861000	-0,0940736830234528
59,969573	-0,0811992287635803
60,079064	-0,0724247395992279
60,190628	-0,063060849905014
60,299159	-0,0591346025466919
60,408939	-0,0597730278968811
60,518769	-0,0661178231239319
60,627153	-0,0752362012863159
60,737869	-0,0861985981464386
60,847956	-0,0970084667205811
60,959472	-0,105569899082184
61,069866	-0,10981410741806
61,179843	-0,110519617795944
61,290206	-0,105246752500534
61,402198	-0,096544086933136
61,510648	-0,0837994515895844
61,621249	-0,0747916102409363
61,731857	-0,0634281635284424
61,841628	-0,0596162676811218
61,953137	-0,0591868460178375
62,061548	-0,0622848868370056
62,172444	-0,0712216794490814
62,281519	-0,0835320055484772
62,390816	-0,0927513837814331
62,500704	-0,102467238903046
62,608978	-0,110000431537628
62,718201	-0,110531091690063
62,827249	-0,107678949832916
62,938697	-0,098730057477951
63,047903	-0,0863514244556427
63,158673	-0,0753500759601593
63,269501	-0,0661026239395142
63,379571	-0,060962587594986
63,490772	-0,0588614940643311
63,601701	-0,0617147088050842
63,712680	-0,0703227519989014
63,824260	-0,0805643796920776
63,931745	-0,0916714072227478
64,039040	-0,101461112499237
64,148014	-0,108116179704666
64,257210	-0,110320270061493
64,367505	-0,107575833797455
64,479259	-0,0990662574768066
64,588365	-0,0905197858810425
64,698081	-0,0776598155498505
64,807941	-0,0694250762462616
64,917520	-0,0621323585510254
65,026803	-0,0587332546710968
65,136823	-0,0607725381851196
65,246656	-0,06702920794487
65,355403	-0,076484888792038
65,464722	-0,087447315454483
65,574287	-0,0996117293834686
65,684074	-0,107124090194702
65,795043	-0,110166758298874
65,905105	-0,109404951334
66,014600	-0,102708339691162
66,124343	-0,091409832239151
66,233072	-0,0822285413742065
66,344824	-0,0734144151210785
66,454272	-0,0636795461177826
66,564644	-0,0594372153282166
66,672904	-0,0595948994159698
66,784628	-0,0642507374286652
66,896326	-0,0742088854312897
67,004685	-0,0867948234081268
67,112223	-0,0940674841403961
67,222972	-0,104546964168549
67,332563	-0,109626412391663
67,440451	-0,110019952058792
67,550780	-0,105529546737671
67,662855	-0,0972077250480652
67,774461	-0,0828387439250946
67,885272	-0,0723012983798981
67,994871	-0,0652273297309875
68,105597	-0,0599411725997925
68,215716	-0,0591198801994324
68,323802	-0,0627823770046234
68,430849	-0,0718958973884583
68,539702	-0,0823992192745209
68,649674	-0,0933230519294739
68,758357	-0,102746784687042
68,867230	-0,108126163482666
68,976338	-0,110300272703171
69,086067	-0,106955975294113
69,195303	-0,0994032621383667
69,305136	-0,0890929698944092
69,413919	-0,0763838291168213
69,523038	-0,068388044834137
69,630247	-0,0616058707237244
69,740409	-0,0589788258075714
69,848403	-0,0615379512310028
69,959276	-0,0669275224208832
70,068987	-0,0762353539466858
70,178815	-0,0871048867702484
70,288533	-0,100718438625336
70,400066	-0,106717586517334
70,509441	-0,110112428665161
70,619422	-0,107903242111206
70,728967	-0,101192235946655
70,838776	-0,0932047963142395
70,948759	-0,0803974866867065
71,058239	-0,0702524483203888
71,166843	-0,0618087649345398
71,274562	-0,05905482172966
71,383360	-0,0599497258663177
71,491551	-0,0651907324790955
71,600529	-0,0755389034748077
71,710580	-0,0845815539360046
71,821853	-0,0953084826469421
71,933368	-0,105275690555573
72,042878	-0,109932750463486
72,152314	-0,109204083681107
72,263598	-0,104184985160828
72,372426	-0,0936363637447357
72,481045	-0,0845791697502136
72,589599	-0,0739341080188751
72,700872	-0,0651223063468933
72,809195	-0,0590571761131287
72,920379	-0,0592110753059387
73,029784	-0,0634728670120239
73,138321	-0,0715578496456146
73,250433	-0,0818710327148438
73,361881	-0,0928124189376831
73,473861	-0,102247923612595
73,583511	-0,108280658721924
73,693609	-0,109306901693344
73,802838	-0,104510903358459
73,913120	-0,095962792634964
74,024926	-0,0871585607528687
74,136608	-0,0729397535324097
74,248578	-0,065730094909668
74,360089	-0,0602347850799561
74,467940	-0,0588895082473755
74,578966	-0,0623290836811066
74,690241	-0,0695827603340149
74,800109	-0,0813239216804504
74,911247	-0,0904740691184998
75,021375	-0,103048622608185
75,130826	-0,108012557029724
75,242770	-0,109845072031021
75,353599	-0,106800198554993
75,463051	-0,0964964032173157
75,571602	-0,0877142548561096
75,679809	-0,0768520534038544
75,788294	-0,0674406886100769
75,897222	-0,0603615939617157
76,005795	-0,0589379668235779
76,115318	-0,0611611902713776
76,223106	-0,0675675570964813
76,333653	-0,0788554549217224
76,441319	-0,089723140001297
76,551340	-0,0982294678688049
76,659202	-0,106917023658752
76,767604	-0,109615951776505
76,875177	-0,107908010482788
76,983248	-0,101551353931427
77,092965	-0,0902284681797028
77,204847	-0,0811802446842194
77,315584	-0,0709277391433716
77,427616	-0,0632371604442596
77,537231	-0,0593179762363434
77,647691	-0,060328334569931
77,758935	-0,0647421479225159
77,870630	-0,0731505155563354
77,981642	-0,0854910016059875
78,091837	-0,0977386832237244
78,203093	-0,104520380496979
78,314831	-0,109268814325333
78,426880	-0,1087586581707
78,538384	-0,103343784809113
78,647115	-0,092705637216568
78,756084	-0,0836491286754608
78,865799	-0,0731571614742279
78,977397	-0,0647449791431427
79,087332	-0,0598124563694
79,196454	-0,0597079396247864
79,307372	-0,0643154084682465
79,417488	-0,0725795030593872
79,527466	-0,0830582976341248
79,636448	-0,0938299596309662
79,747891	-0,104207754135132
79,859158	-0,109174102544785
79,968248	-0,109773129224777
80,078381	-0,10614886879921
80,190710	-0,0951749384403229
80,302678	-0,0844857692718506
80,413117	-0,0755963027477264
80,524704	-0,0665060579776764
80,636530	-0,0597469210624695
80,748869	-0,059370219707489
80,859666	-0,0630142688751221
80,972071	-0,0705682635307312
81,083621	-0,0842338800430298
81,196032	-0,0932796597480774
81,307050	-0,102574974298477
81,416895	-0,109008431434631
81,526206	-0,109279304742813
81,635181	-0,104340106248856
81,745956	-0,0974059998989105
81,856555	-0,08695387840271
81,965489	-0,0744096040725708
82,077097	-0,0669004619121552
82,186498	-0,0601677894592285
82,296735	-0,0589232444763184
82,407409	-0,06247878074646
82,518418	-0,0712748467922211
82,628734	-0,0815770626068115
82,739663	-0,090671181678772
82,848752	-0,101903706789017
82,959123	-0,108145177364349
83,069616	-0,109919399023056
83,178083	-0,107650429010391
83,287818	-0,0995465219020844
83,397747	-0,0876496434211731
83,506684	-0,0785808563232422
83,615622	-0,0687961280345917
83,724264	-0,0619209110736847
83,835116	-0,0590239465236664
83,943018	-0,0606789588928223
84,053719	-0,0679044127464294
84,164077	-0,077402263879776
84,275251	-0,0882335305213928
84,385509	-0,0985167026519775
84,493699	-0,107055693864822
84,602314	-0,109727382659912
84,710685	-0,108524143695831
84,820446	-0,102758646011353
84,929424	-0,0918243527412415
85,039516	-0,0809308588504791
85,148013	-0,0723497271537781
85,258173	-0,0641799569129944
85,367987	-0,0592272281646729
85,477032	-0,059838593006134
85,586255	-0,0647991597652435
85,696607	-0,0748817622661591
85,806453	-0,0874468386173248
85,917551	-0,0961287617683411
86,028435	-0,103377461433411
86,138077	-0,108723908662796
86,247168	-0,108553171157837
86,354682	-0,103153467178345
86,463147	-0,0958097279071808
86,571958	-0,0852357447147369
86,679395	-0,0746573209762573
86,788296	-0,0657742619514465
86,895590	-0,0603825151920319
87,004728	-0,0594314932823181
87,112580	-0,0624507069587708
87,221409	-0,0712620317935944
87,332140	-0,0813760459423065
87,442887	-0,0922442078590393
87,551519	-0,101687669754028
87,661149	-0,107888013124466
87,771087	-0,109744548797607
87,881341	-0,106700003147125
87,992586	-0,0995303392410278
88,103391	-0,0895380973815918
88,213938	-0,0786519944667816
88,323080	-0,0675547420978546
88,431985	-0,0612191259860992
88,540635	-0,0590457916259766
88,649939	-0,0606694519519806
88,760420	-0,0677865743637085
88,871094	-0,0772765874862671
88,980720	-0,0899263024330139
89,092808	-0,0984157025814056
89,203170	-0,107084184885025
89,314591	-0,109994232654572
89,425152	-0,108102887868881
89,534023	-0,100406587123871
89,643468	-0,0887050032615662
89,752572	-0,0796577930450439
89,860727	-0,0712791383266449
89,972321	-0,0635370016098022
90,082245	-0,0594082176685333
90,193428	-0,0606361925601959
90,304188	-0,0661953091621399
90,412536	-0,0750871896743774
90,521285	-0,0875527560710907
90,631784	-0,096363365650177
90,740191	-0,105871677398682
90,850239	-0,109856516122818
90,960727	-0,109086513519287
91,069607	-0,103649795055389
91,176933	-0,0947638154029846
91,285887	-0,0840000510215759
91,394650	-0,0718787908554077
91,503497	-0,0639689564704895
91,611199	-0,0596917867660522
91,722780	-0,0599440336227417
91,832284	-0,0645069181919098
91,941822	-0,0711120069026947
92,053226	-0,0813167989253998
92,161552	-0,0955564677715302
92,271283	-0,104231923818588
92,381927	-0,108685880899429
92,493819	-0,109525442123413
92,604006	-0,105206429958344
92,715421	-0,0969502925872803
92,824615	-0,0864995121955872
92,934205	-0,07756307721138
93,044084	-0,0667821168899536
93,153681	-0,0604770481586456
93,261887	-0,0594785213470459
93,369167	-0,0623751580715179
93,479069	-0,0693177282810211
93,587790	-0,0790109932422638
93,698751	-0,089859664440155
93,807212	-0,10131573677063
93,915357	-0,107836246490479
94,025083	-0,110005646944046
94,134546	-0,10825976729393
94,243089	-0,100624799728394
94,351373	-0,0890344977378845
94,459352	-0,0781621038913727
94,568775	-0,070058673620224
94,678803	-0,0619679689407349
94,788394	-0,0593289136886597
94,896591	-0,0606366693973541
95,006739	-0,0660218596458435
95,117728	-0,0764967501163483
95,228752	-0,0872767865657806
95,339304	-0,0976028442382813
95,449696	-0,105646759271622
95,559426	-0,109894156455994
95,669814	-0,10842427611351
95,780026	-0,10379546880722
95,889440	-0,0932000279426575
95,997787	-0,0824617743492126
96,106866	-0,0721935331821442
96,216517	-0,0641694962978363
96,327554	-0,0596300363540649
96,437222	-0,0604395270347595
96,545477	-0,0644669830799103
96,654931	-0,072620302438736
96,764481	-0,0847314596176147
96,872786	-0,0953986048698425
96,981643	-0,104089617729187
97,092936	-0,109126001596451
97,201797	-0,109618782997131
97,310500	-0,104212492704391
97,421294	-0,0972263216972351
97,530716	-0,0868598818778992
97,640595	-0,074426680803299
97,752640	-0,0658374726772308
97,859988	-0,06008180975914
97,969300	-0,059415340423584
98,079764	-0,0631487667560577
98,187005	-0,0704452693462372
98,296661	-0,0804202258586884
98,407689	-0,0930026471614838
98,518919	-0,102251708507538
98,629975	-0,108968466520309
98,738007	-0,109874606132507
98,847296	-0,10753732919693
98,956501	-0,0994627475738525
99,067298	-0,087521880865097
99,177705	-0,0786301791667938
99,286693	-0,0676402449607849
99,396931	-0,0614852011203766
99,506725	-0,0596713721752167
99,616793	-0,0612604916095734
99,723933	-0,0671855211257935
99,833201	-0,0780477821826935
99,943637	-0,0887287855148315
100,053193	-0,10041418671608
100,163505	-0,106355369091034
100,273651	-0,109872698783875
100,382855	-0,107802957296371
100,491162	-0,102600127458572
100,600060	-0,0934551358222961
100,709260	-0,0809265971183777
100,817616	-0,0708142518997192
100,925930	-0,0633597373962402
101,036303	-0,0595754086971283
101,145905	-0,0608257651329041
101,256394	-0,0653223395347595
101,364667	-0,0753405690193176
101,474326	-0,0860248804092407
101,584311	-0,0964334607124329
101,692884	-0,103474229574203
101,804379	-0,109153151512146
101,914540	-0,108322501182556
102,021769	-0,104034096002579
102,129886	-0,0955855548381805
102,239478	-0,0867530405521393
102,349458	-0,0745135545730591
102,459258	-0,0657937526702881
102,570994	-0,060430496931076
102,681969	-0,0594789981842041
102,792309	-0,0636871457099915
102,901539	-0,0715796649456024
103,012135	-0,0817074775695801
103,122938	-0,0923609733581543
103,231396	-0,103123128414154
103,341479	-0,108420938253403
103,451062	-0,109551161527634
103,559893	-0,106568992137909
103,670963	-0,0977772772312164
103,779743	-0,0876933336257935
103,887864	-0,0769544839859009
103,998710	-0,0677238702774048
104,105956	-0,0616438984870911
104,212795	-0,0594433844089508
104,320045	-0,0619128346443176
104,430511	-0,0683500468730927
104,539649	-0,0794187784194946
104,649248	-0,0885063111782074
104,758539	-0,0985481441020966
104,867553	-0,107009619474411
104,978444	-0,109812200069427
105,087663	-0,106970191001892
105,195938	-0,102820813655853
105,304190	-0,0920273661613464
105,413571	-0,0795117318630219
105,523017	-0,0713560581207275
105,633205	-0,0636871457099915
105,742479	-0,0597725510597229
105,853029	-0,0611203014850616
105,962114	-0,0653936266899109
106,070928	-0,075542688369751
106,181858	-0,0860125422477722
106,291891	-0,0964286923408508
106,401655	-0,105815231800079
106,512786	-0,109175980091095
106,622734	-0,108653992414474
106,732576	-0,104388475418091
106,840490	-0,0958707630634308
106,950683	-0,0837003588676453
107,062711	-0,0732387900352478
107,173118	-0,0650082528591156
107,285244	-0,0599183738231659
107,395811	-0,0601715743541718
107,505880	-0,0649650096893311
107,616717	-0,0747232735157013
107,726899	-0,0852983593940735
107,837511	-0,0942076742649078
107,947483	-0,104238569736481
108,057888	-0,10861736536026
108,166805	-0,109307378530502
108,277084	-0,104809314012527
108,388643	-0,0950523614883423
108,500671	-0,0861596763134003
108,612186	-0,0755958259105682
108,723177	-0,0667341351509094
108,833554	-0,0604333281517029
108,945516	-0,0598262250423431
109,055970	-0,0634447932243347
109,164179	-0,070912092924118
109,275401	-0,0809593200683594
109,386221	-0,0915803909301758
109,496917	-0,10249000787735
109,606949	-0,108223140239716
109,717464	-0,109494984149933
109,828996	-0,106195867061615
109,940245	-0,0971247851848602
110,052069	-0,0868930816650391
110,164098	-0,0763430595397949
110,273987	-0,0660460889339447
110,384611	-0,0614984929561615
110,494802	-0,0597521364688873
110,604141	-0,0642797350883484
110,716889	-0,0720810294151306
110,828645	-0,0803519785404205
110,939583	-0,0911188125610352
111,047078	-0,100721299648285
111,156826	-0,107286512851715
111,265551	-0,10971263051033
111,374044	-0,106453627347946
111,483355	-0,0992890298366547
111,592658	-0,0911621451377869
111,702167	-0,080401748418808
111,812848	-0,0692146420478821
111,922005	-0,0625020265579224
112,030677	-0,0597692430019379
112,139814	-0,0615683495998383
112,249371	-0,0686816573143005
112,356934	-0,0764089822769165
112,464580	-0,0870094299316406
112,573730	-0,0972196459770203
112,683637	-0,106251418590546
112,794673	-0,10959067940712
112,904132	-0,108271658420563
113,012258	-0,103801608085632
113,122248	-0,0916875898838043
113,234830	-0,0828055739402771
113,345795	-0,0725970566272736
113,452850	-0,0635474622249603
113,563048	-0,0599183738231659
113,673832	-0,060549259185791
113,783654	-0,064434677362442
113,892925	-0,0739957988262177
114,005059	-0,0842936635017395
114,115737	-0,0948930382728577
114,225008	-0,104697823524475
114,334430	-0,109125524759293
114,444736	-0,10902464389801
114,554180	-0,103022992610931
114,663716	-0,0974155366420746
114,774054	-0,0854207873344421
114,883377	-0,0749311149120331
114,995341	-0,066383957862854
115,106609	-0,0610357522964478
115,217110	-0,0602176785469055
115,325983	-0,0642659664154053
115,438004	-0,0718820989131927
115,546517	-0,0819900631904602
115,656495	-0,0942997336387634
115,765437	-0,101840555667877
115,874054	-0,108576476573944
115,984283	-0,109437346458435
116,093678	-0,105720788240433
116,202850	-0,0980441272258759
116,311446	-0,08786341547966
116,420952	-0,0773268640041351
116,529862	-0,0681082308292389
116,638753	-0,0613117814064026
116,750864	-0,0599126815795898
116,862082	-0,0621941387653351
116,971457	-0,0699741244316101
117,079792	-0,0796113014221191
117,187248	-0,0902470350265503
117,296209	-0,100054651498795
117,407934	-0,107671797275543
117,516009	-0,109672635793686
117,626107	-0,106969714164734
117,738478	-0,100064158439636
117,848071	-0,0903993546962738
117,956580	-0,0815035998821259
118,066699	-0,0701560378074646
118,176619	-0,0632936954498291
118,286212	-0,0602304935455322
118,393915	-0,0622853636741638
118,504751	-0,067175567150116
118,613213	-0,0775905847549438
118,720459	-0,0864468216896057
118,829836	-0,0983738005161285
118,939379	-0,10503751039505
119,049038	-0,109955132007599
119,159880	-0,108544141054153
119,271115	-0,103905528783798
119,380894	-0,095257431268692
119,492059	-0,0831417441368103
119,603634	-0,0748281478881836
119,715133	-0,0657376945018768
119,824122	-0,0622069537639618
119,935593	-0,0623110234737396
120,047180	-0,0670083165168762
120,156495	-0,0768563151359558
120,267663	-0,085541307926178
120,378983	-0,0977949202060699
120,488634	-0,107381522655487
120,599532	-0,111487686634064
120,709774	-0,111388355493546
120,821017	-0,105941951274872
120,931008	-0,0956332683563232
121,040329	-0,0886427462100983
121,149529	-0,0765252113342285
121,258646	-0,0670339465141296
121,369259	-0,0627572238445282
121,477386	-0,0626835525035858
121,586841	-0,0669836103916168
121,697077	-0,0748509168624878
121,806697	-0,0848675966262817
121,915415	-0,0954181551933289
122,022939	-0,103009700775146
122,133869	-0,110345065593719
122,244705	-0,110669910907745
122,353329	-0,107256591320038
122,463254	-0,099612683057785
122,572611	-0,0893473625183105
122,682153	-0,0766784250736237
122,791424	-0,0675309598445892
122,902617	-0,0622112154960632
123,012086	-0,0597858726978302
123,120611	-0,0623518824577332
123,229869	-0,067647397518158
123,341283	-0,0788781940937042
123,450231	-0,0904141068458557
123,558725	-0,101579368114471
123,667370	-0,110383719205856
123,775411	-0,114932954311371
123,884854	-0,114441454410553
123,995054	-0,107577264308929
124,105867	-0,0993499457836151
124,214502	-0,0856086909770966
124,324147	-0,0723881721496582
124,432659	-0,0652548670768738
124,541437	-0,0613635778427124
124,650145	-0,0617897808551788
124,760978	-0,0677941739559174
124,871241	-0,0781322121620178
124,980339	-0,0933135151863098
125,090541	-0,106798768043518
125,201959	-0,117994427680969
125,312290	-0,125063627958298
125,423309	-0,124733567237854
125,534731	-0,118086099624634
125,642891	-0,103546380996704
125,754293	-0,0881779491901398
125,865317	-0,0729388296604156
125,975227	-0,0592923164367676
126,084561	-0,0536571145057678
126,194832	-0,0526859760284424
126,305261	-0,0596138834953308
126,415522	-0,0737124681472778
126,527488	-0,0892879366874695
126,638404	-0,102689832448959
126,749485	-0,114493608474731
126,858205	-0,125680029392242
126,969001	-0,128048449754715
127,080140	-0,123450964689255
127,188754	-0,110591650009155
127,298551	-0,0955378711223602
127,409241	-0,0801627635955811
127,520598	-0,0669218301773071
127,632104	-0,0574048757553101
127,742533	-0,0558391809463501
127,851364	-0,0605744421482086
127,959798	-0,071045994758606
128,068104	-0,0854578018188477
128,177978	-0,103804469108582
128,287184	-0,117813944816589
128,397923	-0,126818507909775
128,508993	-0,129522711038589
128,618464	-0,126350879669189
128,727073	-0,114388316869736
128,837756	-0,0998039543628693
128,946458	-0,0838577747344971
129,056172	-0,0697290599346161
129,165501	-0,0597934722900391
129,276765	-0,0555252730846405
129,386707	-0,0577529966831207
129,496292	-0,0661430060863495
129,606325	-0,0790930390357971
129,715753	-0,094856321811676
129,824208	-0,112542510032654
129,932767	-0,123987317085266
130,042125	-0,129013419151306
130,151379	-0,128560811281204
130,263746	-0,117595702409744
130,373313	-0,10612753033638
130,481087	-0,0903398394584656
130,594091	-0,0752295553684235
130,706423	-0,0604832172393799
130,818144	-0,0562129020690918
130,929155	-0,0577876567840576
131,040575	-0,0656972825527191
131,151174	-0,0786363482475281
131,262560	-0,094168096780777
131,373092	-0,109652608633041
131,482984	-0,122162163257599
131,591775	-0,128997892141342
131,701836	-0,128929108381271
131,809702	-0,122086435556412
131,919171	-0,109471648931503
132,031204	-0,0913217067718506
132,142657	-0,0736522078514099
132,252862	-0,0622316598892212
132,363797	-0,0568563640117645
132,473545	-0,0565173029899597
132,585328	-0,061709463596344
132,694806	-0,0750952661037445
132,806021	-0,0875328183174133
132,915201	-0,106017887592316
133,023916	-0,119414448738098
133,134422	-0,128458619117737
133,244999	-0,129372417926788
133,354819	-0,122348636388779
133,463803	-0,112540125846863
133,575821	-0,0947766900062561
133,685110	-0,0815889239311218
133,793318	-0,0661031007766724
133,902336	-0,0568782091140747
134,011263	-0,0554939210414886
134,119875	-0,0597079396247864
134,230289	-0,0696421265602112
134,339550	-0,0838037133216858
134,449119	-0,099715918302536
134,560554	-0,116516530513763
134,670306	-0,126295298337936
134,780546	-0,129316806793213
134,892056	-0,12576812505722
135,002630	-0,115636885166168
135,110365	-0,101202666759491
135,218202	-0,0853723883628845
135,329562	-0,0689553022384644
135,438598	-0,0594205856323242
135,550599	-0,0557845532894135
135,660884	-0,0585024356842041
135,770138	-0,0692873299121857
135,877081	-0,0806848108768463
135,987224	-0,0963509678840637
136,098011	-0,111621916294098
136,206912	-0,123368322849274
136,317419	-0,129622608423233
136,427100	-0,127422660589218
136,536806	-0,118619531393051
136,647096	-0,102373719215393
136,756534	-0,0891366899013519
136,867967	-0,0741467177867889
136,978564	-0,0627196729183197
137,088816	-0,0565396249294281
137,198928	-0,057370662689209
137,311011	-0,0666053891181946
137,421577	-0,0771954655647278
137,531583	-0,0925878882408142
137,640921	-0,110479086637497
137,751902	-0,122504740953445
137,862541	-0,128830671310425
137,973222	-0,128767549991608
138,083233	-0,120780974626541
138,192701	-0,108000218868256
138,302401	-0,0923328697681427
138,412205	-0,0770707130432129
138,522962	-0,062882661819458
138,631624	-0,0564389526844025
138,742921	-0,0562632381916046
138,854810	-0,0623148083686829
138,964127	-0,07614666223526
139,072652	-0,0887259244918823
139,182197	-0,104461550712585
139,289685	-0,12008398771286
139,398562	-0,127771109342575
139,508422	-0,129130750894547
139,618618	-0,124420404434204
139,728016	-0,111119002103806
139,835905	-0,0960772633552551
139,945806	-0,080353856086731
140,054986	-0,0670543909072876
140,164348	-0,057465672492981
140,274596	-0,0555727481842041
140,382856	-0,0604879558086395
140,493035	-0,0688236951828003
140,605132	-0,0850862860679626
140,714242	-0,100990265607834
140,824042	-0,117338240146637
140,935018	-0,12538555264473
141,044083	-0,12917172908783
141,153960	-0,12590429186821
141,264270	-0,114267259836197
141,375770	-0,102223247289658
141,488184	-0,0813106298446655
141,598877	-0,0678687691688538
141,710076	-0,0587375164031982
141,819450	-0,0557071566581726
141,930921	-0,0600879788398743
142,041860	-0,0680217444896698
142,151951	-0,0817060470581055
142,259848	-0,0973121225833893
142,367216	-0,112236499786377
142,477147	-0,123564779758453
142,587643	-0,128763794898987
142,699059	-0,127199947834015
142,810011	-0,116941064596176
142,918774	-0,103022038936615
143,029520	-0,087314784526825
143,138742	-0,0704761445522308
143,246873	-0,0616187155246735
143,357586	-0,0561240911483765
143,466685	-0,0575312077999115
143,574951	-0,06385537981987
143,685172	-0,0782431960105896
143,794309	-0,0963485836982727
143,904050	-0,106627851724625
144,015963	-0,121345996856689
144,127497	-0,128151118755341
144,237194	-0,128109663724899
144,347389	-0,119477778673172
144,457961	-0,106423705816269
144,569240	-0,0908035337924957
144,678750	-0,0756523013114929
144,785788	-0,0621432662010193
144,895224	-0,0566963255405426
145,006843	-0,0560794472694397
145,116023	-0,0616638660430908
145,226447	-0,0726701617240906
145,336402	-0,089984804391861
145,446985	-0,107988774776459
145,555411	-0,120626181364059
145,665618	-0,127096354961395
145,776572	-0,128133237361908
145,884962	-0,123290836811066
145,994180	-0,109634041786194
146,102212	-0,0970070362091064
146,211913	-0,0790285468101501
146,322365	-0,066002368927002
146,433428	-0,0578897595405579
146,542934	-0,0556207299232483
146,650851	-0,0598661303520203
146,759781	-0,0698444843292236
146,869434	-0,0863651931285858
146,977180	-0,0995084643363953
147,088313	-0,116189897060394
147,199415	-0,12446853518486
147,311617	-0,12881326675415
147,423050	-0,12504568696022
147,533686	-0,114947319030762
147,644964	-0,100739359855652
147,756333	-0,0849596261978149
147,865501	-0,0708265900611877
147,976306	-0,0594006180763245
148,085867	-0,0557807683944702
148,195117	-0,0586003065109253
148,305769	-0,0673090815544128
148,414188	-0,0830084681510925
148,525193	-0,0961182713508606
148,634999	-0,111010640859604
148,746267	-0,122666478157043
148,854143	-0,128733664751053
148,963907	-0,125426054000854
149,072914	-0,117738991975784
149,183687	-0,104130417108536
149,295103	-0,0859076380729675
149,404722	-0,0738040804862976
149,515099	-0,0610462129116058
149,626695	-0,0561017692089081
149,738076	-0,0574438273906708
149,850244	-0,0648618936538696
149,961756	-0,0773183107376099
150,073709	-0,0951071977615356
150,184837	-0,112540602684021
150,294404	-0,123588383197784
150,403423	-0,128262251615524
150,512602	-0,127609610557556
150,622341	-0,116467297077179
150,732590	-0,105045139789581
150,842935	-0,0921231508255005
150,954654	-0,0745946764945984
151,065440	-0,063050389289856
151,176795	-0,0566882491111755
151,287152	-0,0565372407436371
151,396091	-0,0642693042755127
151,503070	-0,07872074842453
151,614776	-0,094081312417984
151,723358	-0,104432135820389
151,831103	-0,119706749916077
151,940805	-0,127939224243164
152,052427	-0,127712726593018
152,162628	-0,120654702186584
152,272377	-0,108289241790771
152,381438	-0,0929559171199799
152,491137	-0,0754103362560272
152,599581	-0,0652762651443481
152,708334	-0,0569133758544922
152,816881	-0,056098461151123
152,925306	-0,0622411668300629
153,034129	-0,0691262781620026
153,143174	-0,0854392945766449
153,251470	-0,103560119867325
153,359058	-0,115167915821075
153,467513	-0,12514990568161
153,576682	-0,128626734018326
153,686410	-0,125381767749786
153,796512	-0,1157186627388
153,905180	-0,0990452766418457
154,015757	-0,0834660828113556
154,126017	-0,0675623416900635
154,233655	-0,0598019957542419
154,341971	-0,0557931065559387
154,450288	-0,0580113530158997
154,561123	-0,0682778358459473
154,670354	-0,0817041397094727
154,780461	-0,0972491800785065
154,889720	-0,112057715654373
155,000387	-0,123061209917068
155,110969	-0,128271669149399
155,222522	-0,126532196998596
155,333408	-0,118214964866638
155,443088	-0,102518975734711
155,553021	-0,0894910097122192
155,662899	-0,072432816028595
155,774133	-0,0616752505302429
155,883413	-0,0558861792087555
155,994406	-0,057135134935379
156,104786	-0,0658389031887054
156,212956	-0,0761300325393677
156,322660	-0,0912573933601379
156,432020	-0,106605052947998
156,541217	-0,121163427829742
156,652762	-0,127817273139954
156,764475	-0,127583712339401
156,873253	-0,119040966033936
156,984078	-0,105997949838638
157,095548	-0,0931271016597748
157,204991	-0,0757068693637848
157,317739	-0,063731849193573
157,426349	-0,0570814609527588
157,536932	-0,0569964647293091
157,648365	-0,0620629787445068
157,759045	-0,0732103288173676
157,869575	-0,0902717709541321
157,979994	-0,105748325586319
158,090566	-0,118909418582916
158,200320	-0,127554029226303
158,307990	-0,128384232521057
158,417434	-0,121442705392838
158,527501	-0,111644834280014
158,635094	-0,0970098972320557
158,744759	-0,0789749324321747
158,853851	-0,0681652426719666
158,963126	-0,0592528879642487
159,073477	-0,0561630129814148
159,182345	-0,0604922473430634
159,292823	-0,0724190473556519
159,402424	-0,0867611169815063
159,511785	-0,102389395236969
159,621630	-0,116136312484741
159,731702	-0,125552356243134
159,842189	-0,128556102514267
159,952059	-0,124648690223694
160,062705	-0,114711880683899
160,171037	-0,100461274385452
160,282455	-0,0824684202671051
160,392824	-0,0689966082572937
160,503758	-0,0587090253829956
160,615175	-0,0563358962535858
160,725844	-0,0601900815963745
160,836172	-0,067779928445816
160,946840	-0,0809982120990753
161,055942	-0,0962980389595032
161,167874	-0,113357603549957
161,278118	-0,123918861150742
161,388308	-0,128400206565857
161,498929	-0,126149266958237
161,608122	-0,11736786365509
161,715919	-0,103925943374634
161,826520	-0,0885167717933655
161,937376	-0,0739526152610779
162,047155	-0,0614832937717438
162,156000	-0,0566602349281311
162,264116	-0,0579838156700134
162,373628	-0,0672757923603058
162,483525	-0,0754501819610596
162,595535	-0,0954129099845886
162,705388	-0,10798117518425
162,813153	-0,121916949748993
162,921461	-0,127415597438812
163,033855	-0,127234786748886
163,143365	-0,119859993457794
163,252883	-0,104969203472137
163,362546	-0,09211266040802
163,474346	-0,0771451890468597
163,585004	-0,0651455819606781
163,695220	-0,0578883290290833
163,804612	-0,0569119453430176
163,912833	-0,0650072991847992
164,021374	-0,0747650265693665
164,132424	-0,0894343852996826
164,240310	-0,104777991771698
164,349144	-0,119874715805054
164,459132	-0,126565635204315
164,567756	-0,128088504076004
164,677649	-0,122288048267365
164,787219	-0,110626012086868
164,895734	-0,098322331905365
165,005413	-0,0805302262306213
165,114933	-0,0657272338867188
165,223045	-0,0591108500957489
165,331574	-0,0565305948257446
165,441764	-0,0602181553840637
165,553455	-0,071723073720932
165,664586	-0,083220899105072
165,775894	-0,101167023181915
165,882825	-0,113070547580719
165,992461	-0,124786883592606
166,101036	-0,128336638212204
166,210861	-0,125034391880035
166,321805	-0,115460813045502
166,432354	-0,101714730262756
166,541374	-0,0861853063106537
166,651062	-0,0721441805362701
166,761414	-0,0617764592170715
166,871193	-0,0565600395202637
166,980413	-0,0599658787250519
167,088877	-0,0671570301055908
167,197825	-0,0799323320388794
167,307264	-0,0952045023441315
167,415886	-0,109954655170441
167,525176	-0,121760636568069
167,633964	-0,128217041492462
167,742505	-0,127218306064606
167,853031	-0,118343323469162
167,962629	-0,107613354921341
168,071210	-0,0899671912193298
168,181737	-0,0754103362560272
168,293088	-0,062532901763916
168,402872	-0,0573118031024933
168,511694	-0,0581956207752228
168,623777	-0,0667940080165863
168,734647	-0,0748029947280884
168,845490	-0,0917852818965912
168,956310	-0,106978267431259
169,067771	-0,11960107088089
169,178355	-0,127644449472427
169,289222	-0,12801268696785
169,399075	-0,118922293186188
169,507265	-0,108450442552567
169,614899	-0,093557208776474
169,726462	-0,0809043049812317
169,835491	-0,0647041201591492
169,943962	-0,0581353008747101
170,051819	-0,0572106242179871
170,161707	-0,0619627237319946
170,269327	-0,0741410255432129
170,380098	-0,0859408676624298
170,489277	-0,101323813199997
170,598838	-0,117130845785141
170,708878	-0,126854777336121
170,817940	-0,128379970788956
170,926546	-0,122661292552948
171,034531	-0,11377626657486
171,143480	-0,0969693660736084
171,255315	-0,0818331241607666
171,366083	-0,0688137114048004
171,477133	-0,0600803792476654
171,585584	-0,0573265254497528
171,694058	-0,0604708790779114
171,802967	-0,0676331222057343
171,912977	-0,0827785134315491
172,022799	-0,097977876663208
172,134984	-0,114561587572098
172,244226	-0,123312562704086
172,356312	-0,128452032804489
172,465521	-0,125691831111908
172,575412	-0,11659449338913
172,684717	-0,103048145771027
172,793725	-0,0878111720085144
172,904403	-0,0736146867275238
173,015773	-0,0630218982696533
173,127683	-0,0577658116817474
173,237468	-0,0592818856239319
173,348840	-0,06712806224823
173,456955	-0,081877201795578
173,566399	-0,0944070518016815
173,674984	-0,109291672706604
173,784470	-0,121059060096741
173,891426	-0,127969831228256
174,000195	-0,12662872672081
174,109477	-0,11697980761528
174,218879	-0,106106638908386
174,327862	-0,0909735262393951
174,439194	-0,0763786137104034
174,548220	-0,0648851692676544
174,656545	-0,0577240288257599
174,765409	-0,058296799659729
174,873360	-0,0633312463760376
174,981904	-0,0763088762760162
175,091428	-0,088411271572113
175,200612	-0,103604257106781
175,312608	-0,118791192770004
175,424085	-0,127274334430695
175,532993	-0,127480119466782
175,642973	-0,122591286897659
175,754279	-0,109285950660706
175,864660	-0,0970370471477509
175,974468	-0,0819345712661743
176,082829	-0,0689039528369904
176,192804	-0,0585290491580963
176,303372	-0,057615727186203
176,414166	-0,0615445971488953
176,523189	-0,0733868777751923
176,631748	-0,0849733948707581
176,740565	-0,102669417858124
176,850052	-0,114199310541153
176,959280	-0,125300675630569
177,067279	-0,127990990877151
177,177319	-0,123089104890823
177,285494	-0,116391718387604
177,396360	-0,100495517253876
177,504956	-0,0827614367008209
177,614300	-0,0695637464523315
177,724046	-0,0605744421482086
177,832973	-0,0573379397392273
177,941248	-0,0600708723068237
178,051858	-0,0668952167034149
178,161845	-0,081563800573349
178,271054	-0,0966899693012238
178,380001	-0,113329350948334
178,488123	-0,122271478176117
178,597927	-0,127783358097076
178,707706	-0,125657886266708
178,816426	-0,118862688541412
178,926704	-0,106226712465286
179,035748	-0,0886275172233582
179,146225	-0,0744252502918243
179,255664	-0,0635964274406433
179,365500	-0,0584259629249573
179,475670	-0,0578508079051971
179,585758	-0,0647658705711365
179,693903	-0,0784950256347656
179,802738	-0,0907759070396423
179,913169	-0,105777740478516
180,022633	-0,120325952768326
180,132161	-0,126457303762436
180,242314	-0,12785729765892
180,350971	-0,12123504281044
180,460685	-0,109496384859085
180,571032	-0,0947852730751038
180,681037	-0,0799219012260437
180,790881	-0,0674155056476593
180,899487	-0,058836817741394
181,007993	-0,0577748417854309
181,116253	-0,0616130232810974
181,223788	-0,0733360946178436
181,332114	-0,0847916901111603
181,441721	-0,0999609529972076
181,552429	-0,11594831943512
181,662626	-0,125039547681808
181,772134	-0,128029614686966
181,880749	-0,124273717403412
181,990112	-0,112383753061295
182,102081	-0,0981860756874084
182,213674	-0,0806236267089844
182,322952	-0,0718109011650085
182,432213	-0,0619840919971466
182,541458	-0,0573346018791199
182,651047	-0,0611364841461182
182,759978	-0,0685576498508453
182,868432	-0,0813381373882294
182,977084	-0,0963466763496399
183,086839	-0,110734313726425
183,196523	-0,121854901313782
183,305975	-0,127376049757004
183,414130	-0,125360101461411
183,523491	-0,118685334920883
183,633944	-0,106125622987747
183,743821	-0,0886512994766235
183,852753	-0,0723720490932465
183,962387	-0,0622268915176392
184,071763	-0,0574794411659241
184,180990	-0,0582027435302734
184,291706	-0,0645111799240112
184,402394	-0,0780999660491943
184,512096	-0,0902365446090698
184,620980	-0,107564926147461
184,730328	-0,119688183069229
184,840893	-0,126547247171402
184,949556	-0,126394659280777
185,059533	-0,119221091270447
185,170042	-0,109230726957321
185,281082	-0,0946288108825684
185,391434	-0,0797967314720154
185,502953	-0,0641067624092102
185,612938	-0,058709979057312
185,724445	-0,0575715899467468
185,835519	-0,0626151263713837
185,944801	-0,0750663280487061
186,052749	-0,0918229222297668
186,161400	-0,101914644241333
186,270131	-0,117251724004745
186,378424	-0,126282095909119
186,487809	-0,12746599316597
186,595751	-0,122684925794601
186,706604	-0,112183928489685
186,816230	-0,0955159366130829
186,925826	-0,0805146098136902
187,035232	-0,0698211789131165
187,145238	-0,059664249420166
187,255806	-0,057209700345993
187,366379	-0,0609017610549927
187,476373	-0,0700468122959137
187,585407	-0,0833650827407837
187,696155	-0,100916624069214
187,806753	-0,114537179470062
187,915718	-0,124152451753616
188,026361	-0,127530515193939
188,134490	-0,124374210834503
188,244100	-0,115114331245422
188,354578	-0,0990276634693146
188,463357	-0,0865237414836884
188,572047	-0,0706641972064972
188,681600	-0,0625020265579224
188,791555	-0,0577330589294434
188,902508	-0,0597036480903625
189,011192	-0,0677884817123413
189,119776	-0,0802907943725586
189,229272	-0,0925220847129822
189,338301	-0,109688341617584
189,447903	-0,122451305389404
189,557718	-0,127431154251099
189,667005	-0,126518547534943
189,778129	-0,11578181385994
189,885001	-0,107292234897614
189,994384	-0,0925168395042419
190,103430	-0,0778737366199493
190,210627	-0,0645862519741058
190,319082	-0,0583528280258179
190,428944	-0,0577772259712219
190,537242	-0,064102977514267
190,644364	-0,0749244689941406
190,755489	-0,0917457342147827
190,865725	-0,104138493537903
190,975988	-0,117033809423447
191,085958	-0,125459522008896
191,194737	-0,127083659172058
191,304273	-0,121545076370239
191,413438	-0,110403269529343
191,522528	-0,0959527790546417
191,630469	-0,083559513092041
191,740670	-0,0704058706760406
191,852707	-0,0601867735385895
191,961594	-0,0577359199523926
192,072833	-0,0622905790805817
192,183690	-0,072293221950531
192,292286	-0,0883418917655945
192,404249	-0,100840598344803
192,515800	-0,114580720663071
192,625294	-0,124060899019241
192,736789	-0,127593129873276
192,846806	-0,123499125242233
192,956781	-0,113336533308029
193,068228	-0,099582701921463
193,179759	-0,0845654308795929
193,288092	-0,0711689591407776
193,400101	-0,0618857741355896
193,510358	-0,0577382743358612
193,618594	-0,0609891712665558
193,728480	-0,0716594457626343
193,837501	-0,0850307941436768
193,945921	-0,0951110124588013
194,054577	-0,111766219139099
194,162622	-0,123707383871078
194,272024	-0,127733439207077
194,378887	-0,125836938619614
194,487401	-0,118011623620987
194,595427	-0,105406194925308
194,702623	-0,0903984010219574
194,810553	-0,0762766301631927
194,919623	-0,0650358200073242
195,030111	-0,0583209991455078
195,139723	-0,059171199798584
195,249331	-0,0657224655151367
195,358557	-0,0796093940734863
195,468235	-0,0942391753196716
195,576180	-0,104040265083313
195,687094	-0,118928492069244
195,797299	-0,126846313476563
195,909400	-0,126851499080658
196,019869	-0,120418131351471
196,131938	-0,108520328998566
196,240438	-0,0916161239147186
196,351894	-0,0771679580211639
196,462674	-0,0657642781734467
196,570600	-0,0593326985836029
196,680713	-0,0585675239562988
196,790489	-0,0640307366847992
196,897646	-0,0725666582584381
197,006652	-0,0883699357509613
197,116360	-0,103422999382019
197,227170	-0,116451025009155
197,339151	-0,125110268592834
197,450167	-0,127773940563202
197,562141	-0,122314065694809
197,670572	-0,113749951124191
197,781337	-0,0975227952003479
197,890466	-0,0802784562110901
197,997834	-0,069933295249939
198,108468	-0,0602875053882599
198,217897	-0,0583096146583557
198,328351	-0,0613816380500793
198,439421	-0,0698539614677429
198,548063	-0,0827723443508148
198,658362	-0,100048005580902
198,767761	-0,115733027458191
198,877080	-0,123730957508087
198,985335	-0,12760254740715
199,094130	-0,125052750110626
199,205158	-0,116421848535538
199,315669	-0,100743144750595
199,425267	-0,0859845280647278
199,534533	-0,0724404156208038
199,644910	-0,0616306066513062
199,752692	-0,0585043430328369
199,862119	-0,059388279914856
199,971095	-0,0694160461425781
200,080919	-0,0797213315963745
200,188690	-0,0967409908771515
200,296182	-0,111078441143036
200,404884	-0,120484173297882
200,513153	-0,127362847328186
200,624541	-0,127005457878113
200,734032	-0,118778795003891
200,844261	-0,104230999946594
200,952561	-0,0918410122394562
201,063720	-0,0774259865283966
201,175035	-0,0661753416061401
201,283634	-0,0595231652259827
201,394697	-0,0588681697845459
201,502405	-0,0642949342727661
201,608526	-0,0767680704593658
201,717585	-0,0885857045650482
201,825530	-0,105862200260162
201,934151	-0,116479218006134
202,045442	-0,126224160194397
202,156651	-0,127561569213867
202,266112	-0,122544467449188
202,379158	-0,11195832490921
202,488075	-0,0952183306217194
202,597478	-0,0830416977405548
202,708154	-0,0702196955680847
202,817967	-0,0605853497982025
202,926410	-0,0586430430412292
203,035326	-0,0624682903289795
203,145543	-0,0739492774009705
203,257737	-0,0851882994174957
203,366380	-0,102323412895203
203,477944	-0,115721553564072
203,587156	-0,124563336372375
203,697206	-0,127471148967743
203,808855	-0,124032139778137
203,919395	-0,114361077547073
204,027288	-0,0985309779644012
204,135479	-0,0836799740791321
204,245654	-0,0706665515899658
204,356432	-0,0630156993865967
204,465994	-0,0583433210849762
204,575625	-0,0610195994377136
204,686139	-0,0693367123603821
204,798115	-0,0840640962123871
204,908171	-0,0990095734596252
205,018444	-0,110616952180862
205,129035	-0,124047696590424
205,240028	-0,127390176057816
205,352052	-0,125145643949509
205,461623	-0,115076988935471
205,571823	-0,104179739952087
205,681566	-0,0893007516860962
205,790307	-0,0734547674655914
205,900001	-0,0647245347499847
206,009891	-0,0584668219089508
206,118477	-0,0607863068580627
206,227244	-0,0668938159942627
206,336895	-0,0787041783332825
206,444100	-0,0930708348751068
206,551626	-0,109716445207596
206,661352	-0,119518250226974
206,769630	-0,126261353492737
206,878381	-0,126232177019119
206,985368	-0,119379192590714
207,096109	-0,107252329587936
207,203129	-0,0929001271724701
207,312735	-0,0808071494102478
207,421094	-0,0684512555599213
207,529841	-0,0607934594154358
207,638710	-0,059099942445755
207,748307	-0,0635821521282196
207,857241	-0,0736716687679291
207,967880	-0,0870479047298431
208,076163	-0,10193744301796
208,183853	-0,11510044336319
208,294625	-0,124035894870758
208,405660	-0,12729412317276
208,517260	-0,12110036611557
208,626454	-0,110257834196091
208,736900	-0,0985971689224243
208,846250	-0,083717405796051
208,955956	-0,0709547996520996
209,063985	-0,0609022378921509
209,176050	-0,0583737194538116
209,285479	-0,0620068907737732
209,395612	-0,0708052217960358
209,506367	-0,0838601589202881
209,615399	-0,0985881388187408
209,726531	-0,112246543169022
209,836553	-0,123827755451202
209,947346	-0,127150505781174
210,057454	-0,125086724758148
210,165382	-0,115190416574478
210,273719	-0,101881861686707
210,381805	-0,0872478187084198
210,492914	-0,0757742524147034
210,602199	-0,0623960793018341
210,712652	-0,058885246515274
210,820825	-0,0598860681056976
210,930650	-0,0668025612831116
211,040062	-0,0829819440841675
211,148429	-0,0950471162796021
211,257760	-0,107132136821747
211,366273	-0,119017601013184
211,474599	-0,12637722492218
211,583851	-0,125992387533188
211,693974	-0,119046688079834
211,802790	-0,107198178768158
211,911671	-0,0928186178207397
212,019831	-0,0761902928352356
212,130416	-0,0653722584247589
212,239736	-0,0591792464256287
212,350153	-0,0585276186466217
212,461726	-0,0634267628192902
212,573282	-0,0732449591159821
212,683820	-0,0892032980918884
212,793262	-0,103932082653046
212,905510	-0,116499781608582
213,015542	-0,125647515058517
213,125721	-0,126517593860626
213,235976	-0,119628697633743
213,344829	-0,11031311750412
213,455501	-0,0960734486579895
213,565932	-0,081633985042572
213,676478	-0,0692440867424011
213,787159	-0,0609573721885681
213,897262	-0,0585295259952545
214,005079	-0,062937319278717
214,114392	-0,0726317167282104
214,225500	-0,0884174406528473
214,335725	-0,102981686592102
214,446207	-0,116041123867035
214,557515	-0,124458163976669
214,668081	-0,12688821554184
214,778878	-0,124112337827682
214,888756	-0,110998243093491
214,999209	-0,0972296595573425
215,110354	-0,0850279331207275
215,221959	-0,0718674063682556
215,330735	-0,0617033243179321
215,440094	-0,0587688684463501
215,549756	-0,0628555715084076
215,659882	-0,0686659812927246
215,769616	-0,0852903127670288
215,881579	-0,0976409912109375
215,992487	-0,111499637365341
216,101202	-0,121876686811447
216,211052	-0,127178281545639
216,322365	-0,124449670314789
216,432026	-0,115880846977234
216,541261	-0,103029161691666
216,650204	-0,0858141779899597
216,760887	-0,074714720249176
216,871938	-0,0643885731697083
216,983384	-0,0590956509113312
217,092669	-0,0614875853061676
217,201816	-0,0678497850894928
217,309356	-0,079795777797699
217,420554	-0,0965884327888489
217,532205	-0,110465258359909
217,643390	-0,12138107419014
217,753597	-0,126561880111694
217,863682	-0,125486373901367
217,972108	-0,11648017168045
218,081078	-0,103676378726959
218,189939	-0,0892080366611481
218,301213	-0,0754335820674896
218,411115	-0,0648614168167114
218,521060	-0,0599958002567291
218,629143	-0,0592238903045654
218,738011	-0,065909206867218
218,846267	-0,076928436756134
218,954253	-0,0907873511314392
219,061453	-0,103043884038925
219,170874	-0,119303464889526
219,279359	-0,125212550163269
219,389731	-0,126381933689117
219,499376	-0,120274156332016
219,608315	-0,111215949058533
219,718121	-0,0949755609035492
219,828548	-0,0804643034934998
219,937439	-0,0702842772006989
220,047335	-0,0608314573764801
220,156267	-0,0590239465236664
220,264829	-0,0627966523170471
220,373278	-0,0719267427921295
220,484044	-0,0849847793579102
220,593213	-0,0996564626693726
220,704091	-0,112971037626266
220,813816	-0,122805953025818
220,921878	-0,126750230789185
221,031885	-0,124173223972321
221,142429	-0,11390545964241
221,254458	-0,100463628768921
221,363392	-0,0835533440113068
221,473357	-0,0707791149616241
221,582011	-0,0619185268878937
221,691873	-0,0586848258972168
221,801140	-0,062157541513443
221,909375	-0,0693433582782745
222,018286	-0,0795349776744843
222,126935	-0,0961316227912903
222,235935	-0,11019441485405
222,344968	-0,12228000164032
222,456262	-0,126297175884247
222,566799	-0,125423729419708
222,677422	-0,116370677947998
222,787887	-0,103826761245728
222,896925	-0,0917819440364838
223,005162	-0,0754995346069336
223,114623	-0,0650762021541595
223,223941	-0,0594595074653625
223,334744	-0,0591873526573181
223,445711	-0,0658688545227051
223,555682	-0,0766523480415344
223,665372	-0,090595006942749
223,775357	-0,105134308338165
223,883432	-0,118992358446121
223,992844	-0,125818073749542
224,102689	-0,126207202672958
224,211289	-0,120291739702225
224,319780	-0,10705378651619
224,430203	-0,0950556993484497
224,541230	-0,0807516574859619
224,650567	-0,0687685906887054
224,760543	-0,0601730048656464
224,871304	-0,0596537888050079
224,982876	-0,0639428198337555
225,093744	-0,0738795101642609
225,204812	-0,0897707045078278
225,315510	-0,104174047708511
225,423923	-0,116821110248566
225,533622	-0,124783575534821
225,641911	-0,126660764217377
225,749564	-0,120992660522461
225,859847	-0,114124655723572
225,968437	-0,0985576510429382
226,075728	-0,0840963423252106
226,183524	-0,0694369375705719
226,292847	-0,0625467002391815
226,400026	-0,0590415000915527
226,510829	-0,0615332126617432
226,620630	-0,0714837908744812
226,730919	-0,0818312168121338
226,837641	-0,0987267196178436
226,945480	-0,110239714384079
227,054461	-0,120920032262802
227,164306	-0,126772820949554
227,272648	-0,12373948097229
227,383524	-0,114822417497635
227,493996	-0,104195892810822
227,605990	-0,0871481001377106
227,717318	-0,0739136934280396
227,825477	-0,0653665661811829
227,934104	-0,0595896542072296
228,044909	-0,0604656338691711
228,154411	-0,0672297477722168
228,263705	-0,0786837935447693
228,374486	-0,0952788889408112
228,483559	-0,10700723528862
228,594650	-0,118821233510971
228,705676	-0,126102149486542
228,817258	-0,125564157962799
228,929635	-0,118888437747955
229,040435	-0,10709273815155
229,149063	-0,0904783606529236
229,260710	-0,0788065791130066
229,371818	-0,0657804608345032
229,481830	-0,0598950982093811
229,591552	-0,0601924657821655
229,700224	-0,0652990639209747
229,808687	-0,0759393274784088
229,917457	-0,091988742351532
230,025705	-0,104091972112656
230,135054	-0,116637974977493
230,246568	-0,125443965196609
230,356389	-0,126453548669815
230,466149	-0,121026813983917
230,576197	-0,112308710813522
230,685762	-0,0963991284370422
230,794586	-0,0796720087528229
230,903728	-0,069716215133667
231,012414	-0,0616681277751923
231,122322	-0,0595288574695587
231,232443	-0,0624925494194031
231,342629	-0,0730793178081512
231,452836	-0,0838573276996613
231,562241	-0,100777357816696
231,671390	-0,113872915506363
231,783104	-0,124223232269287
231,893253	-0,126664042472839
232,004296	-0,122587978839874
232,114405	-0,112972944974899
232,224064	-0,099526047706604
232,334479	-0,0850659012794495
232,442925	-0,0721797943115234
232,553199	-0,0629544258117676
232,664377	-0,0591583549976349
232,774604	-0,0611550211906433
232,884823	-0,0723801255226135
232,996127	-0,0830336213111877
233,106231	-0,0973998010158539
233,216704	-0,111126661300659
233,327458	-0,122713774442673
233,435292	-0,126329660415649
233,545936	-0,124928772449493
233,655238	-0,115510076284409
233,763895	-0,100459367036819
233,873967	-0,0883747041225433
233,983759	-0,0748342871665955
234,093162	-0,0647340416908264
234,204590	-0,0592890083789825
234,314733	-0,0602395236492157
234,425280	-0,0667203664779663
234,534815	-0,0799697935581207
234,643952	-0,094165712594986
234,752266	-0,110408514738083
234,861603	-0,119544416666031
234,971305	-0,125861436128616
235,079628	-0,125803470611572
235,189508	-0,117944300174713
235,299282	-0,106010764837265
235,409808	-0,0892422795295715
235,521052	-0,0756855010986328
235,631032	-0,0667217671871185
235,738832	-0,0602893829345703
235,848394	-0,0596699416637421
235,958070	-0,0648029744625092
236,068695	-0,0770322978496552
236,176904	-0,0884302854537964
236,286478	-0,10736346244812
236,394102	-0,117329150438309
236,504203	-0,124837785959244
236,613633	-0,126465797424316
236,722912	-0,119995534420013
236,833385	-0,108876645565033
236,943575	-0,0973383188247681
237,051769	-0,0830032825469971
237,160428	-0,0705345571041107
237,269015	-0,0612704455852509
237,377806	-0,0591906607151031
237,485557	-0,0631511509418488
237,593181	-0,0704889595508575
237,702741	-0,0828406512737274
237,813916	-0,0971991419792175
237,921907	-0,114818096160889
238,030886	-0,1224385201931
238,139196	-0,126394182443619
238,248698	-0,123913198709488
238,358452	-0,115490913391113
238,468548	-0,102894395589828
238,579188	-0,0860258340835571
238,688894	-0,0750008821487427
238,797975	-0,0635873675346375
238,908568	-0,0591564476490021
239,018839	-0,0609583258628845
239,128849	-0,0681034922599792
239,239198	-0,0797493159770966
239,351628	-0,0938767194747925
239,462281	-0,107857137918472
239,570748	-0,120734930038452
239,680882	-0,125996172428131
239,791133	-0,124217569828033
239,900405	-0,116203755140305
240,008616	-0,105938613414764
240,119821	-0,0917786061763763
240,229075	-0,075773298740387
240,340069	-0,0653133392333984
240,449207	-0,059830516576767
240,560449	-0,0599815547466278
240,672479	-0,0659733712673187
240,783138	-0,0767458081245422
240,895099	-0,0903855562210083
241,005197	-0,107008188962936
241,117244	-0,118525087833405
241,227009	-0,125189483165741
241,335709	-0,125742256641388
241,444996	-0,119889914989471
241,556505	-0,108982264995575
241,667883	-0,0951076745986938
241,778128	-0,0786908864974976
241,888663	-0,0659652948379517
241,997114	-0,0606276392936707
242,107664	-0,0595355033874512
242,217574	-0,0655699372291565
242,329010	-0,0780895352363586
242,439569	-0,089615136384964
242,550705	-0,101576507091522
242,660723	-0,116197556257248
242,770225	-0,124910414218903
242,878913	-0,125697016716003
242,988075	-0,120340704917908
243,097033	-0,109601646661758
243,208225	-0,0958144962787628
243,319796	-0,0816619694232941
243,428768	-0,0713228285312653
243,537162	-0,0616115927696228
243,647869	-0,0592315196990967
243,757795	-0,063680499792099
243,868395	-0,0732539892196655
243,978376	-0,0862569510936737
244,089680	-0,102957487106323
244,198504	-0,11170169711113
244,309260	-0,122731745243073
244,419078	-0,126105010509491
244,527292	-0,12315571308136
244,637566	-0,114287346601486
244,748711	-0,101529955863953
244,860631	-0,0848082900047302
244,972238	-0,072076290845871
245,081785	-0,0631734728813171
245,189873	-0,059566855430603
245,299405	-0,061507523059845
245,411022	-0,0708740949630737
245,519123	-0,0809635818004608
245,629109	-0,0975899696350098
245,741025	-0,111058384180069
245,850447	-0,12125825881958
245,959699	-0,126050800085068
246,070067	-0,124412894248962
246,178665	-0,115120559930801
246,288727	-0,104767084121704
246,398491	-0,0880909860134125
246,507238	-0,076917976140976
246,617822	-0,0647934675216675
246,727185	-0,0598053336143494
246,827277	-0,0605834722518921
246,928205	-0,0669403672218323
247,028317	-0,0759127736091614
247,128652	-0,0894230008125305
247,229550	-0,101338088512421
247,330355	-0,114258646965027
247,430384	-0,123117923736572
247,531649	-0,126067280769348
247,632550	-0,123944342136383
247,733550	-0,117459088563919
247,835265	-0,105536699295044
247,935265	-0,0914584100246429
248,035937	-0,0798280239105225
248,136716	-0,0683016180992126
248,237133	-0,061215341091156
248,337777	-0,0594618916511536
248,438519	-0,0627809762954712
248,539620	-0,0714438855648041
248,640275	-0,0815884470939636
