0,100284	0,00730514526367188
0,200681	0,00774744153022766
0,301139	0,0074707567691803
0,402138	0,00671017169952393
0,502904	0,00507333874702454
0,615504	0,00366553664207458
0,724465	0,00230345129966736
0,833801	0,000773608684539795
0,944989	5,96046447753906E-5
1,054659	7,86781311035156E-5
1,163291	0,000806450843811035
1,272251	0,00235432386398315
1,381155	0,00404444336891174
1,491125	0,00542065501213074
1,600467	0,00682735443115234
1,708228	0,00780630111694336
1,817099	0,00787940621376038
1,927295	0,00728806853294373
2,037446	0,00605639815330505
2,147748	0,00419536232948303
2,259675	0,00280487537384033
2,368336	0,00113886594772339
2,477505	0,00038573145866394
2,579120	0,00013163685798645
2,680832	0,000689268112182617
2,781075	0,00164857506752014
2,894524	0,00316783785820007
2,994777	0,00455322861671448
3,095489	0,00633582472801208
3,208780	0,00727716088294983
3,320069	0,00786608457565308
3,427194	0,00768527388572693
3,527388	0,00686624646186829
3,640491	0,00522139668464661
3,751397	0,00325381755828857
3,861296	0,00166711211204529
3,973196	0,000650674104690552
4,085831	-2,71797180175781E-5
4,194063	0,00014069676399231
4,296358	0,00104314088821411
4,410657	0,00218650698661804
4,523142	0,0041099488735199
4,633441	0,0057622492313385
4,744677	0,00706171989440918
4,856651	0,00785946846008301
4,962229	0,0078585147857666
5,075299	0,00698345899581909
5,177378	0,0059354305267334
5,287399	0,00431308150291443
5,394519	0,00240185856819153
5,495744	0,00124832987785339
5,611010	0,000249385833740234
5,722814	0,000129252672195435
5,833971	0,000946491956710815
5,935502	0,00200200080871582
6,045352	0,0036199688911438
6,157550	0,00529822707176208
6,269070	0,0067766010761261
6,379413	0,00776264071464539
6,490109	0,0080336332321167
6,599747	0,00766816735267639
6,710817	0,00638660788536072
6,822548	0,00485458970069885
6,934360	0,00319680571556091
7,045351	0,00170186161994934
7,153407	0,000486284494400024
7,267533	0,000317573547363281
7,376281	0,000661641359329224
7,485087	0,00190165638923645
7,587732	0,00370830297470093
7,693185	0,00513789057731628
7,795325	0,00644540786743164
7,896175	0,00759175419807434
8,010358	0,00819078087806702
8,121304	0,00794345140457153
8,232921	0,0072045624256134
8,343925	0,00534284114837646
8,455104	0,00393429398536682
8,566505	0,00235575437545776
8,678174	0,0011117160320282
8,789011	0,000413358211517334
8,889504	0,000617325305938721
8,989824	0,00127309560775757
9,090446	0,00258722901344299
9,190943	0,00423240661621094
9,291936	0,00556820631027222
9,392956	0,00699532032012939
9,493735	0,00789934396743774
9,594207	0,00812861323356628
9,695664	0,0077991783618927
9,796181	0,00679177045822144
9,897567	0,00557532906532288
9,998253	0,00421625375747681
10,098506	0,00231108069419861
10,198526	0,00123265385627747
10,299234	0,000555872917175293
10,399303	0,000338524580001831
10,501209	0,00081169605255127
10,601805	0,00174990296363831
10,702475	0,00321200489997864
10,803513	0,00491628050804138
10,904345	0,00623288750648499
11,006206	0,0074370801448822
11,107035	0,00809726119041443
11,207596	0,00807636976242065
11,308490	0,00743040442466736
11,409398	0,00622054934501648
11,510855	0,00492054224014282
11,611587	0,00352641940116882
11,712365	0,0017889142036438
11,814313	0,000862181186676025
11,914364	0,000398606061935425
12,015010	0,000597327947616577
12,116427	0,00130069255828857
12,216996	0,00239092111587524
12,317488	0,00427892804145813
12,418248	0,00560900568962097
12,518371	0,00679320096969604
12,620047	0,00777024030685425
12,721092	0,00810486078262329
12,821970	0,00783476233482361
12,922167	0,0068562924861908
13,022319	0,00535231828689575
13,122664	0,00391387939453125
13,224050	0,00225165486335754
13,324177	0,00113695859909058
13,424452	0,000306606292724609
13,524487	0,00013163685798645
13,624530	0,000603526830673218
13,724813	0,00177130103111267
13,825038	0,00309848785400391
13,925395	0,00493144989013672
14,026999	0,00644540786743164
14,127291	0,00785329937934875
14,228427	0,0086175799369812
14,328855	0,00869405269622803
14,430702	0,00805643200874329
14,531590	0,00677421689033508
14,632255	0,00540214776992798
14,732615	0,00386545062065125
14,832709	0,00187262892723083
14,933419	0,000794529914855957
15,033911	0,000159770250320435
15,135408	0,000243186950683594
15,237250	0,0009441077709198
15,337315	0,00205859541893005
15,437553	0,00379469990730286
15,537854	0,00560995936393738
15,637860	0,00693836808204651
15,738148	0,00811862945556641
15,838526	0,00860762596130371
15,939201	0,00840440392494202
16,039456	0,00770425796508789
16,140414	0,00599849224090576
16,240528	0,00448727607727051
16,341799	0,00298780202865601
16,443064	0,00138211250305176
16,544081	0,000305652618408203
16,646138	-2,86102294921875E-5
16,747880	0,000262260437011719
16,848858	0,00129404664039612
16,948928	0,00259342789649963
17,049294	0,00435009598731995
17,150082	0,00607916712760925
17,250255	0,00726863741874695
17,350322	0,00813096761703491
17,450470	0,0082838237285614
17,551041	0,00783762335777283
17,651602	0,00663992762565613
17,751790	0,00530868768692017
17,852603	0,00353163480758667
17,953224	0,00207951664924622
18,053847	0,000748366117477417
18,155540	2,33650207519531E-5
18,257433	-2,14576721191406E-5
18,357717	0,00069880485534668
18,459338	0,00200816988945007
18,560404	0,00341862440109253
18,660852	0,00528779625892639
18,762512	0,00688335299491882
18,864169	0,00788602232933044
18,965858	0,0084989070892334
19,066799	0,00827100872993469
19,167446	0,00755524635314941
19,267488	0,00615176558494568
19,367501	0,00465860962867737
19,467678	0,0028875470161438
19,569329	0,0013045072555542
19,670136	0,000363796949386597
19,771153	-2,95639038085938E-5
19,872393	0,000187397003173828
19,973283	0,0011250376701355
20,073330	0,00236761569976807
20,174087	0,00409141182899475
20,275520	0,00583815574645996
20,376450	0,00707027316093445
20,478349	0,00799140334129333
20,580116	0,00824582576751709
20,681557	0,00771945714950562
20,782666	0,00674146413803101
20,883428	0,00517866015434265
20,984467	0,00366601347923279
21,085381	0,00195682048797607
21,185869	0,000648289918899536
21,285912	5,24520874023438E-6
21,386334	-2,288818359375E-5
21,488268	0,00069117546081543
21,589815	0,0017751157283783
21,691292	0,00345519185066223
21,792021	0,00525081157684326
21,892585	0,00659915804862976
21,993395	0,00779348611831665
22,094889	0,00826627016067505
22,195691	0,00813475251197815
22,296591	0,00726482272148132
22,396641	0,00606921315193176
22,497940	0,00433209538459778
22,598041	0,00253543257713318
22,699341	0,00124073028564453
22,800567	0,000172615051269531
22,901999	-0,000187933444976807
23,002559	0,000134021043777466
23,103163	0,00117358565330505
23,203689	0,00246554613113403
23,303814	0,00428175926208496
23,404403	0,00604739785194397
23,505075	0,00727811455726624
23,605762	0,00809821486473083
23,706483	0,00837448239326477
23,807664	0,00795009732246399
23,908208	0,00703895092010498
24,009856	0,00546479225158691
24,111119	0,00366696715354919
24,211632	0,00222024321556091
24,313556	0,000825017690658569
24,414716	7,67707824707031E-5
24,515717	1,47819519042969E-5
24,616197	0,000670701265335083
24,716277	0,00198820233345032
24,817171	0,0033663809299469
24,917871	0,00487023591995239
25,018277	0,00677564740180969
25,118278	0,00774362683296204
25,219026	0,00825914740562439
25,319214	0,00808632373809814
25,420190	0,00732937455177307
25,521979	0,00617548823356628
25,623254	0,0041336715221405
25,723673	0,00262144207954407
25,824962	0,00133210420608521
25,926054	0,000211715698242188
26,026488	-0,000190317630767822
26,128121	0,000104427337646484
26,228830	0,00110122561454773
26,329072	0,00265613198280334
26,429558	0,004168301820755
26,529880	0,00563701987266541
26,629971	0,00735875964164734
26,730427	0,00809487700462341
26,830816	0,00828525424003601
26,931685	0,00769999623298645
27,032350	0,0066831111907959
27,133932	0,00530961155891418
27,234580	0,00350078940391541
27,334746	0,00175562500953674
27,435721	0,000612080097198486
27,536246	-0,000140249729156494
27,638052	-0,000163137912750244
27,738803	0,000455319881439209
27,839470	0,00181412696838379
27,940358	0,00356581807136536
28,041196	0,00513976812362671
28,142473	0,0068676769733429
28,243104	0,00789791345596313
28,344168	0,00853213667869568
28,445117	0,00846660137176514
28,545197	0,00762024521827698
28,646751	0,00619301199913025
28,747157	0,00468850135803223
28,849130	0,00277921557426453
28,949826	0,00114551186561584
29,050514	0,000162631273269653
29,150631	-0,000333487987518311
29,251836	1,66893005371094E-5
29,353697	0,000850766897201538
29,453733	0,0023861825466156
29,554579	0,00428318977355957
29,655431	0,00579118728637695
29,755821	0,0073084831237793
29,856417	0,00814613699913025
29,956636	0,00839871168136597
30,058297	0,0078950822353363
30,158663	0,00691893696784973
30,258702	0,00552740693092346
30,360795	0,0036565363407135
30,461393	0,00181317329406738
30,561810	0,000327557325363159
30,662089	-0,000370711088180542
30,762815	-0,000503867864608765
30,863711	-2,288818359375E-5
30,964164	0,00124645233154297
31,065390	0,00297734141349792
31,166547	0,00452950596809387
31,267792	0,00630500912666321
31,369748	0,00756093859672546
31,471123	0,00810721516609192
31,571868	0,00807636976242065
31,673807	0,00721168518066406
31,774314	0,00602933764457703
31,875197	0,00428792834281921
31,976056	0,00238236784934998
32,077659	0,00102552771568298
32,177719	-8,20457935333252E-5
32,278216	-0,000514358282089233
32,378415	-0,000216573476791382
32,478942	0,000619709491729736
32,580892	0,00210282206535339
32,681140	0,0040040910243988
32,781252	0,0055539608001709
32,881845	0,00709825754165649
32,982418	0,00816133618354797
33,082777	0,00841343402862549
33,184386	0,00808632373809814
33,285227	0,00689283013343811
33,386241	0,00550511479377747
33,487504	0,00394806265830994
33,587864	0,00191020965576172
33,688856	0,000669747591018677
33,789830	-6,72638416290283E-5
33,891742	-0,000164568424224854
33,992363	0,000356167554855347
34,093840	0,00144585967063904
34,195179	0,00316119194030762
34,295355	0,0049993097782135
34,395373	0,00650379061698914
34,495485	0,00783762335777283
34,596342	0,00847610831260681
34,696832	0,00850126147270203
34,797126	0,00788652896881104
34,897316	0,0062921941280365
34,998793	0,00484272837638855
35,100068	0,00321581959724426
35,201699	0,00127118825912476
35,302153	0,000293731689453125
35,403111	-0,00023612380027771
35,503513	4,91142272949219E-5
35,604348	0,000864088535308838
35,705257	0,00207045674324036
35,806252	0,0042148232460022
35,906551	0,00573092699050903
36,007551	0,00704464316368103
36,108690	0,00816372036933899
36,210927	0,00848323106765747
36,311498	0,00817418098449707
36,412088	0,00714287161827087
36,513054	0,00551649928092957
36,613979	0,0040040910243988
36,714019	0,00248456001281738
36,815687	0,000746935606002808
36,916254	2,19345092773438E-5
37,017237	-0,000182688236236572
37,117392	0,000474363565444946
37,217525	0,00153866410255432
37,318001	0,00292223691940308
37,418552	0,00478008389472961
37,519510	0,00653320550918579
37,619711	0,00766864418983459
37,720423	0,00844380259513855
37,820453	0,00844332575798035
37,921065	0,00784191489219666
38,021959	0,00653842091560364
38,122915	0,00510749220848083
38,222986	0,00326946377754211
38,323435	0,00157958269119263
38,423843	0,000552535057067871
38,524953	-5,05447387695313E-5
38,625264	2,00271606445313E-5
38,725925	0,000869333744049072
38,826005	0,00203481316566467
38,926735	0,00378236174583435
39,027314	0,00563463568687439
39,127992	0,00695070624351501
39,228825	0,00807824730873108
39,329276	0,00850746035575867
39,430134	0,00822165608406067
39,530369	0,00725296139717102
39,632095	0,00572335720062256
39,732905	0,00417590141296387
39,833179	0,00268274545669556
39,933864	0,000914573669433594
40,034001	0,000114470720291138
40,135776	-9,39667224884033E-5
40,236433	0,000464379787445068
40,337868	0,00147587060928345
40,439602	0,00287947058677673
40,539732	0,00500309467315674
40,640320	0,00648623704910278
40,741145	0,00768622756004333
40,841469	0,00847515463829041
40,943201	0,00855919718742371
41,044468	0,00800660252571106
41,146329	0,00667458772659302
41,247283	0,00496134161949158
41,347599	0,00338205695152283
41,448476	0,001869797706604
41,548821	0,00037810206413269
41,649655	-0,000182211399078369
41,750115	-0,000170767307281494
41,851552	0,000820279121398926
41,952266	0,00198248028755188
42,052965	0,00345328450202942
42,154836	0,00562134385108948
42,255556	0,00690990686416626
42,355711	0,00785991549491882
42,456442	0,00838115811347961
42,557598	0,00802984833717346
42,658337	0,00722402334213257
42,758711	0,00571957230567932
42,859356	0,00384503602981567
42,959986	0,00234434008598328
43,060280	0,000798344612121582
43,161041	-0,000202268362045288
43,261468	-0,000376433134078979
43,362590	-3,76701354980469E-5
43,463529	0,00100982189178467
43,564793	0,0026756227016449
43,664928	0,0041930079460144
43,765249	0,00595486164093018
43,866094	0,00740480422973633
43,967705	0,00807446241378784
44,067805	0,00819361209869385
44,169477	0,00760364532470703
44,269755	0,00649192929267883
44,370478	0,00482326745986938
44,471035	0,00331413745880127
44,571275	0,00150963664054871
44,671977	0,000270843505859375
44,772471	-0,000279545783996582
44,873156	-0,000282883644104004
44,974829	0,000610679388046265
45,075896	0,00178036093711853
45,177397	0,00350931286811829
45,279156	0,0051150918006897
45,379994	0,0067296028137207
45,480992	0,00784805417060852
45,581139	0,00831419229507446
45,681974	0,00800135731697083
45,782087	0,00703468918800354
45,882894	0,00579404830932617
45,984642	0,00389963388442993
46,085806	0,00238046050071716
46,187684	0,000806927680969238
46,287891	-0,000257134437561035
46,388555	-0,000486224889755249
46,490366	-7,15553760528564E-5
46,590772	0,00103172659873962
46,691246	0,00244084000587463
46,791291	0,00425943732261658
46,891296	0,0060265064239502
46,992711	0,00725057721138
47,094500	0,00797194242477417
47,196047	0,00817036628723145
47,296370	0,00761598348617554
47,397174	0,00656071305274963
47,498099	0,00489681959152222
47,598276	0,00305145978927612
47,698939	0,00155910849571228
47,800136	0,000224590301513672
47,900836	-0,00045853853225708
48,001366	-0,000446110963821411
48,102523	0,000359028577804565
48,203176	0,00177034735679626
48,304097	0,00323528051376343
48,404723	0,00481805205345154
48,506398	0,00673434138298035
48,606590	0,00768956542015076
48,707203	0,00818553566932678
48,808132	0,00788652896881104
48,908135	0,00704941153526306
49,008909	0,005820631980896
49,110241	0,00397560000419617
49,210961	0,00210091471672058
49,312179	0,000783592462539673
49,412812	-0,000322043895721436
49,513487	-0,000636100769042969
49,613569	-0,000266671180725098
49,714564	0,00057491660118103
49,814870	0,0024869441986084
49,915467	0,00407621264457703
50,016389	0,00558671355247498
50,117656	0,00735971331596375
50,219588	0,00807732343673706
50,319807	0,00824061036109924
50,421621	0,00760364532470703
50,521842	0,00651466846466064
50,623608	0,00509041547775269
50,724479	0,00292223691940308
50,825596	0,00140684843063354
50,926353	0,000237941741943359
51,027491	-0,000516265630722046
51,128183	-0,000558763742446899
51,229877	7,62939453125E-5
51,331818	0,00144398212432861
51,432869	0,00316119194030762
51,534497	0,0047554075717926
51,635205	0,00641411542892456
51,735909	0,00754860043525696
51,836049	0,00805404782295227
51,936917	0,00790834426879883
52,037153	0,00683590769767761
52,138332	0,00565502047538757
52,239028	0,00410234928131104
52,340330	0,00199154019355774
52,440967	0,000724047422409058
52,541319	-0,000255227088928223
52,641936	-0,000606507062911987
52,742001	-0,000204652547836304
52,843239	0,000634968280792236
52,944201	0,0023101270198822
53,045411	0,00414600968360901
53,147203	0,00561469793319702
53,247496	0,00719839334487915
53,347754	0,00800469517707825
53,448539	0,00814804434776306
53,548903	0,00782528519630432
53,649728	0,00633439421653748
53,751568	0,00496846437454224
53,851823	0,00346800684928894
53,952474	0,0016152560710907
54,053767	0,000291347503662109
54,154508	-0,00032728910446167
54,255585	-0,000445634126663208
54,355634	0,000380963087081909
54,455898	0,00151678919792175
54,556377	0,00321391224861145
54,657192	0,00517487525939941
54,758477	0,00655645132064819
54,859308	0,00776597857475281
54,960162	0,00834363698959351
55,061340	0,00817179679870605
55,161866	0,00727099180221558
55,262414	0,00611236691474915
55,364175	0,00425565242767334
55,466043	0,0027012825012207
55,566102	0,00113648176193237
55,667849	-2,81333923339844E-5
55,769573	-0,000364035367965698
55,870407	2,14576721191406E-5
55,970709	0,00102028250694275
56,070961	0,00237521529197693
56,171630	0,00424569845199585
56,272275	0,00568825006484985
56,372345	0,00728997588157654
56,474449	0,00820645689964294
56,574538	0,00832939147949219
56,676259	0,00791069865226746
56,776449	0,00665751099586487
56,878257	0,00521236658096313
56,978733	0,00344237685203552
57,078982	0,0016024112701416
57,179612	0,000421464443206787
57,280814	-0,000261425971984863
57,381539	-0,000347793102264404
57,482158	0,000298500061035156
57,583423	0,00147205591201782
57,683968	0,00308471918106079
57,784244	0,00501546263694763
57,885719	0,00649002194404602
57,986110	0,00766298174858093
58,086607	0,00835740566253662
58,187225	0,0082719624042511
58,287271	0,00752913951873779
58,387321	0,00599992275238037
58,488141	0,00447541475296021
58,590024	0,00283244252204895
58,690826	0,00105172395706177
58,792145	6,72340393066406E-5
58,893943	-0,000386446714401245
58,994054	0,000113517045974731
59,094356	0,000913619995117188
59,195195	0,00219219923019409
59,295230	0,00444504618644714
59,395756	0,00586092472076416
59,496979	0,00715425610542297
59,596980	0,00823399424552917
59,698653	0,00836214423179626
59,798779	0,00799518823623657
59,899456	0,00689852237701416
60,001153	0,0051041841506958
60,101226	0,0036085844039917
60,202013	0,00212183594703674
60,303111	0,000317573547363281
60,403644	-0,000255703926086426
60,504604	-0,00038263201713562
60,604923	0,00028228759765625
60,705663	0,00151583552360535
60,806550	0,00291559100151062
60,907300	0,00470271706581116
61,008009	0,00656592845916748
61,109460	0,00757566094398499
61,210112	0,00821593403816223
61,310342	0,00824061036109924
61,410899	0,00743898749351501
61,511594	0,00604405999183655
61,611882	0,00466525554656982
61,712682	0,00264617800712585
61,813909	0,00105553865432739
61,914040	0,000126868486404419
62,014968	-0,000564008951187134
62,115931	-0,000299602746963501
62,216217	0,00067448616027832
62,317552	0,00204956531524658
62,418523	0,00370544195175171
62,519334	0,00554874539375305
62,620575	0,00698485970497131
62,721403	0,00798758864402771
62,822074	0,00826436281204224
62,922650	0,00786420702934265
63,023477	0,00695782899856567
63,123683	0,00522470474243164
63,225524	0,00365033745765686
63,325820	0,00199201703071594
63,426652	0,000376671552658081
63,528238	-0,000336825847625732
63,629446	-0,000382155179977417
63,731164	7,67707824707031E-5
63,831274	0,00120121240615845
63,931872	0,00296878814697266
64,032889	0,00438714027404785
64,133406	0,00624379515647888
64,235170	0,0075647234916687
64,335316	0,0080108642578125
64,436090	0,00813713669776917
64,536631	0,0075068473815918
64,637014	0,0060160756111145
64,737782	0,00442555546760559
64,838034	0,00280201435089111
64,939545	0,00102934241294861
65,040803	-2,38418579101563E-6
65,142664	-0,000564008951187134
65,244229	-0,000392168760299683
65,345443	0,000714033842086792
65,446316	0,00182315707206726
65,547409	0,0036570131778717
65,649239	0,00559714436531067
65,750890	0,00671491026878357
65,850938	0,00780534744262695
65,951828	0,00815942883491516
66,051896	0,00758892297744751
66,152039	0,00681406259536743
66,252960	0,00529444217681885
66,354214	0,00327661633491516
66,454835	0,00190639495849609
66,555423	0,000392407178878784
66,655828	-0,000624626874923706
66,756653	-0,0006084144115448
66,856961	-0,000120192766189575
66,958740	0,00107792019844055
67,060142	0,00264760851860046
67,161428	0,00410613417625427
67,262342	0,00610384345054626
67,362718	0,00734454393386841
67,464457	0,00786086916923523
67,565586	0,00790503621101379
67,666397	0,00735118985176086
67,767085	0,00609955191612244
67,867085	0,00442320108413696
67,967554	0,00264379382133484
68,067571	0,00109457969665527
68,167807	-3,0517578125E-5
68,268645	-0,000542521476745605
68,369892	-0,000523924827575684
68,470640	0,000314235687255859
68,570765	0,00202339887619019
68,671634	0,0034385621547699
68,773098	0,00515210628509521
68,873685	0,00695022940635681
68,973939	0,00775599479675293
69,074564	0,00827956199645996
69,175562	0,00788936018943787
69,275688	0,00681266188621521
69,377397	0,00566071271896362
69,477970	0,00367221236228943
69,578266	0,00186741352081299
69,679132	0,000726908445358276
69,779862	-0,000417470932006836
69,879879	-0,000521540641784668
69,980632	1,57356262207031E-5
70,080922	0,00104409456253052
70,181308	0,00254541635513306
70,282044	0,00447019934654236
70,382176	0,00581207871437073
70,482968	0,00737109780311584
70,584161	0,00816324353218079
70,684174	0,00810390710830688
70,784810	0,00762075185775757
70,885142	0,00653746724128723
70,985189	0,00471839308738708
71,085778	0,00301012396812439
71,186543	0,00150725245475769
71,287219	0,000121146440505981
71,387673	-0,000370234251022339
71,488431	-0,000385969877243042
71,588816	0,000207424163818359
71,689431	0,0020129382610321
71,789448	0,00338965654373169
71,890750	0,00494995713233948
71,991215	0,00697728991508484
72,093067	0,00776359438896179
72,193809	0,00822687149047852
72,295163	0,00798758864402771
72,395911	0,006996750831604
72,496454	0,00582441687583923
72,596958	0,00405532121658325
72,697718	0,00206619501113892
72,798066	0,000901699066162109
72,898726	-0,000149309635162354
72,999618	-0,000555425882339478
73,100778	-3,33786010742188E-5
73,202554	0,000825017690658569
73,302945	0,00258439779281616
73,404869	0,00427606701850891
73,505648	0,00569677352905273
73,605936	0,00731608271598816
73,706579	0,00811436772346497
73,806620	0,00810959935188293
73,907255	0,00742948055267334
74,008251	0,00644588470458984
74,108474	0,00490155816078186
74,209158	0,00311654806137085
74,309445	0,00148108601570129
74,410268	0,000234127044677734
74,512009	-0,000356853008270264
74,612382	-0,000257134437561035
74,713367	0,000296115875244141
74,813815	0,00183647871017456
74,914624	0,00357723236083984
75,016108	0,00502637028694153
75,116391	0,00654646754264832
75,217254	0,00773131847381592
75,317509	0,00817939639091492
75,418261	0,00815659761428833
75,519097	0,00718700885772705
75,620294	0,0056816041469574
75,721138	0,00429409742355347
75,822113	0,0023600161075592
75,922721	0,00103837251663208
76,024648	9,29832458496094E-5
76,124893	-0,000380247831344604
76,226655	0,000143557786941528
76,326918	0,00114789605140686
76,427617	0,00259864330291748
76,528372	0,00420013070106506
76,628651	0,00605261325836182
76,730418	0,00735214352607727
76,830592	0,00815942883491516
76,931320	0,00832036137580872
77,032078	0,00773319602012634
77,133279	0,00663900375366211
77,235223	0,00491294264793396
77,335706	0,00326615571975708
77,436041	0,00163620710372925
77,537496	0,000436246395111084
77,637756	-0,000442296266555786
77,738542	-0,000298649072647095
77,838766	0,000230312347412109
77,939144	0,0015353262424469
78,039269	0,00340911746025085
78,139579	0,00484368205070496
78,241427	0,00625801086425781
78,341672	0,00781390070915222
78,443294	0,00814756751060486
78,545012	0,00802320241928101
78,645247	0,00714477896690369
78,746004	0,00579452514648438
78,846566	0,00437289476394653
78,947445	0,00257629156112671
79,048222	0,000854581594467163
79,148379	2,57492065429688E-5
79,248649	-0,000417947769165039
79,350200	-0,00016409158706665
79,451628	0,000821202993392944
79,552205	0,0020771324634552
79,652452	0,00407859683036804
79,754230	0,00569251179695129
79,854234	0,00690707564353943
79,955345	0,00791925191879272
80,056354	0,00819739699363708
80,157305	0,00771328806877136
80,258239	0,00631874799728394
80,359493	0,00502446293830872
80,460188	0,00335782766342163
80,560447	0,001360684633255
80,661999	0,000318974256515503
80,763101	-0,000499099493026733
80,863383	-0,000517696142196655
80,964052	0,000267982482910156
81,065161	0,00122550129890442
81,165712	0,0030861496925354
81,266627	0,00495803356170654
81,366777	0,00623431801795959
81,467579	0,00745177268981934
81,568033	0,0081646740436554
81,668987	0,00793585181236267
81,769796	0,00744038820266724
81,870102	0,00600895285606384
81,971859	0,00415077805519104
82,072166	0,00277209281921387
82,174013	0,000727385282516479
82,274043	-0,00015026330947876
82,374380	-0,000396490097045898
82,476170	-0,000300556421279907
82,576327	0,000785022974014282
82,678111	0,0021798312664032
82,779902	0,00382649898529053
82,881905	0,0057622492313385
82,983353	0,0070759654045105
83,083897	0,0079168975353241
83,184138	0,00832512974739075
83,285928	0,00792685151100159
83,386174	0,00691941380500793
83,487023	0,00525555014610291
83,587205	0,0036797821521759
83,688039	0,00212231278419495
83,788710	0,000855505466461182
83,889384	-5,19752502441406E-5
83,991308	-0,000210851430892944
84,092506	0,000509172677993774
84,193288	0,00163906812667847
84,293635	0,00300061702728271
84,393951	0,00490820407867432
84,494665	0,00640320777893066
84,594932	0,00745508074760437
84,695684	0,0081760585308075
84,796495	0,00789648294448853
84,896724	0,00729849934577942
84,997456	0,00599661469459534
85,098698	0,00445026159286499
85,200333	0,002764493227005
85,300950	0,00121739506721497
85,402251	0,000175952911376953
85,502980	-0,000155031681060791
85,603002	4,29153442382813E-5
85,703338	0,000826448202133179
85,803997	0,0024493932723999
85,904480	0,0038478672504425
86,005254	0,00551128387451172
86,105429	0,00687670707702637
86,206849	0,00777354836463928
86,308503	0,0080331563949585
86,408655	0,00782290101051331
86,510518	0,00664612650871277
86,610736	0,00514829158782959
86,711412	0,00375530123710632
86,812653	0,00190213322639465
86,913265	0,000616848468780518
87,013644	-8,58306884765625E-6
87,114888	-0,000294357538223267
87,214928	0,000474363565444946
87,315239	0,00150677561759949
87,415893	0,00273406505584717
87,517653	0,00460594892501831
87,617920	0,00622197985649109
87,719663	0,00718557834625244
87,819742	0,00800374150276184
87,921640	0,00789695978164673
88,023030	0,00723966956138611
88,125018	0,00607776641845703
88,225170	0,00433728098869324
88,326607	0,0028514564037323
88,427284	0,00137877464294434
88,528056	0,000176429748535156
88,628241	-0,000206559896469116
88,729909	2,43186950683594E-5
88,830967	0,000964105129241943
88,931575	0,00222834944725037
89,032271	0,00372585654258728
89,132384	0,00562846660614014
89,233193	0,00689992308616638
89,334085	0,00776359438896179
89,435026	0,00803127884864807
89,535846	0,00772038102149963
89,636162	0,00687432289123535
89,736207	0,00529348850250244
89,837315	0,00362518429756165
89,938080	0,00218412280082703
90,038869	0,000916481018066406
90,139793	3,38554382324219E-5
90,240286	-0,000121146440505981
90,340616	0,000247001647949219
90,441595	0,00146538019180298
90,542483	0,00299301743507385
90,644405	0,00445452332496643
90,746210	0,00644353032112122
90,847205	0,00738012790679932
90,947994	0,0079638659954071
91,049093	0,00803932547569275
91,149787	0,00721928477287292
91,251627	0,00616928935050964
91,351984	0,00456038117408752
91,453814	0,00268182158470154
91,554683	0,00139972567558289
91,655029	0,000257968902587891
91,756603	-0,000322043895721436
91,856881	-6,67870044708252E-5
91,958656	0,000622093677520752
92,060465	0,00220075249671936
92,162450	0,00371351838111877
92,262564	0,00515636801719666
92,362928	0,00685867667198181
92,464552	0,00774222612380981
92,565290	0,00801655650138855
92,665527	0,0075528621673584
92,766247	0,00671491026878357
92,867278	0,00537985563278198
92,968701	0,0033307671546936
93,069079	0,00193968415260315
93,169739	0,000692129135131836
93,270634	-0,000183641910552979
93,370858	-0,000306755304336548
93,471604	7,82012939453125E-5
93,573089	0,00128307938575745
93,673915	0,00291368365287781
93,774763	0,00435534119606018
93,874964	0,00581824779510498
93,976812	0,00735166668891907
94,077170	0,00786039233207703
94,177927	0,00796246528625488
94,279788	0,00713908672332764
94,379984	0,00601038336753845
94,481623	0,00470414757728577
94,582066	0,00290513038635254
94,682886	0,00127691030502319
94,783496	0,000349968671798706
94,883886	-0,00026857852935791
94,984820	-8,68141651153564E-5
95,085950	0,000700205564498901
95,186113	0,00203433632850647
95,287027	0,00378283858299255
95,387441	0,00530347228050232
95,489265	0,00673386454582214
95,589514	0,00763022899627686
95,690353	0,0080592930316925
95,791177	0,00773179531097412
95,891404	0,00681644678115845
95,991422	0,00530678033828735
96,092412	0,00377810001373291
96,194234	0,00208094716072083
96,294296	0,000606387853622437
96,396238	-0,000207036733627319
96,496396	-0,000385493040084839
96,597155	9,82284545898438E-5
96,697960	0,00104600191116333
96,798669	0,0027012825012207
96,898859	0,0041673481464386
96,999715	0,00589510798454285
97,100864	0,00725817680358887
97,201598	0,00787463784217834
97,301643	0,00801751017570496
97,401983	0,00736305117607117
97,502831	0,00630974769592285
97,602999	0,00497797131538391
97,703781	0,00294408202171326
97,804567	0,00156673789024353
97,906156	0,000525832176208496
98,007809	-0,000123530626296997
98,109135	-7,63237476348877E-5
98,209832	0,000566333532333374
98,310694	0,00191068649291992
98,411445	0,003548264503479
98,512423	0,00502637028694153
98,612661	0,00657635927200317
98,713508	0,00758418440818787
98,815267	0,00797384977340698
98,915489	0,00781911611557007
99,016014	0,00671586394309998
99,117574	0,00554448366165161
99,218890	0,00410661101341248
99,320367	0,00207379460334778
99,420503	0,000930279493331909
99,521938	7,67707824707031E-5
99,622158	-0,000243782997131348
99,722822	0,000216960906982422
99,824688	0,00105887651443481
99,926551	0,00259438157081604
100,027951	0,00438523292541504
100,128088	0,00573045015335083
100,229791	0,00711488723754883
100,329935	0,00786703824996948
100,430489	0,00790026783943176
100,532127	0,0073312520980835
100,632459	0,00609150528907776
100,734030	0,00470176339149475
100,834650	0,00297117233276367
100,935201	0,00132736563682556
101,037082	0,000304222106933594
101,138428	-0,000229448080062866
101,239735	-0,000164568424224854
101,340515	0,000507742166519165
101,440535	0,00164049863815308
101,541298	0,00357532501220703
101,641865	0,00502446293830872
101,742471	0,00635623931884766
101,842822	0,00744464993476868
101,942973	0,00786516070365906
102,043102	0,00768193602561951
102,144415	0,00672721862792969
102,245284	0,00528210401535034
102,345730	0,00387021899223328
102,446606	0,00235003232955933
102,547253	0,000628769397735596
102,647291	-0,00014263391494751
102,748244	-0,000499576330184937
102,848524	-0,000118762254714966
102,949382	0,000927448272705078
103,050166	0,00214371085166931
103,152097	0,00394329428672791
103,252951	0,00561660528182983
103,353864	0,00672343373298645
103,455240	0,00763782858848572
103,555807	0,0077175498008728
103,656155	0,00724110007286072
103,756955	0,00614890456199646
103,858109	0,00449961423873901
103,958542	0,00305858254432678
104,058852	0,0014553964138031
104,159927	0,000201702117919922
104,260683	-0,000297218561172485
104,361331	-0,000292927026748657
104,462034	0,000347107648849487
104,563895	0,00165525078773499
104,664105	0,00303533673286438
104,764746	0,00475731492042542
104,864859	0,00632348656654358
104,965666	0,00726529955863953
105,066438	0,00777879357337952
105,167494	0,00766298174858093
105,268290	0,00684633851051331
105,368695	0,00543677806854248
105,469561	0,00402069091796875
105,570170	0,00228920578956604
105,670737	0,000770270824432373
105,771231	-6,72638416290283E-5
105,872611	-0,000442296266555786
105,973298	-0,000100165605545044
106,074250	0,000772655010223389
106,176034	0,00226256251335144
106,276833	0,00368741154670715
106,377404	0,00545337796211243
106,478183	0,00663852691650391
106,578976	0,00756707787513733
106,680171	0,00786134600639343
106,781684	0,00747931003570557
106,881806	0,00642737746238708
106,982590	0,00493761897087097
107,083151	0,00347563624382019
107,183412	0,00182363390922546
107,284080	0,000555872917175293
107,385087	-9,96887683868408E-5
107,485921	-0,000143110752105713
107,586756	0,00052344799041748
107,687067	0,00152155756950378
107,787758	0,00286045670509338
107,889109	0,00486978888511658
107,989935	0,00616362690925598
108,090009	0,007181316614151
108,190963	0,00780868530273438
108,291620	0,00769668817520142
108,392809	0,00708308815956116
108,493467	0,00578027963638306
108,594720	0,00410661101341248
108,695396	0,00267419219017029
108,796959	0,00138640403747559
108,898319	9,58442687988281E-5
109,000106	-0,000218003988265991
109,100282	-4,14848327636719E-5
109,201103	0,00101602077484131
109,301800	0,00225734710693359
109,402663	0,00366127490997314
109,503539	0,00563368201255798
109,604697	0,00681218504905701
109,706529	0,00757423043251038
109,807163	0,00782811641693115
109,907478	0,00742140412330627
110,008290	0,0064748227596283
110,109393	0,00464531779289246
110,209606	0,00318208336830139
110,310474	0,0017094612121582
110,410834	0,000350922346115112
110,511488	-0,000397920608520508
110,611720	-0,000503391027450562
110,713668	0,000147849321365356
110,813837	0,00142970681190491
110,915514	0,00278303027153015
111,016311	0,00433161854743958
111,116505	0,00625470280647278
111,216978	0,00724253058433533
111,317734	0,0078585147857666
111,418061	0,00781911611557007
111,518132	0,00700670480728149
111,619565	0,00594395399093628
111,720185	0,00420013070106506
111,820811	0,00236952304840088
111,921759	0,00106459856033325
112,022123	-0,000155985355377197
112,123252	-0,000617951154708862
112,223593	-0,000376433134078979
112,324472	0,000495821237564087
112,425422	0,00173184275627136
112,526998	0,00353875756263733
112,628231	0,00523704290390015
112,729080	0,00653272867202759
112,829707	0,00754386186599731
112,931232	0,00775551795959473
113,031968	0,00741666555404663
113,132276	0,00627511739730835
113,232986	0,00487262010574341
113,334693	0,00307664275169373
113,435828	0,00121027231216431
113,536563	-6,39259815216064E-5
113,636564	-0,000911623239517212
113,737308	-0,00114664435386658
113,838175	-0,000654250383377075
113,939088	0,000612556934356689
114,039745	0,00194826722145081
114,139906	0,00378569960594177
114,240159	0,00555822253227234
114,340765	0,0066038966178894
114,441378	0,00728476047515869
114,542112	0,00738251209259033
114,642485	0,00671586394309998
114,743177	0,00570580363273621
114,843837	0,00407955050468445
114,946289	0,00219884514808655
115,046701	0,000840276479721069
115,147660	-0,000411272048950195
115,248451	-0,00107687711715698
115,349585	-0,000943630933761597
115,451134	-0,000166952610015869
115,552884	0,00117787718772888
115,654960	0,00266754627227783
115,755466	0,00438949465751648
115,856696	0,00588181614875793
115,957316	0,00679269433021545
116,058492	0,0071694552898407
116,158761	0,0068449079990387
116,259597	0,00609102845191956
116,360893	0,00461587309837341
116,461666	0,00293031334877014
116,562381	0,00162336230278015
116,663653	0,000448167324066162
116,764425	-0,000362128019332886
116,864601	-0,000400781631469727
116,964735	5,91278076171875E-5
117,065550	0,00131115317344666
117,165885	0,00304338335990906
117,266789	0,00452050566673279
117,366970	0,00625231862068176
117,467692	0,00749072432518005
117,569429	0,00794202089309692
117,669766	0,00794726610183716
117,770822	0,00699818134307861
117,871089	0,00572335720062256
117,972080	0,0042870044708252
118,073833	0,00206619501113892
118,175041	0,000562995672225952
118,275961	-0,000735878944396973
118,376317	-0,00254455208778381
118,478092	-0,00375896692276001
118,578786	-0,00488787889480591
118,678808	-0,00646770000457764
118,779996	-0,00811371207237244
118,880228	-0,00952741503715515
118,981719	-0,0114961564540863
119,082485	-0,013491302728653
119,182556	-0,0150314271450043
119,282645	-0,0163984000682831
119,382913	-0,0173721611499786
119,483730	-0,0172954201698303
119,585535	-0,0167694389820099
119,686077	-0,0153306126594543
119,786871	-0,0134950578212738
119,887108	-0,0120129287242889
119,987877	-0,010283887386322
120,088666	-0,00922670960426331
120,189965	-0,0090349018573761
120,291644	-0,00947698950767517
120,391895	-0,0108972787857056
120,493551	-0,0125817358493805
120,594183	-0,0146737098693848
120,694400	-0,0168452560901642
120,795201	-0,0182494819164276
120,895576	-0,0191002488136292
120,996380	-0,0193038284778595
121,098407	-0,0185174942016602
121,198636	-0,0171574652194977
121,300271	-0,0151756107807159
121,400495	-0,0127622187137604
121,501285	-0,0108745396137238
121,602042	-0,0092119574546814
121,702240	-0,00813376903533936
121,802792	-0,00803264975547791
121,903918	-0,00890299677848816
122,004619	-0,0101423859596252
122,104756	-0,012373298406601
122,205507	-0,0149442553520203
122,306041	-0,0168772637844086
122,407031	-0,0189584493637085
122,508345	-0,0201727151870728
122,608577	-0,0203684568405151
122,709196	-0,0198449790477753
122,809967	-0,0182899832725525
122,911286	-0,0164841115474701
123,012310	-0,0145534873008728
123,112454	-0,0121874809265137
123,214069	-0,0102036595344543
123,315138	-0,00907152891159058
123,415275	-0,00873485207557678
123,515847	-0,00926861166954041
123,616810	-0,0104566514492035
123,717623	-0,0123047232627869
123,817625	-0,0145200192928314
123,917712	-0,0163122117519379
124,017876	-0,0176862478256226
124,119134	-0,0187940001487732
124,219751	-0,0188552439212799
124,320517	-0,018179327249527
124,421819	-0,0164294540882111
124,522483	-0,0147896409034729
124,622736	-0,0129275619983673
124,723513	-0,0107645392417908
124,825189	-0,00964203476905823
124,926185	-0,00899535417556763
125,026413	-0,00922670960426331
125,126607	-0,010235458612442
125,228209	-0,0115785300731659
125,329134	-0,0137149691581726
125,429146	-0,0157790780067444
125,529851	-0,0172586739063263
125,630966	-0,018435537815094
125,731588	-0,0189480781555176
125,832247	-0,0185792148113251
125,933653	-0,017706960439682
126,035275	-0,0155364871025085
126,135535	-0,0137885510921478
126,237454	-0,012117475271225
126,338005	-0,0102891027927399
126,439264	-0,00927335023880005
126,540638	-0,00907060503959656
126,642117	-0,00970098376274109
126,742685	-0,0109366476535797
126,843236	-0,0125084817409515
126,945168	-0,0145261585712433
127,046728	-0,0165947675704956
127,148942	-0,0178868472576141
127,249308	-0,0187355875968933
127,350059	-0,0188575983047485
127,451316	-0,0181760191917419
127,551761	-0,0166922509670258
127,653870	-0,0148480832576752
127,754601	-0,0130725502967834
127,855321	-0,0114587247371674
127,956733	-0,00988966226577759
128,059008	-0,0092523992061615
128,159922	-0,00928953289985657
128,261759	-0,010370284318924
128,363008	-0,011564314365387
128,463892	-0,0134983658790588
128,564245	-0,0154582858085632
128,664960	-0,0167765021324158
128,766262	-0,0178265869617462
128,866695	-0,0183455646038055
128,967243	-0,0178943872451782
129,068201	-0,0170543491840363
129,168773	-0,0153970420360565
129,269936	-0,0133596062660217
129,371472	-0,0118156373500824
129,472124	-0,0101072490215302
129,573211	-0,00902870297431946
129,674107	-0,00885394215583801
129,774633	-0,0092390775680542
129,875638	-0,0104504823684692
129,977112	-0,0119429528713226
130,077388	-0,0134667456150055
130,178332	-0,0156231820583344
130,280184	-0,0168631672859192
130,381742	-0,0175105929374695
130,482527	-0,0176744759082794
130,582933	-0,017087310552597
130,685153	-0,0156401395797729
130,785894	-0,0139447152614594
130,886815	-0,0123274326324463
130,987813	-0,0107806622982025
131,088532	-0,00954118371009827
131,188629	-0,00885298848152161
131,289798	-0,00891107320785522
131,390241	-0,00964534282684326
131,491835	-0,0112579166889191
131,592255	-0,0127782821655273
131,692930	-0,0144413113594055
131,793498	-0,0163065493106842
131,894287	-0,0172662138938904
131,996268	-0,0177516937255859
132,098140	-0,0172958672046661
132,198161	-0,0164266526699066
132,298498	-0,0151492059230804
132,398735	-0,012861430644989
132,499643	-0,0113644897937775
132,601049	-0,0100645124912262
132,701778	-0,00886440277099609
132,801808	-0,00877296924591064
132,902246	-0,0091986358165741
133,003426	-0,0103437006473541
133,104623	-0,0121468007564545
133,204624	-0,0137663781642914
133,305985	-0,0155755877494812
133,406842	-0,0171150863170624
133,507033	-0,0177710056304932
133,607362	-0,0178661346435547
133,707810	-0,017366498708725
133,809576	-0,0159966647624969
133,910885	-0,0145224034786224
134,011006	-0,0126700699329376
134,112213	-0,010793924331665
134,213955	-0,00966817140579224
134,315524	-0,00900536775588989
134,416786	-0,00898060202598572
134,516839	-0,00970762968063354
134,618609	-0,0114312767982483
134,719327	-0,0128907263278961
134,820733	-0,0145581960678101
134,922443	-0,01620814204216
135,022601	-0,0172850489616394
135,122777	-0,0177639424800873
135,223198	-0,0173933804035187
135,324089	-0,0162966549396515
135,425331	-0,0150356590747833
135,526055	-0,013400673866272
135,627552	-0,0114800333976746
135,728357	-0,00996425747871399
135,828569	-0,00900155305862427
135,930552	-0,00868910551071167
136,031723	-0,0092262327671051
136,132707	-0,0101191103458405
136,233286	-0,0118700861930847
136,335139	-0,013805091381073
136,435343	-0,0152919888496399
136,536259	-0,0168862342834473
136,636522	-0,0176975429058075
136,736793	-0,0177460610866547
136,837305	-0,0171682834625244
136,938093	-0,0157677829265594
137,038973	-0,014274388551712
137,139825	-0,0124295353889465
137,240604	-0,0109024941921234
137,341040	-0,00954070687294006
137,441757	-0,00900107622146606
137,543623	-0,00895917415618896
137,645200	-0,00982171297073364
137,745921	-0,0110551118850708
137,846693	-0,0127972066402435
137,947872	-0,0147340297698975
138,048241	-0,0161483287811279
138,149658	-0,0172732770442963
138,249721	-0,0177300572395325
138,351578	-0,0174950659275055
138,451839	-0,016406387090683
138,551995	-0,0151388347148895
138,652875	-0,0132326185703278
138,753687	-0,0112811326980591
138,854061	-0,00999608635902405
138,955759	-0,00889298319816589
139,056487	-0,00858712196350098
139,156512	-0,00904059410095215
139,257742	-0,0101713538169861
139,359598	-0,0115600526332855
139,460620	-0,0135281085968018
139,561433	-0,0153094232082367
139,662205	-0,0165604054927826
139,763503	-0,0175035297870636
139,864146	-0,0175892412662506
139,964663	-0,0170095860958099
140,065649	-0,0157173871994019
140,165999	-0,0141871571540833
140,266489	-0,0122664272785187
140,367727	-0,0104561746120453
140,469234	-0,00924336910247803
140,569893	-0,00852280855178833
140,670667	-0,00855615735054016
140,771576	-0,00917342305183411
140,873481	-0,0106331706047058
140,973909	-0,0124115645885468
141,074049	-0,0139687955379486
141,174309	-0,0154592394828796
141,274861	-0,0167039930820465
141,375717	-0,017237514257431
141,476044	-0,0171202421188354
141,576185	-0,0161610543727875
141,676201	-0,0146374106407166
141,776652	-0,0131353437900543
141,877552	-0,0115146040916443
141,977593	-0,00963059067726135
142,078555	-0,00878152251243591
142,179178	-0,00837978720664978
142,279893	-0,00885915756225586
142,380194	-0,00983834266662598
142,481021	-0,0111394822597504
142,581471	-0,0130418241024017
142,681814	-0,0149074792861938
142,782298	-0,0161205232143402
142,882853	-0,0171056389808655
142,983908	-0,0172742307186127
143,084094	-0,0167294144630432
143,185329	-0,0155393183231354
143,285391	-0,0141041576862335
143,386336	-0,0121325850486755
143,486644	-0,0103906691074371
143,587128	-0,00919100642204285
143,687846	-0,00836265087127686
143,789348	-0,00838598608970642
143,889943	-0,00904488563537598
143,990816	-0,0104148983955383
144,091773	-0,011975109577179
144,191835	-0,013843297958374
144,292609	-0,0153155326843262
144,392626	-0,0166898667812347
144,493042	-0,0172407925128937
144,593236	-0,0171485245227814
144,694896	-0,0163207054138184
144,796553	-0,0147354602813721
144,896820	-0,0132434666156769
144,998546	-0,0113460421562195
145,098915	-0,00963014364242554
145,199502	-0,00874295830726624
145,299562	-0,0083078145980835
145,400673	-0,00861239433288574
145,501602	-0,00956925749778748
145,602541	-0,0108470618724823
145,704418	-0,0126705467700958
145,805251	-0,0146039426326752
145,905371	-0,0158596336841583
146,006865	-0,0168664753437042
146,107248	-0,0171842873096466
146,207847	-0,0167044699192047
146,308115	-0,0155279934406281
146,408284	-0,0138517916202545
146,509265	-0,0121865272521973
146,610195	-0,0106706023216248
146,710205	-0,00899964570999146
146,811005	-0,00827920436859131
146,911517	-0,00820529460906982
147,012432	-0,00900965929031372
147,112764	-0,0101062953472137
147,213773	-0,0116362869739532
147,314256	-0,0135691463947296
147,414438	-0,0153065621852875
147,516639	-0,0164878666400909
147,616842	-0,0171598196029663
147,717706	-0,0170251429080963
147,818372	-0,0163673162460327
147,920216	-0,0148589313030243
148,020748	-0,0130182206630707
148,120762	-0,0114606320858002
148,220799	-0,00996994972229004
148,321596	-0,00871148705482483
148,422460	-0,00821769237518311
148,523685	-0,00835597515106201
148,623945	-0,0093342661857605
148,724120	-0,0109257400035858
148,826116	-0,0124456286430359
148,926952	-0,0144002735614777
149,027820	-0,0159858465194702
149,128505	-0,0168316066265106
149,228649	-0,0172337293624878
149,330440	-0,0167298913002014
149,431889	-0,015748918056488
149,532338	-0,0141249001026154
149,633807	-0,0125150978565216
149,735036	-0,0106497704982758
149,836088	-0,00922384858131409
149,937895	-0,00847086310386658
150,038774	-0,00830924510955811
150,138829	-0,00902014970779419
150,239885	-0,0100830495357513
150,340929	-0,0118473470211029
150,441519	-0,0134804248809814
150,541567	-0,015252411365509
150,642228	-0,0166102945804596
150,743748	-0,0172177255153656
150,844355	-0,0171372294425964
150,944448	-0,0164958536624908
151,046155	-0,0151030719280243
151,146637	-0,0132165849208832
151,246680	-0,0116395950317383
151,346888	-0,00992387533187866
151,448753	-0,00866767764091492
151,550421	-0,0082629919052124
151,651381	-0,00848418474197388
151,752571	-0,00947555899620056
151,853572	-0,0108257234096527
151,954254	-0,0126852095127106
152,056014	-0,0145747065544128
152,157745	-0,0159524083137512
152,258740	-0,0169658064842224
152,359300	-0,0172586739063263
152,460006	-0,0169045925140381
152,560218	-0,0156928896903992
152,660929	-0,0143201351165771
152,762475	-0,0124413669109344
152,864318	-0,0105463564395905
152,964346	-0,00935474038124084
153,065234	-0,00847893953323364
153,166155	-0,00831353664398193
153,267348	-0,00896108150482178
153,368418	-0,0102534890174866
153,470247	-0,0116873979568481
153,570255	-0,013657420873642
153,670873	-0,0154116451740265
153,771284	-0,0165114104747772
153,871857	-0,0172629356384277
153,972753	-0,0171211957931519
154,073617	-0,0164337158203125
154,173893	-0,0153136551380157
154,274207	-0,0134856402873993
154,375094	-0,0115804076194763
154,475687	-0,0101822912693024
154,576452	-0,00889536738395691
154,677095	-0,0083983838558197
154,777958	-0,00863811373710632
154,878692	-0,009560227394104
154,979930	-0,0111688673496246
155,080775	-0,0127702355384827
155,181314	-0,0146473050117493
155,282977	-0,016327291727066
155,383721	-0,0172120630741119
155,484568	-0,0175506174564362
155,584804	-0,0171438157558441
155,685213	-0,016167163848877
155,785456	-0,0147854089736938
155,885495	-0,0126058161258698
155,986007	-0,0110276639461517
156,087387	-0,00972378253936768
156,187547	-0,00880631804466248
156,289493	-0,0085771381855011
156,390246	-0,0090624988079071
156,491186	-0,0103356242179871
156,592081	-0,0120257139205933
156,692881	-0,01363804936409
156,793133	-0,0151953995227814
156,893302	-0,0166051089763641
156,994168	-0,0174249112606049
157,095013	-0,0174814164638519
157,195512	-0,0167341232299805
157,296099	-0,015401303768158
157,397086	-0,0138975381851196
157,497220	-0,0119433999061584
157,597795	-0,0102677345275879
157,698091	-0,00919196009635925
157,798546	-0,0085466206073761
157,899021	-0,00871244072914124
158,001068	-0,00954309105873108
158,101338	-0,01105797290802
158,201729	-0,0126592218875885
158,302719	-0,0145313441753387
158,404583	-0,0162156820297241
158,505166	-0,0171729922294617
158,605633	-0,0175671279430389
158,705772	-0,0173152089118958
158,806547	-0,016309380531311
158,908079	-0,0146430432796478
159,010036	-0,0130857825279236
159,110783	-0,0111939609050751
159,211902	-0,00960683822631836
159,312585	-0,00881201028823853
159,412719	-0,00849848985671997
159,513098	-0,0090353786945343
159,613808	-0,01008540391922
159,714673	-0,0117550790309906
159,815983	-0,0133251547813416
159,917111	-0,0151779651641846
160,018096	-0,0165674388408661
160,118981	-0,017237514257431
160,219691	-0,0173490941524506
160,321419	-0,0165599286556244
160,421631	-0,0154366195201874
160,521714	-0,013675332069397
160,621916	-0,012043684720993
160,722424	-0,0102943480014801
160,822830	-0,00920054316520691
160,922962	-0,0084589421749115
161,024154	-0,00859951972961426
161,124581	-0,00931000709533691
161,225541	-0,0107123553752899
161,325870	-0,0125996768474579
161,427732	-0,0141843259334564
161,528350	-0,0155934691429138
161,628960	-0,0170147716999054
161,729018	-0,0173966586589813
161,829188	-0,017182856798172
161,930530	-0,0160612165927887
162,031208	-0,0147180259227753
162,132648	-0,01316037774086
162,234007	-0,0110423266887665
162,334299	-0,00973519682884216
162,434981	-0,00888440012931824
162,535008	-0,00859665870666504
162,635786	-0,00906345248222351
162,737034	-0,0100493133068085
162,837882	-0,0117418467998505
162,938741	-0,0136239230632782
163,039419	-0,0151756107807159
163,140310	-0,0164445340633392
163,241109	-0,0174399614334106
163,341260	-0,0175266265869141
163,442889	-0,0170270204544067
163,543882	-0,0154601633548737
163,644026	-0,0139932930469513
163,744188	-0,0124016404151917
163,844682	-0,0105861723423004
163,945283	-0,00926905870437622
164,046735	-0,00864621996879578
164,148632	-0,00864765048027039
164,249489	-0,00950077176094055
164,350280	-0,0106753408908844
164,450835	-0,0124446749687195
164,551053	-0,0143550038337708
164,651569	-0,015730082988739
164,752570	-0,0169112086296082
164,852944	-0,0173806548118591
164,953958	-0,0171202421188354
165,054364	-0,0163654386997223
165,155311	-0,0148811042308807
165,256039	-0,0130045413970947
165,356044	-0,0114639401435852
165,456892	-0,00987589359283447
165,557580	-0,00880059599876404
165,658464	-0,00852662324905396
165,758799	-0,00893869996070862
165,858966	-0,00980508327484131
165,959324	-0,0114180147647858
166,060005	-0,0132514834403992
166,160979	-0,0147505402565002
166,261880	-0,0162703096866608
166,363474	-0,0170952975749969
166,465111	-0,017204076051712
166,565756	-0,0166357457637787
166,666435	-0,0153207182884216
166,766441	-0,013880580663681
166,866975	-0,0123401582241058
166,967123	-0,0105221569538116
167,067533	-0,00918957591056824
167,167933	-0,00857427716255188
167,268195	-0,00852042436599731
167,369974	-0,00932666659355164
167,470100	-0,0104913115501404
167,571094	-0,0119221210479736
167,671570	-0,0141480267047882
167,772276	-0,0155657231807709
167,874086	-0,0166055858135223
167,975949	-0,0173514485359192
168,076087	-0,0171541571617126
168,176594	-0,0164520740509033
168,276944	-0,0147830545902252
168,377564	-0,0132580995559692
168,477983	-0,0117186307907104
168,578139	-0,0101628005504608
168,678561	-0,0090901255607605
168,779452	-0,00878342986106873
168,880056	-0,009185791015625
168,980204	-0,0100274384021759
169,080814	-0,0116249024868011
169,182282	-0,0134941339492798
169,283534	-0,0149923264980316
169,383746	-0,0165358781814575
169,485607	-0,0173561573028564
169,585953	-0,0176137387752533
169,686285	-0,0171221494674683
169,787055	-0,0161356031894684
169,887587	-0,0144714713096619
169,989226	-0,012634664773941
170,090223	-0,0111295282840729
170,190369	-0,009714275598526
170,291163	-0,00900250673294067
170,391401	-0,00896012783050537
170,491433	-0,00965484976768494
170,591438	-0,0107830166816711
170,692447	-0,0124772787094116
170,794382	-0,0143705904483795
170,895181	-0,015796035528183
170,995601	-0,0170397460460663
171,095870	-0,0176292657852173
171,196192	-0,0175021290779114
171,296876	-0,0168085396289825
171,397483	-0,0151520371437073
171,498618	-0,0136390030384064
171,599320	-0,0120332837104797
171,699550	-0,010394960641861
171,801329	-0,00922909379005432
171,901390	-0,00880441069602966
172,001434	-0,00899395346641541
172,102463	-0,0100782811641693
172,202481	-0,0113559663295746
172,302540	-0,0128935277462006
172,403182	-0,0150007903575897
172,503998	-0,0162670016288757
172,604010	-0,0171673595905304
172,705348	-0,017474353313446
172,805379	-0,0170618891716003
172,905982	-0,0161648094654083
173,006641	-0,014514833688736
173,106994	-0,0126658380031586
173,207897	-0,0111664831638336
173,308928	-0,00967815518379211
173,409778	-0,00885868072509766
173,510709	-0,00875580310821533
173,611133	-0,0093342661857605
173,711342	-0,0103973150253296
173,811559	-0,0120749175548553
173,912616	-0,0139041543006897
174,012866	-0,0153829157352448
174,113691	-0,0167063474655151
174,214612	-0,0172883570194244
174,315527	-0,0173420310020447
174,416031	-0,0165396630764008
174,516921	-0,0153946876525879
174,617803	-0,013674408197403
174,717867	-0,0120876729488373
174,818668	-0,0104092061519623
174,918832	-0,00923338532447815
175,020470	-0,00872913002967834
175,121311	-0,00891250371932983
175,222237	-0,00983595848083496
175,323075	-0,0110338032245636
175,423132	-0,0125221610069275
175,524763	-0,0146364569664001
175,624779	-0,0159001052379608
175,725712	-0,0168212354183197
175,826163	-0,0172167718410492
175,926272	-0,0168297290802002
176,026743	-0,0159745514392853
176,126774	-0,0144002735614777
176,227420	-0,0125528872013092
176,328130	-0,0110655426979065
176,428506	-0,00978559255599976
176,529161	-0,00869530439376831
176,629345	-0,00858950614929199
176,729766	-0,00900155305862427
176,830084	-0,0101756155490875
176,931171	-0,0118857026100159
177,032217	-0,0134356021881104
177,132941	-0,0152411162853241
177,233355	-0,0166583359241486
177,333943	-0,0173100233078003
177,434203	-0,0173895955085754
177,534685	-0,0166762173175812
177,634951	-0,015538364648819
177,735204	-0,013823002576828
177,836164	-0,0122598111629486
177,936514	-0,0105216801166534
178,036718	-0,00931856036186218
178,137707	-0,00880345702171326
178,238529	-0,0089072585105896
178,338600	-0,00985258817672729
178,439224	-0,0110726654529572
178,540253	-0,0125585496425629
178,640611	-0,014464408159256
178,742498	-0,0160658955574036
178,843970	-0,0170204341411591
178,944276	-0,0175214409828186
179,045176	-0,0171527564525604
179,145904	-0,0163122117519379
179,246834	-0,014767974615097
179,347949	-0,0128491520881653
179,448103	-0,0113152265548706
179,548712	-0,00977513194084167
179,650042	-0,00878390669822693
179,752047	-0,00861287117004395
179,852634	-0,00911536812782288
179,953478	-0,0103474855422974
180,054458	-0,011813759803772
180,155172	-0,013384610414505
180,257933	-0,0154955089092255
180,358264	-0,0167068243026733
180,459787	-0,0174140632152557
180,560291	-0,0175619423389435
180,661189	-0,0169257819652557
180,762491	-0,0158059298992157
180,862747	-0,0140739679336548
180,962861	-0,0121926665306091
181,063584	-0,0107104480266571
181,163632	-0,0094018280506134
181,263964	-0,00879916548728943
181,364914	-0,00888395309448242
181,465231	-0,00954785943031311
181,567084	-0,0112266540527344
181,667881	-0,0127338767051697
181,768175	-0,0143399238586426
181,868473	-0,0162787735462189
181,969253	-0,0171937048435211
182,069316	-0,0176382064819336
182,170797	-0,0173825323581696
182,271602	-0,0163513123989105
182,371767	-0,0150672495365143
182,472369	-0,0131754875183105
182,572541	-0,0112673938274384
182,673663	-0,00995713472366333
182,774540	-0,00889727473258972
182,874823	-0,00860857963562012
182,975036	-0,00902488827705383
183,075525	-0,00991722941398621
183,176095	-0,0115132033824921
183,276652	-0,0134115219116211
183,376796	-0,0148994624614716
183,477641	-0,0164059102535248
183,578018	-0,0172106325626373
183,678026	-0,0173848867416382
183,779005	-0,0167925357818604
183,880742	-0,0157545804977417
183,981350	-0,0140211284160614
184,082084	-0,0121695101261139
184,182245	-0,0106910169124603
184,282883	-0,00930190086364746
184,383556	-0,00866338610649109
184,483936	-0,00868815183639526
184,584496	-0,009267657995224
184,684990	-0,0109342634677887
184,785176	-0,0124257504940033
184,885849	-0,0140291750431061
184,986694	-0,0157993137836456
185,087156	-0,0170105397701263
185,187790	-0,0175016522407532
185,288763	-0,017366498708725
185,388856	-0,0163955688476563
185,489379	-0,0151576995849609
185,589497	-0,013661652803421
185,690001	-0,011425107717514
185,790801	-0,0100939571857452
185,891071	-0,00911915302276611
185,992044	-0,00860762596130371
186,092486	-0,00896680355072021
186,192858	-0,00982645153999329
186,292991	-0,0113621354103088
186,393503	-0,0132614076137543
186,493521	-0,0147868096828461
186,593720	-0,0163018405437469
186,694016	-0,0171527564525604
186,794133	-0,0174136161804199
186,895391	-0,0168899893760681
186,995863	-0,0159189701080322
187,096172	-0,014218270778656
187,197019	-0,0123307406902313
187,297740	-0,010832816362381
187,398070	-0,00957497954368591
187,499875	-0,00867196917533875
187,600171	-0,00857952237129211
187,701910	-0,00907915830612183
187,802755	-0,0103664696216583
187,902978	-0,0121302306652069
188,003609	-0,013695627450943
188,104083	-0,0154795050621033
188,204461	-0,0167864263057709
188,306048	-0,0173302590847015
188,406438	-0,0173646211624146
188,507946	-0,0164492428302765
188,608179	-0,0152429938316345
188,709819	-0,0137909054756165
188,811319	-0,0115879774093628
188,911641	-0,0102031826972961
189,012349	-0,00921720266342163
189,113147	-0,00862479209899902
189,213732	-0,00888821482658386
189,314488	-0,00971236824989319
189,415402	-0,0111863911151886
189,515989	-0,0130371153354645
189,617537	-0,0145982801914215
189,718337	-0,0161563158035278
189,818837	-0,0171748697757721
189,920172	-0,0174305737018585
190,021770	-0,0170929431915283
190,122729	-0,0158280730247498
190,223987	-0,0144483745098114
190,324051	-0,0125519335269928
190,424104	-0,0107811391353607
190,525941	-0,00955501198768616
190,627157	-0,00878056883811951
190,727865	-0,00864335894584656
190,829744	-0,00917768478393555
190,931594	-0,0104704201221466
191,033301	-0,0122328698635101
191,133615	-0,0137913823127747
191,234591	-0,0152566730976105
191,335801	-0,0166107714176178
191,436376	-0,0172379910945892
191,536797	-0,0171984136104584
191,637073	-0,0163993537425995
191,737434	-0,0149291753768921
191,837468	-0,0134337246417999
191,938874	-0,0118393003940582
192,039104	-0,00985211133956909
192,139446	-0,0088801383972168
192,240275	-0,00839123129844666
192,341612	-0,00867718458175659
192,442401	-0,00954785943031311
192,542658	-0,0108010470867157
192,643918	-0,0126492977142334
192,744692	-0,0145412385463715
192,845848	-0,0158737599849701
192,946798	-0,0169761776924133
193,047153	-0,0173241496086121
193,148268	-0,016982764005661
193,248779	-0,0158911645412445
193,350098	-0,0142545700073242
193,450545	-0,0126785933971405
193,551893	-0,0108721554279327
193,653184	-0,00943893194198608
193,754317	-0,00871863961219788
193,855147	-0,0085470974445343
193,955366	-0,0092395544052124
194,056142	-0,0103185474872589
194,157555	-0,0117314159870148
194,259475	-0,0139187872409821
194,359834	-0,0153758525848389
194,460407	-0,0165198743343353
194,561530	-0,0172798931598663
194,661560	-0,0172261893749237
194,762053	-0,0165999531745911
194,862088	-0,0152260363101959
194,962179	-0,0134408175945282
195,062972	-0,0118961036205292
195,164537	-0,0102098286151886
195,265508	-0,00917676091194153
195,366326	-0,00860381126403809
195,466893	-0,00882533192634583
195,567453	-0,00959017872810364
195,668105	-0,0110925734043121
195,769420	-0,012593537569046
195,870781	-0,0144540369510651
195,972270	-0,0160682499408722
196,073207	-0,0169394314289093
196,174055	-0,0173641443252563
196,274459	-0,0169672071933746
196,375795	-0,016051322221756
196,476297	-0,0144837200641632
196,577940	-0,0126237869262695
196,679512	-0,0111072659492493
196,779578	-0,00964677333831787
196,881054	-0,00889202952384949
196,981693	-0,00865814089775085
197,082076	-0,00928285717964172
197,182723	-0,0102981328964233
197,284561	-0,0119803249835968
197,384584	-0,0138956606388092
197,485981	-0,0153357982635498
197,587625	-0,0167054235935211
197,688076	-0,0173533260822296
197,788852	-0,0173613131046295
197,889325	-0,0166070163249969
197,989678	-0,0154625177383423
198,089997	-0,0136592984199524
198,190862	-0,0120961964130402
198,291559	-0,0103622078895569
198,392024	-0,00908726453781128
198,493965	-0,00861144065856934
198,595618	-0,00872579216957092
198,695627	-0,00962156057357788
198,796457	-0,0108754932880402
198,897426	-0,0126563906669617
198,998258	-0,0145261585712433
199,098497	-0,0158878862857819
199,198957	-0,016964852809906
199,299345	-0,0173467397689819
199,399765	-0,0170453786849976
199,499876	-0,0161930620670319
199,601375	-0,0146991610527039
199,701662	-0,0128727853298187
199,801972	-0,0113446116447449
199,903607	-0,00986590981483459
200,003678	-0,00892823934555054
200,104881	-0,00873628258705139
200,205291	-0,0091310441493988
200,305785	-0,0104884505271912
200,406882	-0,0118866264820099
200,507761	-0,0134596526622772
200,608552	-0,0155171751976013
200,710441	-0,0166686773300171
200,812057	-0,0173783004283905
200,913318	-0,0174159705638885
201,014631	-0,016814649105072
201,115665	-0,0157409310340881
201,216042	-0,0136828720569611
201,316203	-0,012139230966568
201,417448	-0,0107085704803467
201,517483	-0,0093904435634613
201,618347	-0,00879105925559998
201,718488	-0,00889155268669128
201,819148	-0,00971284508705139
201,919596	-0,0111977458000183
202,021241	-0,0126800239086151
202,121267	-0,0145252048969269
202,222229	-0,0161572694778442
202,323071	-0,0170439779758453
202,424882	-0,0174621045589447
202,525717	-0,0171339213848114
202,626657	-0,01622274518013
202,728105	-0,014954149723053
202,828755	-0,0131443440914154
202,929724	-0,0112924873828888
203,030220	-0,010037899017334
203,130592	-0,00905060768127441
203,231850	-0,00878199934959412
203,332489	-0,00922814011573792
203,432879	-0,0103740692138672
203,533719	-0,0120394229888916
203,635706	-0,0136423110961914
203,735806	-0,0154154002666473
203,837141	-0,0168250203132629
203,937513	-0,0175134241580963
204,038296	-0,0175619423389435
204,139719	-0,0170227885246277
204,241443	-0,0157706141471863
204,341729	-0,014322966337204
204,443068	-0,0121572017669678
204,543409	-0,0107474625110626
204,643718	-0,00962063670158386
204,745991	-0,00895297527313232
204,847018	-0,00904726982116699
204,947832	-0,00970050692558289
205,048404	-0,011126697063446
205,150388	-0,0128963887691498
205,251697	-0,0144228935241699
205,351994	-0,0160819292068481
205,453656	-0,0171701610088348
205,554665	-0,0175223648548126
205,656255	-0,0172596275806427
205,756689	-0,0161822438240051
205,858049	-0,0148749649524689
205,959533	-0,0130758583545685
206,059867	-0,0112133920192719
206,160862	-0,00997185707092285
206,261779	-0,00914961099624634
206,362500	-0,00878676772117615
206,463245	-0,00925764441490173
206,563564	-0,0102131366729736
206,665130	-0,0120914578437805
206,766144	-0,0136885344982147
206,866540	-0,0151562690734863
206,967538	-0,0165377557277679
207,068991	-0,0173763930797577
207,169415	-0,0174239575862885
207,270917	-0,01676145195961
207,372250	-0,0154809057712555
207,474283	-0,0140149891376495
207,574478	-0,0121567249298096
207,675186	-0,0104841887950897
207,776627	-0,00940039753913879
207,877286	-0,0087953507900238
207,977769	-0,00898727774620056
208,078085	-0,00968432426452637
208,179018	-0,010858416557312
208,280821	-0,0126067698001862
208,382125	-0,0144153535366058
208,483452	-0,015796035528183
208,584384	-0,017087310552597
208,686103	-0,0173891484737396
208,786132	-0,0171715915203094
208,887512	-0,016185075044632
208,989359	-0,014625608921051
209,090211	-0,0131353437900543
209,190819	-0,0113014876842499
209,291106	-0,00981980562210083
209,391330	-0,00903394818305969
209,492098	-0,00874391198158264
209,592113	-0,00912725925445557
209,692446	-0,0102649033069611
209,793279	-0,0118965804576874
209,894794	-0,0134492814540863
209,996271	-0,0152505338191986
210,097576	-0,016443133354187
210,197906	-0,0173142552375793
210,298762	-0,0174338519573212
210,398869	-0,0169069468975067
210,499952	-0,0156810879707336
210,600391	-0,0139890611171722
210,700985	-0,0124351978302002
210,801652	-0,0107493698596954
210,901994	-0,00967434048652649
211,003355	-0,00896251201629639
211,103451	-0,00905773043632507
211,203947	-0,0097024142742157
211,304915	-0,0110456347465515
211,405904	-0,0128099322319031
211,506930	-0,0143088102340698
211,607701	-0,0159099996089935
211,708581	-0,0170213580131531
211,809170	-0,0173749923706055
211,909816	-0,0171800553798676
212,010151	-0,0162910223007202
212,112121	-0,0147736370563507
212,212839	-0,0132755637168884
212,313731	-0,011480987071991
212,415311	-0,0099414587020874
212,517022	-0,00911107659339905
212,617727	-0,00878629088401794
212,718927	-0,00922718644142151
212,819948	-0,0101647078990936
212,920452	-0,0117768347263336
213,020813	-0,0135880410671234
213,121334	-0,0150903165340424
213,223118	-0,0165043473243713
213,323599	-0,0172897577285767
213,424532	-0,0174004137516022
213,526462	-0,0167609751224518
213,627114	-0,015486091375351
213,728411	-0,0140758454799652
213,829418	-0,0122025907039642
213,929830	-0,0107768476009369
214,030324	-0,00949269533157349
214,132212	-0,0088944137096405
214,233797	-0,00891584157943726
214,333906	-0,00971236824989319
214,435442	-0,0108389854431152
214,536929	-0,0125892758369446
214,637283	-0,0144195854663849
214,737883	-0,0157724916934967
214,838515	-0,016968160867691
214,938580	-0,0174362063407898
215,039836	-0,0172097086906433
215,141311	-0,0162910223007202
215,242189	-0,0147712528705597
215,342859	-0,0132595002651215
215,443917	-0,0114578008651733
215,545759	-0,00995761156082153
215,646103	-0,00913915038108826
215,747110	-0,00886201858520508
215,847471	-0,00936901569366455
215,947791	-0,0103228092193604
216,048165	-0,0116694271564484
216,148209	-0,013478547334671
216,249198	-0,0152533650398254
216,349711	-0,0164662003517151
216,450979	-0,0173180401325226
216,551088	-0,0174456238746643
216,651577	-0,0169474482536316
216,751873	-0,0159335732460022
216,852054	-0,014005571603775
216,953316	-0,0124654471874237
217,053945	-0,0109963715076447
217,154151	-0,009662926197052
217,254424	-0,00894537568092346
217,354591	-0,00892108678817749
217,454952	-0,00967198610305786
217,555519	-0,0110063254833221
217,656879	-0,0124583542346954
217,757534	-0,0143291056156158
217,858027	-0,0157027840614319
217,959553	-0,016946017742157
218,060348	-0,01751908659935
218,161320	-0,0173434317111969
218,261854	-0,016495406627655
218,361975	-0,0150615870952606
218,462620	-0,0135592520236969
218,563359	-0,0117792189121246
218,664111	-0,0104528665542603
218,764591	-0,00935235619544983
218,865105	-0,00901681184768677
218,966451	-0,00930047035217285
219,067544	-0,0103223323822021
219,168135	-0,0116230249404907
219,268912	-0,0134072601795197
219,369099	-0,0151845514774323
219,469718	-0,0164290070533752
219,569801	-0,0173650979995728
219,669837	-0,0175694525241852
219,771457	-0,0171456933021545
219,871632	-0,0162189602851868
219,972071	-0,0143404006958008
220,072200	-0,0128231644630432
220,172292	-0,0113559663295746
220,273062	-0,00978699326515198
220,373232	-0,00920292735099792
220,474975	-0,00912058353424072
220,575206	-0,00975847244262695
220,675529	-0,0110537111759186
220,776064	-0,0124526917934418
220,876518	-0,0142894685268402
220,977089	-0,0159425437450409
221,077505	-0,0169549584388733
221,178036	-0,0175223648548126
221,278063	-0,0174880027770996
221,378319	-0,0166630446910858
221,478811	-0,0155364871025085
221,580480	-0,0137984752655029
221,680931	-0,0119736790657043
221,781305	-0,0106549561023712
221,881323	-0,00949174165725708
221,982196	-0,0090349018573761
222,083543	-0,00928238034248352
222,183593	-0,0102212131023407
222,284378	-0,0114592015743256
222,384625	-0,0132595002651215
222,484710	-0,0150040984153748
222,584806	-0,0162811279296875
222,684984	-0,0171715915203094
222,785294	-0,0175082385540009
222,885934	-0,0171532034873962
222,985942	-0,0162816047668457
223,086629	-0,0146996378898621
223,187257	-0,012911468744278
223,288122	-0,0114341080188751
223,388283	-0,00997519493103027
223,488695	-0,0091853141784668
223,588944	-0,00905248522758484
223,689163	-0,0094684362411499
223,789979	-0,0106582939624786
223,889987	-0,0122891366481781
223,990204	-0,013822078704834
224,090360	-0,015607625246048
224,190382	-0,016918271780014
224,291870	-0,0175558030605316
224,392869	-0,0176287889480591
224,493634	-0,0170354843139648
224,594722	-0,0157800316810608
224,694889	-0,0140885710716248
224,795901	-0,012538731098175
224,897565	-0,0108864009380341
224,997962	-0,00967910885810852
225,098595	-0,00917768478393555
225,198608	-0,00935664772987366
225,299367	-0,0102288424968719
225,399636	-0,0114023983478546
225,500143	-0,0128907263278961
225,601112	-0,0146779716014862
225,701209	-0,0162585079669952
225,801740	-0,0172101855278015
225,902256	-0,0176598727703094
226,002687	-0,0173429846763611
226,103472	-0,0165264904499054
226,204210	-0,0152722001075745
226,304262	-0,0132090151309967
226,404725	-0,0117281079292297
226,505596	-0,0104068219661713
226,606526	-0,00929096341133118
226,706563	-0,00908726453781128
226,807456	-0,00941941142082214
226,908016	-0,0105050504207611
227,008319	-0,0120787024497986
227,109215	-0,0135799944400787
227,209399	-0,0153391063213348
227,309825	-0,0166865885257721
227,410519	-0,0173575580120087
227,511067	-0,0174818933010101
227,611613	-0,0167915821075439
227,712356	-0,0157253742218018
227,812949	-0,0140612423419952
227,913598	-0,0125141441822052
228,015165	-0,010805755853653
228,115703	-0,00972476601600647
228,215837	-0,00899487733840942
228,315907	-0,009074866771698
228,416559	-0,0097280740737915
228,516905	-0,0110593736171722
228,617326	-0,0125240683555603
228,717396	-0,0143729448318481
228,817584	-0,015985369682312
228,917993	-0,0169907808303833
229,018441	-0,0175228416919708
229,118491	-0,0173307359218597
229,218761	-0,0165792107582092
229,318969	-0,0153994262218475
229,420881	-0,0133208930492401
229,521473	-0,0118340849876404
229,621705	-0,01051265001297
229,721818	-0,00928810238838196
229,822747	-0,00904536247253418
229,922980	-0,00932618975639343
230,023131	-0,0103394389152527
230,123185	-0,0119065046310425
230,223824	-0,0134030282497406
230,324315	-0,0151793658733368
230,425970	-0,0164407789707184
230,526525	-0,0173721611499786
230,627510	-0,0176000893115997
230,727697	-0,0171659290790558
230,827712	-0,0159933865070343
230,927982	-0,0146557688713074
231,028090	-0,0128311812877655
231,128654	-0,011362612247467
231,230025	-0,00997424125671387
231,330429	-0,00918722152709961
231,430582	-0,00909820199012756
231,532156	-0,00974848866462708
231,632380	-0,0110541880130768
231,732860	-0,0124559998512268
231,832959	-0,0143215358257294
231,933182	-0,0160079598426819
232,033346	-0,0170491635799408
232,133398	-0,0176631808280945
232,234121	-0,0175925195217133
232,334485	-0,0169102549552917
232,435281	-0,0158163011074066
232,536055	-0,0141022503376007
232,636961	-0,0123108625411987
232,737953	-0,0109925866127014
232,838270	-0,00984165072441101
232,939236	-0,00941988825798035
233,039638	-0,00966531038284302
233,140440	-0,0103944838047028
233,241604	-0,0120976269245148
233,342705	-0,013607382774353
233,442953	-0,0151063501834869
233,543149	-0,0166663229465485
233,644361	-0,0176791846752167
233,744554	-0,0179570317268372
233,846096	-0,0174249112606049
233,947490	-0,0164370238780975
234,048076	-0,0150818526744843
234,149058	-0,0132609307765961
234,249403	-0,0114582479000092
234,350289	-0,0102250277996063
234,451128	-0,00937375426292419
234,552045	-0,00922146439552307
234,652349	-0,00971141457557678
234,752528	-0,0109446942806244
234,853659	-0,0123075544834137
234,953880	-0,0141253769397736
235,053894	-0,0155572295188904
235,155058	-0,016843855381012
235,256500	-0,0175049602985382
235,357615	-0,0174630582332611
235,457656	-0,0166710317134857
235,558868	-0,0152933895587921
235,659701	-0,0138277411460876
235,761291	-0,0119831562042236
235,862918	-0,0104120373725891
235,963455	-0,00949174165725708
236,064221	-0,00904345512390137
236,165826	-0,00929999351501465
236,266894	-0,0102857947349548
236,367835	-0,0118260383605957
236,468266	-0,0136861801147461
236,568784	-0,0151883065700531
236,670424	-0,0166818797588348
236,770770	-0,0175026059150696
236,871031	-0,0177710056304932
236,971441	-0,0173712074756622
237,073183	-0,0162533521652222
237,173445	-0,0145737528800964
237,274447	-0,0129908323287964
237,374498	-0,0112299919128418
237,475306	-0,0100022554397583
237,575569	-0,00911915302276611
237,676855	-0,00903823971748352
237,777819	-0,00952169299125671
237,877912	-0,0107853710651398
237,978155	-0,0125023424625397
238,078355	-0,0140235126018524
238,178565	-0,0154832601547241
238,279163	-0,0170199573040009
238,379502	-0,0175195336341858
238,479906	-0,0175171792507172
238,580270	-0,0165853202342987
238,680322	-0,0153428614139557
238,781053	-0,0139107704162598
238,881842	-0,0120328068733215
238,983369	-0,0103679001331329
239,083952	-0,0094275176525116
239,184418	-0,00887250900268555
239,285310	-0,00912344455718994
239,386470	-0,00995239615440369
239,486560	-0,0111484825611115
239,586635	-0,0129346549510956
239,687293	-0,0148160457611084
239,787967	-0,0161040723323822
239,888572	-0,0172026455402374
239,990650	-0,0175788700580597
240,091440	-0,0172083079814911
240,192074	-0,0161864757537842
240,292301	-0,0146006643772125
240,393026	-0,013044685125351
240,493223	-0,011268824338913
240,593304	-0,010017454624176
240,693472	-0,00905820727348328
240,794336	-0,00889489054679871
240,895074	-0,0093347430229187
240,995384	-0,0104979574680328
241,095749	-0,0122092068195343
241,195956	-0,0137291252613068
241,296496	-0,0151689946651459
241,396727	-0,0165975987911224
241,496801	-0,0173274278640747
241,597124	-0,0173754692077637
241,697188	-0,0167312920093536
241,799160	-0,0153885781764984
241,899298	-0,0139796137809753
242,000110	-0,0124635696411133
242,100850	-0,0104523897171021
242,201814	-0,00945559144020081
242,302455	-0,00892537832260132
242,402549	-0,00901871919631958
242,503448	-0,00978273153305054
242,604340	-0,0109385251998901
242,704470	-0,0126568675041199
242,805671	-0,014500230550766
242,906356	-0,0157993137836456
243,007880	-0,0169112086296082
243,107936	-0,0173406302928925
243,209172	-0,0170416235923767
243,309661	-0,0160522758960724
243,409931	-0,0145143866539001
243,510224	-0,012976199388504
243,610901	-0,011187344789505
243,711055	-0,009940505027771
243,811142	-0,00894871354103088
243,911800	-0,00871816277503967
244,012210	-0,00913867354393005
244,112422	-0,0102710723876953
244,213951	-0,011653333902359
244,314427	-0,0134837329387665
244,414820	-0,0149621665477753
244,515717	-0,0164280533790588
244,616228	-0,0172558724880219
244,716772	-0,0173679292201996
244,818406	-0,0167689919471741
244,919336	-0,0154672563076019
245,019683	-0,0140390694141388
245,119824	-0,0121647715568542
245,220104	-0,0104272365570068
245,320863	-0,0093485414981842
245,421591	-0,00873485207557678
245,522152	-0,00874438881874084
245,622684	-0,00942274928092957
245,723669	-0,0105548799037933
245,824245	-0,0122905671596527
245,925034	-0,0141692161560059
246,025615	-0,015578418970108
246,125844	-0,016811341047287
246,227486	-0,0173599123954773
246,328033	-0,0172049999237061
246,428577	-0,0165052711963654
246,530412	-0,0148584842681885
246,630562	-0,0133779942989349
246,730644	-0,0118326842784882
246,831372	-0,0100226700305939
246,931856	-0,00915771722793579
247,033476	-0,00880011916160583
247,134143	-0,0092681348323822
247,234994	-0,0101599395275116
247,336252	-0,0114492774009705
247,437482	-0,0135856568813324
247,537785	-0,0150408446788788
247,638468	-0,0162928998470306
247,738880	-0,0172577500343323
247,839311	-0,0174399614334106
247,939717	-0,0170246660709381
248,040396	-0,0158680975437164
248,140430	-0,0145157873630524
248,241008	-0,0127182900905609
248,342707	-0,0112640857696533
248,443860	-0,00985831022262573
248,543975	-0,00910153985023499
248,644237	-0,0090211033821106
248,744671	-0,00963488221168518
248,845405	-0,0109176933765411
248,945529	-0,0123070776462555
249,046267	-0,0141343474388123
249,148141	-0,0157870948314667
249,248181	-0,0167976915836334
249,348589	-0,0174126625061035
249,448631	-0,0173382759094238
249,548733	-0,0165570974349976
249,649081	-0,0151642858982086
249,750281	-0,0137059986591339
249,850331	-0,012198805809021
249,950846	-0,0103308856487274
250,051549	-0,00939756631851196
250,151743	-0,00895774364471436
250,252436	-0,0091177225112915
