0,100022	-0,0733650624752045
0,200081	-0,0684868693351746
0,300460	-0,0670116245746613
0,401183	-0,0686640739440918
0,501837	-0,0726891458034515
0,601974	-0,0795316696166992
0,703936	-0,0863229632377625
0,804195	-0,0936425626277924
0,904742	-0,100172132253647
1,005051	-0,103531181812286
1,105269	-0,104010850191116
1,205814	-0,102158665657043
1,306406	-0,0970384776592255
1,407540	-0,0906788110733032
1,509331	-0,083101898431778
1,609773	-0,0756058096885681
1,709819	-0,0705212354660034
1,811530	-0,0676597356796265
1,912065	-0,0674378275871277
2,012775	-0,0697442591190338
2,114590	-0,0757139921188354
2,221609	-0,0815571546554565
2,332226	-0,089348316192627
2,441468	-0,0980760455131531
2,550315	-0,102385610342026
2,660228	-0,104187816381454
2,770139	-0,102361381053925
2,879331	-0,09705850481987
2,988968	-0,0902755856513977
3,101109	-0,0820184946060181
3,211239	-0,0747403502464294
3,321903	-0,069079726934433
3,433012	-0,0667930543422699
3,543484	-0,0692493319511414
3,654737	-0,0730095505714417
3,764482	-0,0796065628528595
3,874905	-0,087927520275116
3,983272	-0,0962026715278625
4,093369	-0,10108008980751
4,202902	-0,104283183813095
4,313089	-0,102856904268265
4,423110	-0,0979311764240265
4,532455	-0,0932276844978333
4,644359	-0,0838848054409027
4,753099	-0,0767410397529602
4,863270	-0,0704557299613953
4,974779	-0,0675561428070068
5,085776	-0,0680654644966125
5,196872	-0,0726250410079956
5,305114	-0,0784789025783539
5,411720	-0,0858829617500305
5,522876	-0,0949922502040863
5,632095	-0,100318133831024
5,743146	-0,103498429059982
5,853673	-0,104103863239288
5,962828	-0,100004702806473
6,072296	-0,0934808850288391
6,182339	-0,0861136317253113
6,293091	-0,0778927206993103
6,404775	-0,0709928274154663
6,513279	-0,0676060318946838
6,623009	-0,0669788718223572
6,732190	-0,0700377821922302
6,839880	-0,0763530135154724
6,951174	-0,0839076042175293
7,060420	-0,0920969247817993
7,171405	-0,0984414517879486
7,281588	-0,103055745363235
7,391313	-0,104155540466309
7,500892	-0,101427853107452
7,609698	-0,0953709483146667
7,720664	-0,0873808264732361
7,830379	-0,0785073637962341
7,940697	-0,0730351805686951
8,048554	-0,0681552588939667
8,156902	-0,0670976340770721
8,266231	-0,0688859224319458
8,375648	-0,0735663175582886
8,484834	-0,0822835266590118
8,594071	-0,0910463929176331
8,702902	-0,0960319340229034
8,813016	-0,101707607507706
8,921970	-0,103813022375107
9,030380	-0,102621972560883
9,140445	-0,0976219177246094
9,251316	-0,0905259847640991
9,359991	-0,0829179286956787
9,469936	-0,0740622282028198
9,580746	-0,0692635774612427
9,691615	-0,067257285118103
9,802448	-0,0679581165313721
9,911806	-0,0726340711116791
10,020057	-0,0801518559455872
10,129619	-0,086843729019165
10,238445	-0,0947695374488831
10,348370	-0,100388497114182
10,456378	-0,104167878627777
10,566755	-0,103642672300339
10,677713	-0,0989353060722351
10,787860	-0,0926250517368317
10,898430	-0,0844188630580902
11,009759	-0,076903760433197
11,121381	-0,0701133012771606
11,233255	-0,0669128000736237
11,342846	-0,067650705575943
11,455242	-0,0709372460842133
11,565409	-0,0771039128303528
11,674362	-0,0850459933280945
11,784805	-0,0924963653087616
11,895609	-0,100169271230698
12,004848	-0,103461921215057
12,114099	-0,103312462568283
12,223298	-0,100245863199234
12,332716	-0,0938127934932709
12,442443	-0,0861948132514954
12,551452	-0,0785818099975586
12,660270	-0,071704089641571
12,769971	-0,0675908327102661
12,881621	-0,0669598281383514
12,992864	-0,0706214606761932
13,103425	-0,0768150389194489
13,214190	-0,0841025114059448
13,322714	-0,092200368642807
13,433394	-0,0978992581367493
13,543264	-0,1022127866745
13,652474	-0,103880375623703
13,762109	-0,101009786128998
13,871033	-0,0943860709667206
13,981663	-0,0882620513439178
14,091153	-0,0800309479236603
14,201320	-0,0733679234981537
14,311753	-0,0680341124534607
14,424060	-0,0667431652545929
14,534621	-0,069179505109787
14,646615	-0,07396399974823
14,758131	-0,0811911821365356
14,870274	-0,090535968542099
14,978217	-0,0983652174472809
15,085913	-0,102465331554413
15,194312	-0,103892236948013
15,301303	-0,102517068386078
15,410645	-0,0973588228225708
15,519294	-0,0899220108985901
15,626931	-0,0822693109512329
15,735751	-0,0750933587551117
15,847791	-0,0695931911468506
15,958007	-0,0675076842308044
16,068544	-0,0682189464569092
16,177105	-0,0721446573734283
16,286301	-0,0812769830226898
16,395945	-0,0875560641288757
16,505348	-0,0940980017185211
16,616058	-0,100979834794998
16,726851	-0,103640288114548
16,835356	-0,102921903133392
16,943504	-0,0981937050819397
17,052019	-0,0915265679359436
17,163109	-0,0850877165794373
17,271015	-0,0758857131004333
17,381553	-0,0710673332214355
17,490421	-0,0669959485530853
17,602460	-0,0669431984424591
17,713622	-0,0705297887325287
17,825129	-0,0761158168315887
17,937132	-0,0851427316665649
18,048012	-0,0927442312240601
18,160028	-0,0987271964550018
18,269435	-0,102600127458572
18,381414	-0,102248877286911
18,489918	-0,0994651317596436
18,599268	-0,0937932431697845
18,709311	-0,0846185386180878
18,818981	-0,0761784315109253
18,931161	-0,0701133012771606
19,041576	-0,067151814699173
19,153553	-0,0671380162239075
19,265055	-0,070031613111496
19,375423	-0,0761229395866394
19,485266	-0,0836434364318848
19,594685	-0,0912154912948608
19,704292	-0,0981889367103577
19,812254	-0,102245062589645
19,922362	-0,103071868419647
20,031148	-0,10027152299881
20,140657	-0,0929673612117767
20,252036	-0,0856044292449951
20,363269	-0,0776740610599518
20,473585	-0,0720910131931305
20,585108	-0,0675171911716461
20,697085	-0,0663901269435883
20,808616	-0,0690326988697052
20,918252	-0,0733978152275085
21,028422	-0,0813969373703003
21,139050	-0,0908987820148468
21,249151	-0,0965750813484192
21,359246	-0,101483404636383
21,468597	-0,103475660085678
21,579442	-0,101228803396225
21,691792	-0,0963543057441711
21,803299	-0,0891504883766174
21,912587	-0,0799460709095001
22,021698	-0,0744138956069946
22,131757	-0,0691685676574707
22,240225	-0,0670472681522369
22,348254	-0,0693495571613312
22,458531	-0,0731718838214874
22,570441	-0,0802135169506073
22,681776	-0,0878406167030334
22,792046	-0,097204864025116
22,902853	-0,100738883018494
23,013975	-0,103053838014603
23,124036	-0,101828217506409
23,233899	-0,097262054681778
23,342327	-0,0902132391929626
23,451509	-0,0826998353004456
23,562367	-0,0741116106510162
23,671813	-0,0685139298439026
23,781692	-0,0669166147708893
23,891438	-0,0672340095043182
24,000260	-0,071869283914566
24,109075	-0,0781891345977783
24,218423	-0,0856533050537109
24,327245	-0,094536304473877
24,436910	-0,0990938544273376
24,547309	-0,10265377163887
24,656609	-0,102029532194138
24,766525	-0,0979054570198059
24,875334	-0,0917609632015228
24,984721	-0,0826542973518372
25,095011	-0,0753960907459259
25,204163	-0,0716005563735962
25,316121	-0,0668130218982697
25,426269	-0,067005455493927
25,535807	-0,0707178711891174
25,647279	-0,0753761529922485
25,757966	-0,0842424035072327
25,870467	-0,0916680693626404
25,982691	-0,098066508769989
26,094527	-0,102118790149689
26,206812	-0,102286398410797
26,318622	-0,0992985367774963
26,428616	-0,0932911038398743
26,539911	-0,0844753086566925
26,651054	-0,0772002339363098
26,760364	-0,070888340473175
26,869982	-0,0672886371612549
26,979908	-0,0671218633651733
27,087077	-0,070473313331604
27,195163	-0,076559841632843
27,303264	-0,0825163424015045
27,413319	-0,0901880264282227
27,521462	-0,0971748232841492
27,629125	-0,101444959640503
27,737352	-0,103031069040298
27,847981	-0,10113188624382
27,959067	-0,0949283540248871
28,070746	-0,0879745781421661
28,179571	-0,080044686794281
28,286472	-0,0733460783958435
28,394878	-0,0688184499740601
28,505378	-0,0668638646602631
28,616259	-0,0691196322441101
28,723533	-0,0738458335399628
28,833525	-0,0793860852718353
28,944511	-0,0872748792171478
29,055184	-0,0953685641288757
29,164294	-0,100654244422913
29,275988	-0,102872550487518
29,386879	-0,100985527038574
29,496466	-0,0964592099189758
29,607831	-0,0893217027187347
29,719039	-0,0804629027843475
29,828578	-0,0747057199478149
29,938550	-0,0692231953144073
30,048798	-0,0668776333332062
30,156026	-0,0676316916942596
30,265847	-0,0712625086307526
30,375869	-0,0777129232883453
30,486373	-0,0862398743629456
30,594527	-0,0936706960201263
30,704510	-0,0986414849758148
30,814965	-0,101754605770111
30,926098	-0,101739883422852
31,034192	-0,0978992581367493
31,142445	-0,0915327370166779
31,252067	-0,0841328501701355
31,361165	-0,0741201639175415
31,473371	-0,0690122842788696
31,584863	-0,0666295886039734
31,695784	-0,0665531158447266
31,807156	-0,0709543228149414
31,916752	-0,0758316218852997
32,028688	-0,0846508145332336
32,140115	-0,0911983251571655
32,251875	-0,0991909503936768
32,360403	-0,102179080247879
32,471235	-0,10205802321434
32,580572	-0,0984209477901459
32,688818	-0,0911488234996796
32,799434	-0,0844795703887939
32,908608	-0,0781597197055817
33,018866	-0,0717235505580902
33,128663	-0,066803514957428
33,240686	-0,0664366781711578
33,348860	-0,0695552229881287
33,456744	-0,0742568075656891
33,567505	-0,08426234126091
33,678250	-0,0892988443374634
33,788892	-0,0964062809944153
33,899522	-0,101682424545288
34,008689	-0,10262006521225
34,119452	-0,100519746541977
34,228882	-0,0938342809677124
34,338679	-0,0865128338336945
34,449321	-0,0787809789180756
34,558311	-0,0718678534030914
34,665882	-0,0676715970039368
34,774360	-0,0661340057849884
34,882935	-0,0686004161834717
34,993103	-0,0729654133319855
35,104607	-0,0809294581413269
35,212460	-0,0875902771949768
35,320595	-0,0960157215595245
35,430723	-0,100161194801331
35,540931	-0,102857351303101
35,651605	-0,100635260343552
35,761949	-0,0956261157989502
35,871182	-0,088561475276947
35,981015	-0,0818255543708801
36,092262	-0,0747389197349548
36,202087	-0,0692759156227112
36,312001	-0,0662893652915955
36,423173	-0,0671855211257935
36,530672	-0,0724456310272217
36,641828	-0,0793898701667786
36,751564	-0,0859033763408661
36,862743	-0,0931676030158997
36,974279	-0,100077956914902
37,085773	-0,102584004402161
37,197817	-0,101744621992111
37,310306	-0,0978930592536926
37,422129	-0,089933454990387
37,531432	-0,082371711730957
37,640906	-0,075019359588623
37,750937	-0,0701014399528503
37,861202	-0,066609650850296
37,971589	-0,0669731497764587
38,082330	-0,0705753862857819
38,190110	-0,0779107213020325
38,298825	-0,0853590965270996
38,407611	-0,0918691456317902
38,519019	-0,0981241464614868
38,631012	-0,10174036026001
38,742576	-0,101784527301788
38,853002	-0,0976200103759766
38,962326	-0,0924839675426483
39,072973	-0,0836197435855865
39,184823	-0,0759497582912445
39,294994	-0,0694298148155212
39,406502	-0,0666148662567139
39,518004	-0,0664058029651642
39,628606	-0,070321798324585
39,738151	-0,0762073695659637
39,847582	-0,0826704204082489
39,957664	-0,0905135869979858
40,066868	-0,0981537103652954
40,177889	-0,102354258298874
40,288799	-0,102617204189301
40,401219	-0,100215405225754
40,511524	-0,0935324132442474
40,622045	-0,0857619643211365
40,730996	-0,0782389044761658
40,839310	-0,0715540647506714
40,947231	-0,0673689544200897
41,057870	-0,0665668845176697
41,169007	-0,0690721273422241
41,279721	-0,0747489035129547
41,391718	-0,0819933712482452
41,500351	-0,0896836519241333
41,611017	-0,0977849066257477
41,722711	-0,101753175258636
41,831618	-0,102852612733841
41,938950	-0,101120948791504
42,047786	-0,0959589779376984
42,159130	-0,0878406167030334
42,270244	-0,0799432396888733
42,380702	-0,072147011756897
42,492168	-0,0679576396942139
42,601362	-0,0665046274662018
42,712714	-0,0686583518981934
42,822512	-0,0725643038749695
42,934502	-0,0803334712982178
43,046038	-0,088280588388443
43,157033	-0,0952841341495514
43,269013	-0,10112476348877
43,376032	-0,102814644575119
43,483768	-0,100909501314163
43,592330	-0,0952149927616119
43,703397	-0,0891913771629333
43,812962	-0,0826523900032043
43,923993	-0,074385404586792
44,036154	-0,0689923465251923
44,147375	-0,0666238963603973
44,258199	-0,0675157606601715
44,367437	-0,0721983015537262
44,475757	-0,0802765786647797
44,586404	-0,0879456102848053
44,696931	-0,0941366255283356
44,806755	-0,10072460770607
44,915057	-0,102853089570999
45,022921	-0,102160096168518
45,131722	-0,097924530506134
45,241126	-0,0912373960018158
45,351799	-0,0836372673511505
45,462230	-0,076094925403595
45,571795	-0,071081131696701
45,681963	-0,0672221183776855
45,793520	-0,0670748353004456
45,904391	-0,0704011023044586
46,012720	-0,0773282647132874
46,122387	-0,0848652124404907
46,233318	-0,0926097929477692
46,345582	-0,0995607972145081
46,456566	-0,102471530437469
46,567411	-0,102629095315933
46,678121	-0,0981884598731995
46,788845	-0,0930822789669037
46,900805	-0,0854412019252777
47,012365	-0,0767343938350677
47,121932	-0,0709377229213715
47,231411	-0,067829817533493
47,339826	-0,0672453939914703
47,449104	-0,0704841911792755
47,560057	-0,0761324167251587
47,669622	-0,0836775898933411
47,777983	-0,0913164615631104
47,888745	-0,0980698466300964
47,997772	-0,102545559406281
48,107560	-0,103440582752228
48,216429	-0,100876241922379
48,327909	-0,0951720774173737
48,439926	-0,087781697511673
48,550627	-0,0789365172386169
48,662715	-0,0732914805412292
48,773820	-0,0684341490268707
48,881264	-0,0673532485961914
48,992621	-0,0689652562141418
49,103222	-0,0747906565666199
49,214562	-0,081696093082428
49,324152	-0,0907735228538513
49,433775	-0,0965879559516907
49,544408	-0,101966381072998
49,656421	-0,103516936302185
49,768081	-0,101400762796402
49,879697	-0,0963719487190247
49,991719	-0,0880748331546783
50,104006	-0,0789820551872253
50,213031	-0,0735169351100922
50,322087	-0,0683239102363586
50,433020	-0,0670966804027557
50,544294	-0,0693324506282806
50,655943	-0,0741775631904602
50,765223	-0,0812234282493591
50,874517	-0,089013546705246
50,984144	-0,0960390865802765
51,094085	-0,101319074630737
51,205220	-0,103431552648544
51,314368	-0,102163910865784
51,424661	-0,0978778004646301
51,534499	-0,0910602211952209
51,643449	-0,0833764672279358
51,753934	-0,0750094056129456
51,863578	-0,0696839392185211
51,974689	-0,067403644323349
52,082278	-0,0681063234806061
52,191498	-0,0719846785068512
52,301111	-0,0783930718898773
52,412618	-0,0858668386936188
52,524472	-0,0935285985469818
52,635852	-0,100386619567871
52,748223	-0,103246480226517
52,861076	-0,102520883083344
52,973345	-0,0991257429122925
53,083141	-0,0916894972324371
53,193809	-0,0827007591724396
53,301223	-0,0765247344970703
53,409949	-0,0709073543548584
53,520440	-0,0674302279949188
53,629918	-0,0677119791507721
53,739888	-0,0710269808769226
53,850849	-0,0767230093479156
53,961590	-0,0868665277957916
54,072539	-0,093127578496933
54,184313	-0,0992885529994965
54,294034	-0,103044837713242
54,403970	-0,10299688577652
54,514382	-0,0987343490123749
54,624545	-0,0922442078590393
54,734003	-0,0857947170734406
54,842737	-0,0783674418926239
54,952495	-0,0720520913600922
55,062671	-0,0682507455348969
55,172630	-0,0676526129245758
55,281558	-0,0715469121932983
55,388850	-0,0754274129867554
55,496328	-0,0826158821582794
55,604014	-0,0902379751205444
55,713582	-0,0982528030872345
55,823326	-0,102438300848007
55,934018	-0,103565335273743
56,043430	-0,101374179124832
56,154813	-0,096026211977005
56,264655	-0,0889517366886139
56,375359	-0,081184059381485
56,485327	-0,0732221901416779
56,595250	-0,0684132277965546
56,705570	-0,0673290193080902
56,817181	-0,0697675347328186
56,924696	-0,0739193856716156
57,031605	-0,0806236267089844
57,141348	-0,0884516835212708
57,249075	-0,0956284999847412
57,358397	-0,101578414440155
57,468163	-0,103466153144836
57,577815	-0,102428793907166
57,688870	-0,098350465297699
57,799105	-0,0905883312225342
57,908677	-0,0827903747558594
58,017922	-0,0756812393665314
58,127960	-0,0701688826084137
58,238376	-0,0673565864562988
58,349160	-0,068912535905838
58,459052	-0,0715607106685638
58,570575	-0,0777428150177002
58,682277	-0,0877788364887238
58,792592	-0,0950771570205688
58,900142	-0,0999024510383606
59,011237	-0,103165358304977
59,120583	-0,102088421583176
59,228702	-0,0985843241214752
59,338932	-0,0908863842487335
59,449336	-0,0845687389373779
59,558989	-0,0759412348270416
59,669115	-0,0711513757705688
59,777157	-0,0678673684597015
59,885473	-0,067795604467392
59,996036	-0,0721859335899353
60,106613	-0,0772860646247864
60,218228	-0,0846982598304749
60,328147	-0,0924177169799805
60,437679	-0,0987410247325897
60,549502	-0,102626234292984
60,659669	-0,103349477052689
60,769116	-0,100559175014496
60,878429	-0,0939944982528687
60,987645	-0,0864886045455933
61,097720	-0,0788582861423492
61,209133	-0,0725932717323303
61,322122	-0,0677556991577148
61,434415	-0,0676830112934113
61,543850	-0,0697803497314453
61,653249	-0,0758135914802551
61,762716	-0,0831289291381836
61,872694	-0,0907735228538513
61,983721	-0,0975275635719299
62,094928	-0,102631449699402
62,205416	-0,103214204311371
62,314633	-0,100345730781555
62,424507	-0,0956385135650635
62,534415	-0,0883675515651703
62,642280	-0,0808085501194
62,750560	-0,0739350616931915
62,861184	-0,0693162977695465
62,971125	-0,067653089761734
63,080268	-0,0695556998252869
63,188633	-0,0745334625244141
63,299132	-0,0813466608524323
63,408489	-0,0889892876148224
63,519266	-0,0961812138557434
63,627475	-0,101747006177902
63,736515	-0,103496074676514
63,845896	-0,102293014526367
63,956919	-0,0978987812995911
64,066563	-0,0913936495780945
64,175308	-0,0836728513240814
64,283893	-0,0753225386142731
64,394553	-0,070177435874939
64,504592	-0,0675956010818481
64,613022	-0,0684118270874023
64,722971	-0,0730465650558472
64,830855	-0,0794932246208191
64,938863	-0,0858905613422394
65,045959	-0,0932691693305969
65,157743	-0,100120306015015
65,267365	-0,103040099143982
65,375787	-0,102862596511841
65,485105	-0,0990438461303711
65,595954	-0,0928496122360229
65,707442	-0,0853154361248016
65,817481	-0,077970027923584
65,926974	-0,0710203647613525
66,036811	-0,0682754516601563
66,143203	-0,0680150985717773
66,252177	-0,0703597962856293
66,361183	-0,0769630372524261
66,471920	-0,0842025876045227
66,582133	-0,0918028950691223
66,690453	-0,0973788499832153
66,800203	-0,102766245603561
66,910005	-0,103339970111847
67,020778	-0,100916147232056
67,129728	-0,0955555140972137
67,240477	-0,0872226357460022
67,348902	-0,079531192779541
67,458392	-0,0739953219890594
67,569272	-0,0693851709365845
67,681209	-0,0674825012683868
67,790296	-0,0695053339004517
67,900014	-0,0742819607257843
68,009975	-0,0823442041873932
68,119386	-0,0900580883026123
68,229249	-0,0968492329120636
68,341306	-0,101627349853516
68,452239	-0,103371769189835
68,564881	-0,101082473993301
68,673236	-0,0960496068000793
68,780462	-0,0902256071567535
68,890326	-0,0825689435005188
68,999310	-0,0744936168193817
69,108760	-0,0695970058441162
69,219093	-0,0676597356796265
69,327623	-0,0688787698745728
69,438853	-0,0739435851573944
69,548612	-0,0795212388038635
69,658134	-0,0883152782917023
69,768149	-0,095499724149704
69,879776	-0,100883364677429
69,989713	-0,103267848491669
70,098310	-0,102489054203033
70,205893	-0,0984681248664856
70,316499	-0,0920321345329285
70,425155	-0,0832792520523071
70,533082	-0,0760992169380188
70,640864	-0,071503221988678
70,751515	-0,0681053698062897
70,859231	-0,0682255625724792
70,968885	-0,0721546113491058
71,078942	-0,0792831778526306
71,191042	-0,085538923740387
71,300946	-0,0931209027767181
71,410314	-0,0992542803287506
71,520767	-0,103342831134796
71,628782	-0,10353022813797
71,738644	-0,0999114811420441
71,850723	-0,094023585319519
71,959729	-0,0865436792373657
72,070739	-0,0790152549743652
72,180927	-0,0727931261062622
72,290722	-0,0688061118125916
72,402995	-0,0681381523609161
72,512035	-0,0702268183231354
72,621827	-0,0752267241477966
72,731013	-0,0822247266769409
72,840282	-0,0909954607486725
72,946843	-0,0976171493530273
73,057969	-0,102025747299194
73,167803	-0,1032455265522
73,278245	-0,101260155439377
73,387024	-0,0962899327278137
73,496350	-0,0892598628997803
73,605706	-0,0805032253265381
73,714245	-0,0737855732440948
73,823273	-0,0692863762378693
73,931979	-0,0677476525306702
74,043610	-0,0697309374809265
74,153220	-0,073712944984436
74,263040	-0,0814822614192963
74,372578	-0,0890587270259857
74,481471	-0,0960767865180969
74,591112	-0,100351899862289
74,700314	-0,102976948022842
74,809242	-0,102334320545197
74,918361	-0,0974856019020081
75,028603	-0,0910173356533051
75,138235	-0,0834300518035889
75,247867	-0,0763112604618073
75,356758	-0,070926308631897
75,464910	-0,0680578947067261
75,573863	-0,0684080123901367
75,682381	-0,0726179182529449
75,793115	-0,0787715017795563
75,902983	-0,0875389575958252
76,013414	-0,0935734212398529
76,123308	-0,0994584858417511
76,234280	-0,102803289890289
76,344641	-0,102462023496628
76,455045	-0,0988605320453644
76,564318	-0,0926870405673981
76,673128	-0,083985835313797
76,784273	-0,0779818594455719
76,894325	-0,0720155239105225
77,002820	-0,0685700178146362
77,114011	-0,0682189464569092
77,224775	-0,0708546042442322
77,334978	-0,0763022303581238
77,443118	-0,0845886766910553
77,552423	-0,0920645296573639
77,664354	-0,0984681248664856
77,775250	-0,102702170610428
77,885035	-0,103046715259552
77,993866	-0,100731730461121
78,102560	-0,0953690409660339
78,211071	-0,0883675515651703
78,320844	-0,0795880854129791
78,431319	-0,0732900500297546
78,541369	-0,0688384175300598
78,649683	-0,068016529083252
78,759649	-0,0701332688331604
78,867840	-0,0749182999134064
78,978957	-0,0816686153411865
79,087866	-0,0892964601516724
79,196642	-0,0971547961235046
79,305094	-0,101187467575073
79,412013	-0,103332370519638
79,521801	-0,10208460688591
79,631834	-0,0969212055206299
79,743327	-0,0901128351688385
79,852333	-0,0825480818748474
79,962116	-0,0756784081459045
80,070482	-0,0705017745494843
80,179523	-0,0681666731834412
80,288972	-0,068936288356781
80,399733	-0,0735131502151489
80,506781	-0,0799764394760132
80,617082	-0,0861288011074066
80,724336	-0,0934060215950012
80,831070	-0,100162148475647
80,940771	-0,102907210588455
81,047836	-0,102808952331543
81,156339	-0,0997692048549652
81,263926	-0,092795729637146
81,371515	-0,0854990780353546
81,480876	-0,0781094431877136
81,591539	-0,0721679329872131
81,700364	-0,0683894753456116
81,809605	-0,0681143999099731
81,919212	-0,0707890689373016
82,031055	-0,077148050069809
82,138654	-0,0842841565608978
82,249471	-0,0918219685554504
82,360016	-0,0980903506278992
82,469927	-0,102113097906113
82,580546	-0,103022038936615
82,690084	-0,0998748540878296
82,799618	-0,0954329371452332
82,908613	-0,0870944261550903
83,020616	-0,07964688539505
83,132553	-0,0733375251293182
83,241575	-0,0691125094890594
83,352146	-0,0679419338703156
83,463157	-0,0698715448379517
83,572586	-0,0745505690574646
83,682169	-0,0813390612602234
83,792103	-0,0899876654148102
83,902003	-0,0976657569408417
84,010975	-0,101354718208313
84,121263	-0,10284548997879
84,229515	-0,101316213607788
84,339379	-0,0966523289680481
84,449560	-0,0898905992507935
84,559280	-0,0812035202980042
84,667395	-0,0744219422340393
84,777842	-0,06920325756073
84,886225	-0,0679695010185242
84,995933	-0,0689970850944519
85,105201	-0,0732373893260956
85,214369	-0,0807312726974487
85,324299	-0,086962878704071
85,432169	-0,0942091047763824
85,539965	-0,0997030735015869
85,651327	-0,102623403072357
85,761949	-0,102277845144272
85,871572	-0,0978363752365112
85,981775	-0,0915603935718536
86,092532	-0,0840465426445007
86,203495	-0,0758377909660339
86,312546	-0,0713270902633667
86,423843	-0,0679414868354797
86,532250	-0,0685358047485352
86,642149	-0,0720307230949402
86,752735	-0,0779557824134827
86,863634	-0,0853002667427063
86,972501	-0,0925983786582947
87,082375	-0,0986714959144592
87,192138	-0,102514714002609
87,300214	-0,102575927972794
87,411476	-0,0997720658779144
87,521340	-0,093045562505722
87,628868	-0,0857230424880981
87,739341	-0,077243834733963
87,850295	-0,0722286701202393
87,961737	-0,0685186982154846
88,071769	-0,0679338574409485
88,180103	-0,0700838565826416
88,290787	-0,0751991868019104
88,402055	-0,0820772647857666
88,511354	-0,0907787680625916
88,621655	-0,0973049700260162
88,733342	-0,101492911577225
88,843006	-0,102611988782883
88,954220	-0,0999795198440552
89,064955	-0,0935085415840149
89,176242	-0,0875684320926666
89,285924	-0,0800707936286926
89,396845	-0,0727404057979584
89,508167	-0,0688293874263763
89,618141	-0,0678260028362274
89,728930	-0,0694511830806732
89,839549	-0,0759127736091614
89,950254	-0,0816600620746613
90,059729	-0,0891889929771423
90,167575	-0,0968940258026123
90,275646	-0,101830124855042
90,384959	-0,102742999792099
90,492978	-0,101355165243149
90,602301	-0,0960939526557922
90,710197	-0,0879964232444763
90,821580	-0,0806056261062622
90,929621	-0,0760764479637146
91,037198	-0,0700482428073883
91,144843	-0,0678915679454803
91,253058	-0,0692716538906097
91,361459	-0,0718526840209961
91,471633	-0,0789047479629517
91,581397	-0,0861696302890778
91,692185	-0,0945420265197754
91,801379	-0,0999048352241516
91,911528	-0,102482438087463
92,021304	-0,101941704750061
92,132877	-0,0981675088405609
92,244418	-0,0920235514640808
92,355554	-0,0834494829177856
92,462769	-0,0763131678104401
92,571111	-0,0716693997383118
92,679636	-0,0680302977561951
92,790367	-0,0682170391082764
92,901011	-0,0715151131153107
93,010871	-0,0771632194519043
93,120708	-0,0831038057804108
93,232734	-0,0917366743087769
93,342796	-0,0986924469470978
93,452020	-0,102053254842758
93,561295	-0,102398872375488
93,670481	-0,0991252660751343
93,780181	-0,093494713306427
93,889686	-0,0862598121166229
93,997900	-0,0789417624473572
94,108002	-0,0727608203887939
94,217338	-0,0683828294277191
94,328226	-0,0678088963031769
94,438651	-0,0705174505710602
94,545267	-0,0757457613945007
94,654302	-0,081514984369278
94,764570	-0,0889127552509308
94,873955	-0,0967142879962921
94,983633	-0,101605951786041
95,093579	-0,102530837059021
95,201033	-0,100161194801331
95,309603	-0,0959847271442413
95,418352	-0,0892227590084076
95,527043	-0,0818482935428619
95,634858	-0,0750226974487305
95,743209	-0,0695946216583252
95,852710	-0,0679129660129547
95,962223	-0,0688664317131042
96,071148	-0,0727992653846741
96,180858	-0,0800845623016357
96,290279	-0,0875204503536224
96,399020	-0,0946555435657501
96,508449	-0,0999785661697388
96,617784	-0,102717369794846
96,726720	-0,102145850658417
96,836388	-0,0984228551387787
96,947137	-0,0923662185668945
97,057924	-0,0837088823318481
97,167864	-0,0766807794570923
97,277395	-0,071984201669693
97,385704	-0,0682664215564728
97,495823	-0,0688213109970093
97,605408	-0,0716342926025391
97,715309	-0,0784106254577637
97,826057	-0,0857050120830536
97,933559	-0,0928763151168823
98,041861	-0,0979583561420441
98,152381	-0,102099359035492
98,263069	-0,10226121544838
98,373683	-0,0993128418922424
98,484853	-0,0936425626277924
98,594607	-0,0852642059326172
98,704939	-0,0780719816684723
98,815939	-0,0721408426761627
98,926396	-0,0684018135070801
99,037276	-0,0681543052196503
99,148000	-0,0706974267959595
99,258183	-0,0759435892105103
99,370263	-0,0827737748622894
99,480903	-0,0913950800895691
99,589539	-0,097659558057785
99,697386	-0,101564645767212
99,805608	-0,10234808921814
99,914199	-0,100142180919647
100,025359	-0,0949955880641937
100,135063	-0,0881061851978302
100,243962	-0,0806146264076233
100,353018	-0,0740964114665985
100,461081	-0,0690246224403381
100,569743	-0,0677424073219299
100,679859	-0,0691671669483185
100,788867	-0,0742862522602081
100,898636	-0,0809204280376434
101,009212	-0,0895928144454956
101,117456	-0,0952068865299225
101,226557	-0,10028675198555
101,334877	-0,102532267570496
101,446214	-0,100965559482574
101,557852	-0,0965002179145813
101,668619	-0,0898501574993134
101,777940	-0,0825035274028778
101,886733	-0,0746544599533081
101,995232	-0,0705326497554779
102,105625	-0,0681604743003845
102,216795	-0,0687818825244904
102,324425	-0,0732445120811462
102,434702	-0,0783783495426178
102,544998	-0,0868190228939056
102,654725	-0,0939687490463257
102,766754	-0,0995265245437622
102,877786	-0,10238179564476
102,988590	-0,101790219545364
103,100147	-0,0969150066375732
103,212124	-0,0904440879821777
103,321151	-0,0855379700660706
103,429597	-0,0760546028614044
103,539458	-0,0715664029121399
103,648169	-0,0684284567832947
103,759895	-0,0682806670665741
103,870504	-0,0728638172149658
103,980076	-0,0789133012294769
104,088653	-0,0837283134460449
104,198226	-0,0911154747009277
104,305965	-0,0982189774513245
104,415404	-0,102167695760727
104,525232	-0,102303445339203
104,635772	-0,0995717644691467
104,744453	-0,0942239165306091
104,855663	-0,0871537923812866
104,965955	-0,0787093639373779
105,075971	-0,0727095603942871
105,186121	-0,0689529180526733
105,296103	-0,0682222545146942
105,406617	-0,0704718828201294
105,515443	-0,0754430592060089
105,624108	-0,0822598338127136
105,734313	-0,0895870923995972
105,842995	-0,0962746739387512
105,952673	-0,101412653923035
106,061945	-0,102486222982407
106,172012	-0,100621938705444
106,280917	-0,0946708023548126
106,389570	-0,0889707505702972
106,499907	-0,0816226005554199
106,608878	-0,0749382376670837
106,718774	-0,0702652633190155
106,827967	-0,0682065784931183
106,937532	-0,0698102712631226
107,046453	-0,0742420852184296
107,157628	-0,0794747471809387
107,267225	-0,088002622127533
107,378278	-0,0949159562587738
107,486621	-0,100685656070709
107,598060	-0,102541744709015
107,707942	-0,100771188735962
107,816385	-0,0960777401924133
107,926145	-0,0917909741401672
108,034341	-0,0844606161117554
108,143863	-0,0763582289218903
108,253724	-0,0711243450641632
108,364604	-0,0684298872947693
108,475852	-0,0688555240631104
108,586645	-0,0729953050613403
108,696983	-0,080227255821228
108,805856	-0,0863300561904907
108,913417	-0,0934093594551086
109,025603	-0,0991357564926147
109,135753	-0,102281630039215
109,246097	-0,101903706789017
109,356565	-0,099145770072937
109,466450	-0,0922689735889435
109,576598	-0,0850564241409302
109,686625	-0,0779989361763
109,795703	-0,0722244083881378
109,904959	-0,068963348865509
110,015243	-0,068611353635788
110,123864	-0,0712468326091766
110,231960	-0,0776394307613373
110,341199	-0,0846138000488281
110,449590	-0,0907225906848907
110,559485	-0,097146213054657
110,669000	-0,101725161075592
110,777563	-0,102522313594818
110,885697	-0,0999966263771057
110,996131	-0,0948105454444885
111,103956	-0,087957501411438
111,212305	-0,0805686414241791
111,321624	-0,0733413100242615
111,430128	-0,0698682069778442
111,538463	-0,0682592988014221
111,647281	-0,0704053938388824
111,756052	-0,0741381645202637
111,865737	-0,0805202722549438
111,972705	-0,0902555882930756
112,080309	-0,0947165787220001
112,189169	-0,0999785661697388
112,300748	-0,102566421031952
112,411956	-0,101338565349579
112,520075	-0,0971886515617371
112,632736	-0,0907697081565857
112,744243	-0,0822683572769165
112,853304	-0,0755479335784912
112,963813	-0,0705868005752563
113,073798	-0,0685547888278961
113,184081	-0,0691528916358948
113,293365	-0,0728609561920166
113,402140	-0,0788691937923431
113,512400	-0,0860030651092529
113,622203	-0,0942277312278748
113,730136	-0,0988576710224152
113,838596	-0,102006286382675
113,949304	-0,102106928825378
114,058507	-0,0982280373573303
114,168768	-0,0922808945178986
114,278889	-0,0851470232009888
114,388606	-0,0780055820941925
114,500253	-0,0715977251529694
114,610133	-0,0687006413936615
114,720324	-0,0685547888278961
114,829579	-0,0712530016899109
114,938084	-0,0775061249732971
115,047388	-0,0858051478862762
115,157233	-0,0918791592121124
115,266718	-0,0979926586151123
115,375227	-0,101900398731232
115,486702	-0,10270881652832
115,594431	-0,100321471691132
115,702816	-0,0942110121250153
115,811797	-0,0871200859546661
115,923540	-0,079914778470993
116,035558	-0,0737395286560059
116,145388	-0,0696867704391479
116,257247	-0,0686954259872437
116,368783	-0,0710597634315491
116,479854	-0,0750933587551117
116,590987	-0,0828752517700195
116,700777	-0,0901299715042114
116,809779	-0,0966937839984894
116,918508	-0,101130932569504
117,028693	-0,102621495723724
117,139216	-0,100488364696503
117,248155	-0,0944666564464569
117,358626	-0,0899614989757538
117,467541	-0,0814789533615112
117,577394	-0,0749538838863373
117,686815	-0,0704096555709839
117,798627	-0,0685576498508453
117,907065	-0,070252925157547
118,016703	-0,0747517347335815
118,126216	-0,0800105631351471
118,235706	-0,0884492993354797
118,345361	-0,095247894525528
118,455154	-0,100217789411545
118,564964	-0,102477222681046
118,673887	-0,101109087467194
118,783734	-0,0967152416706085
118,893992	-0,0903260409832001
119,002788	-0,0842324495315552
119,113183	-0,0773136019706726
119,221590	-0,0712620317935944
119,330837	-0,0687348544597626
119,442313	-0,0693162977695465
119,550805	-0,0727551281452179
119,659705	-0,0785125494003296
119,767767	-0,0856452286243439
119,876364	-0,0938256680965424
119,985931	-0,0986062288284302
120,095436	-0,102341920137405
120,205181	-0,102145373821259
120,315311	-0,0990076661109924
120,424803	-0,0932968258857727
120,533988	-0,0863029956817627
120,642393	-0,0793329775333405
120,752544	-0,0734803974628448
120,861773	-0,0696829855442047
120,971334	-0,0693305432796478
121,080315	-0,0723293125629425
121,191852	-0,0766722559928894
121,303800	-0,0857676565647125
121,411656	-0,0930198132991791
121,522199	-0,0981713235378265
121,633583	-0,10270169377327
121,743616	-0,103438675403595
121,854320	-0,100270569324493
121,963668	-0,0968802273273468
122,075197	-0,089123398065567
122,184978	-0,0819208025932312
122,294266	-0,0756978392601013
122,403661	-0,071453869342804
122,513168	-0,0699917078018188
122,622144	-0,0727484822273254
122,732648	-0,0778675675392151
122,843813	-0,0835111141204834
122,955377	-0,0896408557891846
123,066341	-0,0985662341117859
123,176162	-0,103022515773773
123,285131	-0,104497134685516
123,394400	-0,103334754705429
123,504282	-0,0982485115528107
123,613916	-0,0915813446044922
123,722852	-0,084148496389389
123,832925	-0,0773074328899384
123,942791	-0,0716015100479126
124,051648	-0,0697869956493378
124,161603	-0,0707971453666687
124,273195	-0,0747906565666199
124,383927	-0,0809915661811829
124,493974	-0,0894600749015808
124,603026	-0,0963605046272278
124,713130	-0,100787341594696
124,822749	-0,103606641292572
124,933924	-0,103311508893967
125,045395	-0,0998477339744568
125,156444	-0,0927842855453491
125,268571	-0,085478663444519
125,380071	-0,0783731341362
125,491431	-0,0728130340576172
125,603475	-0,0696753859519958
125,714135	-0,0698378086090088
125,824694	-0,0732093751430511
125,933721	-0,0788962244987488
126,041765	-0,0872568488121033
126,152785	-0,0931795239448547
126,259827	-0,0990795791149139
126,369203	-0,102594435214996
126,476667	-0,102734446525574
126,583457	-0,0995374917984009
126,690975	-0,0937832295894623
126,798600	-0,0878600776195526
126,907382	-0,0783461034297943
127,017789	-0,0734101533889771
127,127002	-0,0702130496501923
127,235260	-0,0694350600242615
127,344522	-0,0741599798202515
127,455339	-0,0816799700260162
127,563765	-0,0914079248905182
127,672854	-0,100255846977234
127,782393	-0,111835509538651
127,890462	-0,11827889084816
128,000216	-0,122892469167709
128,108611	-0,123223751783371
128,218509	-0,117845952510834
128,328120	-0,10973072052002
128,437915	-0,103244602680206
128,548597	-0,0916642546653748
128,658902	-0,0821583271026611
128,767370	-0,0778035521507263
128,877720	-0,0761736929416656
128,988382	-0,0794287621974945
129,097039	-0,086033433675766
129,208599	-0,0951429605484009
129,319409	-0,104950219392776
129,429745	-0,113731265068054
129,537831	-0,119872331619263
129,647745	-0,122059911489487
129,757641	-0,119342058897018
129,867293	-0,112823247909546
129,977043	-0,103866159915924
130,086406	-0,0941361486911774
130,196932	-0,0853230357170105
130,306028	-0,0791091322898865
130,413811	-0,0764630436897278
130,522049	-0,0785144567489624
130,631683	-0,0843552947044373
130,742979	-0,0928705930709839
130,853579	-0,101051092147827
130,963521	-0,112032413482666
131,073911	-0,118137180805206
131,182741	-0,122722744941711
131,293195	-0,121697664260864
131,403475	-0,115513414144516
131,515622	-0,10856506228447
131,625493	-0,0955559909343719
131,735636	-0,08791184425354
131,847125	-0,0808749198913574
131,956667	-0,0771603882312775
132,065837	-0,0780183970928192
132,175430	-0,0828809440135956
132,284214	-0,0908016562461853
132,394166	-0,0988034009933472
132,502294	-0,109858900308609
132,611158	-0,117484897375107
132,719681	-0,121674418449402
132,828553	-0,121549814939499
132,938606	-0,11613917350769
133,048062	-0,109387814998627
133,155727	-0,0996483564376831
133,266458	-0,0883319079875946
133,375545	-0,0805378258228302
133,483527	-0,0761428475379944
133,593262	-0,075498104095459
133,703368	-0,0793424546718597
133,814066	-0,086557924747467
133,926534	-0,0959995090961456
134,037526	-0,107696056365967
134,149709	-0,116183191537857
134,258844	-0,121390074491501
134,369905	-0,122488647699356
134,481861	-0,119970321655273
134,593152	-0,111945420503616
134,703360	-0,102564990520477
134,811779	-0,0925135016441345
134,920767	-0,0826623737812042
135,031172	-0,0773425102233887
135,139483	-0,0761162936687469
135,250637	-0,0787349939346313
135,359092	-0,083854466676712
135,468351	-0,0958597958087921
135,579197	-0,104280322790146
135,689193	-0,113436043262482
135,799686	-0,120115846395493
135,911260	-0,122820138931274
136,022168	-0,119577765464783
136,131971	-0,112609922885895
136,240421	-0,104816913604736
136,350528	-0,0947556793689728
136,459444	-0,0841968953609467
136,570066	-0,0780003666877747
136,681168	-0,0757300853729248
136,790512	-0,0773074328899384
136,898482	-0,0841399729251862
137,008654	-0,091431736946106
137,119460	-0,101339012384415
137,228932	-0,110950499773026
137,339094	-0,119282066822052
137,447204	-0,122114360332489
137,557522	-0,121081352233887
137,667358	-0,115596175193787
137,776426	-0,10864070057869
137,887327	-0,098916232585907
137,998495	-0,0877052247524261
138,110004	-0,0795046091079712
138,219921	-0,076168954372406
138,331288	-0,076531857252121
138,441313	-0,0817458629608154
138,550209	-0,0896089673042297
138,659183	-0,0994051694869995
138,769568	-0,109151721000671
138,879248	-0,117137521505356
138,989166	-0,122230798006058
139,098101	-0,122246414422989
139,207829	-0,117332965135574
139,317806	-0,109407812356949
139,427128	-0,0996783375740051
139,538260	-0,0885158181190491
139,646242	-0,0832057297229767
139,754956	-0,0772599875926971
139,863410	-0,0764564275741577
139,973213	-0,0805212259292603
140,081985	-0,0864008069038391
140,191459	-0,0988629162311554
140,300228	-0,106988251209259
140,407332	-0,114243805408478
140,517688	-0,120880663394928
140,625777	-0,122179687023163
140,734501	-0,119202971458435
140,843244	-0,11233976483345
140,952022	-0,103168666362762
141,062550	-0,091696172952652
141,171097	-0,0844990313053131
141,280229	-0,0778438448905945
141,390766	-0,0761267244815826
141,499537	-0,0785713791847229
141,610222	-0,0847257673740387
141,720463	-0,0934742093086243
141,829685	-0,103422522544861
141,940184	-0,113961458206177
142,050453	-0,119357764720917
142,159958	-0,122406363487244
142,269078	-0,120338320732117
142,375881	-0,114292621612549
142,486690	-0,107069462537766
142,599383	-0,0971528887748718
142,710366	-0,0863637626171112
142,820934	-0,0795349776744843
142,930235	-0,0762324929237366
143,038286	-0,0775716304779053
143,147994	-0,0828126668930054
143,257602	-0,0895599722862244
143,366636	-0,100882411003113
143,476379	-0,108833819627762
143,585441	-0,11881360411644
143,696861	-0,121786683797836
143,804373	-0,121519476175308
143,915304	-0,117095470428467
144,025619	-0,107779175043106
144,135172	-0,0998439192771912
144,244354	-0,0903564989566803
144,353330	-0,0816017687320709
144,460474	-0,0773287415504456
144,570001	-0,0774781703948975
144,679504	-0,0804534256458282
144,791684	-0,0885277390480042
144,903217	-0,0977005362510681
145,012299	-0,107371538877487
145,123144	-0,115573227405548
145,232561	-0,12129670381546
145,343247	-0,121817946434021
145,454730	-0,118020206689835
145,562653	-0,112205892801285
145,671704	-0,101500511169434
145,781029	-0,0903027057647705
145,890417	-0,083697497844696
145,999697	-0,0777873992919922
146,107849	-0,0769772827625275
146,218337	-0,0801461935043335
146,328500	-0,0853785574436188
146,438547	-0,0941380560398102
146,548491	-0,105473577976227
146,659210	-0,114184945821762
146,767496	-0,120262265205383
146,877581	-0,12231832742691
146,986766	-0,119412064552307
147,097067	-0,112761080265045
147,205941	-0,103642672300339
147,314867	-0,0955493152141571
147,424139	-0,0851787924766541
147,534152	-0,0790863931179047
147,641797	-0,0766826868057251
147,752268	-0,0782119035720825
147,861223	-0,0847902595996857
147,970450	-0,0933898091316223
148,079784	-0,101482003927231
148,187997	-0,112321138381958
148,298794	-0,119104325771332
148,409030	-0,122207134962082
148,520084	-0,121621370315552
148,628132	-0,115846902132034
148,736682	-0,106074839830399
148,847535	-0,0979669392108917
148,957420	-0,0885433852672577
149,066790	-0,0803429484367371
149,176205	-0,076836884021759
149,284875	-0,0770322978496552
149,393204	-0,0809427201747894
149,500794	-0,0894648432731628
149,608790	-0,099009096622467
149,719022	-0,107037156820297
149,830081	-0,115326315164566
149,939531	-0,121302843093872
150,048521	-0,121492475271225
150,158359	-0,11731481552124
150,266649	-0,109676450490952
150,376999	-0,100172609090805
150,487440	-0,0892432332038879
150,597860	-0,0839137434959412
150,705462	-0,0779078900814056
150,814674	-0,0769402682781219
150,924463	-0,0798341929912567
151,033776	-0,0877769291400909
151,143704	-0,0969054698944092
151,254241	-0,10656327009201
151,362017	-0,115086555480957
151,471384	-0,119889914989471
151,580617	-0,122140407562256
151,689984	-0,119458734989166
151,800145	-0,111540704965591
151,909101	-0,105585068464279
152,016885	-0,0942453742027283
152,124481	-0,0842613875865936
152,232455	-0,0793813467025757
152,342037	-0,0767415165901184
152,451488	-0,07822185754776
152,560424	-0,083512544631958
152,668658	-0,0916056334972382
152,776893	-0,101341873407364
152,884612	-0,112097412347794
152,991832	-0,118050783872604
153,099638	-0,122004061937332
153,209433	-0,121142536401749
153,317552	-0,116014808416367
153,426175	-0,109331160783768
153,536859	-0,0997021496295929
153,645840	-0,0886997878551483
153,755232	-0,0803301334381104
153,865458	-0,0768193006515503
153,976082	-0,0769895911216736
154,085885	-0,0816714465618134
154,196036	-0,0892589092254639
154,305370	-0,0971214473247528
154,414183	-0,106756508350372
154,523211	-0,117365449666977
154,633117	-0,121110767126083
154,744253	-0,121760159730911
154,855436	-0,118245035409927
154,965606	-0,109616875648499
155,076028	-0,0985738635063171
155,186993	-0,0921612679958344
155,295168	-0,0837937593460083
155,404538	-0,077791690826416
155,513551	-0,0766708254814148
155,623992	-0,0795700550079346
155,732965	-0,0860609412193298
155,842725	-0,094889223575592
155,952049	-0,10463473200798
156,062170	-0,113460451364517
156,170981	-0,120256096124649
156,279313	-0,121819376945496
156,388105	-0,119283020496368
156,495196	-0,114145696163177
156,604154	-0,103995680809021
156,712836	-0,0941814482212067
156,820932	-0,0854663252830505
156,928748	-0,0800504088401794
157,036668	-0,0764725506305695
157,144566	-0,0779519975185394
157,256130	-0,0830369591712952
157,365033	-0,0911164283752441
157,474254	-0,104045480489731
157,585699	-0,110111474990845
157,695481	-0,117615282535553
157,803045	-0,121581077575684
157,913917	-0,120859771966934
158,021408	-0,115923434495926
158,132113	-0,107720255851746
158,242597	-0,0981265306472778
158,350226	-0,0887901186943054
158,461317	-0,0812594294548035
158,572571	-0,0768212080001831
158,683253	-0,0768188238143921
158,791246	-0,0814144909381866
158,900378	-0,088939368724823
159,010557	-0,0998405814170837
159,121773	-0,107824802398682
159,231669	-0,115836352109909
159,340290	-0,121064782142639
159,450933	-0,121489644050598
159,558184	-0,117032378911972
159,668152	-0,108082890510559
159,776178	-0,100202590227127
159,885081	-0,0920697748661041
159,994041	-0,0826367437839508
160,100966	-0,0775924623012543
160,208347	-0,0765413343906403
160,318803	-0,0784361958503723
160,428111	-0,0867359340190887
160,538506	-0,0941967070102692
160,649355	-0,103935420513153
160,758689	-0,113916963338852
160,867658	-0,119709610939026
160,977512	-0,121445536613464
161,087574	-0,118948966264725
161,197090	-0,114024639129639
161,305058	-0,103907883167267
161,415109	-0,0942997336387634
161,527024	-0,0855925679206848
161,636072	-0,0792717933654785
161,744000	-0,076562225818634
161,854158	-0,0778196454048157
161,963192	-0,082843005657196
162,071149	-0,0924072265625
162,181639	-0,101963520050049
162,292210	-0,111124277114868
162,401657	-0,118056029081345
162,510676	-0,121540307998657
162,620515	-0,120574444532394
162,731005	-0,115601927042007
162,840087	-0,107595801353455
162,949833	-0,0964592099189758
163,059786	-0,0873185992240906
163,168721	-0,0804429948329926
163,278737	-0,0768914222717285
163,389110	-0,0772552490234375
163,498002	-0,0815780162811279
163,608817	-0,0890164077281952
163,720178	-0,0983804762363434
163,829368	-0,109457820653915
163,938665	-0,117003202438354
164,049079	-0,121304750442505
164,158445	-0,121378719806671
164,266837	-0,117235958576202
164,374603	-0,109797924757004
164,484387	-0,100350469350815
164,594856	-0,0907530784606934
164,704075	-0,0817434787750244
164,811437	-0,0777053534984589
164,920161	-0,076537549495697
165,029624	-0,0793063938617706
165,140085	-0,0869225561618805
165,250161	-0,0960753560066223
165,360377	-0,105703234672546
165,470952	-0,115486621856689
165,581602	-0,120615720748901
165,690455	-0,121787637472153
165,799172	-0,119413495063782
165,907453	-0,111770987510681
166,017384	-0,102722585201263
166,127475	-0,0915360748767853
166,237284	-0,0845455229282379
166,346447	-0,0787990093231201
166,457587	-0,076649010181427
166,567403	-0,078495979309082
166,677092	-0,0853406190872192
166,785903	-0,0939415693283081
166,894837	-0,103657871484756
167,004597	-0,113858550786972
167,114933	-0,119020462036133
167,226031	-0,121822237968445
167,338478	-0,118865072727203
167,449226	-0,113605439662933
167,559795	-0,10653430223465
167,667477	-0,0936935842037201
167,777686	-0,0864739120006561
167,889335	-0,0799944400787354
168,000040	-0,0769540071487427
168,109349	-0,0785519480705261
168,218471	-0,0850426554679871
168,329130	-0,0920526087284088
168,437464	-0,10007843375206
168,546595	-0,112193465232849
168,656162	-0,118932783603668
168,764786	-0,121663063764572
168,873327	-0,121093243360519
168,982397	-0,116542816162109
169,091568	-0,108623564243317
169,200611	-0,0992338359355927
169,310457	-0,0898753702640533
169,417765	-0,0803913176059723
169,528448	-0,0774999856948853
169,638313	-0,077170342206955
169,746122	-0,0814244449138641
169,856250	-0,0886703133583069
169,965795	-0,0978182554244995
170,074868	-0,107455611228943
170,184254	-0,116650402545929
170,294621	-0,120706915855408
170,405995	-0,121944397687912
170,514884	-0,118812650442123
170,626292	-0,110740035772324
170,737051	-0,101552307605743
170,847134	-0,0919520556926727
170,957417	-0,0839275121688843
171,065705	-0,078088104724884
171,174046	-0,0770669281482697
171,283646	-0,0795639157295227
171,392897	-0,0855123400688171
171,500740	-0,0957376956939697
171,608049	-0,105324566364288
171,717805	-0,112608015537262
171,827832	-0,11916247010231
171,937232	-0,121935874223709
172,046899	-0,119849026203156
172,156195	-0,113918393850327
172,265702	-0,10526716709137
172,374475	-0,0941428244113922
172,483098	-0,086797684431076
172,591697	-0,0802585482597351
172,699542	-0,0770840048789978
172,810051	-0,0785396099090576
172,919656	-0,0849847793579102
173,027650	-0,0903941094875336
173,136980	-0,101299613714218
173,246056	-0,110465735197067
173,355739	-0,117571830749512
173,463902	-0,121252596378326
173,571222	-0,12080329656601
173,679588	-0,116283148527145
173,787864	-0,107153058052063
173,894645	-0,0993151962757111
174,004363	-0,0886493921279907
174,113888	-0,0825708508491516
174,222707	-0,0781203508377075
174,332316	-0,0777475833892822
174,442160	-0,0826030969619751
174,550456	-0,0887221395969391
174,662091	-0,0978006422519684
174,772055	-0,107242345809937
174,883771	-0,115269362926483
174,993394	-0,120881140232086
175,103982	-0,121569722890854
175,214298	-0,117694586515427
175,324514	-0,110674202442169
175,433910	-0,101604521274567
175,544165	-0,0921984612941742
175,654276	-0,0831739902496338
175,764019	-0,0781132280826569
175,875487	-0,0775398313999176
175,987233	-0,0807014107704163
176,099651	-0,0871001183986664
176,210592	-0,095904141664505
176,320744	-0,105338335037231
176,432709	-0,115057408809662
176,541560	-0,120367765426636
176,654102	-0,121744066476822
176,763229	-0,119051456451416
176,874721	-0,111264646053314
176,984529	-0,103867560625076
177,095278	-0,0913745760917664
177,206792	-0,0846991837024689
177,318360	-0,0793139934539795
177,429781	-0,0775616466999054
177,539136	-0,0803111791610718
177,650640	-0,0865360796451569
177,760241	-0,0950652360916138
177,868960	-0,104543149471283
177,978895	-0,114318937063217
178,087097	-0,119800984859467
178,197739	-0,121519953012466
178,308003	-0,118983775377274
178,419562	-0,112794041633606
178,530458	-0,102624326944351
178,641713	-0,0946822464466095
178,752244	-0,0861411690711975
178,862312	-0,0800001323223114
178,971274	-0,0772722959518433
179,080045	-0,0785239338874817
179,189446	-0,0845009088516235
179,300563	-0,0941628515720367
179,409599	-0,102039515972137
179,519746	-0,109496891498566
179,630422	-0,118484526872635
179,741351	-0,120950400829315
179,853056	-0,120073527097702
179,964358	-0,11421462893486
180,075614	-0,106034487485886
180,186568	-0,0951534509658813
180,298597	-0,0865650475025177
180,407160	-0,0810911059379578
180,517162	-0,0774520933628082
180,626480	-0,0784471035003662
180,737244	-0,0842666029930115
180,844861	-0,0908444821834564
180,953718	-0,101597905158997
181,063377	-0,109156012535095
181,174888	-0,116538047790527
181,284583	-0,120880663394928
181,395323	-0,12032026052475
181,505198	-0,115667462348938
181,613716	-0,109396398067474
181,724306	-0,100367099046707
181,835534	-0,0881693959236145
181,945443	-0,0813433527946472
182,052325	-0,0776432156562805
182,163748	-0,0774520933628082
182,272336	-0,0827970206737518
182,382341	-0,088841438293457
182,489597	-0,0979216694831848
182,598382	-0,107296496629715
182,708947	-0,116221934556961
182,819499	-0,120209991931915
182,930285	-0,121225565671921
183,040034	-0,118119031190872
183,148824	-0,111591815948486
183,259247	-0,101126670837402
183,370999	-0,093372642993927
183,479161	-0,0840418040752411
183,588247	-0,0789185166358948
183,698891	-0,0777750611305237
183,808717	-0,0808061957359314
183,917579	-0,0860111117362976
184,027622	-0,0944928824901581
184,137860	-0,105317920446396
184,248824	-0,112464100122452
184,358154	-0,119352072477341
184,468336	-0,121207535266876
184,578982	-0,118335217237473
184,687619	-0,111805856227875
184,796218	-0,103139251470566
184,905042	-0,0952683985233307
185,014112	-0,0853956341743469
185,123618	-0,0796914398670197
185,234760	-0,0774079561233521
185,343784	-0,0797516703605652
185,452287	-0,0843529403209686
185,562152	-0,0908882915973663
185,671891	-0,101739883422852
185,780689	-0,110659867525101
185,890054	-0,117629647254944
185,999636	-0,121306657791138
186,109776	-0,119434922933578
186,218206	-0,114914298057556
186,326992	-0,106904208660126
186,437513	-0,0991714596748352
186,546063	-0,0886793434619904
186,656676	-0,0817980170249939
186,765881	-0,0780923664569855
186,874969	-0,0781914889812469
186,983448	-0,0821341574192047
187,093117	-0,089169979095459
187,203312	-0,098185122013092
187,312082	-0,108931362628937
187,421997	-0,117434740066528
187,532342	-0,120837926864624
187,642494	-0,121416628360748
187,752271	-0,117545545101166
187,859283	-0,110488623380661
187,970343	-0,101528525352478
188,080369	-0,0922651886940002
188,188837	-0,083354651927948
188,299056	-0,0788469016551971
188,408509	-0,0780743658542633
188,518362	-0,0811129212379456
188,626996	-0,0875042974948883
188,737404	-0,0977262854576111
188,847436	-0,107003450393677
188,957165	-0,113857597112656
189,067331	-0,120696008205414
189,178663	-0,121327996253967
189,289229	-0,11949348449707
189,400933	-0,113651841878891
189,508307	-0,103735685348511
189,616476	-0,0929201543331146
189,725880	-0,0860747098922729
189,837026	-0,0803605020046234
189,945313	-0,0779728591442108
190,053955	-0,080157071352005
190,162296	-0,0847565829753876
190,273643	-0,0940302610397339
190,383226	-0,103444844484329
190,491595	-0,113335102796555
190,600813	-0,118462115526199
190,710401	-0,12147256731987
190,820552	-0,120158165693283
190,931193	-0,115161687135696
191,040588	-0,107277989387512
191,151289	-0,0963557362556458
191,260328	-0,087839663028717
191,369457	-0,0812357366085052
191,478501	-0,0783465802669525
191,585232	-0,0788848400115967
191,694793	-0,0831294059753418
191,805865	-0,0906745195388794
191,915730	-0,0997178256511688
192,024559	-0,110249251127243
192,131931	-0,116456270217896
192,239586	-0,1207135617733
192,347975	-0,121248304843903
192,457247	-0,116697251796722
192,569982	-0,10922834277153
192,677625	-0,101856708526611
192,787626	-0,0910278260707855
192,897240	-0,0836140513420105
193,007050	-0,0786908864974976
193,117437	-0,0781981348991394
193,227477	-0,081322968006134
193,337438	-0,0888770818710327
193,446057	-0,0977534353733063
193,555395	-0,105569422245026
193,665810	-0,114958316087723
193,776187	-0,120234221220016
193,886128	-0,121361643075943
193,997113	-0,118741124868393
194,106504	-0,111188232898712
194,215441	-0,102247446775436
194,323091	-0,092977374792099
194,434270	-0,0861914753913879
194,546126	-0,0796032547950745
194,655573	-0,0780022442340851
194,764695	-0,0800224244594574
194,874179	-0,0855920910835266
194,985222	-0,0953828692436218
195,095398	-0,104607671499252
195,203494	-0,111775279045105
195,311631	-0,118308007717133
195,421654	-0,121281504631042
195,530509	-0,119574904441833
195,640534	-0,114011228084564
195,750255	-0,105763524770737
195,858874	-0,0965684056282043
195,968361	-0,087787389755249
196,076783	-0,080534040927887
196,187669	-0,0781184434890747
196,297047	-0,0790844857692719
196,406445	-0,0840498805046082
196,517021	-0,091667115688324
196,627653	-0,100826323032379
196,738240	-0,109853655099869
196,847337	-0,116885155439377
196,954857	-0,120808035135269
197,063374	-0,120239913463593
197,172574	-0,115449786186218
197,280861	-0,109276920557022
197,391514	-0,100212097167969
197,501374	-0,0896903276443481
197,610353	-0,0826656818389893
197,718037	-0,0782147347927094
197,826112	-0,0780890583992004
197,934975	-0,0826874971389771
198,044305	-0,0884222090244293
198,155347	-0,0988538861274719
198,264339	-0,107878506183624
198,375322	-0,115613877773285
198,484202	-0,120734930038452
198,593480	-0,12116676568985
198,701371	-0,118663877248764
198,810546	-0,109764575958252
198,919531	-0,100834906101227
199,028854	-0,0932334065437317
199,139944	-0,0850962698459625
199,249849	-0,0792708396911621
199,359178	-0,078036904335022
199,469185	-0,079909086227417
199,576414	-0,0867473483085632
199,686394	-0,0950194299221039
199,796185	-0,105834662914276
199,904265	-0,111506313085556
200,012308	-0,118656247854233
200,120607	-0,121153950691223
200,232009	-0,11873921751976
200,341373	-0,112739533185959
200,451158	-0,104425966739655
200,560069	-0,0966089367866516
200,670376	-0,0879650712013245
200,779620	-0,081495076417923
200,889630	-0,0779519975185394
200,998023	-0,0791821777820587
201,106481	-0,083918958902359
201,215336	-0,0915151238441467
201,326420	-0,100708931684494
201,436240	-0,109576404094696
201,546463	-0,116758942604065
201,655319	-0,120727330446243
201,763164	-0,120192408561707
201,872308	-0,115660786628723
201,980847	-0,109441637992859
202,090284	-0,0989105403423309
202,199605	-0,0900552272796631
202,310068	-0,0828733444213867
202,421480	-0,0788113176822662
202,533178	-0,0784684717655182
202,645624	-0,0826628506183624
202,756142	-0,0897692739963531
202,868610	-0,0985619425773621
202,981420	-0,107647567987442
203,092313	-0,116367340087891
203,202393	-0,120378702878952
203,313600	-0,120635688304901
203,425615	-0,116774260997772
203,534537	-0,109679758548737
203,643033	-0,100913763046265
203,752445	-0,0903098583221436
203,863890	-0,0841636955738068
203,974718	-0,0785281956195831
204,083869	-0,0782541036605835
204,193974	-0,0815728008747101
204,302435	-0,0879555940628052
204,411404	-0,096574604511261
204,522913	-0,107286989688873
204,633638	-0,113817900419235
204,744808	-0,119961768388748
204,857245	-0,121027290821075
204,964978	-0,118027865886688
205,074702	-0,110398501157761
205,183720	-0,101513803005219
205,292626	-0,0924167633056641
205,400456	-0,0847034454345703
205,507721	-0,0802334249019623
205,617567	-0,078247457742691
205,727204	-0,081269383430481
205,838063	-0,0862797498703003
205,947778	-0,0930589139461517
206,057524	-0,103603303432465
206,169328	-0,112043857574463
206,278081	-0,118927538394928
206,387901	-0,120768636465073
206,497660	-0,118858873844147
206,606763	-0,111839801073074
206,716591	-0,104927450418472
206,826002	-0,0974203050136566
206,936178	-0,0874002873897552
207,047032	-0,0813182294368744
207,157688	-0,0784746408462524
207,267072	-0,0798099935054779
207,375157	-0,0849468111991882
207,486149	-0,0925778746604919
207,595925	-0,101617366075516
207,704778	-0,110321700572968
207,813124	-0,117772430181503
207,922525	-0,120422422885895
208,030822	-0,11984521150589
208,139594	-0,114314645528793
208,249676	-0,108017325401306
208,358452	-0,0974284112453461
208,468809	-0,0887753665447235
208,578921	-0,0820640027523041
208,687861	-0,0780866742134094
208,798734	-0,0785115957260132
208,907842	-0,0822465419769287
209,015953	-0,0890496969223022
209,127259	-0,0994023084640503
209,235943	-0,106801629066467
209,345070	-0,11558997631073
209,453708	-0,119817137718201
209,562611	-0,119796693325043
209,672513	-0,117476284503937
209,780922	-0,111052185297012
209,890236	-0,100980311632156
210,001483	-0,0906026363372803
210,108644	-0,0832394063472748
210,218449	-0,0789474248886108
210,327990	-0,0781611502170563
210,437232	-0,0803353786468506
210,546830	-0,0861933827400208
210,656248	-0,0942592024803162
210,765617	-0,104803144931793
210,874129	-0,114043295383453
210,983283	-0,118320912122726
211,091230	-0,120262742042542
211,199301	-0,118072241544724
211,309092	-0,110994905233383
211,417843	-0,104107648134232
211,529359	-0,0933302044868469
211,637414	-0,0852988362312317
211,748057	-0,0804335176944733
211,857503	-0,0774819552898407
211,966866	-0,0790446400642395
212,076899	-0,0851560235023499
212,186683	-0,0917509496212006
212,297352	-0,10089048743248
212,405024	-0,109430223703384
212,514160	-0,116205215454102
212,623451	-0,119665324687958
212,734229	-0,119026184082031
212,845096	-0,113738000392914
212,954066	-0,105942398309708
213,064510	-0,0969913005828857
213,173407	-0,089808315038681
213,280562	-0,0817122161388397
213,388144	-0,0782455503940582
213,496743	-0,0783622264862061
213,603399	-0,0820640027523041
213,712815	-0,090375542640686
213,821927	-0,0991157293319702
213,931189	-0,106584668159485
214,041900	-0,115327268838882
214,149949	-0,118979960680008
214,260907	-0,120102047920227
214,368142	-0,116312801837921
214,478674	-0,109483063220978
214,586624	-0,099478006362915
214,695400	-0,0905264616012573
214,805186	-0,0855194628238678
214,916400	-0,0796516239643097
215,025086	-0,0781564116477966
215,136714	-0,0806596875190735
215,247933	-0,0863191485404968
215,358962	-0,095845490694046
215,469449	-0,104955434799194
215,579884	-0,11279022693634
215,691847	-0,118979960680008
215,802884	-0,120128214359283
215,914366	-0,116536617279053
216,025328	-0,110001355409622
216,135537	-0,102820813655853
216,245093	-0,0924548804759979
216,357147	-0,0859650671482086
216,467985	-0,0797061324119568
216,576472	-0,0782967805862427
216,686649	-0,0804491639137268
216,795204	-0,0860263109207153
216,906407	-0,0941523611545563
217,018140	-0,103060960769653
217,128640	-0,11394852399826
217,240482	-0,118422985076904
217,352840	-0,120460420846939
217,464192	-0,118688672780991
217,576161	-0,111854612827301
217,687739	-0,103617072105408
217,798530	-0,0945725440979004
217,906346	-0,0863428711891174
218,016415	-0,0807113647460938
218,125649	-0,0781331658363342
218,234492	-0,0794870853424072
218,343626	-0,0854910016059875
218,451660	-0,0932233929634094
218,561785	-0,100765496492386
218,670483	-0,110673725605011
218,778462	-0,116064071655273
218,885767	-0,119966506958008
218,995036	-0,118849813938141
219,104779	-0,115096628665924
219,213957	-0,10661455988884
219,323765	-0,0975923538208008
219,434311	-0,0890653729438782
219,543324	-0,0814121067523956
219,654123	-0,0782294273376465
219,765007	-0,0789042711257935
219,875319	-0,0839687883853912
219,984180	-0,0887520611286163
220,092726	-0,0989805161952972
220,203568	-0,10773977637291
220,315745	-0,115211963653564
220,426764	-0,119924664497375
220,536083	-0,119837611913681
220,643101	-0,114961177110672
220,754027	-0,110148668289185
220,862863	-0,101620197296143
220,971354	-0,0898701548576355
221,081337	-0,083848774433136
221,188021	-0,0790247321128845
221,297864	-0,0785694718360901
221,406208	-0,0811181366443634
221,515733	-0,0872174203395844
221,624332	-0,0968334972858429
221,734438	-0,105896383523941
221,843152	-0,113662362098694
221,953319	-0,118766397237778
222,063567	-0,120361119508743
222,171894	-0,117747575044632
222,281561	-0,11179581284523
222,392220	-0,102081298828125
222,503600	-0,0944647490978241
222,613387	-0,0853012204170227
222,724863	-0,079975962638855
222,834248	-0,078197181224823
222,942796	-0,0795297622680664
223,052449	-0,0852960050106049
223,162555	-0,0946550667285919
223,273050	-0,102154403924942
223,384452	-0,110475271940231
223,493540	-0,117688834667206
223,602772	-0,119957476854324
223,713216	-0,118359059095383
223,822099	-0,113170504570007
223,929828	-0,10520926117897
224,040503	-0,0963214039802551
224,151685	-0,0878686308860779
224,263143	-0,0814078450202942
224,375169	-0,0780919194221497
224,485812	-0,079051285982132
224,595213	-0,0847641825675964
224,705929	-0,0910859405994415
224,817445	-0,101332366466522
224,928672	-0,109927028417587
225,036225	-0,116384536027908
225,146697	-0,119306802749634
225,255592	-0,118994742631912
225,365041	-0,113329827785492
225,476285	-0,105689465999603
225,585385	-0,0982656478881836
225,694545	-0,0881494283676147
225,803650	-0,0817126929759979
225,910927	-0,0785377025604248
226,020340	-0,078423410654068
226,129248	-0,0823399424552917
226,239793	-0,0890843868255615
226,351230	-0,0978425741195679
226,457838	-0,106732308864594
226,567656	-0,115214824676514
226,679842	-0,119404911994934
226,789105	-0,119559198617935
226,898198	-0,116802453994751
227,010428	-0,109183132648468
227,122123	-0,10047647356987
227,231451	-0,0916742384433746
227,340705	-0,0841608345508575
227,452273	-0,0788895785808563
227,562904	-0,0781402885913849
227,675124	-0,0812314748764038
227,785171	-0,0875071585178375
227,896022	-0,0958402454853058
228,006509	-0,104719161987305
228,118446	-0,113842785358429
228,227419	-0,118612378835678
228,336053	-0,119787633419037
228,445222	-0,116223841905594
228,555165	-0,112035274505615
228,667317	-0,102608680725098
228,777886	-0,0936878621578217
228,888467	-0,0858084559440613
228,998700	-0,0798839628696442
229,109142	-0,0783769190311432
229,219800	-0,0814277529716492
229,330473	-0,087463915348053
229,439198	-0,0942224860191345
229,549004	-0,104703992605209
229,658337	-0,11144757270813
229,768623	-0,117539346218109
229,880311	-0,120237559080124
229,990554	-0,118353813886642
230,100466	-0,11290979385376
230,209013	-0,10347992181778
230,317275	-0,0945477485656738
230,427207	-0,0865593552589417
230,537281	-0,081627368927002
230,648197	-0,078577995300293
230,757502	-0,0799379944801331
230,868653	-0,0847565829753876
230,979388	-0,0922566056251526
231,089789	-0,102597773075104
231,200978	-0,110940486192703
231,310252	-0,117235958576202
231,420020	-0,120295077562332
231,529579	-0,119662463665009
231,639287	-0,11561244726181
231,748879	-0,107172042131424
231,859324	-0,0984333455562592
231,971333	-0,0899667143821716
232,082873	-0,0824475884437561
232,194420	-0,0793898701667786
232,305907	-0,0798986554145813
232,416016	-0,0849548876285553
232,526540	-0,0909406840801239
232,634278	-0,100995033979416
232,741961	-0,109614998102188
232,852051	-0,116423279047012
232,960547	-0,120118230581284
233,070249	-0,119656771421432
233,178514	-0,116045922040939
233,286132	-0,109133630990982
233,394144	-0,100534945726395
233,503166	-0,0904912054538727
233,612617	-0,0837235748767853
233,720762	-0,0801841020584106
233,829601	-0,0792390704154968
233,936872	-0,0819331407546997
234,045300	-0,0877978503704071
234,153612	-0,0959527790546417
234,263527	-0,106093317270279
234,370860	-0,112618535757065
234,481888	-0,118837416172028
234,589736	-0,120221853256226
234,699331	-0,117089241743088
234,808209	-0,11075147986412
234,919366	-0,105361580848694
235,027748	-0,0966246724128723
235,138263	-0,0871723294258118
235,246457	-0,0815585851669312
235,355198	-0,0791888236999512
235,463515	-0,080944150686264
235,571209	-0,0850763320922852
235,681912	-0,0938147008419037
235,791883	-0,101050138473511
235,901848	-0,110818296670914
236,010988	-0,117002248764038
236,120186	-0,120088756084442
236,232481	-0,118539869785309
236,342504	-0,114387363195419
236,452874	-0,10706090927124
236,561072	-0,0968778431415558
236,673069	-0,0885705053806305
236,782576	-0,0823826193809509
236,894148	-0,0789299011230469
237,004847	-0,0795809626579285
237,111585	-0,0844895541667938
237,221846	-0,0916408896446228
237,332213	-0,0988824665546417
237,443112	-0,107467502355576
237,554253	-0,115660786628723
237,663616	-0,119465410709381
237,773561	-0,119385868310928
237,885957	-0,115700036287308
237,996293	-0,108852863311768
238,105674	-0,0988976955413818
238,216700	-0,0904512405395508
238,324779	-0,0845284461975098
238,433081	-0,0801063477993011
238,543503	-0,0792443156242371
238,655109	-0,0823897421360016
238,765268	-0,0887088179588318
238,875550	-0,0968663990497589
238,986108	-0,107062339782715
239,095221	-0,114351511001587
239,203979	-0,118319004774094
239,314996	-0,119938015937805
239,424715	-0,116798609495163
239,534814	-0,110609799623489
239,643311	-0,100948482751846
239,753795	-0,0936058461666107
239,861776	-0,0849809646606445
239,972175	-0,0802713632583618
240,080401	-0,0789427161216736
240,191456	-0,0814481377601624
240,300768	-0,0869705080986023
240,409027	-0,0948858857154846
240,518417	-0,105045139789581
240,628841	-0,111586570739746
240,737793	-0,117446660995483
240,846846	-0,11978954076767
240,956014	-0,118349522352219
241,066132	-0,112216413021088
241,175045	-0,104304045438766
241,284639	-0,0956270694732666
241,393442	-0,0888100862503052
241,503627	-0,0817795097827911
241,611763	-0,0791703462600708
241,721139	-0,0806331038475037
241,829692	-0,0855935215950012
241,940624	-0,0930479466915131
242,049804	-0,101708561182022
242,158064	-0,108767688274384
242,266801	-0,116414666175842
242,375684	-0,119646310806274
242,483556	-0,119144350290298
242,593146	-0,115795701742172
242,703286	-0,107747375965118
242,811940	-0,0992123782634735
242,921670	-0,0906740427017212
243,031992	-0,0839440822601318
243,139707	-0,0799394249916077
243,249806	-0,0801599323749542
243,359529	-0,0826495587825775
243,467335	-0,0887435078620911
243,577873	-0,0984766781330109
243,687119	-0,108410477638245
243,795488	-0,114336669445038
243,906022	-0,119447290897369
244,016971	-0,119632482528687
244,128450	-0,117006093263626
244,237253	-0,110915184020996
244,345177	-0,102657079696655
244,453726	-0,0926455557346344
244,563260	-0,0852893590927124
244,673353	-0,0805790722370148
244,783359	-0,0793163776397705
244,891780	-0,0816008150577545
245,002613	-0,0871870517730713
245,113190	-0,096487820148468
245,223537	-0,105144262313843
245,333346	-0,112964808940887
245,444117	-0,118233561515808
245,555754	-0,120052605867386
245,666459	-0,118109971284866
245,778231	-0,111404567956924
245,888724	-0,103422522544861
245,999457	-0,0933101773262024
246,109444	-0,08698570728302
246,219366	-0,0811442136764526
246,330058	-0,0795795321464539
246,438654	-0,0817283391952515
246,549389	-0,0860490798950195
246,659199	-0,0962193608283997
246,769946	-0,103577673435211
246,878391	-0,111612856388092
246,988561	-0,116761326789856
247,097532	-0,120305061340332
247,207931	-0,119065254926682
247,318371	-0,114355325698853
247,426577	-0,105566114187241
247,535931	-0,0968339741230011
247,646994	-0,0876771807670593
247,758956	-0,0820270180702209
247,866852	-0,0798541009426117
247,975468	-0,080565333366394
248,084151	-0,0845915079116821
248,192655	-0,0929039418697357
248,301610	-0,100005179643631
248,410400	-0,109701663255692
248,520845	-0,115404784679413
248,628622	-0,119356334209442
248,737464	-0,119391113519669
248,846760	-0,114420890808105
248,955129	-0,108428090810776
249,062837	-0,100061774253845
249,171461	-0,0915384590625763
249,281291	-0,0836880207061768
249,389891	-0,0804904103279114
249,498517	-0,0796753168106079
249,607752	-0,0825608968734741
249,716450	-0,0897374153137207
249,825396	-0,0964816212654114
249,933831	-0,105206906795502
250,042420	-0,113923668861389
250,152091	-0,118665307760239
250,260698	-0,119909435510635
250,369827	-0,117203950881958
250,480135	-0,110157698392868
250,588074	-0,103329062461853
250,699530	-0,0960028469562531
250,810994	-0,0869928002357483
250,922118	-0,0815789699554443
251,033737	-0,079486608505249
251,145693	-0,0810555815696716
251,254673	-0,0868755280971527
251,365706	-0,0946450531482697
251,477782	-0,103279709815979
251,587648	-0,111277520656586
251,698408	-0,11802738904953
251,809297	-0,119960337877274
251,917581	-0,117686927318573
252,028634	-0,113086313009262
252,137327	-0,103950142860413
252,245836	-0,0953966975212097
252,355624	-0,0886974036693573
252,466265	-0,0827149748802185
252,575237	-0,07970330119133
252,684029	-0,080847442150116
252,794499	-0,0855417847633362
252,904502	-0,0927051603794098
253,015562	-0,10265377163887
253,126891	-0,109554022550583
253,237451	-0,115974128246307
253,337991	-0,119490653276443
253,438584	-0,118816465139389
253,538770	-0,115228712558746
253,639528	-0,109755992889404
253,740262	-0,100024700164795
253,841426	-0,0928953588008881
253,941749	-0,0867606401443481
254,043413	-0,0809365510940552
254,144554	-0,0795491933822632
254,244771	-0,0807156264781952
