0,100632	-0,00563454627990723
0,201802	-0,00785785913467407
0,302075	-0,00857082009315491
0,402431	-0,00811827182769775
0,502715	-0,00815603137016296
0,603248	-0,00673964619636536
0,703452	-0,00441494584083557
0,806335	-0,00305762887001038
0,919777	-0,00106653571128845
1,029170	0,000668793916702271
1,137546	0,000779569149017334
1,247315	0,00125649571418762
1,356438	-0,000451773405075073
1,464986	-0,00217685103416443
1,574808	-0,00373730063438416
1,686318	-0,00650829076766968
1,796365	-0,00757443904876709
1,906728	-0,00849199295043945
2,017248	-0,00886723399162292
2,128661	-0,00721940398216248
2,239168	-0,00620019435882568
2,349021	-0,00401374697685242
2,459991	-0,00146904587745667
2,571053	-0,000787556171417236
2,682405	0,00099453330039978
2,792362	0,000667840242385864
2,901739	-0,000552862882614136
3,001748	-0,0015888512134552
3,115686	-0,00430381298065186
3,222480	-0,00571551918983459
3,325571	-0,00745609402656555
3,428016	-0,00905141234397888
3,530252	-0,00870063900947571
3,631521	-0,00825273990631104
3,733654	-0,0073796808719635
3,845378	-0,00479963421821594
3,956646	-0,00357621908187866
4,063609	-0,00140818953514099
4,164073	0,000304490327835083
4,264717	0,000191003084182739
4,365001	0,000390589237213135
4,466643	-0,000469237565994263
4,568127	-0,00241020321846008
4,668495	-0,00410369038581848
4,768850	-0,00594398379325867
4,870089	-0,00791165232658386
4,971715	-0,00843489170074463
5,073531	-0,0090802013874054
5,174770	-0,00905516743659973
5,275587	-0,00712749361991882
5,375739	-0,00586766004562378
5,476464	-0,00425201654434204
5,576518	-0,00195291638374329
5,676543	-0,00067707896232605
5,778346	0,000237822532653809
5,880355	0,000938653945922852
5,982602	-0,000472098588943481
6,083498	-0,00134262442588806
6,183536	-0,00242242217063904
6,283750	-0,0055554211139679
6,384250	-0,0066567063331604
6,485718	-0,00776544213294983
6,585965	-0,00929602980613708
6,687127	-0,00861850380897522
6,787309	-0,00800409913063049
6,888174	-0,0070214569568634
6,988296	-0,0044083297252655
7,088724	-0,00295302271842957
7,189774	-0,00146102905273438
7,289834	0,000417083501815796
7,390605	0,000419914722442627
7,491186	1,98483467102051E-5
7,591553	-0,000293523073196411
7,692470	-0,00256809592247009
7,792944	-0,00429391860961914
7,894142	-0,00581774115562439
7,994168	-0,00828057527542114
8,094220	-0,00903674960136414
8,195042	-0,00911372900009155
8,296933	-0,00931727886199951
8,397232	-0,00778099894523621
8,497739	-0,00573956966400146
8,598618	-0,00447192788124084
8,699046	-0,00189021229743958
8,799299	-0,000211268663406372
8,899464	0,000156015157699585
8,999970	0,000930130481719971
9,100874	3,1203031539917E-5
9,202238	-0,0014629065990448
9,303062	-0,00247383117675781
9,403354	-0,00542449951171875
9,504034	-0,0071864128112793
9,604602	-0,00802674889564514
9,706135	-0,00937062501907349
9,806345	-0,00940653681755066
9,907798	-0,00825321674346924
10,008264	-0,00727882981300354
10,109146	-0,0050911009311676
10,210195	-0,00292381644248962
10,311218	-0,001874178647995
10,411538	0,000138044357299805
10,512383	0,000747382640838623
10,612428	8,36849212646484E-5
10,714259	-0,000605732202529907
10,814592	-0,00210288166999817
10,914863	-0,00427556037902832
11,016334	-0,00618323683738708
11,116922	-0,00789135694503784
11,217184	-0,00932765007019043
11,317626	-0,00920012593269348
11,417695	-0,00907784700393677
11,519025	-0,00826737284660339
11,619606	-0,00581443309783936
11,721355	-0,00423318147659302
11,822328	-0,00253227353096008
11,923136	-0,000343114137649536
12,023288	7,89463520050049E-5
12,124182	0,000432223081588745
12,224631	0,000342339277267456
12,325141	-0,00187796354293823
12,425682	-0,00321874022483826
12,526750	-0,00472995638847351
12,626754	-0,00743061304092407
12,727217	-0,00855663418769836
12,828487	-0,0092214047908783
12,929347	-0,00988507270812988
13,030620	-0,00844809412956238
13,130828	-0,00733962655067444
13,232554	-0,00572589039802551
13,333121	-0,00299590826034546
13,434921	-0,00168129801750183
13,535266	-0,000473499298095703
13,636074	0,000599712133407593
13,736079	6,66379928588867E-5
13,836547	-0,00098910927772522
13,937137	-0,00191286206245422
14,037613	-0,00407117605209351
14,138253	-0,00622329115867615
14,238544	-0,00767865777015686
14,340175	-0,00933238863945007
14,440310	-0,0096767246723175
14,541917	-0,00911185145378113
14,642589	-0,00861331820487976
14,742742	-0,00651159882545471
14,842892	-0,0043235719203949
14,943291	-0,00300723314285278
15,044609	-0,000794649124145508
15,145259	0,000183910131454468
15,245692	5,71906566619873E-5
15,346579	0,000156968832015991
15,448017	-0,00164875388145447
15,548984	-0,00340288877487183
15,649680	-0,00468850135803223
15,750987	-0,00754141807556152
15,851448	-0,00886300206184387
15,951529	-0,00928846001625061
16,052487	-0,0098864734172821
16,152591	-0,00907030701637268
16,254296	-0,00745373964309692
16,354388	-0,0059797465801239
16,454541	-0,00353667140007019
16,554723	-0,00157329440116882
16,655269	-0,000579774379730225
16,756162	0,000659793615341187
16,856210	0,000614851713180542
16,958001	-0,000529229640960693
17,059574	-0,00186285376548767
17,160307	-0,00371000170707703
17,260702	-0,00587141513824463
17,361297	-0,00738725066184998
17,462046	-0,00899425148963928
17,562530	-0,00987562537193298
17,662712	-0,00917321443557739
17,763770	-0,00851985812187195
17,864832	-0,00721988081932068
17,965382	-0,0046197772026062
18,066717	-0,00329175591468811
18,168540	-0,00143411755561829
18,269283	0,00017160177230835
18,370000	0,000109672546386719
18,470576	-8,08537006378174E-5
18,571282	-0,00106984376907349
18,672770	-0,00301522016525269
18,773539	-0,00479775667190552
18,874403	-0,00637447834014893
18,974986	-0,00865861773490906
19,075335	-0,00924500823020935
19,175783	-0,00951895117759705
19,276609	-0,00937771797180176
19,377153	-0,00781449675559998
19,477588	-0,00612154603004456
19,577650	-0,00421670079231262
19,678380	-0,0020778477191925
19,780061	-0,000740349292755127
19,881004	7,32541084289551E-5
19,981501	0,000556677579879761
20,082020	-0,000586837530136108
20,184011	-0,00202834606170654
20,284859	-0,00331246852874756
20,385315	-0,00594538450241089
20,486124	-0,00758007168769836
20,586927	-0,00860434770584106
20,686929	-0,00973010063171387
20,787285	-0,00940418243408203
20,888089	-0,00838768482208252
20,988148	-0,00745657086372375
21,089076	-0,00508970022201538
21,190546	-0,00303688645362854
21,290892	-0,00184354186058044
21,391627	-9,54866409301758E-5
21,493075	0,00020754337310791
21,593857	-0,000311940908432007
21,694250	-0,000726640224456787
21,795294	-0,00304913520812988
21,895533	-0,00481894612312317
21,996059	-0,00612437725067139
22,098046	-0,0085793137550354
22,198302	-0,00937345623970032
22,298737	-0,00933334231376648
22,399154	-0,00914442539215088
22,500964	-0,00780504941940308
22,600976	-0,00599530339241028
22,701504	-0,00434431433677673
22,802185	-0,00201091170310974
22,903460	-0,000522136688232422
23,003474	-4,11272048950195E-5
23,103962	0,000498920679092407
23,204894	-0,000186711549758911
23,306181	-0,00196942687034607
23,406794	-0,0031711757183075
23,507447	-0,00541555881500244
23,608223	-0,00731700658798218
23,708732	-0,00843158364295959
23,809507	-0,0094769299030304
23,909513	-0,00960445404052734
24,011013	-0,0082862377166748
24,111013	-0,00729483366012573
24,213079	-0,00542309880256653
24,313786	-0,00291675329208374
24,414233	-0,00174310803413391
24,514457	-0,000257134437561035
24,615113	0,000559508800506592
24,715998	-4,91738319396973E-5
24,816882	-0,000843733549118042
24,918788	-0,00245353579521179
25,019915	-0,0045190155506134
25,121876	-0,00626802444458008
25,223145	-0,00806072354316711
25,323926	-0,00936636328697205
25,425776	-0,00930452346801758
25,527491	-0,00903630256652832
25,627847	-0,00810742378234863
25,728053	-0,0058092474937439
25,828111	-0,00431841611862183
25,928445	-0,00238049030303955
26,029711	-0,000626981258392334
26,130683	0,00011107325553894
26,230810	0,000325322151184082
26,332392	0,000112980604171753
26,432841	-0,00161764025688171
26,533232	-0,0033755898475647
26,634907	-0,00489616394042969
26,736192	-0,00732126832008362
26,837477	-0,0085051953792572
26,937727	-0,0090901255607605
27,038564	-0,00947266817092896
27,138697	-0,00818291306495667
27,239639	-0,00693616271018982
27,341658	-0,00523427128791809
27,442086	-0,00274619460105896
27,543046	-0,00134637951850891
27,643806	-0,000423431396484375
27,744762	0,000661700963973999
27,844836	0,000217944383621216
27,945119	-0,000782370567321777
28,045428	-0,00199443101882935
28,145560	-0,00442716479301453
28,246177	-0,00615546107292175
28,347470	-0,00735470652580261
28,447776	-0,00924500823020935
28,548553	-0,00944620370864868
28,649057	-0,00892910361289978
28,749992	-0,00797626376152039
28,850338	-0,00623646378517151
28,950702	-0,00433063507080078
29,050934	-0,00268024206161499
29,152714	-0,000660985708236694
29,253287	0,000289350748062134
29,353778	0,000198096036911011
29,454549	4,20808792114258E-5
29,555549	-0,00119867920875549
29,656704	-0,0032818615436554
29,758702	-0,00493994355201721
29,860174	-0,00682306289672852
29,960975	-0,00848677754402161
30,060980	-0,00895318388938904
30,161793	-0,00924926996231079
30,263768	-0,00871053338050842
30,363892	-0,00659024715423584
30,464565	-0,00531855225563049
30,564695	-0,00349429249763489
30,665576	-0,00127184391021729
30,766789	-0,000317603349685669
30,868642	0,000512152910232544
30,969367	0,000532031059265137
31,071154	-0,00080457329750061
31,171226	-0,00185060501098633
31,272036	-0,00384750962257385
31,372222	-0,006193608045578
31,472603	-0,00737026333808899
31,573524	-0,00872847437858582
31,673806	-0,00935882329940796
31,775066	-0,0086340606212616
31,876492	-0,00774043798446655
31,977936	-0,00636976957321167
32,079633	-0,00390166044235229
32,181319	-0,0024992823600769
32,282831	-0,000459343194961548
32,382920	0,000592142343521118
32,483026	0,00053107738494873
32,584362	0,000115334987640381
32,685245	-0,000995725393295288
32,785800	-0,00286635756492615
32,886373	-0,0047374963760376
32,986712	-0,00664493441581726
33,087142	-0,00830274820327759
33,187915	-0,00886961817741394
33,289642	-0,00899145007133484
33,390048	-0,00862368941307068
33,490151	-0,00676038861274719
33,590688	-0,00531524419784546
33,692597	-0,00342833995819092
33,794151	-0,00120672583580017
33,894937	-0,000255703926086426
33,996545	0,000358432531356812
34,097364	0,000515013933181763
34,197902	-0,000584959983825684
34,299786	-0,00213348865509033
34,401611	-0,00349804759025574
34,502324	-0,00595763325691223
34,603421	-0,00754141807556152
34,703839	-0,00844386219978333
34,805653	-0,00933000445365906
34,907252	-0,00863876938819885
35,007598	-0,00766119360923767
35,108976	-0,00623175501823425
35,210743	-0,00382488965988159
35,311950	-0,00220847129821777
35,412489	-0,000797003507614136
35,513255	0,000614374876022339
35,614794	0,00060349702835083
35,716562	-0,000112056732177734
35,817482	-0,00111612677574158
35,918461	-0,00298789143562317
36,019968	-0,00503411889076233
36,120995	-0,00676792860031128
36,221562	-0,00835749506950378
36,321809	-0,00903722643852234
36,423827	-0,00888141989707947
36,524595	-0,00849670171737671
36,624968	-0,00710296630859375
36,725198	-0,00501340627670288
36,826541	-0,00330021977424622
36,927715	-0,00142800807952881
37,028469	-6,61611557006836E-6
37,130425	0,000398159027099609
37,230453	0,000612974166870117
37,331352	-0,000474452972412109
37,432071	-0,00220564007759094
37,533859	-0,00356492400169373
37,633897	-0,00584882497787476
37,734595	-0,00763383507728577
37,835176	-0,0083598792552948
37,935216	-0,00912788510322571
38,037128	-0,00878939032554626
38,139028	-0,00736320018768311
38,239817	-0,00624966621398926
38,340340	-0,0040966272354126
38,441131	-0,00192606449127197
38,542038	-0,00083807110786438
38,642757	0,000488519668579102
38,744430	0,000762522220611572
38,845936	3,54349613189697E-5
38,946448	-0,000994324684143066
39,046980	-0,00293701887130737
39,147370	-0,00489428639411926
39,247998	-0,0065540075302124
39,349194	-0,0082862377166748
39,451073	-0,00915387272834778
39,551371	-0,00886347889900208
39,651402	-0,00847592949867249
39,751737	-0,00709119439125061
39,851788	-0,00488203763961792
39,952029	-0,00343304872512817
40,052928	-0,00144782662391663
40,153390	9,17017459869385E-5
40,253674	0,000379234552383423
40,354505	0,000406652688980103
40,455104	-0,000240117311477661
40,556868	-0,00212690234184265
40,657100	-0,00359836220741272
40,758399	-0,00556108355522156
40,860819	-0,00768807530403137
40,961339	-0,00847357511520386
41,062377	-0,00906792283058167
41,162455	-0,00891825556755066
41,263216	-0,0077272355556488
41,363322	-0,00642678141593933
41,463864	-0,00423741340637207
41,565838	-0,00228530168533325
41,666062	-0,000963181257247925
41,766788	0,000237822532653809
41,868119	0,000735074281692505
41,968966	9,07480716705322E-5
42,069843	-0,00133174657821655
42,170015	-0,00270190834999084
42,270097	-0,00471392273902893
42,371251	-0,00660958886146545
42,471626	-0,008067786693573
42,572037	-0,00913545489311218
42,672267	-0,00911372900009155
42,774115	-0,00834381580352783
42,874516	-0,00741270184516907
42,975068	-0,00565150380134583
43,075438	-0,00323003530502319
43,175868	-0,00188222527503967
43,277823	-0,00035586953163147
43,377831	0,000377833843231201
43,479368	0,000142306089401245
43,579838	-0,000259488821029663
43,680572	-0,00196799635887146
43,781755	-0,0040038526058197
43,881964	-0,00546595454216003
43,982427	-0,00757727026939392
44,082615	-0,00886723399162292
44,183432	-0,00910332798957825
44,284331	-0,00917038321495056
44,384718	-0,00824800133705139
44,485335	-0,00633350014686584
44,586274	-0,0046621561050415
44,688079	-0,0027235746383667
44,788917	-0,000837594270706177
44,889461	-0,000144660472869873
44,990251	0,000590741634368896
45,090599	0,000150829553604126
45,192217	-0,00104153156280518
45,293547	-0,00246486067771912
45,394230	-0,00419974327087402
45,495476	-0,00646871328353882
45,596691	-0,00777015089988708
45,697958	-0,00897869467735291
45,798477	-0,00920721888542175
45,898948	-0,00822350382804871
46,000460	-0,00714823603630066
46,101344	-0,00550737977027893
46,201697	-0,00320976972579956
46,302738	-0,00187182426452637
46,403131	-0,000241994857788086
46,503205	0,000673562288284302
46,603683	0,000400036573410034
46,703912	-9,3609094619751E-5
46,804636	-0,00168648362159729
46,905506	-0,0035804808139801
47,006386	-0,00510522723197937
47,107058	-0,00693896412849426
47,207988	-0,00859913229942322
47,308510	-0,00889086723327637
47,409544	-0,00883421301841736
47,510063	-0,00798711180686951
47,610177	-0,0063726007938385
47,712136	-0,00454631447792053
47,813028	-0,00258317589759827
47,913448	-0,000876307487487793
48,014383	2,97725200653076E-5
48,114645	0,000511676073074341
48,215660	0,000421792268753052
48,315822	-0,000742703676223755
48,416278	-0,00265714526176453
48,518087	-0,00422847270965576
48,618853	-0,00622516870498657
48,719493	-0,00797107815742493
48,821399	-0,00880777835845947
48,921568	-0,00931727886199951
49,022011	-0,00858309864997864
49,122052	-0,00729906558990479
49,222627	-0,0060136616230011
49,322869	-0,00371375679969788
49,423106	-0,00189870595932007
49,523305	-0,00079229474067688
49,623804	0,000266194343566895
49,724628	0,000303089618682861
49,825373	-0,000511735677719116
49,926853	-0,00141808390617371
50,027281	-0,00351265072822571
50,127855	-0,00553467869758606
50,228048	-0,00690457224845886
50,328708	-0,00858309864997864
50,429457	-0,00916850566864014
50,530317	-0,00893381237983704
50,630908	-0,00827726721763611
50,731854	-0,00688338279724121
50,832802	-0,00480058789253235
50,932814	-0,00301238894462585
51,033641	-0,00131097435951233
51,135037	-3,82959842681885E-5
51,235088	0,000234514474868774
51,335947	0,00016215443611145
51,437530	-0,00101131200790405
51,538305	-0,0025506317615509
51,639997	-0,0043579638004303
51,740229	-0,00615072250366211
51,841527	-0,00805172324180603
51,941657	-0,0089583694934845
52,042122	-0,00942164659500122
52,142428	-0,00903016328811646
52,242754	-0,00754281878471375
52,342852	-0,00625154376029968
52,443801	-0,0045260488986969
52,544075	-0,00200572609901428
52,646482	-0,000878661870956421
52,747582	7,0422887802124E-5
52,849368	0,000394374132156372
52,950160	-0,000345945358276367
53,051017	-0,00131005048751831
53,151141	-0,00344529747962952
53,251744	-0,00531995296478271
53,352003	-0,00673303008079529
53,452394	-0,00826928019523621
53,553374	-0,00918504595756531
53,655354	-0,00894281268119812
53,755636	-0,00825461745262146
53,857168	-0,00674766302108765
53,958578	-0,00496301054954529
54,060572	-0,00309202075004578
54,161609	-0,00125294923782349
54,263427	-4,58657741546631E-5
54,363462	0,000341862440109253
54,465255	0,000135213136672974
54,567000	-0,000643998384475708
54,667382	-0,00218203663825989
54,767733	-0,0043584406375885
54,868419	-0,00602778792381287
54,968497	-0,0076809823513031
55,068902	-0,00882384181022644
55,169062	-0,00915810465812683
55,270005	-0,00894373655319214
55,370601	-0,00761687755584717
55,472246	-0,00592699646949768
55,573237	-0,00433912873268127
55,675127	-0,0021839439868927
55,775233	-0,000728070735931396
55,876487	3,30805778503418E-6
55,977376	0,000393420457839966
56,077949	-0,0004730224609375
56,178173	-0,00156715512275696
56,278804	-0,00292381644248962
56,379134	-0,00549465417861938
56,480710	-0,00697103142738342
56,582057	-0,00814232230186462
56,682411	-0,00916001200675964
56,783337	-0,00902968645095825
56,883879	-0,00828388333320618
56,985258	-0,00697717070579529
57,085727	-0,00489005446434021
57,186022	-0,00318527221679688
57,287897	-0,00151574611663818
57,388532	-1,04010105133057E-5
57,489352	0,000390589237213135
57,589956	0,000104933977127075
57,690824	-0,000539630651473999
57,792544	-0,00224050879478455
57,893122	-0,00422707200050354
57,993232	-0,00579935312271118
58,094218	-0,00766921043395996
58,194862	-0,00879880785942078
58,296343	-0,00901126861572266
58,396368	-0,00879266858100891
58,497824	-0,00777390599250793
58,598356	-0,00594019889831543
58,698770	-0,0041225254535675
58,799532	-0,00234702229499817
58,899566	-0,000710129737854004
59,000112	1,4185905456543E-5
59,100927	0,000422745943069458
59,201879	-0,00020560622215271
59,301983	-0,00138318538665771
59,402683	-0,00302934646606445
59,504548	-0,00513491034507751
59,605481	-0,00681081414222717
59,706094	-0,00813242793083191
59,806167	-0,00905799865722656
59,907419	-0,00906983017921448
60,008685	-0,00810790061950684
60,109550	-0,00677403807640076
60,210688	-0,00509911775588989
60,312281	-0,00295114517211914
60,413095	-0,00155773758888245
60,514503	-0,000120550394058228
60,614810	0,000510752201080322
60,715795	0,000240176916122437
60,816341	-0,000595360994338989
60,916370	-0,00185531377792358
61,016822	-0,0039699375629425
61,118354	-0,00580313801765442
61,219582	-0,00729766488075256
61,319835	-0,00865152478218079
61,419972	-0,00888046622276306
61,520351	-0,00865483283996582
61,621919	-0,00782531499862671
61,723499	-0,00568258762359619
61,824093	-0,0041220486164093
61,924097	-0,00250494480133057
62,024558	-0,000462174415588379
62,125212	0,000191479921340942
62,226560	0,000451594591140747
62,327226	8,50856304168701E-5
62,427292	-0,00138601660728455
62,528952	-0,00278812646865845
62,629577	-0,0047459602355957
62,730436	-0,00682306289672852
62,831069	-0,00795504450798035
62,932383	-0,00872138142585754
63,033632	-0,00894895195960999
63,134985	-0,0081762969493866
63,234999	-0,00702711939811707
63,335837	-0,00495031476020813
63,436886	-0,00310942530632019
63,537150	-0,00160017609596252
63,637865	-7,75456428527832E-5
63,738029	0,000560909509658813
63,838469	0,000349909067153931
63,939442	-0,000558048486709595
64,039967	-0,00201845169067383
64,140464	-0,00377780199050903
64,240766	-0,00577393174171448
64,341746	-0,00720149278640747
64,442895	-0,00862792134284973
64,544340	-0,00906839966773987
64,644686	-0,00875017046928406
64,745691	-0,00785785913467407
64,846450	-0,00638625025749207
64,946461	-0,00437679886817932
65,047662	-0,002542644739151
65,148586	-0,000994324684143066
65,248884	6,66379928588867E-5
65,349840	0,000278472900390625
65,450791	-3,30805778503418E-6
65,552225	-0,00133174657821655
65,652351	-0,0028526782989502
65,752824	-0,00472381711006165
65,853091	-0,0068037211894989
65,954382	-0,00813999772071838
66,055693	-0,0089404284954071
66,156640	-0,00921949744224548
66,257522	-0,00857412815093994
66,358990	-0,00709167122840881
66,459229	-0,00539907813072205
66,559725	-0,00356587767601013
66,660765	-0,00191852450370789
66,762425	-0,000414460897445679
66,862435	0,000315845012664795
66,962503	0,000327199697494507
67,063345	-0,000603854656219482
67,163456	-0,00194868445396423
67,265433	-0,0035795271396637
67,366031	-0,00574144721031189
67,466355	-0,00734952092170715
67,568332	-0,00853636860847473
67,668536	-0,00919872522354126
67,768836	-0,00872138142585754
67,870022	-0,00800409913063049
67,970535	-0,0067080557346344
68,071111	-0,00425437092781067
68,171179	-0,00275138020515442
68,272049	-0,00128078460693359
68,372441	0,000131428241729736
68,472832	0,000215590000152588
68,572890	-6,57141208648682E-5
68,673085	-0,00112789869308472
68,773309	-0,00310143828392029
68,873422	-0,00462540984153748
68,974145	-0,00660580396652222
69,074240	-0,00811967253684998
69,174627	-0,00894847512245178
69,275151	-0,00923129916191101
69,375636	-0,0087827742099762
69,475974	-0,00727221369743347
69,576822	-0,00582057237625122
69,677970	-0,00385454297065735
69,778432	-0,00205901265144348
69,879062	-0,000626504421234131
69,980803	0,000206112861633301
70,082586	0,000419437885284424
70,182815	-0,000464051961898804
70,283388	-0,00185531377792358
70,383565	-0,00334969162940979
70,483923	-0,00556483864784241
70,584503	-0,00730708241462708
70,685309	-0,0084056556224823
70,785976	-0,0091651976108551
70,886772	-0,00889983773231506
70,987823	-0,00805363059043884
71,089055	-0,00661477446556091
71,190904	-0,00444415211677551
71,291043	-0,00279143452644348
71,391332	-0,00143411755561829
71,491787	0,000178247690200806
71,593698	0,000401467084884644
71,695160	5,81443309783936E-5
71,796064	-0,000845611095428467
71,897733	-0,0026986300945282
71,998116	-0,00441163778305054
72,098816	-0,0062619149684906
72,199235	-0,00809469819068909
72,299979	-0,00895082950592041
72,401637	-0,00909626483917236
72,502425	-0,00872704386711121
72,602447	-0,00754424929618835
72,703618	-0,00594398379325867
72,803771	-0,00378677248954773
72,904009	-0,00200995802879333
73,005547	-0,00067564845085144
73,106906	0,000170201063156128
73,207256	0,000352770090103149
73,307413	-0,000258535146713257
73,408550	-0,00204205513000488
73,508831	-0,00345423817634583
73,609528	-0,00522202253341675
73,709582	-0,00721421837806702
73,810016	-0,00837588310241699
73,911836	-0,00909152626991272
74,012123	-0,00900086760520935
74,112364	-0,00785502791404724
74,212576	-0,00671231746673584
74,313093	-0,00507745146751404
74,414641	-0,00289696455001831
74,515177	-0,00132089853286743
74,615197	-0,00020134449005127
74,715650	0,000472426414489746
74,816368	6,57141208648682E-5
74,917186	-0,000856488943099976
75,018087	-0,00245684385299683
75,118091	-0,0043170154094696
75,219385	-0,00615215301513672
75,319928	-0,0078870952129364
75,419966	-0,00897064805030823
75,521759	-0,00912553071975708
75,622219	-0,00871950387954712
75,723205	-0,00776496529579163
75,823331	-0,0061413049697876
75,925222	-0,00391718745231628
76,026234	-0,0023149847984314
76,126670	-0,000798434019088745
76,228434	4,96506690979004E-5
76,329342	0,000208944082260132
76,429686	-0,000158816576004028
76,529800	-0,00169262290000916
76,630400	-0,00344672799110413
76,731467	-0,00504729151725769
76,832326	-0,00715860724449158
76,932355	-0,00845989584922791
77,032382	-0,00907596945762634
77,132873	-0,00926676392555237
77,233046	-0,00817063450813293
77,333230	-0,00688901543617249
77,434354	-0,00546407699584961
77,536098	-0,00287672877311707
77,636802	-0,00147375464439392
77,737030	-0,00049474835395813
77,837050	0,000364094972610474
77,938373	2,17258930206299E-5
78,040322	-0,000855058431625366
78,141043	-0,00224709510803223
78,242339	-0,00439092516899109
78,342667	-0,00608432292938232
78,442778	-0,00764894485473633
78,543073	-0,00898104906082153
78,643863	-0,00924596190452576
78,744353	-0,00868365168571472
78,844912	-0,00771355628967285
78,946178	-0,00611022114753723
79,046995	-0,00434336066246033
79,148617	-0,00229096412658691
79,248773	-0,000780493021011353
79,349065	6,14523887634277E-5
79,449668	0,000147044658660889
79,549769	-0,00024530291557312
79,650424	-0,00139543414115906
79,750556	-0,00332567095756531
79,850629	-0,00478878617286682
79,951587	-0,00684049725532532
80,052256	-0,00840705633163452
80,153427	-0,00892487168312073
80,253520	-0,00918832421302795
80,354079	-0,0083504319190979
80,455662	-0,00698140263557434
80,555750	-0,00561428070068359
80,655792	-0,00319468975067139
80,756576	-0,00160160660743713
80,857165	-0,000634074211120605
80,958964	0,000182032585144043
81,059024	0,000109672546386719
81,159925	-0,000821083784103394
81,260213	-0,00220987200737
81,360332	-0,00416490435600281
81,461188	-0,00602450966835022
81,562072	-0,00740423798561096
81,662544	-0,00889936089515686
81,763039	-0,00940653681755066
81,864175	-0,00900653004646301
81,965065	-0,00784936547279358
82,065447	-0,00648519396781921
82,167057	-0,00465697050094604
82,267642	-0,00250399112701416
82,369607	-0,00117507576942444
82,470487	-8,41617584228516E-5
82,570646	8,36849212646484E-5
82,671151	-0,00042387843132019
82,772563	-0,00129824876785278
82,873487	-0,00328513979911804
82,973773	-0,00519421696662903
83,074805	-0,00673350691795349
83,175340	-0,00852835178375244
83,275989	-0,0092214047908783
83,376572	-0,00925305485725403
83,476653	-0,00890928506851196
83,577468	-0,0073980987071991
83,678138	-0,00553044676780701
83,779003	-0,00401702523231506
83,880496	-0,0018925666809082
83,981542	-0,000577419996261597
84,081785	-7,23302364349365E-5
84,182753	0,000150352716445923
84,283911	-0,000923991203308105
84,385722	-0,002227783203125
84,486434	-0,00392568111419678
84,587174	-0,00616016983985901
84,687665	-0,00760367512702942
84,788024	-0,00871384143829346
84,888156	-0,00937345623970032
84,988415	-0,00905799865722656
85,088561	-0,00787532329559326
85,189754	-0,00671467185020447
85,291030	-0,00458541512489319
85,392329	-0,00258457660675049
85,494156	-0,00138318538665771
85,594883	-9,17017459869385E-5
85,694892	0,000170677900314331
85,796550	-0,000439941883087158
85,897236	-0,00125202536582947
85,999022	-0,00301381945610046
86,099737	-0,00515937805175781
86,201736	-0,00687488913536072
86,302115	-0,00830984115600586
86,402392	-0,00931915640830994
86,503178	-0,00925493240356445
86,603735	-0,00879880785942078
86,704097	-0,00738486647605896
86,805807	-0,00567314028739929
86,907363	-0,00385597348213196
87,009100	-0,00186428427696228
87,109712	-0,000572681427001953
87,210012	-3,73423099517822E-5
87,310952	2,26795673370361E-5
87,412673	-0,000655323266983032
87,514491	-0,00237342715263367
87,615338	-0,00379711389541626
87,717190	-0,00580358505249023
87,817841	-0,00776967406272888
87,919834	-0,00862604379653931
88,019889	-0,00928375124931335
88,120200	-0,00919964909553528
88,222130	-0,00797721743583679
88,322487	-0,00647389888763428
88,423022	-0,00486838817596436
88,523367	-0,00266233086585999
88,623596	-0,00116518139839172
88,724508	-0,00023302435874939
88,825563	0,000325798988342285
88,927451	-0,000392228364944458
89,027871	-0,00132700800895691
89,127915	-0,0029388964176178
89,229527	-0,0051838755607605
89,330306	-0,0066571831703186
89,430821	-0,00792577862739563
89,531090	-0,00925210118293762
89,633130	-0,00915762782096863
89,734101	-0,00863170623779297
89,834275	-0,00749710202217102
89,934853	-0,00544852018356323
90,035553	-0,00378957390785217
90,135686	-0,00203874707221985
90,236602	-0,00038561224937439
90,336910	0,00013047456741333
90,438726	2,2202730178833E-5
90,540704	-0,00061991810798645
90,642939	-0,00204724073410034
90,743062	-0,00393509864807129
90,843113	-0,00579747557640076
90,943948	-0,00749236345291138
91,045368	-0,00872090458869934
91,145751	-0,0091458261013031
91,247460	-0,00910946726799011
91,347941	-0,0082126259803772
91,447956	-0,00625860691070557
91,549144	-0,00481376051902771
91,649719	-0,0029996931552887
91,750268	-0,00127515196800232
91,851164	-0,000349730253219604
91,951985	0,000167340040206909
92,052062	-0,000309556722640991
92,154043	-0,00161764025688171
92,254981	-0,00286918878555298
92,355044	-0,0046018660068512
92,455176	-0,00695782899856567
92,555439	-0,0080777108669281
92,655523	-0,00907406210899353
92,756506	-0,00940892100334167
92,856841	-0,00860434770584106
92,957973	-0,00771638751029968
93,058238	-0,00589638948440552
93,159247	-0,00375849008560181
93,261181	-0,00238803029060364
93,363142	-0,000794649124145508
93,463794	3,96966934204102E-5
93,564220	-0,00014418363571167
93,666046	-0,000759690999984741
93,767179	-0,00223627686500549
93,868348	-0,00399395823478699
93,968907	-0,00579041242599487
94,069905	-0,00767344236373901
94,171643	-0,0088752806186676
94,272250	-0,00922232866287231
94,372533	-0,00913688540458679
94,472860	-0,00832870602607727
94,574395	-0,00682729482650757
94,674543	-0,00505295395851135
94,776174	-0,00308260321617126
94,877036	-0,00146996974945068
94,977092	-0,000488609075546265
95,078541	-2,97725200653076E-5
95,180129	-0,000218361616134644
95,280535	-0,00158226490020752
95,381014	-0,00315371155738831
95,482033	-0,00476008653640747
95,582176	-0,00693708658218384
95,683314	-0,0083051323890686
95,784481	-0,0091458261013031
95,886188	-0,00954493880271912
95,987869	-0,00868883728981018
96,089407	-0,0076640248298645
96,189841	-0,00602355599403381
96,290962	-0,00381311774253845
96,392563	-0,00237813591957092
96,493436	-0,00126096606254578
96,594165	-0,000120550394058228
96,695653	-0,000361531972885132
96,796699	-0,000997632741928101
96,897116	-0,00220659375190735
96,997740	-0,00428497791290283
97,099208	-0,00588840246200562
97,200886	-0,00754708051681519
97,301308	-0,00905045866966248
97,401761	-0,00945752859115601
97,501981	-0,00916662812232971
97,602158	-0,00857695937156677
97,702826	-0,00688478350639343
97,804489	-0,00493854284286499
97,905030	-0,00347733497619629
98,005313	-0,00156337022781372
98,105388	-0,000524044036865234
98,206432	-0,000299662351608276
98,307932	-0,00048103928565979
98,408452	-0,0014897882938385
98,509371	-0,00323474407196045
98,610181	-0,0049988329410553
98,710708	-0,00673210620880127
98,811207	-0,00839430093765259
98,911386	-0,00907358527183533
99,012013	-0,00952649116516113
99,112401	-0,00893667340278625
99,212560	-0,00772392749786377
99,312971	-0,00617524981498718
99,413580	-0,00409945845603943
99,513718	-0,00246015191078186
99,615317	-0,00138881802558899
99,715461	-0,00028073787689209
99,816089	-0,000221699476242065
99,916438	-0,000965535640716553
100,017020	-0,00238850712776184
100,117938	-0,00394591689109802
100,219515	-0,00577864050865173
100,319590	-0,00739195942878723
100,419671	-0,00879314541816711
100,521450	-0,00946888327598572
100,622436	-0,00911799073219299
100,722857	-0,00832399725914001
100,822892	-0,00707045197486877
100,923096	-0,00496631860733032
101,023375	-0,00345847010612488
101,123808	-0,00171715021133423
101,223844	-0,000500887632369995
101,324298	-0,000100702047348022
101,424830	-0,000338882207870483
101,526192	-0,00105425715446472
101,626428	-0,00285598635673523
101,727078	-0,0043923556804657
101,827508	-0,00625815987586975
101,928542	-0,00812345743179321
102,029015	-0,00893053412437439
102,129865	-0,00929933786392212
102,230852	-0,00900039076805115
102,331423	-0,00788569450378418
102,432388	-0,00620394945144653
102,533440	-0,00436690449714661
102,634103	-0,00263029336929321
102,734644	-0,00134262442588806
102,834855	-0,000370502471923828
102,935468	-9,73641872406006E-5
103,036274	-0,000668078660964966
103,137092	-0,0019986629486084
103,238740	-0,00359508395195007
103,339590	-0,00537034869194031
103,439891	-0,00724488496780396
103,540880	-0,00850757956504822
103,640980	-0,00929886102676392
103,742054	-0,00934040546417236
103,842282	-0,00829330086708069
103,943096	-0,00722646713256836
104,043801	-0,00561335682868958
104,144787	-0,00324040651321411
104,245597	-0,00193783640861511
104,346320	-0,000708252191543579
104,446459	-3,54647636413574E-5
104,547570	-0,000372380018234253
104,647783	-0,00101414322853088
104,748020	-0,00261852145195007
104,849745	-0,00466403365135193
104,951296	-0,0061856210231781
105,051347	-0,00802627205848694
105,151550	-0,00920626521110535
105,251892	-0,00939378142356873
105,353875	-0,00913166999816895
105,455353	-0,00789323449134827
105,555487	-0,00632926821708679
105,657615	-0,00445541739463806
105,757957	-0,00238332152366638
105,858802	-0,000966489315032959
105,959985	-0,000184327363967896
106,061621	0,000212758779525757
106,163505	-0,000306278467178345
106,265053	-0,00150346755981445
106,365463	-0,00322628021240234
106,467046	-0,00529548525810242
106,567441	-0,00707516074180603
106,667534	-0,00856325030326843
106,768745	-0,00949910283088684
106,869832	-0,00966775417327881
106,970205	-0,00881865620613098
107,071173	-0,00744712352752686
107,172924	-0,00589779019355774
107,273588	-0,00371471047401428
107,375271	-0,001982182264328
107,476839	-0,000868260860443115
107,577360	-4,91738319396973E-5
107,679320	-0,000384658575057983
107,780713	-0,0011533796787262
107,881526	-0,00230839848518372
107,982187	-0,00472760200500488
108,083321	-0,00631418824195862
108,183746	-0,00773429870605469
108,284728	-0,00928658246994019
108,386165	-0,00949344038963318
108,487194	-0,00918740034103394
108,587493	-0,00824424624443054
108,687505	-0,00639143586158752
108,788499	-0,00474455952644348
108,888575	-0,00288709998130798
108,990436	-0,00113072991371155
109,090466	-0,000367671251296997
109,190751	-0,000173002481460571
109,291910	-0,000498533248901367
109,393304	-0,00187230110168457
109,493527	-0,00367560982704163
109,595452	-0,00563782453536987
109,696388	-0,00737309455871582
109,797064	-0,00865530967712402
109,897202	-0,00947454571723938
109,997610	-0,00965830683708191
110,097810	-0,00899332761764526
110,199172	-0,00749048590660095
110,299525	-0,00568634271621704
110,401202	-0,00386255979537964
110,501354	-0,00194114446640015
110,601456	-0,000851273536682129
110,702401	1,7017126083374E-5
110,803221	-0,000154107809066772
110,903907	-0,000960826873779297
111,004077	-0,00240075588226318
111,104178	-0,00443047285079956
111,205934	-0,0061851441860199
111,306723	-0,00764092803001404
111,406797	-0,00921761989593506
111,507559	-0,00964838266372681
111,607663	-0,00933000445365906
111,708699	-0,0081673264503479
111,808748	-0,00667837262153625
111,910136	-0,00493243336677551
112,011139	-0,00299403071403503
112,111152	-0,0012364387512207
112,211580	-0,000277906656265259
112,312180	2,17258930206299E-5
112,412239	-0,000414460897445679
112,512782	-0,00142046809196472
112,613780	-0,00291767716407776
112,715367	-0,00518903136253357
112,815525	-0,00682541728019714
112,916478	-0,00824567675590515
113,018838	-0,00927618145942688
113,119526	-0,00943771004676819
113,220015	-0,00898954272270203
113,320702	-0,00740516185760498
113,422540	-0,00598400831222534
113,523150	-0,00439044833183289
113,623517	-0,00253179669380188
113,724257	-0,00120434165000916
113,824877	-0,000538676977157593
113,925300	-0,000390350818634033
114,026358	-0,0011444091796875
114,126978	-0,00216886401176453
114,228327	-0,00377357006072998
114,328870	-0,00530490279197693
114,429802	-0,00685840845108032
114,530374	-0,0078427791595459
114,630797	-0,00848868489265442
114,732250	-0,0083046555519104
114,834167	-0,00764280557632446
114,934470	-0,00634011626243591
115,035249	-0,00460469722747803
115,135724	-0,00315418839454651
115,235815	-0,00167801976203918
115,336361	-0,00060763955116272
115,436446	-0,000311940908432007
115,536810	-0,000683218240737915
115,637755	-0,0014902651309967
115,738969	-0,003059983253479
115,839699	-0,0048811137676239
115,940742	-0,00637543201446533
116,041392	-0,00795033574104309
116,142804	-0,00888991355895996
116,243181	-0,00907218456268311
116,344310	-0,00861284136772156
116,444749	-0,00760981440544128
116,545396	-0,00584742426872253
116,645550	-0,0042232871055603
116,745879	-0,00225841999053955
116,846519	-0,000642567873001099
116,946682	0,000141829252243042
117,046869	0,000444501638412476
117,147154	-0,000154107809066772
117,248929	-0,00122559070587158
117,350569	-0,00261804461479187
117,452065	-0,00489428639411926
117,553245	-0,00646397471427917
117,653482	-0,00768288969993591
117,753682	-0,00865483283996582
117,854635	-0,0086996853351593
117,955708	-0,0080682635307312
118,057653	-0,00650358200073242
118,159353	-0,00498470664024353
118,260343	-0,00332379341125488
118,361660	-0,00149688124656677
118,463416	-0,000772446393966675
118,564339	-0,000907003879547119
118,665701	-0,00257560610771179
118,765751	-0,00586387515068054
118,866004	-0,00975233316421509
118,966855	-0,0155178010463715
119,066980	-0,0216817855834961
119,167215	-0,0266972482204437
119,267470	-0,0312527120113373
119,367924	-0,035798043012619
119,467954	-0,0374453365802765
119,568829	-0,0375121831893921
119,669913	-0,0353895723819733
119,770254	-0,0313310921192169
119,871922	-0,0270096361637115
119,972041	-0,0215188264846802
120,072463	-0,016727089881897
120,172494	-0,0138706564903259
120,273206	-0,0122530460357666
120,375104	-0,0130016207695007
120,476525	-0,015278697013855
120,577251	-0,0195986926555634
120,678094	-0,0249986350536346
120,778651	-0,0295455157756805
120,878850	-0,0341916382312775
120,980050	-0,0371005535125732
121,080930	-0,037715882062912
121,180982	-0,0366381406784058
121,282504	-0,0332688987255096
121,382805	-0,0282176434993744
121,483887	-0,0234308540821075
121,585427	-0,0179769396781921
121,687343	-0,0136803686618805
121,787375	-0,0116172432899475
121,887598	-0,011287122964859
121,988137	-0,0133466720581055
122,088428	-0,0166906416416168
122,188462	-0,0220101177692413
122,289832	-0,026954859495163
122,390187	-0,0325126349925995
122,490196	-0,0367169976234436
122,591428	-0,0385477542877197
122,692021	-0,0383969247341156
122,792225	-0,0357823669910431
122,892248	-0,0320046246051788
122,992948	-0,0273579061031342
123,094572	-0,020568311214447
123,196252	-0,0163421630859375
123,296954	-0,0132311582565308
123,397585	-0,0115174353122711
123,497586	-0,0122445225715637
123,597861	-0,0146503746509552
123,699219	-0,0193000137805939
123,800209	-0,0249967575073242
123,900602	-0,0299005210399628
124,001509	-0,0342145562171936
124,101745	-0,0381481349468231
124,202018	-0,0390239655971527
124,302314	-0,0380672216415405
124,402680	-0,0339998304843903
124,503241	-0,0296520292758942
124,604530	-0,0247559249401093
124,705357	-0,0190685093402863
124,806223	-0,0145225524902344
124,906464	-0,0122052431106567
125,008437	-0,0115666091442108
125,108509	-0,0134446322917938
125,209086	-0,0166338384151459
125,310551	-0,0218916833400726
125,411134	-0,0278231501579285
125,511589	-0,0324801504611969
125,612835	-0,0368119776248932
125,713200	-0,0388152301311493
125,813550	-0,0388955175876617
125,913913	-0,0369961559772491
126,013938	-0,0328088700771332
126,114343	-0,0271830260753632
126,214390	-0,0222508311271667
126,314510	-0,0169931650161743
126,415939	-0,0136789381504059
126,516977	-0,0117463767528534
126,618593	-0,0122388303279877
126,719591	-0,0144496262073517
126,821527	-0,0189520716667175
126,921553	-0,0246291160583496
127,022263	-0,0295278131961823
127,123380	-0,0347405970096588
127,225063	-0,0382077395915985
127,326269	-0,0392401814460754
127,427239	-0,0382365882396698
127,527940	-0,034804493188858
127,628691	-0,0305882692337036
127,730654	-0,0248337984085083
127,831075	-0,0200777947902679
127,932618	-0,0154136419296265
128,033815	-0,012663722038269
128,134250	-0,0121101438999176
128,235094	-0,0137196481227875
128,336061	-0,0175561010837555
128,437064	-0,0218627452850342
128,538108	-0,0277168154716492
128,638619	-0,032458633184433
128,739470	-0,0368461608886719
128,841073	-0,0392590463161469
128,942537	-0,0393359959125519
129,044064	-0,0370388627052307
129,144700	-0,0327396094799042
129,245754	-0,0280506610870361
129,345980	-0,0221048593521118
129,447566	-0,0169534087181091
129,547707	-0,0137783586978912
129,647808	-0,0119412541389465
129,748602	-0,0126812160015106
129,848914	-0,0150017142295837
129,949569	-0,0186808407306671
130,049642	-0,0243404507637024
130,150291	-0,0301571190357208
130,251843	-0,0344959795475006
130,352507	-0,0381765365600586
130,453715	-0,0394029915332794
130,553801	-0,0385496318340302
130,655704	-0,0353400409221649
130,756935	-0,0302307307720184
130,857193	-0,025361180305481
130,958339	-0,0205706655979156
131,059130	-0,0149818062782288
131,159352	-0,0126263499259949
131,260196	-0,0118783414363861
131,362287	-0,0136079490184784
131,463587	-0,0168033242225647
131,563820	-0,0210385322570801
131,664836	-0,0278317332267761
131,765352	-0,0325570702552795
131,866026	-0,0363202691078186
131,966978	-0,0389540493488312
132,067783	-0,0391906201839447
132,168054	-0,0373713672161102
132,270076	-0,0332101285457611
132,370539	-0,0277206301689148
132,471247	-0,0227205455303192
132,571360	-0,0181553959846497
132,671649	-0,0135113596916199
132,771924	-0,0118371844291687
132,872306	-0,0119497776031494
132,973064	-0,0148966014385223
133,073879	-0,0185520946979523
133,173980	-0,0231700241565704
133,274324	-0,029037743806839
133,375233	-0,0341687500476837
133,476634	-0,0373153984546661
133,578084	-0,0389474630355835
133,679053	-0,0379668772220612
133,780840	-0,0354433953762054
133,881390	-0,0305978357791901
133,982202	-0,0247872769832611
134,083077	-0,0201095044612885
134,183846	-0,0152990520000458
134,284560	-0,0123557150363922
134,384706	-0,0117274224758148
134,485361	-0,0127124786376953
134,586428	-0,0159874856472015
134,686956	-0,0210461318492889
134,787124	-0,0258080363273621
134,887819	-0,0314931571483612
134,988619	-0,0361067950725555
135,089508	-0,0382952392101288
135,189807	-0,038820892572403
135,289884	-0,0373267829418182
135,391515	-0,0333543717861176
135,492239	-0,0280258655548096
135,592960	-0,0231463015079498
135,694050	-0,017650306224823
135,795683	-0,0136950314044952
135,895843	-0,0119190216064453
135,996695	-0,0119161903858185
136,097788	-0,0144808888435364
136,199662	-0,0180105566978455
136,300050	-0,0234090089797974
136,401393	-0,0293099880218506
136,502326	-0,0335506200790405
136,603680	-0,0372348129749298
136,703770	-0,0386460721492767
136,804763	-0,0378385782241821
136,905522	-0,0354048311710358
137,006647	-0,0308071970939636
137,106820	-0,0250043570995331
137,207197	-0,0202941596508026
137,308335	-0,0155514180660248
137,408450	-0,012395441532135
137,509138	-0,011684387922287
137,610809	-0,0126414895057678
137,711557	-0,0164444148540497
137,811991	-0,0207520425319672
137,912409	-0,0255546271800995
138,013193	-0,0320978462696075
138,113642	-0,0359697937965393
138,214174	-0,0383217334747314
138,314813	-0,038750022649765
138,415153	-0,0370863080024719
138,515972	-0,0337353944778442
138,616025	-0,0283383727073669
138,716094	-0,0225792825222015
138,816960	-0,0179575383663177
138,917026	-0,0138143301010132
139,018169	-0,0119975507259369
139,119942	-0,011810690164566
139,220365	-0,0136387050151825
139,321315	-0,0177648663520813
139,421858	-0,0230732858181
139,522587	-0,0280172824859619
139,622637	-0,0334537029266357
139,723615	-0,0371954441070557
139,824297	-0,0387981832027435
139,924451	-0,0383023321628571
140,026232	-0,0352552831172943
140,126484	-0,0314621031284332
140,228147	-0,0257248282432556
140,328810	-0,0199561417102814
140,428861	-0,0160310566425323
140,529864	-0,0126949846744537
140,630140	-0,0116924345493317
140,730691	-0,0128752589225769
140,831507	-0,0161001980304718
140,931516	-0,0202013552188873
141,032013	-0,0250827372074127
141,132720	-0,030729740858078
141,233190	-0,0355652868747711
141,334732	-0,0382247865200043
141,435919	-0,0389630496501923
141,536231	-0,0374192595481873
141,637569	-0,0343481302261353
141,737856	-0,0290100276470184
141,837972	-0,023317962884903
141,938097	-0,018749475479126
142,038590	-0,0149747133255005
142,140252	-0,0122681856155396
142,242097	-0,0121711790561676
142,343393	-0,0136983692646027
142,444524	-0,0185322165489197
142,544831	-0,0229514241218567
142,646739	-0,0287632048130035
142,748119	-0,034173995256424
142,848805	-0,0372590124607086
142,950428	-0,0389682352542877
143,050773	-0,038517028093338
143,151599	-0,0359641015529633
143,251989	-0,0322354733943939
143,352369	-0,026712030172348
143,454112	-0,0208259224891663
143,555654	-0,0167644917964935
143,657370	-0,0133618116378784
143,758656	-0,0119781494140625
143,859990	-0,0129202306270599
143,960440	-0,0159486830234528
144,060593	-0,0206161439418793
144,160714	-0,0254562199115753
144,261053	-0,0301471054553986
144,362778	-0,0355695784091949
144,463098	-0,0380809307098389
144,564063	-0,0387254357337952
144,665865	-0,0368025004863739
144,766129	-0,0337110459804535
144,866414	-0,0293190777301788
144,968196	-0,0226441919803619
145,068577	-0,0183050036430359
145,170085	-0,014648973941803
145,271364	-0,0122644007205963
145,371695	-0,0122648775577545
145,472377	-0,0138853490352631
145,572663	-0,0179551839828491
145,674487	-0,0233118236064911
145,775811	-0,0280015468597412
145,877569	-0,032604843378067
145,978415	-0,0372272133827209
146,080260	-0,0386177003383636
146,180331	-0,0385193824768066
146,280645	-0,0353153049945831
146,382133	-0,0313703119754791
146,482224	-0,0268862843513489
146,582315	-0,0201412439346313
146,683724	-0,0161290764808655
146,784719	-0,0134346783161163
146,885261	-0,0119057595729828
146,986058	-0,0129424631595612
147,087720	-0,0156295299530029
147,188857	-0,0201563835144043
147,289392	-0,0258941054344177
147,389581	-0,0307048857212067
147,490360	-0,0352533757686615
147,591077	-0,038255512714386
147,692199	-0,0388331711292267
147,792885	-0,0370421707630157
147,893699	-0,0333686769008636
147,994497	-0,0289446115493774
148,095183	-0,0239992141723633
148,197099	-0,0186708867549896
148,297937	-0,0143317580223083
148,398185	-0,0121882259845734
148,498925	-0,0120387077331543
148,599564	-0,0140046179294586
148,700208	-0,0172758102416992
148,800685	-0,0227034687995911
148,901681	-0,0283350348472595
149,002279	-0,0328294038772583
149,104047	-0,0369748175144196
149,205308	-0,0386630594730377
149,305432	-0,0383780300617218
149,406716	-0,0358023345470428
149,508490	-0,0310457348823547
149,609321	-0,0264716446399689
149,710167	-0,0208102762699127
149,811042	-0,0165542662143707
149,911293	-0,0132496356964111
150,011886	-0,0120557546615601
150,112548	-0,0126831233501434
150,212665	-0,0158989727497101
150,313389	-0,0197378695011139
150,413957	-0,0252380967140198
150,514376	-0,030155211687088
150,615564	-0,0349503457546234
150,716528	-0,0379933714866638
150,818366	-0,038900226354599
150,919455	-0,037393182516098
151,020837	-0,0337564051151276
151,121205	-0,0296061933040619
151,222102	-0,0236889123916626
151,324136	-0,0183362662792206
151,425070	-0,0148568153381348
151,525435	-0,0121943652629852
151,625882	-0,0121853649616241
151,726337	-0,0139094889163971
151,827154	-0,0176801383495331
151,927465	-0,0221787989139557
152,028507	-0,0279562175273895
152,129097	-0,0323520600795746
152,229980	-0,0366628468036652
152,330662	-0,0386720597743988
152,431845	-0,0383870005607605
152,532601	-0,0360987186431885
152,633315	-0,0315419137477875
152,734478	-0,0268501043319702
152,835124	-0,0212938487529755
152,935272	-0,0161915719509125
153,036983	-0,0133381485939026
153,138702	-0,0120193064212799
153,238920	-0,0128151774406433
153,340866	-0,015403687953949
153,441855	-0,0201473832130432
153,541906	-0,0256268680095673
153,642048	-0,0304405689239502
153,742449	-0,0346061289310455
153,843209	-0,0380378663539886
153,944368	-0,0387943983078003
154,044901	-0,0376850962638855
154,145839	-0,0341000258922577
154,246300	-0,0291896164417267
154,347143	-0,0243684947490692
154,448184	-0,0188006162643433
154,548954	-0,0146892070770264
154,650039	-0,012538343667984
154,750655	-0,0119961202144623
154,851287	-0,0142882168292999
154,952624	-0,0174481570720673
155,053395	-0,0216732621192932
155,154415	-0,028510183095932
155,256075	-0,0327983498573303
155,356345	-0,0362874567508698
155,457872	-0,0387854278087616
155,559248	-0,0382890999317169
155,660400	-0,036321222782135
155,761764	-0,0312278568744659
155,862048	-0,0264492928981781
155,963611	-0,0217803418636322
156,064104	-0,0167867243289948
156,165554	-0,0132226645946503
156,266709	-0,0121314525604248
156,367337	-0,0128667652606964
156,468028	-0,0157981216907501
156,568405	-0,0198406279087067
156,670268	-0,0244216620922089
156,770862	-0,0309768915176392
156,871506	-0,0351209342479706
156,971822	-0,0377765595912933
157,072608	-0,0388950407505035
157,173853	-0,037721574306488
157,274645	-0,0347525179386139
157,375381	-0,0288897156715393
157,476647	-0,024154394865036
157,578381	-0,0194230675697327
157,679916	-0,0144917666912079
157,780518	-0,0125506520271301
157,881245	-0,0120576322078705
157,983210	-0,0139402449131012
158,084077	-0,0177960991859436
158,185092	-0,0219973027706146
158,285999	-0,027847021818161
158,387455	-0,0331074297428131
158,488213	-0,0364072620868683
158,589012	-0,0384503602981567
158,689603	-0,0382068157196045
158,790974	-0,0360121428966522
158,891687	-0,0326125025749207
158,992927	-0,0261223912239075
159,093405	-0,0213890373706818
159,194064	-0,0173217356204987
159,295538	-0,0131521224975586
159,396948	-0,0121210515499115
159,497640	-0,0127962231636047
159,598375	-0,015445351600647
159,698583	-0,0201114118099213
159,799379	-0,0248143672943115
159,900502	-0,0303311049938202
160,002158	-0,0352181196212769
160,102925	-0,0378565490245819
160,203045	-0,0386871695518494
160,303904	-0,0373291671276093
160,404105	-0,0343385934829712
160,505473	-0,0291528403759003
160,606354	-0,0235698521137238
160,706638	-0,018959641456604
160,807329	-0,0151413679122925
160,907631	-0,012555867433548
161,008411	-0,0120051205158234
161,108782	-0,0134219229221344
161,209434	-0,0172767639160156
161,310640	-0,0222915709018707
161,411267	-0,0270820260047913
161,512591	-0,032673180103302
161,613135	-0,0360330641269684
161,714138	-0,038420557975769
161,814444	-0,0384508371353149
161,914597	-0,0363354682922363
162,015939	-0,0322617292404175
162,116387	-0,0268353521823883
162,218060	-0,0219423472881317
162,318487	-0,0170566141605377
162,418786	-0,0135307908058167
162,519552	-0,0121385455131531
162,620114	-0,012696385383606
162,720695	-0,0152209103107452
162,821318	-0,0195447206497192
162,922527	-0,0242963135242462
163,023091	-0,0298627614974976
163,124767	-0,0347248613834381
163,226722	-0,0376637876033783
163,327273	-0,0387367904186249
163,427914	-0,0375093221664429
163,529553	-0,0348364114761353
163,629635	-0,0297179818153381
163,730051	-0,0241055190563202
163,830732	-0,0195887684822083
163,932559	-0,0149391889572144
164,032874	-0,0125193893909454
164,133220	-0,0121371150016785
164,234022	-0,0132425129413605
164,334204	-0,0176862776279449
164,436384	-0,0219295620918274
164,536470	-0,0265539884567261
164,637388	-0,0330649614334106
164,737674	-0,0363839566707611
164,838465	-0,0382725298404694
164,938728	-0,038608729839325
165,039488	-0,0361809730529785
165,140180	-0,0326512157917023
165,240289	-0,0283951461315155
165,341340	-0,0215770900249481
165,442484	-0,0173738300800323
165,543479	-0,0143336653709412
165,643656	-0,0120448768138885
165,744666	-0,0126467049121857
165,846674	-0,014863908290863
165,946774	-0,0197355151176453
166,048401	-0,0244572460651398
166,148771	-0,0292254388332367
166,249254	-0,0340160429477692
166,349809	-0,0375297069549561
166,450164	-0,0385723412036896
166,551485	-0,0374003052711487
166,652004	-0,0343247354030609
166,752821	-0,0301662087440491
166,853163	-0,0244430303573608
166,954365	-0,0192195177078247
167,054674	-0,0153838098049164
167,155978	-0,01263627409935
167,256783	-0,0122582316398621
167,357831	-0,0136188268661499
167,458460	-0,0165253877639771
167,559386	-0,0216064453125
167,660681	-0,0270749032497406
167,760718	-0,0316891372203827
167,861194	-0,0361163020133972
167,962002	-0,0382375419139862
168,062292	-0,0384465754032135
168,163166	-0,0363326072692871
168,263876	-0,0327964425086975
168,366044	-0,0276558101177216
168,467173	-0,021954208612442
168,567232	-0,0168113708496094
168,667719	-0,0139151811599731
168,768305	-0,0121068358421326
168,869732	-0,0123930871486664
168,971533	-0,0151361525058746
169,072146	-0,0194443762302399
169,173244	-0,0240058600902557
169,273351	-0,0298393666744232
169,374439	-0,0338790714740753
169,475630	-0,0373974740505219
169,576381	-0,0387414991855621
169,676522	-0,037785530090332
169,777208	-0,034708172082901
169,877416	-0,0308229625225067
169,978936	-0,0250333249568939
170,080413	-0,0196076929569244
170,182332	-0,0151735544204712
170,284295	-0,0127323567867279
170,385057	-0,0121957957744598
170,485587	-0,0134304463863373
170,586080	-0,0167777538299561
170,686457	-0,0219395160675049
170,787425	-0,0266020596027374
170,888237	-0,0319640040397644
170,988365	-0,036321222782135
171,088701	-0,0381793677806854
171,189131	-0,0384087562561035
171,289957	-0,0361058413982391
171,391404	-0,0324729681015015
171,491528	-0,028029203414917
171,591766	-0,0224531888961792
171,692732	-0,0171560347080231
171,793509	-0,0139970481395721
171,893794	-0,0123197436332703
171,994002	-0,012419581413269
172,095001	-0,0146451890468597
172,195824	-0,0181809663772583
172,296867	-0,0243200659751892
172,397392	-0,0292125642299652
172,499098	-0,033521980047226
172,600702	-0,0375169217586517
172,701412	-0,0387485921382904
172,801730	-0,0380761921405792
172,902600	-0,0343743562698364
173,003130	-0,0304410457611084
173,103641	-0,0256321132183075
173,204859	-0,0200048983097076
173,306512	-0,0155509412288666
173,408060	-0,0129462778568268
173,508953	-0,0120618939399719
173,609684	-0,0136391818523407
173,710412	-0,0163894891738892
173,811372	-0,0213667750358582
173,911379	-0,0270953774452209
174,011453	-0,0315266251564026
174,112758	-0,0354067385196686
174,212923	-0,0382257103919983
174,314262	-0,0384716391563416
174,414369	-0,0370492935180664
174,514540	-0,0331795811653137
174,614835	-0,027810275554657
174,716465	-0,0231747627258301
174,816535	-0,0178633332252502
174,917181	-0,0139511227607727
175,017809	-0,0124053657054901
175,118822	-0,0124654471874237
175,219721	-0,0143611133098602
175,319759	-0,0185932815074921
175,420243	-0,0238136649131775
175,521059	-0,0286109149456024
175,621795	-0,0338451862335205
175,722117	-0,0372789204120636
175,823109	-0,0386427342891693
175,923745	-0,0379734933376312
176,024445	-0,0354605615139008
176,125314	-0,0309716165065765
176,225418	-0,0263893306255341
176,327083	-0,0206663310527802
176,428513	-0,0160826742649078
176,529230	-0,0134564638137817
176,629540	-0,0122009813785553
176,729559	-0,0135999023914337
176,830471	-0,0162512362003326
176,931337	-0,0209547281265259
177,032161	-0,0267258286476135
177,132752	-0,0312522351741791
177,233127	-0,035096138715744
177,333282	-0,0384981036186218
177,433509	-0,0387457609176636
177,533742	-0,0373912751674652
177,634698	-0,0330998003482819
177,735131	-0,0285884737968445
177,835178	-0,0239057242870331
177,935901	-0,0186789333820343
178,036371	-0,0145178139209747
178,137968	-0,0127810835838318
178,239354	-0,0127295255661011
178,341192	-0,0148586928844452
178,443080	-0,0183717310428619
178,543344	-0,022655576467514
178,643866	-0,0291351675987244
178,744522	-0,0335124433040619
178,845043	-0,0366913378238678
178,945056	-0,0386687517166138
179,045884	-0,0381817221641541
179,146489	-0,0358765423297882
179,247248	-0,0314376950263977
179,348560	-0,0260691046714783
179,449466	-0,021308034658432
179,549983	-0,0165618658065796
179,651569	-0,0135137438774109
179,751799	-0,0124711394309998
179,852491	-0,0135904252529144
179,952987	-0,016187310218811
180,053562	-0,0207222104072571
180,155204	-0,0263626575469971
180,255792	-0,0309964716434479
180,357336	-0,0354929268360138
180,458468	-0,0383732914924622
180,560607	-0,0388558208942413
180,661050	-0,0371161997318268
180,762370	-0,0341773331165314
180,863238	-0,0290358364582062
180,964126	-0,0233099162578583
181,064350	-0,0189615190029144
181,166341	-0,0147100389003754
181,268063	-0,0124962031841278
181,369090	-0,0125037729740143
181,470080	-0,0144676268100739
181,570600	-0,0185473561286926
181,671419	-0,0229883790016174
181,773268	-0,0285316407680511
181,874500	-0,033734917640686
181,975256	-0,0368931591510773
182,075942	-0,0385496318340302
182,176292	-0,0379758775234222
182,276299	-0,03560671210289
182,377257	-0,0309716165065765
182,477504	-0,026464968919754
182,577845	-0,0208595395088196
182,678432	-0,0167564451694489
182,779019	-0,013528436422348
182,880955	-0,012275755405426
182,982248	-0,0130565166473389
183,082265	-0,0161930024623871
183,183098	-0,0208107531070709
183,283787	-0,0254253447055817
183,385116	-0,0310672223567963
183,486896	-0,0348364114761353
183,587156	-0,0378570258617401
183,687726	-0,038595974445343
183,788010	-0,0371427834033966
183,888718	-0,0336208045482635
183,989032	-0,0285058915615082
184,089406	-0,0236741900444031
184,190313	-0,0192469954490662
184,291651	-0,0143985152244568
184,392728	-0,0124550461769104
184,494061	-0,0122946798801422
184,594697	-0,0141286551952362
184,694882	-0,017918735742569
184,795119	-0,0223465859889984
184,895861	-0,0279380977153778
184,996087	-0,0331322848796844
185,096846	-0,0365151166915894
185,197347	-0,0382758677005768
185,298143	-0,0380028486251831
185,399018	-0,0359127223491669
185,500889	-0,0314439237117767
185,601178	-0,0260129868984222
185,703035	-0,0214288234710693
185,803685	-0,0172019600868225
185,904311	-0,0133764743804932
186,004952	-0,0123893022537231
186,105777	-0,0129368007183075
186,206261	-0,0165149569511414
186,307505	-0,0204011499881744
186,407505	-0,0248846113681793
186,509410	-0,0305399596691132
186,610934	-0,0351395010948181
186,712372	-0,0375851392745972
186,813653	-0,038590282201767
186,914288	-0,0369648337364197
187,016271	-0,0339688062667847
187,117485	-0,0290864408016205
187,218678	-0,0233687162399292
187,318868	-0,0189719498157501
187,419722	-0,0154870450496674
187,521439	-0,0125828087329865
187,621611	-0,012518435716629
187,722689	-0,0141125619411469
187,823055	-0,0184664130210876
187,923360	-0,0228608548641205
188,025335	-0,0275885760784149
188,125570	-0,0335047841072083
188,226314	-0,0367331504821777
188,327968	-0,0383988320827484
188,428829	-0,0378224551677704
188,529338	-0,0355976521968842
188,629985	-0,0319439172744751
188,730822	-0,0264702141284943
188,831891	-0,0210323631763458
188,933745	-0,0169666707515717
189,033762	-0,013568639755249
189,135464	-0,0124489068984985
189,237432	-0,0131440758705139
189,338543	-0,0154524743556976
189,440086	-0,0208278000354767
189,540360	-0,0253227055072784
189,640361	-0,0299664437770844
189,742177	-0,0354348123073578
189,843883	-0,0376983880996704
189,944641	-0,0385108590126038
190,046228	-0,0367792248725891
190,148199	-0,0336131751537323
190,249551	-0,0295436084270477
190,349846	-0,023009717464447
190,449971	-0,0185795426368713
190,550114	-0,0151953399181366
190,651488	-0,0127243101596832
190,751652	-0,012515127658844
190,853260	-0,0142697393894196
190,953488	-0,0180077254772186
191,054705	-0,0231657326221466
191,155164	-0,0279485881328583
191,255872	-0,0322722494602203
191,356323	-0,0368456840515137
191,457432	-0,0384480059146881
191,558766	-0,0381902456283569
191,659136	-0,0352638363838196
191,759666	-0,0315868556499481
191,861411	-0,0269777476787567
191,961909	-0,0206156671047211
192,062272	-0,0166811645030975
192,163673	-0,0137636959552765
192,263903	-0,0124418139457703
192,364942	-0,0133405029773712
192,465443	-0,0157370269298553
192,567217	-0,0203727781772614
192,668304	-0,0258089601993561
192,768609	-0,0303793847560883
192,868709	-0,0351266264915466
192,969280	-0,0379091203212738
193,069916	-0,0385023653507233
193,171139	-0,0370839536190033
193,271734	-0,0340575575828552
193,373059	-0,0290945768356323
193,474185	-0,02447909116745
193,574955	-0,01904296875
193,675604	-0,0148999094963074
193,776413	-0,0128993988037109
193,878141	-0,0124664008617401
193,980129	-0,0144979357719421
194,081328	-0,0177265107631683
194,181897	-0,0227333307266235
194,283437	-0,0284667611122131
194,385242	-0,0328561663627625
194,485721	-0,036736935377121
194,586642	-0,0387126803398132
194,687685	-0,0383784770965576
194,788125	-0,0358113944530487
194,888151	-0,0323291122913361
194,988264	-0,0268991589546204
195,090195	-0,0213440358638763
195,191598	-0,0174083709716797
195,293928	-0,0139341056346893
195,395070	-0,0127186477184296
195,495648	-0,013834685087204
195,597857	-0,0162999927997589
195,698379	-0,0201024115085602
195,798975	-0,0265068709850311
195,899944	-0,0309816598892212
196,000989	-0,0349489152431488
196,101397	-0,0380118489265442
196,201856	-0,0386923551559448
196,301981	-0,0375581085681915
196,403198	-0,0340566039085388
196,503663	-0,0289728045463562
196,605636	-0,0243855714797974
196,706165	-0,0190524160861969
196,806384	-0,0155116319656372
196,906466	-0,0131331980228424
197,008009	-0,0128421485424042
197,108161	-0,0144278705120087
197,209965	-0,0182727873325348
197,310682	-0,0232895016670227
197,411309	-0,0279996395111084
197,511998	-0,0332588851451874
197,612275	-0,0364576280117035
197,713920	-0,0385798811912537
197,814216	-0,038511335849762
197,915256	-0,0361110866069794
198,017331	-0,0319214463233948
198,117657	-0,0274832248687744
198,218162	-0,021844744682312
198,318999	-0,0171105861663818
198,419513	-0,0142394304275513
198,519643	-0,0126930773258209
198,619903	-0,0136562287807465
198,721731	-0,0160017311573029
198,821790	-0,0196081697940826
198,922826	-0,0259830355644226
199,023199	-0,0305127501487732
199,123938	-0,0344783365726471
199,225468	-0,0381154716014862
199,326229	-0,0387032330036163
199,427495	-0,0376637876033783
199,529371	-0,0344587862491608
199,631259	-0,0294518768787384
199,732471	-0,0248300135135651
199,833992	-0,0195139646530151
199,934945	-0,015213817358017
200,035533	-0,0131686925888062
200,135806	-0,0127451419830322
200,235845	-0,0145666003227234
200,336174	-0,0177492499351501
200,436976	-0,0227826237678528
200,537566	-0,0283049643039703
200,638304	-0,0327381491661072
200,738676	-0,0361533761024475
200,840597	-0,038520336151123
200,941272	-0,0383652448654175
201,041318	-0,0364162623882294
201,142850	-0,0314802527427673
201,243853	-0,0270691812038422
201,344890	-0,0223631262779236
201,446599	-0,0174491107463837
201,547379	-0,014104038476944
201,647570	-0,0127545893192291
201,748540	-0,013445109128952
201,848668	-0,016326516866684
201,948712	-0,0199447870254517
202,050218	-0,0244487226009369
202,151005	-0,0308946669101715
202,251343	-0,0347200930118561
202,351672	-0,0375278294086456
202,452992	-0,0386554896831512
202,554393	-0,0374477207660675
202,654395	-0,0348430871963501
202,754691	-0,0290859639644623
202,855524	-0,0244496762752533
202,956360	-0,0200711786746979
203,057103	-0,0156731009483337
203,158072	-0,0131663084030151
203,259096	-0,0128411948680878
203,359405	-0,0144529640674591
203,460320	-0,0181847512722015
203,560410	-0,022407203912735
203,661150	-0,0278908908367157
203,763082	-0,0331614315509796
203,863836	-0,0364880263805389
203,964559	-0,0385061502456665
204,066211	-0,0382976233959198
204,167365	-0,0362399518489838
204,267715	-0,032772570848465
204,367883	-0,027565211057663
204,468091	-0,0219797790050507
204,568639	-0,0177904069423676
204,669967	-0,0142645239830017
204,771955	-0,012675553560257
204,873596	-0,0131492912769318
204,973793	-0,0158918797969818
205,074578	-0,0194235444068909
205,175293	-0,0247568786144257
205,276402	-0,0303564369678497
205,377077	-0,0343032777309418
205,478783	-0,0376391708850861
205,579051	-0,0387504994869232
205,680108	-0,0377239584922791
205,781076	-0,0345760881900787
205,881523	-0,0297552347183228
205,982297	-0,0250618159770966
206,083702	-0,019795149564743
206,183852	-0,0161570310592651
206,283936	-0,0133707821369171
206,384493	-0,0128719508647919
206,485901	-0,0142872631549835
206,586784	-0,0177724361419678
206,687084	-0,0219172239303589
206,787510	-0,0273969769477844
206,888272	-0,0326430797576904
206,989716	-0,0361643135547638
207,090822	-0,0384215116500854
207,190889	-0,0383964776992798
207,291588	-0,0366158187389374
207,391756	-0,0332870185375214
207,492272	-0,0272330641746521
207,592291	-0,0226361453533173
207,692767	-0,0183490216732025
207,793165	-0,0141958892345428
207,893908	-0,0128941833972931
207,995209	-0,0131246745586395
208,096227	-0,0156418681144714
208,196435	-0,0198903381824493
208,298290	-0,0242626070976257
208,398745	-0,0299005210399628
208,499475	-0,0346561968326569
208,599661	-0,0373903512954712
208,700198	-0,0387164652347565
208,800288	-0,0375960469245911
208,902186	-0,0349627137184143
209,004156	-0,0312135219573975
209,105002	-0,0247445404529572
209,205350	-0,0203277766704559
209,305654	-0,0166390240192413
209,406624	-0,0136396288871765
209,506913	-0,0129826962947845
209,607683	-0,0141840577125549
209,708804	-0,0174415409564972
209,809461	-0,0223565101623535
209,909833	-0,0269524753093719
210,011672	-0,0322149097919464
210,112004	-0,0364262461662292
210,213507	-0,0383671224117279
210,313756	-0,0385278761386871
210,415249	-0,0364281535148621
210,516994	-0,033050149679184
210,617577	-0,0278450846672058
210,718110	-0,0223858952522278
210,818421	-0,0182259380817413
210,918717	-0,015068918466568
211,019974	-0,0131667852401733
211,120678	-0,013457864522934
211,221756	-0,0154643058776855
211,321805	-0,0196166932582855
211,422284	-0,0239090621471405
211,522653	-0,0294528305530548
211,623107	-0,034368634223938
211,725063	-0,0372186899185181
211,825447	-0,0387462377548218
211,926178	-0,0378674268722534
212,026646	-0,0353514850139618
212,127500	-0,0308272540569305
212,228856	-0,0253687798976898
212,329751	-0,0208424925804138
212,430058	-0,0170599222183228
212,530463	-0,0136448442935944
212,630560	-0,01301109790802
212,732482	-0,0140590667724609
212,833137	-0,0171764194965363
212,934011	-0,0218982994556427
213,034226	-0,0264978110790253
213,134405	-0,0318301618099213
213,235616	-0,0360972881317139
213,336126	-0,0382668673992157
213,437595	-0,0386394262313843
213,538385	-0,0367032289505005
213,639294	-0,033524364233017
213,739801	-0,0292703211307526
213,840282	-0,022874116897583
213,941140	-0,0186708867549896
214,041325	-0,0153497159481049
214,142121	-0,0131062269210815
214,242731	-0,0133471488952637
214,343536	-0,0151366293430328
214,443900	-0,0199405252933502
214,543908	-0,0242820978164673
214,644854	-0,0288815796375275
214,744963	-0,033929169178009
214,845134	-0,037373274564743
214,945180	-0,0386587977409363
215,045708	-0,03802889585495
215,146205	-0,0356785953044891
215,247170	-0,0312622785568237
215,347615	-0,026795357465744
215,448616	-0,0212985575199127
215,550114	-0,0167171657085419
215,651785	-0,0141310393810272
215,752087	-0,0129339694976807
215,852523	-0,0137470960617065
215,953076	-0,0166977345943451
216,054593	-0,0212516784667969
216,155229	-0,0257847309112549
216,255641	-0,0311829149723053
216,355751	-0,035576730966568
216,456736	-0,0379058122634888
216,557280	-0,0385486781597137
216,657349	-0,0367967784404755
216,757522	-0,0337759554386139
216,858093	-0,0296721160411835
216,958677	-0,023251086473465
217,059464	-0,0190235376358032
217,161395	-0,01561439037323
217,261599	-0,01307213306427
217,362219	-0,0131729543209076
217,463028	-0,014798104763031
217,563312	-0,0185918509960175
217,663364	-0,0237206816673279
217,765289	-0,0282930433750153
217,865374	-0,0334064364433289
217,965837	-0,0370872616767883
218,067450	-0,0385141670703888
218,167822	-0,0383557677268982
218,269411	-0,0354138910770416
218,371347	-0,0317054092884064
218,471722	-0,0273116827011108
218,573593	-0,0209622979164124
218,673689	-0,0170850455760956
218,773812	-0,0143885910511017
218,874734	-0,0129807889461517
218,975325	-0,0139170587062836
219,075714	-0,0164022743701935
219,175867	-0,0208083987236023
219,276322	-0,0262103974819183
219,378277	-0,030764639377594
219,478305	-0,0352714657783508
219,578883	-0,0380705296993256
219,679298	-0,0386706292629242
219,780287	-0,0371299684047699
219,880331	-0,0342665314674377
219,980482	-0,0294126868247986
220,080839	-0,0247806310653687
220,181337	-0,0195887684822083
220,282079	-0,0154931843280792
220,383630	-0,0134697258472443
220,485040	-0,0131871700286865
220,586882	-0,0150987803936005
220,686917	-0,0182041525840759
220,788770	-0,0232383012771606
220,890671	-0,0286858379840851
220,991419	-0,0329335629940033
221,093400	-0,0367958247661591
221,195101	-0,0385160744190216
221,295574	-0,0382030308246613
221,395799	-0,0356928706169128
221,496171	-0,0321045219898224
221,596382	-0,026869148015976
221,696870	-0,0214240849018097
221,797040	-0,017459511756897
221,898131	-0,0142048895359039
221,998909	-0,0129708647727966
222,099810	-0,0137352645397186
222,200189	-0,0166475474834442
222,301247	-0,0203405618667603
222,401542	-0,0256749093532562
222,501838	-0,03022500872612
222,603037	-0,0348678827285767
222,704001	-0,03785040974617
222,804387	-0,0386181771755219
222,904397	-0,0373429358005524
223,006208	-0,0339305996894836
223,106630	-0,0298732817173004
223,207606	-0,024417370557785
223,308176	-0,0192635357379913
223,409260	-0,0158677101135254
223,509577	-0,0137433111667633
223,610484	-0,0133301019668579
223,712081	-0,014943927526474
223,813970	-0,0179300904273987
223,915456	-0,0237206816673279
224,015862	-0,0283283591270447
224,116339	-0,0326383113861084
224,217106	-0,036641001701355
224,317268	-0,0386479496955872
224,418459	-0,0385127663612366
224,518776	-0,0362384915351868
224,619569	-0,0320548117160797
224,720875	-0,0276734530925751
224,821372	-0,0231206715106964
224,922376	-0,0175423622131348
225,023115	-0,0147716104984283
225,123765	-0,0134332776069641
225,224368	-0,0142285525798798
225,325840	-0,0165840983390808
225,427695	-0,02016681432724
225,529298	-0,0263107717037201
225,630851	-0,0307842195034027
225,731784	-0,0346867144107819
225,831866	-0,0381244719028473
225,933093	-0,0387155115604401
226,034774	-0,0377012193202972
226,135912	-0,034438282251358
226,236556	-0,0296224057674408
226,336695	-0,025089830160141
226,437801	-0,0198439359664917
226,538018	-0,0157725214958191
226,638392	-0,013777881860733
226,738463	-0,0132591128349304
226,840297	-0,0152455270290375
226,941646	-0,0183239281177521
227,042016	-0,022325724363327
227,142443	-0,0286758244037628
227,242935	-0,0328834056854248
227,343592	-0,0361709892749786
227,444110	-0,0383642911911011
227,545113	-0,0381684899330139
227,645913	-0,0362384915351868
227,746886	-0,0322273373603821
227,847840	-0,0269458293914795
227,948456	-0,0224076807498932
228,049137	-0,0176384747028351
228,150262	-0,0142910778522491
228,250706	-0,0131175816059113
228,351093	-0,0138072073459625
228,452925	-0,0166073143482208
228,553656	-0,0203083753585815
228,654480	-0,0256078541278839
228,755798	-0,0301084220409393
228,856044	-0,0348297357559204
228,958400	-0,0374718904495239
229,059238	-0,0386191010475159
229,160268	-0,037455290555954
229,260546	-0,034776359796524
229,360634	-0,0300969183444977
229,462072	-0,0246937274932861
229,562113	-0,0203225612640381
229,662686	-0,0161195993423462
229,763740	-0,0137186944484711
229,865410	-0,0133466720581055
229,966357	-0,0150409936904907
230,067822	-0,0179684460163116
230,169713	-0,022737592458725
230,270008	-0,028179943561554
230,370392	-0,0324595868587494
230,471537	-0,0364067852497101
230,571830	-0,0384257733821869
230,671831	-0,0382995009422302
230,773515	-0,0360287725925446
230,873549	-0,0326784551143646
230,974480	-0,0275166034698486
231,075454	-0,0220944285392761
231,175979	-0,0181184709072113
231,276420	-0,0146309733390808
231,376853	-0,0132558047771454
231,477857	-0,0137347877025604
231,578411	-0,0163251161575317
231,680267	-0,0198614597320557
231,780582	-0,0250803530216217
231,882576	-0,0304252803325653
231,984305	-0,0343242585659027
232,084787	-0,03750079870224
232,186554	-0,0384338200092316
232,287450	-0,0374605059623718
232,388169	-0,0342932641506195
232,488771	-0,0295087099075317
232,588872	-0,0250456631183624
232,689293	-0,0206611454486847
232,790436	-0,0157559812068939
232,890606	-0,0137527883052826
232,991120	-0,0132339894771576
233,092498	-0,0147034227848053
233,192687	-0,018213152885437
233,293554	-0,0221925377845764
233,394510	-0,0276057422161102
233,494861	-0,0327524840831757
233,596015	-0,0360430479049683
233,696627	-0,0382810533046722
233,796681	-0,0382072925567627
233,896985	-0,0363316833972931
233,997949	-0,0331341922283173
234,099189	-0,0272111594676971
234,199681	-0,0226579606533051
234,300188	-0,0186278223991394
234,401511	-0,014565646648407
234,502404	-0,0133196711540222
234,603199	-0,0137068927288055
234,704128	-0,016098290681839
234,804406	-0,0202828049659729
234,904877	-0,0246609449386597
235,004998	-0,0300075709819794
235,105851	-0,0346738398075104
235,206229	-0,0373742282390594
235,306419	-0,0384914875030518
235,407085	-0,0377272665500641
235,507193	-0,0347801744937897
235,608026	-0,0309367477893829
235,709223	-0,0256597101688385
235,811086	-0,020399272441864
235,912807	-0,0167578756809235
236,013535	-0,0140458047389984
236,113917	-0,0133660733699799
236,214827	-0,0145727396011353
236,314973	-0,0179390609264374
236,416509	-0,0217992663383484
236,516538	-0,0271839797496796
236,618291	-0,0324089527130127
236,719246	-0,0358194708824158
236,820577	-0,0382682979106903
236,921569	-0,0384082794189453
237,021624	-0,036721259355545
237,122422	-0,0329674780368805
237,222807	-0,0278575122356415
237,323572	-0,0233497321605682
237,424414	-0,01852086186409
237,524428	-0,0154789686203003
237,625191	-0,0136510133743286
237,725921	-0,0140945613384247
237,826645	-0,016101598739624
237,926890	-0,0201696455478668
238,028811	-0,0244534611701965
238,128851	-0,0298255085945129
238,229890	-0,0345865786075592
238,330169	-0,0373657047748566
238,430470	-0,0387051403522491
238,531949	-0,0377490818500519
238,632457	-0,0352533757686615
238,734043	-0,0306958258152008
238,834897	-0,025347888469696
238,935643	-0,0209461748600006
239,037317	-0,0165746510028839
239,138533	-0,0139553844928741
239,240510	-0,0133717358112335
239,341062	-0,0147749185562134
239,441598	-0,0182136297225952
239,542875	-0,0221323668956757
239,643022	-0,0265929996967316
239,743223	-0,0318315923213959
239,844585	-0,035908430814743
239,945506	-0,0379417836666107
240,045637	-0,0382995009422302
240,146584	-0,0363160073757172
240,246606	-0,0331685841083527
240,347176	-0,0290406048297882
240,448244	-0,0227565467357635
240,548881	-0,018755167722702
240,649281	-0,0156570076942444
240,749994	-0,0135127902030945
240,850481	-0,0138247311115265
240,950726	-0,0155651569366455
241,052406	-0,0194633305072784
241,152533	-0,0245636105537415
241,254497	-0,0290692746639252
241,355486	-0,0339062809944153
241,456405	-0,037238597869873
241,557302	-0,0383803844451904
241,657921	-0,0376576483249664
241,758748	-0,0346709787845612
241,859066	-0,0308583378791809
241,960363	-0,0255750715732574
242,060779	-0,0203173458576202
242,161874	-0,01666459441185
242,263518	-0,0141859352588654
242,364485	-0,0131180584430695
242,465065	-0,0142636001110077
242,566714	-0,0168899595737457
242,666767	-0,0213923454284668
242,768678	-0,026731550693512
242,869380	-0,0310820639133453
242,970439	-0,0353238880634308
243,070741	-0,0378068387508392
243,170779	-0,0382086932659149
243,270966	-0,0364409983158112
243,371248	-0,0334326922893524
243,471683	-0,0285378694534302
243,572373	-0,0231116712093353
243,673574	-0,0190202295780182
243,774249	-0,0152266025543213
243,874784	-0,0133012235164642
243,975500	-0,0134640336036682
244,076283	-0,0156252682209015
244,176899	-0,0188100636005402
244,278557	-0,0238597095012665
244,379663	-0,0292325913906097
244,480082	-0,0333147346973419
244,581212	-0,0369130969047546
244,682211	-0,0382578670978546
244,783207	-0,0377694368362427
244,883596	-0,0350875854492188
244,984405	-0,0314305424690247
245,085220	-0,0261937379837036
245,185569	-0,0209362506866455
245,286370	-0,0171484649181366
245,387089	-0,0141362249851227
245,488914	-0,0132188498973846
245,589293	-0,0141390860080719
245,689505	-0,0172100365161896
245,790697	-0,0218002200126648
245,891567	-0,0261985063552856
245,992711	-0,0306413173675537
246,094978	-0,0356376469135284
246,195644	-0,0377040803432465
246,295665	-0,0382659137248993
246,397320	-0,0367397964000702
246,498971	-0,0331585705280304
246,599130	-0,0291189551353455
246,700108	-0,0237225592136383
246,801287	-0,0187565684318542
246,903223	-0,0155930817127228
247,004836	-0,0134380161762238
247,105994	-0,0135383605957031
247,207035	-0,0153426229953766
247,307877	-0,0191290974617004
247,409798	-0,0241900086402893
247,510349	-0,0286906361579895
247,611473	-0,0335047841072083
247,712954	-0,0369482040405273
247,813695	-0,0382106006145477
247,913753	-0,0375571846961975
248,013965	-0,034776359796524
248,113969	-0,0311093032360077
248,214779	-0,0267191827297211
248,316056	-0,0214847028255463
248,417977	-0,0170073807239532
248,519843	-0,0144515335559845
248,621698	-0,0134048759937286
248,721953	-0,0144889354705811
248,823264	-0,0169960260391235
248,923557	-0,0215235650539398
249,025442	-0,0267439186573029
249,126775	-0,0311093032360077
249,227263	-0,0354534089565277
249,328015	-0,0378840267658234
249,429390	-0,0382886230945587
249,530364	-0,0366414785385132
249,631817	-0,032877653837204
249,732088	-0,0288037657737732
249,832734	-0,0234360694885254
249,933622	-0,0185080468654633
250,033847	-0,0154780149459839
250,134251	-0,0136713683605194
250,235660	-0,0137461423873901
250,337938	-0,0157029330730438
250,438539	-0,0195925533771515
250,539043	-0,0238008499145508
250,640211	-0,0292182862758636
