0,101004	-0,00479370355606079
0,201875	-0,00258845090866089
0,302705	0,00025177001953125
0,403564	0,00262483954429626
0,504100	0,00401774048805237
0,604324	0,00495210289955139
0,704582	0,0040087103843689
0,804758	0,00255435705184937
0,905367	0,000838547945022583
1,006009	-0,00251215696334839
1,118884	-0,00466975569725037
1,226739	-0,00675594806671143
1,334314	-0,00887179374694824
1,443969	-0,0084443986415863
1,553161	-0,00762024521827698
1,661511	-0,00604939460754395
1,772678	-0,00241139531135559
1,882496	-9,90033149719238E-5
1,992700	0,00258225202560425
2,101837	0,00433149933815002
2,210001	0,00423938035964966
2,319920	0,00352835655212402
2,429161	0,00187873840332031
2,540810	-0,000826120376586914
2,650918	-0,00421416759490967
2,760103	-0,00667241215705872
2,868232	-0,00793066620826721
2,979511	-0,00853139162063599
3,094604	-0,00787442922592163
3,199271	-0,00549468398094177
3,308238	-0,00336164236068726
3,417513	-0,000901967287063599
3,525935	0,00235095620155334
3,634874	0,00384080410003662
3,735655	0,00474435091018677
3,842836	0,0039745569229126
3,955353	0,00212782621383667
4,068554	-0,000403463840484619
4,171925	-0,00264069437980652
4,273507	-0,00599184632301331
4,375504	-0,00722295045852661
4,486008	-0,00899660587310791
4,595253	-0,00857299566268921
4,696852	-0,00713655352592468
4,798122	-0,00502511858940125
4,899390	-0,00228425860404968
5,006230	0,000596523284912109
5,111756	0,00215524435043335
5,217529	0,0044730007648468
5,322752	0,0044018030166626
5,428168	0,0038616955280304
5,539312	0,00206682085990906
5,645532	-0,000905275344848633
5,751244	-0,00327733159065247
5,852566	-0,00513210892677307
5,960048	-0,00784182548522949
6,070178	-0,00833332538604736
6,178833	-0,00841605663299561
6,289370	-0,00649678707122803
6,403439	-0,00434225797653198
6,513202	-0,00159814953804016
6,621845	0,00149044394493103
6,731269	0,00328052043914795
6,845662	0,00419098138809204
6,954693	0,00443977117538452
7,058275	0,00234338641166687
7,167349	0,000368714332580566
7,282933	-0,00187599658966064
7,383755	-0,00540131330490112
7,494464	-0,00704681873321533
7,606804	-0,00853374600410461
7,720260	-0,00866422057151794
7,822083	-0,00700715184211731
7,934795	-0,00491669774055481
8,048617	-0,00179547071456909
8,161433	0,000350773334503174
8,263243	0,00267025828361511
8,364999	0,00412833690643311
8,478027	0,00408607721328735
8,578963	0,00314459204673767
8,688585	0,00154995918273926
8,790795	-0,000945329666137695
8,893091	-0,00396305322647095
8,996906	-0,00597912073135376
9,103788	-0,00822934508323669
9,204948	-0,00865620374679565
9,306074	-0,00847464799880981
9,408908	-0,00742748379707336
9,516954	-0,00430649518966675
9,619989	-0,00228989124298096
9,722302	0,000380516052246094
9,826054	0,00260496139526367
9,938410	0,00372889637947083
10,046165	0,00421044230461121
10,153509	0,00358855724334717
10,261577	0,00132328271865845
10,369524	-0,000898659229278564
10,483313	-0,00427442789077759
10,592864	-0,00678285956382751
10,700925	-0,0080639123916626
10,802616	-0,00893327593803406
10,912039	-0,00772041082382202
11,018668	-0,00615602731704712
11,127080	-0,00443792343139648
11,235020	-0,0008506178855896
11,348321	0,00149044394493103
11,457877	0,00322413444519043
11,564964	0,00438421964645386
11,674581	0,00340938568115234
11,774975	0,00206729769706726
11,885291	0,000111758708953857
11,996480	-0,00298255681991577
12,110167	-0,00563192367553711
12,215456	-0,00752952694892883
12,324604	-0,00878432393074036
12,435486	-0,0082889199256897
12,547632	-0,00696700811386108
12,647652	-0,00472959876060486
12,760602	-0,0020243227481842
12,871845	0,000384747982025146
12,985760	0,00321751832962036
13,087510	0,00390338897705078
13,196731	0,00394469499588013
13,309728	0,00281083583831787
13,410431	0,000269234180450439
13,524775	-0,00168150663375854
13,636250	-0,00441202521324158
13,749451	-0,00734436511993408
13,862509	-0,0083276629447937
13,964649	-0,0088973343372345
14,064763	-0,00783050060272217
14,170579	-0,00566494464874268
14,285641	-0,00343886017799377
14,386978	-0,000881731510162354
14,487757	0,00193449854850769
14,600383	0,0033714771270752
14,701203	0,0042693018913269
14,803869	0,00356578826904297
14,916953	0,00195008516311646
15,032252	-0,00105223059654236
15,132656	-0,00366774201393127
15,235472	-0,00558477640151978
15,347831	-0,00752526521682739
15,449652	-0,00887605547904968
15,558048	-0,00853279232978821
15,666034	-0,00728011131286621
15,767281	-0,00465893745422363
15,868038	-0,00262093544006348
15,969863	-0,000182449817657471
16,075797	0,002179354429245
16,176144	0,00374975800514221
16,276675	0,00399497151374817
16,382692	0,00342360138893127
16,485012	0,0020020604133606
16,589387	-0,00075829029083252
16,702253	-0,00358909368515015
16,808452	-0,00637313723564148
16,913473	-0,00797462463378906
17,016637	-0,00858244299888611
17,116840	-0,00864297151565552
17,230025	-0,0074794590473175
17,337717	-0,00507128238677979
17,440856	-0,00229084491729736
17,554661	0,000206500291824341
17,658462	0,00247064232826233
17,762413	0,00358095765113831
17,877105	0,00415632128715515
17,979691	0,0027402937412262
18,079804	0,00113540887832642
18,194074	-0,00115776062011719
18,297919	-0,00424617528915405
18,397930	-0,0064576268196106
18,512214	-0,00782197713851929
18,616436	-0,00890868902206421
18,721132	-0,00802329182624817
18,821866	-0,00654637813568115
18,934010	-0,00415807962417603
19,038431	-0,00113701820373535
19,141238	0,000727206468582153
19,245173	0,00283589959144592
19,345884	0,00409603118896484
19,461440	0,00367432832717896
19,564130	0,00294429063796997
19,665563	0,00099712610244751
19,769062	-0,00189340114593506
19,882952	-0,00470888614654541
19,988888	-0,0072319507598877
20,092008	-0,00846332311630249
20,206242	-0,00862926244735718
20,314550	-0,00820478796958923
20,418320	-0,00623530149459839
20,532834	-0,0032392144203186
20,642526	-0,000690430402755737
20,751229	0,0016571581363678
20,853739	0,00345677137374878
20,960171	0,0039864182472229
21,070293	0,00366389751434326
21,179616	0,00207012891769409
21,290173	-0,000511407852172852
21,399681	-0,00324580073356628
21,508677	-0,00602817535400391
21,618773	-0,00761836767196655
21,726950	-0,00869590044021606
21,835826	-0,00817263126373291
21,945887	-0,00674131512641907
22,056622	-0,00474327802658081
22,165100	-0,0013047456741333
22,275034	0,00121989846229553
22,383741	0,00276774168014526
22,493929	0,00427025556564331
22,604860	0,00378721952438354
22,714769	0,00274741649627686
22,823478	0,000733345746994019
22,931584	-0,00270712375640869
23,040561	-0,00468814373016357
23,150343	-0,00695851445198059
23,258958	-0,00844582915306091
23,368523	-0,00824353098869324
23,477847	-0,00734531879425049
23,586259	-0,0050467848777771
23,695903	-0,0027410089969635
23,803440	0,000123530626296997
23,913410	0,00268352031707764
24,021716	0,00399449467658997
24,130175	0,00414538383483887
24,240220	0,00326156616210938
24,349473	0,00134828686714172
24,458714	-0,00145119428634644
24,568785	-0,00375819206237793
24,679459	-0,00709497928619385
24,789526	-0,00823834538459778
24,899322	-0,00877252221107483
25,001994	-0,00798642635345459
25,102699	-0,00602346658706665
25,204520	-0,00423720479011536
25,315291	-0,00136643648147583
25,426255	0,00158771872520447
25,542286	0,00319337844848633
25,645340	0,00421851873397827
25,756663	0,00377011299133301
25,857560	0,00177669525146484
25,968024	0,000345140695571899
26,068826	-0,00261479616165161
26,171976	-0,00520187616348267
26,283025	-0,00727635622024536
26,385135	-0,00877583026885986
26,498121	-0,00862926244735718
26,598751	-0,00764006376266479
26,698934	-0,00568991899490356
26,811556	-0,0032811164855957
26,915249	-0,000312954187393188
27,018242	0,0017152726650238
27,118699	0,00358191132545471
27,229721	0,00394326448440552
27,333769	0,00351884961128235
27,435414	0,00188344717025757
27,545456	-0,000313431024551392
27,656918	-0,00325992703437805
27,758806	-0,00603288412094116
27,868391	-0,00781583786010742
27,983945	-0,00878620147705078
28,098666	-0,0086807906627655
28,211476	-0,00690281391143799
28,315199	-0,00459295511245728
28,417325	-0,00198382139205933
28,528021	0,000892817974090576
28,642730	0,00291305780410767
28,745569	0,00382372736930847
28,856754	0,00398880243301392
28,970445	0,00239920616149902
29,085223	0,000465869903564453
29,185777	-0,00276452302932739
29,285992	-0,00507459044456482
29,397050	-0,00736373662948608
29,512589	-0,00864154100418091
29,616146	-0,0087980329990387
29,726479	-0,00772088766098022
29,837473	-0,00599324703216553
29,945023	-0,00321000814437866
30,048552	-0,000518471002578735
30,159363	0,00210750102996826
30,273595	0,00385788083076477
30,387279	0,0037706196308136
30,487352	0,00328716635704041
30,602087	0,0013464093208313
30,716138	-0,00139516592025757
30,830839	-0,00478190183639526
30,931991	-0,00692263245582581
31,045411	-0,00861698389053345
31,160267	-0,00880700349807739
31,274242	-0,00833332538604736
31,383705	-0,00638681650161743
31,484204	-0,00348830223083496
31,595093	-0,000841200351715088
31,708336	0,00179320573806763
31,808552	0,00323504209518433
31,908901	0,00390863418579102
32,019360	0,00362315773963928
32,133968	0,00188723206520081
32,236971	-0,00068432092666626
32,349694	-0,00402051210403442
32,449701	-0,00581210851669312
32,549739	-0,00766226649284363
32,662917	-0,00891435146331787
32,764971	-0,00885573029518127
32,865911	-0,00744923949241638
32,980773	-0,00551638007164001
33,081612	-0,00268211960792542
33,195827	-0,000339388847351074
33,306957	0,002158522605896
33,420962	0,00392332673072815
33,521507	0,00391480326652527
33,635349	0,00299352407455444
33,749319	0,000862598419189453
33,864049	-0,00196734070777893
33,965383	-0,00450575351715088
34,080230	-0,0072612464427948
34,194935	-0,00852760672569275
34,295256	-0,00867417454719543
34,402338	-0,00812867283821106
34,516961	-0,0062556266784668
34,631374	-0,00363007187843323
34,743899	-0,0006522536277771
34,845897	0,00225073099136353
34,956644	0,0033714771270752
35,071643	0,0038374662399292
35,186755	0,00310811400413513
35,300997	0,00103062391281128
35,402296	-0,000930249691009521
35,502544	-0,00410768389701843
35,613228	-0,00670686364173889
35,727983	-0,00821423530578613
35,829256	-0,0089663565158844
35,935285	-0,0084642767906189
36,050250	-0,00669980049133301
36,165702	-0,00405305624008179
36,266610	-0,00211095809936523
36,379811	0,000948965549468994
36,494099	0,0029996931552887
36,607225	0,00393852591514587
36,707724	0,00333359837532043
36,822349	0,00191795825958252
36,936601	-0,000808238983154297
37,051396	-0,00369742512702942
37,152325	-0,0060541033744812
37,267475	-0,00811496376991272
37,371454	-0,00902736186981201
37,482357	-0,00858527421951294
37,583041	-0,00735288858413696
37,696093	-0,00495767593383789
37,810747	-0,00181901454925537
37,911810	0,000260710716247559
38,013656	0,00257325172424316
38,124595	0,00361794233322144
38,239526	0,00364589691162109
38,354775	0,00269109010696411
38,455290	0,00044935941696167
38,569321	-0,00246834754943848
38,683781	-0,00520849227905273
38,798958	-0,00777709484100342
38,910995	-0,00864532589912415
39,025970	-0,00893422961235046
39,139254	-0,00763535499572754
39,254401	-0,00548478960990906
39,357360	-0,00297737121582031
39,470320	0,000713527202606201
39,584109	0,00254678726196289
39,698937	0,00359517335891724
39,799485	0,0038725733757019
39,914018	0,00231552124023438
40,029195	0,000372022390365601
40,144091	-0,00238174200057983
40,245559	-0,00469851493835449
40,356106	-0,00720831751823425
40,466254	-0,00873845815658569
40,580399	-0,00879377126693726
40,683225	-0,00772136449813843
40,794617	-0,00574702024459839
40,894787	-0,00299197435379028
41,005108	-0,000830352306365967
41,105943	0,00152727961540222
41,205979	0,00326251983642578
41,316214	0,00369900465011597
41,430506	0,00328999757766724
41,534256	0,00112029910087585
41,643848	-0,00102493166923523
41,758188	-0,00362110137939453
41,866946	-0,00662517547607422
41,969442	-0,0083659291267395
42,079863	-0,00892570614814758
42,194398	-0,00877392292022705
42,309078	-0,00731742382049561
42,410704	-0,0045778751373291
42,524843	-0,00195372104644775
42,638247	0,000757873058319092
42,740816	0,00262957811355591
42,842969	0,00360655784606934
42,954708	0,00356674194335938
43,055192	0,00213631987571716
43,165517	7,3552131652832E-5
43,265964	-0,00256019830703735
43,376475	-0,00534850358963013
43,489239	-0,00738215446472168
43,603862	-0,00877061486244202
43,715601	-0,00894320011138916
43,823029	-0,00781774520874023
43,924365	-0,00597107410430908
44,034852	-0,00280880928039551
44,145427	-0,000163108110427856
44,253759	0,00167509913444519
44,354340	0,00336676836013794
44,467227	0,00369900465011597
44,571915	0,00305840373039246
44,673796	0,0014304518699646
44,787105	-0,00115165114402771
44,887736	-0,00379163026809692
44,997725	-0,00588852167129517
45,105766	-0,00820666551589966
45,220215	-0,00888976454734802
45,334159	-0,008433997631073
45,434170	-0,00675877928733826
45,535662	-0,00428339838981628
45,646410	-0,00211426615715027
45,761173	0,00056302547454834
45,875971	0,00262671709060669
45,978995	0,00372463464736938
46,090462	0,0036022961139679
46,190961	0,00216326117515564
46,301504	0,000369668006896973
46,403434	-0,00217124819755554
46,518637	-0,00579136610031128
46,629675	-0,00744166970252991
46,740848	-0,00869497656822205
46,841037	-0,00884908437728882
46,941532	-0,00767740607261658
47,052902	-0,0061192512512207
47,168429	-0,0031454861164093
47,269453	-0,000376135110855103
47,383772	0,00182110071182251
47,498917	0,00356388092041016
47,613011	0,00375258922576904
47,713147	0,00300535559654236
47,813263	0,00135111808776855
47,923787	-0,00119310617446899
48,038412	-0,00432059168815613
48,138955	-0,00630092620849609
48,242547	-0,00818586349487305
48,343891	-0,00884720683097839
48,444007	-0,00840279459953308
48,545004	-0,0072706937789917
48,656635	-0,00496712327003479
48,771397	-0,00189104676246643
48,886167	0,000669181346893311
48,987462	0,00244507193565369
49,102719	0,00366154313087463
49,217955	0,00360417366027832
49,332474	0,0017152726650238
49,433256	-0,000253111124038696
49,533556	-0,00238078832626343
49,645968	-0,00552582740783691
49,759668	-0,00759425759315491
49,873280	-0,00856828689575195
49,987545	-0,00878196954727173
50,102146	-0,00692355632781982
50,216664	-0,00468295812606812
50,318627	-0,00292134284973145
50,433439	0,000275373458862305
50,547867	0,00284773111343384
50,662801	0,0037359893321991
50,763485	0,00378197431564331
50,863884	0,00239354372024536
50,970498	0,000382870435714722
51,083732	-0,0023440420627594
51,198676	-0,00505244731903076
51,299623	-0,00723901391029358
51,406763	-0,00875359773635864
51,506818	-0,00897961854934692
51,617222	-0,00830498337745667
51,718216	-0,00631412863731384
51,833193	-0,00367999076843262
51,948052	-0,00147616863250732
52,063664	0,00132328271865845
52,168249	0,00306409597396851
52,278548	0,00354540348052979
52,378998	0,00308775901794434
52,490058	0,0015069842338562
52,590315	-0,00049254298210144
52,691351	-0,00302493572235107
52,801916	-0,00604188442230225
52,916409	-0,00810787081718445
53,028919	-0,00877204537391663
53,144070	-0,00842785835266113
53,259444	-0,0068088173866272
53,374146	-0,00412699580192566
53,475425	-0,00146064162254333
53,589076	0,00107169151306152
53,705111	0,00254631042480469
53,818257	0,00364589691162109
53,920404	0,00332221388816833
54,034860	0,00184661149978638
54,149518	-0,000285625457763672
54,263964	-0,00346148014068604
54,368353	-0,00597062706947327
54,474595	-0,00757628679275513
54,578651	-0,00880655646324158
54,681862	-0,00860989093780518
54,795126	-0,00758573412895203
54,896913	-0,00561493635177612
55,000471	-0,00247544050216675
55,112963	-0,00034034252166748
55,213894	0,00185701251029968
55,325263	0,00317582488059998
55,435909	0,00349041819572449
55,539783	0,00278192758560181
55,639826	0,0010131299495697
55,750992	-0,00154632329940796
55,851061	-0,00411617755889893
55,962059	-0,00616216659545898
56,075277	-0,00804740190505981
56,187336	-0,00877770781517029
56,289701	-0,00814098119735718
56,401740	-0,00669649243354797
56,503521	-0,00431731343269348
56,617066	-0,00173190236091614
56,731973	0,000878185033798218
56,832854	0,00274503231048584
56,932892	0,00363641977310181
57,044641	0,00353354215621948
57,145684	0,00217744708061218
57,256591	7,54296779632568E-5
57,357934	-0,00247353315353394
57,458784	-0,00512927770614624
57,569836	-0,00713607668876648
57,675570	-0,00821846723556519
57,781560	-0,00850161910057068
57,892672	-0,00738024711608887
58,007745	-0,00583332777023315
58,123794	-0,00292038917541504
58,224409	-0,000215888023376465
58,324530	0,0019548237323761
58,435973	0,00330042839050293
58,536535	0,00389960408210754
58,637867	0,00329947471618652
58,748714	0,00211790204048157
58,863815	-0,000556647777557373
58,964513	-0,00366020202636719
59,067481	-0,00564935803413391
59,182575	-0,00761553645133972
59,293179	-0,00849971175193787
59,395514	-0,00810268521308899
59,496391	-0,006996750831604
59,608492	-0,00516745448112488
59,721694	-0,0021669864654541
59,836848	0,000768721103668213
59,937881	0,00252646207809448
60,052604	0,00370088219642639
60,153367	0,00365537405014038
60,265236	0,00246447324752808
60,379576	0,000695586204528809
60,481129	-0,00217878818511963
60,596359	-0,00483232736587524
60,710605	-0,00701329112052917
60,810803	-0,00823643803596497
60,912940	-0,008553147315979
61,024273	-0,00757628679275513
61,133536	-0,00565505027770996
61,234129	-0,00323119759559631
61,334514	-0,000482648611068726
61,447039	0,00146585702896118
61,562620	0,00332933664321899
61,677495	0,00393283367156982
61,778827	0,00321990251541138
61,880041	0,00162458419799805
61,992702	-0,000258773565292358
62,106798	-0,00344687700271606
62,207268	-0,00618812441825867
62,321774	-0,00771141052246094
62,422589	-0,00858858227729797
62,533345	-0,00819814205169678
62,636145	-0,0069032609462738
62,743491	-0,00463628768920898
62,857834	-0,00198101997375488
62,958118	0,000880539417266846
63,059396	0,00260400772094727
63,170322	0,0036022961139679
63,271351	0,00369423627853394
63,383241	0,0029376745223999
63,484206	0,000599831342697144
63,584416	-0,00147661566734314
63,696240	-0,0040709376335144
63,811614	-0,00680741667747498
63,912856	-0,00801289081573486
64,013255	-0,00853374600410461
64,124875	-0,00776293873786926
64,226008	-0,00626459717750549
64,333120	-0,00434508919715881
64,433916	-0,00130662322044373
64,545796	0,00119674205780029
64,646627	0,00269395112991333
64,747237	0,00378626585006714
64,859891	0,00365015864372253
64,960610	0,00235664844512939
65,071955	0,000728607177734375
65,173428	-0,00177145004272461
65,286635	-0,00447890162467957
65,400577	-0,00663414597511292
65,515406	-0,0083082914352417
65,615960	-0,00849169492721558
65,729897	-0,00749790668487549
65,843861	-0,0057026743888855
65,954497	-0,00265860557556152
66,061395	-8,58008861541748E-5
66,176711	0,00209614634513855
66,277691	0,00358664989471436
66,388672	0,00381946563720703
66,491044	0,00309106707572937
66,605224	0,000948041677474976
66,706285	-0,00116199254989624
66,819410	-0,00370591878890991
66,922786	-0,00648358464241028
67,035105	-0,00781112909317017
67,137534	-0,00838011503219604
67,248415	-0,00795665383338928
67,350089	-0,00636512041091919
67,462371	-0,00445768237113953
67,571608	-0,00104659795761108
67,671822	0,00105562806129456
67,773448	0,00289696455001831
67,883936	0,00370657444000244
67,998542	0,00366818904876709
68,099896	0,00233253836631775
68,200465	0,000607401132583618
68,309764	-0,00185903906822205
68,411375	-0,00495675206184387
68,525856	-0,00670355558395386
68,626367	-0,00790467858314514
68,727556	-0,0083862841129303
68,839126	-0,0075351893901825
68,939691	-0,00578993558883667
69,047549	-0,00334703922271729
69,149510	-0,000627756118774414
69,264574	0,00162693858146667
69,367635	0,00309011340141296
69,482017	0,00391906499862671
69,584928	0,00352123379707336
69,699831	0,00220108032226563
69,800701	-2,59280204772949E-5
69,911671	-0,0035254955291748
70,013087	-0,00552487373352051
70,113517	-0,00725558400154114
70,225797	-0,00833851099014282
70,326064	-0,00828558206558228
70,426696	-0,00724375247955322
70,538838	-0,00514766573905945
70,639390	-0,0026317834854126
70,744706	-7,77840614318848E-5
70,846778	0,00184613466262817
70,962109	0,00347432494163513
71,062161	0,00379005074501038
71,173851	0,00323078036308289
71,274496	0,00151547789573669
71,375357	-0,000805854797363281
71,487673	-0,00297737121582031
71,602636	-0,00554701685905457
71,704641	-0,00766178965568542
71,804681	-0,0084930956363678
71,915501	-0,00834324955940247
72,016142	-0,00704586505889893
72,118523	-0,00459718704223633
72,229671	-0,00199088454246521
72,339744	-0,000224381685256958
72,440047	0,00246447324752808
72,554729	0,00348049402236938
72,655379	0,00366297364234924
72,763827	0,00287091732025146
72,864722	0,00118589401245117
72,966127	-0,00124302506446838
73,066290	-0,00393667817115784
73,176703	-0,00625324249267578
73,277590	-0,00801998376846313
73,378112	-0,00866991281509399
73,489204	-0,00832861661911011
73,590379	-0,00672855973243713
73,702253	-0,00437054038047791
73,804260	-0,00217548012733459
73,910636	0,000309765338897705
74,010882	0,00242710113525391
74,121794	0,00354444980621338
74,223793	0,00364258885383606
74,324197	0,00285813212394714
74,435201	0,00133508443832397
74,535657	-0,0014818012714386
74,639090	-0,00407281517982483
74,751020	-0,0061192512512207
74,851346	-0,0078234076499939
74,963963	-0,00856637954711914
75,065636	-0,00801384449005127
75,166479	-0,00665965676307678
75,279880	-0,00484082102775574
75,394943	-0,00184491276741028
75,508314	0,00108912587165833
75,623043	0,00283733010292053
75,738360	0,00372889637947083
75,852785	0,00326773524284363
75,956344	0,00171810388565063
76,068251	-0,00093543529510498
76,169294	-0,00321567058563232
76,276652	-0,00569134950637817
76,382700	-0,00760510563850403
76,483852	-0,00856542587280273
76,594866	-0,0084344744682312
76,705812	-0,00749221444129944
76,812855	-0,0055328905582428
76,913647	-0,00294631719589233
77,025159	5,66244125366211E-6
77,134780	0,00182533264160156
77,250262	0,0033729076385498
77,351519	0,00348711013793945
77,452131	0,00258129835128784
77,562834	0,00105562806129456
77,663496	-0,00138950347900391
77,765084	-0,00394469499588013
77,878877	-0,00668042898178101
77,994098	-0,00798690319061279
78,095178	-0,00857251882553101
78,196479	-0,00811544060707092
78,309017	-0,00651803612709045
78,410232	-0,00421556830406189
78,521538	-0,00163817405700684
78,623004	0,000494629144668579
78,732748	0,00246685743331909
78,832930	0,00355774164199829
78,944891	0,00359374284744263
79,047672	0,00218454003334045
79,155697	0,000495582818984985
79,268628	-0,00245800614356995
79,381285	-0,00544941425323486
79,481616	-0,00682961940765381
79,583127	-0,00820431113243103
79,694642	-0,00856119394302368
79,809649	-0,00745111703872681
79,910573	-0,00593477487564087
80,025580	-0,0035165548324585
80,141118	-0,000449657440185547
80,246743	0,00204318761825562
80,350561	0,00307923555374146
80,451533	0,00368523597717285
80,563035	0,00296276807785034
80,676722	0,00133556127548218
80,778376	-0,000655084848403931
80,893329	-0,00366491079330444
81,008620	-0,00641325116157532
81,123706	-0,00802943110466003
81,225613	-0,00852003693580627
81,341065	-0,00817641615867615
81,441502	-0,0060541033744812
81,554787	-0,00366160273551941
81,658726	-0,00152140855789185
81,771311	0,000928670167922974
81,880685	0,00269818305969238
81,980753	0,00353306531906128
82,082333	0,00341460108757019
82,193840	0,00195339322090149
82,305937	-0,000178664922714233
82,407906	-0,00227200984954834
82,510724	-0,00486484169960022
82,621835	-0,00699204206466675
82,736916	-0,00850018858909607
82,852079	-0,00848081707954407
82,953119	-0,00738829374313354
83,068233	-0,00543338060379028
83,183248	-0,00249427556991577
83,283373	7,96616077423096E-5
83,383809	0,00183242559432983
83,493011	0,00340038537979126
83,607576	0,00358143448829651
83,708270	0,00284630060195923
83,808301	0,00116324424743652
83,920391	-0,00123220682144165
84,035351	-0,00426784157752991
84,150714	-0,00617682933807373
84,252598	-0,00788387656211853
84,353447	-0,00854840874671936
84,464660	-0,00789284706115723
84,564813	-0,00628724694252014
84,665529	-0,0043182373046875
84,776392	-0,00216794013977051
84,876857	0,00031733512878418
84,984179	0,00236326456069946
85,086521	0,00345441699028015
85,197736	0,00349137187004089
85,298662	0,00219070911407471
85,410567	7,16745853424072E-5
85,513793	-0,00201067328453064
85,614563	-0,00460612773895264
85,726456	-0,00714316964149475
85,827333	-0,00823691487312317
85,929020	-0,00862500071525574
86,039968	-0,00807809829711914
86,153994	-0,00642549991607666
86,254618	-0,00413122773170471
86,357980	-0,00153502821922302
86,470951	0,000932455062866211
86,583449	0,00267025828361511
86,695352	0,00355392694473267
86,810539	0,00311475992202759
86,910858	0,00159811973571777
87,012236	-0,000604689121246338
87,123569	-0,00282010436058044
87,223918	-0,0057569146156311
87,338263	-0,00737223029136658
87,439374	-0,00860798358917236
87,539457	-0,00861838459968567
87,652656	-0,00757488608360291
87,752826	-0,0060371458530426
87,864625	-0,00354248285293579
87,966224	-0,000558972358703613
88,079561	0,0016472339630127
88,182382	0,00295376777648926
88,293257	0,00345632433891296
88,408548	0,00275734066963196
88,508637	0,000674843788146973
88,610244	-0,00134524703025818
88,723728	-0,00387966632843018
88,838676	-0,00626504421234131
88,940647	-0,00791317224502563
89,055478	-0,00855362415313721
89,167831	-0,00816458463668823
89,269745	-0,00629809498786926
89,382454	-0,00442802906036377
89,482730	-0,00186705589294434
89,583600	0,000961244106292725
89,696748	0,00243183970451355
89,803035	0,00338095426559448
89,910123	0,00323647260665894
90,022351	0,00198790431022644
90,123071	-4,85479831695557E-5
90,235846	-0,0025799572467804
90,336793	-0,00511044263839722
90,438239	-0,00716584920883179
90,552000	-0,00827425718307495
90,666661	-0,00856354832649231
90,768554	-0,00759992003440857
90,869376	-0,00573050975799561
90,980676	-0,00370121002197266
91,095683	-0,000673472881317139
91,197588	0,00154948234558105
91,299545	0,0030427873134613
91,405281	0,00351411104202271
91,507478	0,00284773111343384
91,608280	0,00156599283218384
91,721735	-0,000673472881317139
91,835495	-0,00326743721961975
91,935858	-0,00607442855834961
92,038167	-0,00761410593986511
92,150111	-0,00849735736846924
92,251380	-0,00841036438941956
92,362817	-0,0072225034236908
92,466317	-0,00551119446754456
92,580652	-0,003001868724823
92,681268	0,000322997570037842
92,793380	0,00203374028205872
92,895251	0,00310385227203369
93,003313	0,00339186191558838
93,105747	0,00249096751213074
93,213128	0,000604569911956787
93,318507	-0,00138527154922485
93,419561	-0,00395268201828003
93,530739	-0,00632074475288391
93,631039	-0,00794106721878052
93,745690	-0,00861507654190063
93,849717	-0,00816696882247925
93,961614	-0,00663840770721436
94,062233	-0,00442475080490112
94,163629	-0,00184491276741028
94,275583	0,000613033771514893
94,376468	0,0024256706237793
94,489336	0,00340181589126587
94,601723	0,00325068831443787
94,702444	0,00228571891784668
94,817286	0,000410228967666626
94,918103	-0,00250744819641113
95,018576	-0,00462028384208679
95,130712	-0,00703549385070801
95,231833	-0,00817453861236572
95,344138	-0,00841888785362244
95,446125	-0,00770196318626404
95,546879	-0,00634008646011353
95,658611	-0,00359097123146057
95,759209	-0,00103294849395752
95,861738	0,000911682844161987
95,975389	0,0027015209197998
96,090558	0,00350511074066162
96,200678	0,00289082527160645
96,301011	0,00160187482833862
96,401085	-0,000651806592941284
96,512218	-0,00316527485847473
96,627140	-0,00522357225418091
96,741827	-0,00723335146903992
96,844113	-0,00838011503219604
96,958816	-0,00824636220932007
97,058890	-0,00700053572654724
97,171023	-0,005301833152771
97,271895	-0,00244858860969543
97,383072	0,000478595495223999
97,484146	0,00210654735565186
97,595598	0,00329190492630005
97,698785	0,00350984930992126
97,806708	0,00272423028945923
97,909948	0,000657856464385986
98,021736	-0,00174790620803833
98,123958	-0,004311203956604
98,238906	-0,00618529319763184
98,340239	-0,00778889656066895
98,452178	-0,0084250271320343
98,553056	-0,00790750980377197
98,665445	-0,00639438629150391
98,766345	-0,00374546647071838
98,881852	-0,00115495920181274
98,983746	0,00115570425987244
99,098610	0,00284916162490845
99,199142	0,00358995795249939
99,310871	0,0031999945640564
99,411330	0,0021216869354248
99,523717	6,45816326141357E-5
99,623910	-0,00245988368988037
99,736053	-0,00531220436096191
99,837498	-0,00698778033256531
99,938569	-0,00818398594856262
100,049581	-0,00833475589752197
100,150486	-0,00733727216720581
100,252870	-0,00581634044647217
100,364040	-0,00301504135131836
100,464563	-0,000917524099349976
100,578578	0,00137379765510559
100,679656	0,00309675931930542
100,779977	0,00350606441497803
100,892143	0,00318199396133423
101,000279	0,0018106997013092
101,103865	-0,000728130340576172
101,204276	-0,00326275825500488
101,317530	-0,00570124387741089
101,432006	-0,00751063227653503
101,535206	-0,00841984152793884
101,650765	-0,00835129618644714
101,752454	-0,00696700811386108
101,863880	-0,0045161247253418
101,965371	-0,00240999460220337
102,065967	-0,000308722257614136
102,175299	0,00177669525146484
102,279496	0,00323837995529175
102,380797	0,00342124700546265
102,493439	0,00281602144241333
102,601803	0,00092160701751709
102,702720	-0,00143423676490784
102,805953	-0,00397485494613647
102,906710	-0,005891352891922
103,018345	-0,00784608721733093
103,119280	-0,0084155797958374
103,220640	-0,00808048248291016
103,333482	-0,00642314553260803
103,434114	-0,00458210706710815
103,535660	-0,00248956680297852
103,648941	-1,88350677490234E-5
103,749280	0,00231361389160156
103,862243	0,00336864590644836
103,965160	0,0034482479095459
104,065482	0,00258651375770569
104,177132	0,00113824009895325
104,290853	-0,00158166885375977
104,391887	-0,00408080220222473
104,492351	-0,00628864765167236
104,604994	-0,00757488608360291
104,705340	-0,00822320580482483
104,807515	-0,00763016939163208
104,920019	-0,00635802745819092
105,020020	-0,00417926907539368
105,132687	-0,00168198347091675
105,234635	0,00107026100158691
105,335817	0,00252124667167664
105,447616	0,00344350934028625
105,550156	0,00331985950469971
105,652715	0,00212782621383667
105,763868	0,000509738922119141
105,876903	-0,00228944420814514
105,991297	-0,00515896081924438
106,092797	-0,00676256418228149
106,193859	-0,00799113512039185
106,305213	-0,00815701484680176
106,405786	-0,00742939114570618
106,508252	-0,00578758120536804
106,619302	-0,00343462824821472
106,733881	-0,000901967287063599
106,835096	0,0013279914855957
106,936584	0,00297081470489502
107,050034	0,0035795271396637
107,164755	0,00316494703292847
107,264945	0,0017629861831665
107,367037	-0,000421851873397827
107,475284	-0,00288885831832886
107,590319	-0,00527402758598328
107,691198	-0,00711673498153687
107,794336	-0,00802516937255859
107,905888	-0,00777614116668701
108,021011	-0,00643116235733032
108,121448	-0,00470131635665894
108,222831	-0,00228613615036011
108,335562	0,000524371862411499
108,436937	0,00214388966560364
108,538335	0,00316306948661804
108,650261	0,00345772504806519
108,751312	0,0025363564491272
108,863930	0,000720590353012085
108,964021	-0,00160425901412964
109,074575	-0,00411897897720337
109,185280	-0,00627166032791138
109,298168	-0,0076981782913208
109,399277	-0,00816601514816284
109,514290	-0,00769490003585815
109,615330	-0,00589984655380249
109,726288	-0,00407138466835022
109,827706	-0,00113561749458313
109,928552	0,000781923532485962
110,040808	0,00229990482330322
110,155883	0,00351697206497192
110,262482	0,00312894582748413
110,362920	0,00235003232955933
110,468287	0,000487089157104492
110,582041	-0,00280174612998962
110,682932	-0,00441673398017883
110,797885	-0,00683149695396423
110,898360	-0,00802847743034363
111,010176	-0,0081622302532196
111,112159	-0,00726595520973206
111,212845	-0,00580078363418579
111,325227	-0,00349915027618408
111,425253	-0,000651329755783081
111,526797	0,00117456912994385
111,632016	0,00270909070968628
111,733948	0,00326061248779297
111,834038	0,00298455357551575
111,934600	0,00166517496109009
112,046197	-0,000413358211517334
112,147038	-0,00285825133323669
112,258462	-0,00489690899848938
112,359682	-0,00718706846237183
112,471225	-0,00812441110610962
112,586423	-0,00834468007087708
112,687186	-0,0074780285358429
112,790835	-0,00536030530929565
112,901815	-0,00302445888519287
113,003378	-0,000994771718978882
113,115259	0,00108018517494202
113,216728	0,00239920616149902
113,317866	0,00277435779571533
113,429253	0,00224030017852783
113,529733	0,000394165515899658
113,639372	-0,00147569179534912
113,752086	-0,00403514504432678
113,852189	-0,00677815079689026
113,952643	-0,00848600268363953
114,061083	-0,00925010442733765
114,173875	-0,0090065598487854
114,287159	-0,00753331184387207
114,391269	-0,00540649890899658
114,503479	-0,00294631719589233
114,604471	-0,00101599097251892
114,716841	0,00133034586906433
114,826329	0,0019359290599823
114,936550	0,00176441669464111
115,042020	0,000569164752960205
115,145066	-0,00151196122169495
115,248033	-0,00352740287780762
115,350638	-0,00585362315177917
115,463470	-0,00806203484535217
115,564756	-0,00893610715866089
115,665928	-0,00882357358932495
115,779122	-0,0078626275062561
115,894419	-0,00585219264030457
116,009754	-0,00298914313316345
116,111173	-0,000531196594238281
116,211679	0,00150224566459656
116,324817	0,0024465024471283
116,426202	0,00248908996582031
116,528468	0,00153672695159912
116,640074	-0,000929772853851318
116,740590	-0,00303199887275696
116,854248	-0,00531411170959473
116,955108	-0,00820809602737427
117,065527	-0,00974106788635254
117,178265	-0,0103343427181244
117,282427	-0,00966253876686096
117,386608	-0,00785034894943237
117,502108	-0,00493037700653076
117,606268	-0,00246411561965942
117,718083	0,000107496976852417
117,827933	0,00154143571853638
117,932642	0,00133508443832397
118,042875	-0,000802099704742432
118,148070	-0,00472724437713623
118,248864	-0,00900325179100037
118,350198	-0,0162259340286255
118,454267	-0,0213063657283783
118,555387	-0,0275525152683258
118,661002	-0,0308693945407867
118,761086	-0,032501757144928
118,872078	-0,0316434502601624
118,976001	-0,0284610390663147
119,081098	-0,0232742726802826
119,194806	-0,0174524188041687
119,299297	-0,0117295980453491
119,413318	-0,00717008113861084
119,518021	-0,0050203800201416
119,620827	-0,00445958971977234
119,734449	-0,00688484311103821
119,838491	-0,0112037062644958
119,941578	-0,0155641436576843
120,055776	-0,0221092104911804
120,169732	-0,0267696380615234
120,274110	-0,0294859111309052
120,376513	-0,0301464796066284
120,487863	-0,0284313857555389
120,592805	-0,0238048732280731
120,693079	-0,0204064249992371
120,798151	-0,0137858390808105
120,901314	-0,00890064239501953
121,014309	-0,0059734582901001
121,119499	-0,00416606664657593
121,222525	-0,0054163932800293
121,335446	-0,00872379541397095
121,449683	-0,0137204825878143
121,558897	-0,0196875929832458
121,661381	-0,0259572863578796
121,776000	-0,029536098241806
121,884324	-0,0318620800971985
121,987771	-0,0313279032707214
122,101864	-0,0286665558815002
122,205299	-0,023891419172287
122,308942	-0,0181715488433838
122,413941	-0,011762261390686
122,528425	-0,00792735815048218
122,642050	-0,00507223606109619
122,745941	-0,00493788719177246
122,849512	-0,00685557723045349
122,963593	-0,0110872685909271
123,078962	-0,0174093544483185
123,192305	-0,0231972932815552
123,294298	-0,0281608700752258
123,397634	-0,0311383008956909
123,507371	-0,0319756269454956
123,610984	-0,0300704836845398
123,711118	-0,0267920792102814
123,824589	-0,0216839909553528
123,928463	-0,015887975692749
124,031369	-0,00988629460334778
124,131729	-0,00695285201072693
124,235273	-0,00519528985023499
124,350105	-0,00603479146957397
124,452656	-0,00911200046539307
124,567820	-0,0138194561004639
124,676049	-0,0196183919906616
124,790055	-0,0259453654289246
124,905060	-0,0300609171390533
125,013659	-0,0321884155273438
125,126590	-0,0311115682125092
125,230337	-0,0278764963150024
125,343962	-0,0227882266044617
125,448612	-0,0179007649421692
125,552856	-0,0124316811561584
125,667187	-0,00728437304496765
125,770524	-0,00517973303794861
125,870802	-0,00523629784584045
125,972668	-0,00729760527610779
126,087371	-0,0115838050842285
126,190890	-0,0170301795005798
126,291356	-0,020819365978241
126,391578	-0,0277847349643707
126,491702	-0,0305927693843842
126,594477	-0,0317775905132294
126,699214	-0,0310929417610168
126,806886	-0,0278182029724121
126,909914	-0,0228884518146515
127,024386	-0,0172716081142426
127,129172	-0,0116741955280304
127,229212	-0,00753092765808105
127,342993	-0,00551497936248779
127,445764	-0,00532776117324829
127,557034	-0,00853514671325684
127,665860	-0,0114223957061768
127,768274	-0,017771989107132
127,882562	-0,0244409739971161
127,986698	-0,0275701880455017
128,090200	-0,0313087999820709
128,204491	-0,0318983197212219
128,308182	-0,0293238759040833
128,423252	-0,0259009897708893
128,526182	-0,020417332649231
128,641367	-0,0146532654762268
128,754998	-0,00902122259140015
128,869711	-0,0058286190032959
128,977524	-0,00510901212692261
129,080721	-0,00670546293258667
129,195415	-0,0111455023288727
129,301372	-0,0156900882720947
129,404755	-0,0212950110435486
129,519433	-0,0265543162822723
129,619638	-0,0303729772567749
129,723906	-0,0317308306694031
129,828094	-0,0308282971382141
129,943291	-0,0274426341056824
130,058076	-0,0223199725151062
130,162135	-0,0167030692100525
130,262877	-0,0111649036407471
130,373768	-0,00659686326980591
130,473791	-0,00505480170249939
130,576356	-0,00500485301017761
130,689796	-0,00796419382095337
130,793234	-0,0124207735061646
130,907570	-0,0169904232025146
131,011442	-0,0228323936462402
131,115405	-0,0283405780792236
131,229950	-0,030880868434906
131,334209	-0,0317771136760712
131,435556	-0,0299949645996094
131,536110	-0,0261633992195129
131,650803	-0,0208866596221924
131,754650	-0,0150798559188843
131,855589	-0,0100646615028381
131,958612	-0,00645101070404053
132,059038	-0,00504913926124573
132,174264	-0,00574794411659241
132,279426	-0,00920990109443665
132,384210	-0,0132251977920532
132,498786	-0,0189462602138519
132,603002	-0,025248259305954
132,706662	-0,0295647978782654
132,821602	-0,0316764116287231
132,925886	-0,0312452614307404
133,037407	-0,0292105674743652
133,141931	-0,0247047543525696
133,244788	-0,019148051738739
133,353930	-0,0126788318157196
133,457218	-0,00867462158203125
133,566197	-0,00574937462806702
133,673384	-0,00499212741851807
133,783339	-0,00656667351722717
133,883430	-0,0104450881481171
133,983928	-0,014651358127594
134,087772	-0,0203211307525635
134,202064	-0,025769829750061
134,305963	-0,0296398103237152
134,410376	-0,0315260291099548
134,511014	-0,0308851599693298
134,611490	-0,0277407765388489
134,726825	-0,0238942801952362
134,830575	-0,0182724297046661
134,931013	-0,0126220285892487
135,039780	-0,00752952694892883
135,143268	-0,00532257556915283
135,248639	-0,00487616658210754
135,352294	-0,00685936212539673
135,467885	-0,00999370217323303
135,568096	-0,0161218047142029
135,668314	-0,0218310952186584
135,771786	-0,0252535045146942
135,875708	-0,0303242206573486
135,991025	-0,0314009487628937
136,091109	-0,0304011702537537
136,195950	-0,0278874933719635
136,300171	-0,0221856236457825
136,400259	-0,0165184736251831
136,512755	-0,0112093985080719
136,616307	-0,00760984420776367
136,721530	-0,00521132349967957
136,821945	-0,00495627522468567
136,924751	-0,00673940777778625
137,025095	-0,0107252299785614
137,139334	-0,0159925818443298
137,240265	-0,0207264125347137
137,341732	-0,026836484670639
137,454070	-0,0303113460540771
137,566298	-0,0315527617931366
137,670536	-0,0306935906410217
137,770942	-0,0266593098640442
137,882882	-0,0224609971046448
137,983043	-0,016775518655777
138,085264	-0,010415256023407
138,193023	-0,00708365440368652
138,294952	-0,00480878353118896
138,407787	-0,00491669774055481
138,510026	-0,00808566808700562
138,624798	-0,011801540851593
138,725549	-0,0174069702625275
138,837737	-0,0231402814388275
138,939917	-0,0271918177604675
139,041591	-0,0309644341468811
139,153470	-0,0316205620765686
139,254725	-0,0296053886413574
139,358345	-0,0264149308204651
139,470156	-0,0211057662963867
139,580186	-0,0144799649715424
139,681558	-0,00946623086929321
139,794471	-0,00641465187072754
139,897131	-0,00486531853675842
140,010456	-0,00595033168792725
140,110845	-0,00932437181472778
140,212586	-0,0134406685829163
140,324344	-0,0190466642379761
140,426109	-0,0245761871337891
140,539562	-0,0289572179317474
140,641269	-0,0310236811637878
140,742235	-0,0311597883701324
140,855274	-0,0285790860652924
140,969232	-0,0240293741226196
141,071520	-0,01851487159729
141,184480	-0,0119871199131012
141,298125	-0,00763064622879028
141,411308	-0,0051523745059967
141,523031	-0,00482386350631714
141,624209	-0,00721114873886108
141,733742	-0,0105818510055542
141,848537	-0,0158273577690125
141,950459	-0,022513210773468
142,062328	-0,0273642838001251
142,174775	-0,0309042632579803
142,285276	-0,0314319729804993
142,388391	-0,0297378301620483
142,501066	-0,0259458422660828
142,615168	-0,0197179019451141
142,728470	-0,0149704813957214
142,832273	-0,00918436050415039
142,933403	-0,00588712096214294
143,043430	-0,00484365224838257
143,144207	-0,00580927729606628
143,250534	-0,00964978337287903
143,359744	-0,0138118863105774
143,460950	-0,0194819569587708
143,562679	-0,0248609185218811
143,666734	-0,0291369557380676
143,775790	-0,0312796533107758
143,877940	-0,0311798453330994
143,980267	-0,0289270877838135
144,080883	-0,0245323777198792
144,192152	-0,0190864503383636
144,306779	-0,0135310888290405
144,419940	-0,00808662176132202
144,519990	-0,00583758950233459
144,634268	-0,00507459044456482
144,746757	-0,00721210241317749
144,860019	-0,0121585130691528
144,961884	-0,0166108012199402
145,071160	-0,0214505791664124
145,184921	-0,0274306833744049
145,298520	-0,030770480632782
145,399951	-0,0319288671016693
145,510802	-0,0304327011108398
145,624294	-0,0267595946788788
145,738492	-0,020667165517807
145,838873	-0,0158117413520813
145,952746	-0,0106310248374939
146,065294	-0,0063745379447937
146,179624	-0,00506657361984253
146,293666	-0,00618058443069458
146,407785	-0,0101001560688019
146,520917	-0,0162022709846497
146,634218	-0,0227416455745697
146,734622	-0,0260941982269287
146,848671	-0,0303921103477478
146,961638	-0,0315136313438416
147,076243	-0,0302166938781738
147,190599	-0,0259186327457428
147,292692	-0,0205733180046082
147,404010	-0,0149846971035004
147,504400	-0,00987353920936584
147,604451	-0,00678569078445435
147,713533	-0,00512880086898804
147,825035	-0,00567767024040222
147,937205	-0,00858432054519653
148,037745	-0,0124293267726898
148,151029	-0,0197615027427673
148,265079	-0,0261223614215851
148,379722	-0,0294261574745178
148,482840	-0,0315279364585876
148,593165	-0,0312491059303284
148,706749	-0,028370201587677
148,820097	-0,0238091349601746
148,923151	-0,0172545611858368
149,033995	-0,0118048787117004
149,147400	-0,00770196318626404
149,262659	-0,00538152456283569
149,374388	-0,0057753324508667
149,475969	-0,00857913494110107
149,585469	-0,0122214555740356
149,699451	-0,017777681350708
149,802451	-0,0242106318473816
149,913525	-0,0287047922611237
150,026793	-0,0313484072685242
150,140737	-0,0314009487628937
150,242048	-0,0296876430511475
150,354501	-0,0248147249221802
150,465056	-0,0192796885967255
150,567237	-0,0137062668800354
150,668457	-0,00887793302536011
150,782625	-0,00581821799278259
150,897570	-0,0050293505191803
151,007234	-0,00695568323135376
151,109986	-0,0109713077545166
151,220352	-0,0153023600578308
151,333023	-0,0209141969680786
151,446627	-0,0268961787223816
151,549412	-0,0305617153644562
151,659651	-0,0312891900539398
151,772822	-0,0295365750789642
151,887486	-0,0255604684352875
151,987857	-0,0212845504283905
152,102124	-0,0137920081615448
152,214827	-0,00899755954742432
152,329456	-0,00596022605895996
152,430627	-0,00496995449066162
152,544628	-0,00608718395233154
152,658354	-0,0101067721843719
152,772064	-0,0151461362838745
152,872214	-0,0209089815616608
152,986441	-0,0260970890522003
153,099992	-0,0299007892608643
153,213588	-0,0316477715969086
153,315338	-0,0306897461414337
153,428311	-0,0261428952217102
153,542580	-0,0218178033828735
153,658106	-0,0151996314525604
153,761870	-0,0102217495441437
153,871571	-0,00659638643264771
153,985952	-0,00521790981292725
154,091841	-0,00619804859161377
154,201797	-0,00999510288238525
154,304020	-0,014184981584549
154,416611	-0,0197681188583374
154,517329	-0,0251200795173645
154,631743	-0,0293989181518555
154,744411	-0,0314477384090424
154,858545	-0,0311736464500427
154,959893	-0,0285093188285828
155,072605	-0,0229478180408478
155,186765	-0,0174358785152435
155,301088	-0,0119383633136749
155,401599	-0,00771710276603699
155,516385	-0,00532448291778564
155,631749	-0,00541499257087708
155,744814	-0,0084443986415863
155,847365	-0,0128990113735199
155,957177	-0,0193431675434113
156,071077	-0,0248552262783051
156,184936	-0,0290097892284393
156,287468	-0,0311530828475952
156,398431	-0,0312185287475586
156,511979	-0,029168039560318
156,626020	-0,0242396593093872
156,726741	-0,018674910068512
156,840927	-0,0131892263889313
156,953998	-0,0087398886680603
157,067897	-0,00591069459915161
157,170899	-0,00567343831062317
157,281551	-0,00786119699478149
157,396625	-0,0119805037975311
157,509866	-0,0174316167831421
157,610801	-0,0229107737541199
157,724976	-0,0277374386787415
157,839000	-0,0308469533920288
157,954294	-0,0313980579376221
158,056350	-0,0293879210948944
158,164221	-0,0251967906951904
158,278941	-0,0198003351688385
158,393501	-0,0142858624458313
158,496081	-0,00867557525634766
158,606896	-0,00623014569282532
158,716883	-0,00526130199432373
158,827842	-0,00654259324073792
158,932906	-0,0109007954597473
159,046430	-0,0169004797935486
159,159053	-0,0216360688209534
159,272902	-0,0267572104930878
159,374399	-0,0301846861839294
159,477333	-0,0315857231616974
159,590430	-0,0304006934165955
159,692494	-0,0269157588481903
159,794120	-0,0220413208007813
159,904410	-0,0153889954090118
160,015162	-0,0119199156761169
160,116666	-0,00684517621994019
160,216903	-0,00535699725151062
160,328744	-0,00567156076431274
160,434988	-0,00806155800819397
160,537073	-0,0122588872909546
160,640796	-0,0177573263645172
160,750760	-0,0223878920078278
160,866017	-0,0285896062850952
160,978744	-0,0312151908874512
161,079312	-0,031424343585968
161,193780	-0,0296092331409454
161,307027	-0,0248228311538696
161,422617	-0,0193763375282288
161,522995	-0,0139018297195435
161,636587	-0,00909215211868286
161,751253	-0,00579938292503357
161,866173	-0,00553616881370544
161,969644	-0,00775629281997681
162,081652	-0,0120401382446289
162,195009	-0,017319917678833
162,308740	-0,0229093432426453
162,409692	-0,0270308554172516
162,521945	-0,0303142070770264
162,635937	-0,0314606428146362
162,750943	-0,0291670560836792
162,854047	-0,0249852538108826
162,965025	-0,0206316113471985
163,079325	-0,0140509903430939
163,194010	-0,00931349396705627
163,297195	-0,00622165203094482
163,408689	-0,00528627634048462
163,523154	-0,00717243552207947
163,638101	-0,0109424293041229
163,738573	-0,0151877999305725
163,852125	-0,0218021273612976
163,959682	-0,0267295241355896
164,064229	-0,0306682586669922
164,166562	-0,0315174460411072
164,269284	-0,0302367806434631
164,383349	-0,0261342823505402
164,485350	-0,0218363106250763
164,585783	-0,0171622633934021
164,695784	-0,0119483172893524
164,809700	-0,0077667236328125
164,923587	-0,00564181804656982
165,023828	-0,00605884194374084
165,137846	-0,00876730680465698
165,252489	-0,0142721235752106
165,365207	-0,0197273790836334
165,468634	-0,0242387056350708
165,579545	-0,028698593378067
165,694507	-0,0312954187393188
165,808141	-0,0310742855072021
165,908512	-0,0283869504928589
166,021157	-0,0238448083400726
166,135733	-0,0184627771377563
166,249177	-0,0129463374614716
166,350588	-0,00802421569824219
166,464684	-0,00561162829399109
166,578821	-0,00576114654541016
166,693171	-0,00818255543708801
166,795461	-0,0123341679573059
166,907319	-0,0186417698860168
167,017105	-0,0241468846797943
167,127133	-0,0285418033599854
167,242117	-0,0312223434448242
167,352453	-0,0312428772449493
167,462629	-0,028689980506897
167,572569	-0,0243515074253082
167,687505	-0,0198084115982056
167,800367	-0,0135116875171661
167,910619	-0,00906470417976379
168,020469	-0,00611594319343567
168,120640	-0,00596636533737183
168,228651	-0,00829127430915833
168,341260	-0,0124368965625763
168,451828	-0,017760157585144
168,566318	-0,0232153534889221
168,676118	-0,0279873609542847
168,785949	-0,0309768617153168
168,896674	-0,0315594375133514
168,996963	-0,0294992923736572
169,103281	-0,0253373682498932
169,214458	-0,0209990441799164
169,326400	-0,0154656767845154
169,426878	-0,00978314876556396
169,537541	-0,00671300292015076
169,651216	-0,00573992729187012
169,764855	-0,00671535730361938
169,866114	-0,0106201469898224
169,974183	-0,0146409571170807
170,085342	-0,0211043357849121
170,194169	-0,0262535810470581
170,295340	-0,0299672484397888
170,402848	-0,0316711366176605
170,513921	-0,0308526754379272
170,624869	-0,0277694463729858
170,740027	-0,0230442881584167
170,851241	-0,0165573060512543
170,964112	-0,012219101190567
171,075614	-0,00762873888015747
171,175770	-0,00577390193939209
171,283619	-0,0063287615776062
171,394393	-0,008433997631073
171,504881	-0,0134974718093872
171,616720	-0,0198875367641449
171,730719	-0,0243200957775116
171,841098	-0,0293233692646027
171,951035	-0,031449168920517
172,051888	-0,0311636030673981
172,159715	-0,0291742384433746
172,270057	-0,0249566733837128
172,382545	-0,018695741891861
172,483514	-0,013333648443222
172,591243	-0,00951495766639709
172,699500	-0,00631982088088989
172,801629	-0,00593429803848267
172,914254	-0,00781300663948059
173,025304	-0,0117641687393188
173,135697	-0,017801821231842
173,245740	-0,0233279764652252
173,347658	-0,027342289686203
173,455777	-0,0305731892585754
173,566092	-0,031623899936676
173,678714	-0,0302912592887878
173,792921	-0,0259329676628113
173,903232	-0,0217233896255493
174,014529	-0,0142986178398132
174,123560	-0,00966113805770874
174,227801	-0,00696560740470886
174,337209	-0,00563758611679077
174,438862	-0,00676396489143372
174,539138	-0,00993078947067261
174,650669	-0,0147275924682617
174,764280	-0,0203106999397278
174,865866	-0,0247090458869934
174,970896	-0,0295805335044861
175,071103	-0,0314119458198547
175,185102	-0,031352698802948
175,300337	-0,0284485816955566
175,401531	-0,0238695442676544
175,510110	-0,019376814365387
175,621042	-0,0139979720115662
175,733253	-0,00943833589553833
175,834362	-0,00667619705200195
175,942289	-0,00609424710273743
176,052377	-0,00776246190071106
176,164091	-0,0115265250205994
176,278912	-0,0174761116504669
176,391296	-0,0238733291625977
176,502381	-0,0290332138538361
176,612672	-0,0308851599693298
176,714807	-0,0317398905754089
176,821907	-0,0302673578262329
176,922536	-0,0258251428604126
177,030723	-0,0215587615966797
177,131118	-0,0160029828548431
177,239303	-0,0110512971878052
177,350635	-0,00754985213279724
177,461398	-0,00603240728378296
177,561988	-0,00726217031478882
177,669732	-0,0105624198913574
177,780835	-0,0136385560035706
177,891439	-0,0200045704841614
177,992584	-0,0252330005168915
178,100228	-0,0288028120994568
178,209978	-0,0313675105571747
178,317963	-0,0313097536563873
178,419254	-0,0287932455539703
178,527285	-0,02437624335289
178,638191	-0,0199045836925507
178,744939	-0,0136205852031708
178,851596	-0,00917726755142212
178,963473	-0,00653409957885742
179,073588	-0,00609281659126282
179,184145	-0,0079004168510437
179,284457	-0,0109798312187195
179,397712	-0,0177123546600342
179,512377	-0,0231393277645111
179,627421	-0,0277971625328064
179,728603	-0,0307260751724243
179,837383	-0,031457781791687
179,948264	-0,0296766459941864
180,058846	-0,0250500440597534
180,159634	-0,0206951200962067
180,268656	-0,0151646137237549
180,377527	-0,0102397203445435
180,478715	-0,00685417652130127
180,592850	-0,00550505518913269
180,703108	-0,00618106126785278
180,815328	-0,00966727733612061
180,925781	-0,0143772065639496
181,040747	-0,019879937171936
181,151650	-0,0251238942146301
181,262769	-0,0296379029750824
181,371864	-0,0313164293766022
181,472682	-0,0305277705192566
181,579252	-0,027519553899765
181,691214	-0,0219511389732361
181,802297	-0,0164569318294525
181,917624	-0,0121926069259644
182,029587	-0,00764006376266479
182,140850	-0,00588616728782654
182,253245	-0,00641229748725891
182,354788	-0,00910395383834839
182,462489	-0,0135637521743774
182,573903	-0,0198695361614227
182,685660	-0,0251005589962006
182,787993	-0,0292196571826935
182,893241	-0,0311187207698822
182,993493	-0,0313827991485596
183,106055	-0,0290456414222717
183,221112	-0,024850457906723
183,333536	-0,0177582502365112
183,445176	-0,0124922692775726
183,555795	-0,00835651159286499
183,656457	-0,00636604428291321
183,764493	-0,0060998797416687
183,877110	-0,00782671570777893
183,988525	-0,0124908685684204
184,091166	-0,0167584717273712
184,203290	-0,0231407582759857
184,318091	-0,0277398228645325
184,432730	-0,030628114938736
184,533157	-0,0313507914543152
184,644148	-0,0290394127368927
184,755587	-0,025020033121109
184,870310	-0,0197894275188446
184,972531	-0,0151944160461426
185,081066	-0,00976943969726563
185,192186	-0,00670686364173889
185,299603	-0,00583192706108093
185,400797	-0,00695711374282837
185,510586	-0,0100504755973816
185,622478	-0,0157544612884521
185,734415	-0,0211892426013947
185,836626	-0,0262139737606049
185,944274	-0,0294739603996277
186,055302	-0,0314482152462006
186,166398	-0,0309424698352814
186,266924	-0,0276084244251251
186,376555	-0,0237059593200684
186,489348	-0,0174704194068909
186,600827	-0,0122621953487396
186,701239	-0,00825959444046021
186,810574	-0,00641936063766479
186,921259	-0,00633442401885986
187,033739	-0,00935083627700806
187,134219	-0,0129638612270355
187,241971	-0,0172602236270905
187,352190	-0,0227283537387848
187,463883	-0,0280905961990356
187,564135	-0,0308306813240051
187,671729	-0,0314620733261108
187,782929	-0,0294323861598969
187,893447	-0,0255376100540161
187,994372	-0,0204291939735413
188,103581	-0,0158131718635559
188,213935	-0,0102529525756836
188,325520	-0,00669410824775696
188,426357	-0,00591683387756348
188,532828	-0,00716912746429443
188,641210	-0,0103825926780701
188,754424	-0,0151816308498383
188,855957	-0,0206396579742432
188,969264	-0,0256882607936859
189,079528	-0,029559999704361
189,191839	-0,0313255190849304
189,296242	-0,0303500294685364
189,408216	-0,0272180736064911
189,508828	-0,022362232208252
189,620995	-0,0178775489330292
189,723124	-0,0126811861991882
189,831605	-0,00796419382095337
189,943364	-0,00625371932983398
190,055119	-0,00617918372154236
190,156841	-0,00832626223564148
190,264925	-0,0132635831832886
190,376941	-0,0184831321239471
190,489464	-0,0238804817199707
190,590101	-0,0282990038394928
190,698401	-0,030572235584259
190,810950	-0,0312767922878265
190,921505	-0,0291694700717926
191,023347	-0,0251763164997101
191,131789	-0,02003014087677
191,243912	-0,0154259204864502
191,354264	-0,0106362402439117
191,454536	-0,00655248761177063
191,566789	-0,00590032339096069
191,678529	-0,00730326771736145
191,791520	-0,0106211006641388
191,893151	-0,0163831114768982
192,001834	-0,0209412276744843
192,114576	-0,025883823633194
192,224414	-0,0296207070350647
192,325774	-0,0312433540821075
192,427135	-0,0306969285011292
192,529913	-0,0280996859073639
192,642340	-0,02277871966362
192,743661	-0,0173885226249695
192,850439	-0,0130808055400848
192,962552	-0,00820666551589966
193,074698	-0,00613009929656982
193,175411	-0,00624853372573853
193,284027	-0,00799587368965149
193,396317	-0,0127484202384949
193,507679	-0,0179310441017151
193,607769	-0,0224386751651764
193,719260	-0,0272505581378937
193,830892	-0,0306577384471893
193,944338	-0,0312725007534027
194,045601	-0,0294471979141235
194,154839	-0,0255680978298187
194,266779	-0,0196297764778137
194,380456	-0,0142101049423218
194,481089	-0,00969612598419189
194,589919	-0,00682300329208374
194,701518	-0,0060914158821106
194,813401	-0,00802895426750183
194,915246	-0,0110527276992798
195,026392	-0,0159504413604736
195,137944	-0,022321879863739
195,250104	-0,0270432829856873
195,350760	-0,0299161076545715
195,458480	-0,0313804149627686
195,572108	-0,0299901962280273
195,684793	-0,0272768437862396
195,787382	-0,02251797914505
195,896824	-0,0161639451980591
196,007812	-0,0119999051094055
196,119929	-0,00804030895233154
196,221160	-0,0059649646282196
196,329360	-0,00635942816734314
196,440869	-0,00935554504394531
196,553114	-0,0138904750347137
196,653837	-0,0192058086395264
196,763289	-0,0244433581829071
196,873276	-0,0287153124809265
196,974190	-0,0309625267982483
197,076182	-0,0309873819351196
197,184322	-0,0286818742752075
197,296397	-0,0244081318378448
197,408092	-0,0192446410655975
197,509746	-0,013879120349884
197,618414	-0,00942698121070862
197,730529	-0,00674223899841309
197,842447	-0,00605505704879761
197,944614	-0,00776717066764832
198,055192	-0,0114290118217468
198,166127	-0,0154481828212738
198,268849	-0,0227430760860443
198,378299	-0,0266941785812378
198,492844	-0,0301158428192139
198,605678	-0,0314930975437164
198,706835	-0,0299094021320343
198,814598	-0,027133047580719
198,924457	-0,02237269282341
199,035723	-0,0160223841667175
199,146771	-0,011222630739212
199,247243	-0,00814098119735718
199,347478	-0,00627732276916504
199,459791	-0,00675737857818604
199,560970	-0,00926852226257324
199,675293	-0,0144543945789337
199,786967	-0,0197709500789642
199,899469	-0,0248833298683167
200,002281	-0,0289863646030426
200,111516	-0,0310633182525635
200,223759	-0,0308622121810913
200,335785	-0,0277794897556305
200,437183	-0,0240384042263031
200,546497	-0,0187686681747437
200,658677	-0,0134903788566589
200,769361	-0,00850868225097656
200,871490	-0,00651377439498901
200,979165	-0,00597485899925232
201,094323	-0,00781869888305664
201,207653	-0,0123881101608276
201,308456	-0,0174808502197266
201,416612	-0,0228675603866577
201,528215	-0,0275056958198547
201,639253	-0,0304011702537537
201,753452	-0,0312132835388184
201,868264	-0,0295700430870056
201,978777	-0,0251162648200989
202,091326	-0,0191622376441956
202,192409	-0,0146225094795227
202,300437	-0,0101082026958466
202,412309	-0,0067257285118103
202,523472	-0,00613340735435486
202,624006	-0,00747990608215332
202,733018	-0,010746031999588
202,844328	-0,0164436995983124
202,958910	-0,0218315720558167
203,061171	-0,0258294343948364
203,169891	-0,0295671820640564
203,281899	-0,0311631262302399
203,393081	-0,0300135910511017
203,494310	-0,0268240571022034
203,602545	-0,0228205323219299
203,715795	-0,0166543424129486
203,826639	-0,0124672055244446
203,926895	-0,00791648030281067
204,039002	-0,0062556266784668
204,150747	-0,00668373703956604
204,262247	-0,00931110978126526
204,363314	-0,0129235982894897
204,475386	-0,0188955664634705
204,589094	-0,024204432964325
204,699410	-0,0284810960292816
204,800832	-0,030852198600769
204,909575	-0,031122088432312
205,024985	-0,0283262133598328
205,136523	-0,0248366594314575
205,238637	-0,0188539028167725
205,347245	-0,0143634974956512
205,460242	-0,00932812690734863
205,572395	-0,00705435872077942
205,673667	-0,00630754232406616
205,781988	-0,00875595211982727
205,894372	-0,0126726627349854
206,005988	-0,0169525444507599
206,108073	-0,0232091844081879
206,215985	-0,026993602514267
206,326477	-0,0302726328372955
206,439668	-0,0311999320983887
206,541025	-0,0294849276542664
206,649425	-0,02656289935112
206,761515	-0,0216118693351746
206,875120	-0,0162396728992462
206,975623	-0,010624885559082
207,085587	-0,0072513222694397
207,198211	-0,00609752535820007
207,310521	-0,00704869627952576
207,413836	-0,0108633935451508
207,522762	-0,0140325129032135
207,634702	-0,0201234817504883
207,748158	-0,0260789394378662
207,849037	-0,0296627581119537
207,959169	-0,0311903655529022
208,073734	-0,0307719111442566
208,184030	-0,0273862481117249
208,285969	-0,0227849185466766
208,395328	-0,017486035823822
208,508287	-0,0130921602249146
208,618593	-0,00796845555305481
208,720599	-0,00634858012199402
208,829038	-0,00625324249267578
208,942587	-0,00832295417785645
209,057730	-0,0137195289134979
209,160665	-0,0181105136871338
209,263914	-0,0234577655792236
209,377337	-0,0278215408325195
209,478614	-0,0308799147605896
209,581534	-0,0311005711555481
209,690192	-0,0292029082775116
209,802667	-0,0246780514717102
209,916047	-0,0194270014762878
210,017121	-0,0150173306465149
210,128067	-0,0104148089885712
210,240265	-0,00687399506568909
210,351583	-0,00625845789909363
210,454548	-0,00738450884819031
210,563717	-0,0113097131252289
210,678699	-0,0171518325805664
210,791077	-0,0224581658840179
210,892684	-0,0265184938907623
211,000547	-0,0300145447254181
211,112257	-0,0313469767570496
211,225284	-0,0304336547851563
211,340616	-0,0272558331489563
211,453516	-0,0216754674911499
211,565631	-0,0154561996459961
211,677700	-0,0113992094993591
211,780630	-0,00750026106834412
211,889812	-0,00634574890136719
212,000965	-0,00733113288879395
212,114198	-0,0105056464672089
212,215622	-0,0151219964027405
212,326825	-0,0204694867134094
212,438183	-0,0263347327709198
212,549072	-0,0298477411270142
212,651482	-0,0313044786453247
212,761144	-0,0305272936820984
212,873014	-0,0274626910686493
212,985423	-0,0228936672210693
213,087437	-0,0184097290039063
213,190621	-0,0132370591163635
213,295245	-0,0091356635093689
213,408343	-0,00667664408683777
213,509496	-0,00653266906738281
213,618952	-0,00854462385177612
213,731488	-0,012382447719574
213,842710	-0,0175139605998993
213,944870	-0,0236018002033234
214,053341	-0,0273943841457367
214,164387	-0,0307313203811646
214,277053	-0,031120628118515
214,378776	-0,0293138027191162
214,493649	-0,0261862874031067
214,594676	-0,0203685462474823
214,706151	-0,0150959491729736
214,809459	-0,0103864073753357
214,917743	-0,00769960880279541
215,028817	-0,00627544522285461
215,136005	-0,0074208676815033
215,246099	-0,0100641846656799
215,358298	-0,015386164188385
215,469452	-0,0207216739654541
215,581856	-0,0257459878921509
215,683377	-0,0298563539981842
215,792261	-0,0311903655529022
215,903993	-0,0305770039558411
216,016919	-0,0270642936229706
216,117117	-0,0224239528179169
216,229095	-0,0170074701309204
216,341177	-0,0120216906070709
216,452841	-0,00775820016860962
216,555408	-0,00626459717750549
216,663646	-0,00663509964942932
216,773067	-0,00852242112159729
216,876034	-0,0132285356521606
216,977094	-0,0184395611286163
217,084765	-0,0219340920448303
217,197616	-0,0272744596004486
217,309429	-0,0304661393165588
217,411191	-0,0307160317897797
217,520004	-0,0287635922431946
217,631348	-0,0240008234977722
217,743197	-0,0197179019451141
217,843713	-0,0144917964935303
217,951267	-0,00991609692573547
218,062919	-0,00699013471603394
218,173077	-0,00614470243453979
218,274947	-0,00745394825935364
218,383004	-0,01087287068367
218,493278	-0,0164957642555237
218,604717	-0,0209454894065857
218,704898	-0,0251996517181396
218,816002	-0,0299165844917297
218,927895	-0,0311626493930817
219,039004	-0,0300102531909943
219,139573	-0,0273466110229492
219,249425	-0,0228618383407593
219,364607	-0,017524391412735
219,464876	-0,0132427513599396
219,567675	-0,00860846042633057
219,676350	-0,00646281242370605
219,787490	-0,00641608238220215
219,899098	-0,00839146971702576
219,999793	-0,0129250288009644
220,108462	-0,0181043446063995
220,219464	-0,0233327448368073
220,331783	-0,0277474820613861
220,433334	-0,0307676196098328
220,542610	-0,0309902429580688
220,654226	-0,0292215645313263
220,767227	-0,0254694223403931
220,869025	-0,019572913646698
220,977822	-0,0143677592277527
221,088935	-0,00991609692573547
221,201601	-0,00707465410232544
221,302112	-0,00637832283973694
221,404961	-0,00743317604064941
221,512670	-0,0105931758880615
221,624439	-0,0152626037597656
221,726388	-0,0213723182678223
221,835370	-0,0254980325698853
221,947358	-0,0296603739261627
222,059889	-0,0310274958610535
222,161765	-0,030141681432724
222,271223	-0,0276786684989929
222,383988	-0,0224272906780243
222,496321	-0,017192542552948
222,598716	-0,0121793448925018
222,707943	-0,00896966457366943
222,822390	-0,00657609105110168
222,934974	-0,00685840845108032
223,048857	-0,00934705138206482
223,151749	-0,013475239276886
223,263749	-0,0195151269435883
223,375998	-0,0246247351169586
223,478595	-0,0286283195018768
223,590658	-0,0306457877159119
223,701925	-0,0307748019695282
223,814187	-0,0284165740013123
223,917837	-0,0235133767127991
224,026345	-0,0191404521465302
224,137525	-0,0131906569004059
224,249935	-0,00913092494010925
224,350182	-0,00703549385070801
224,464809	-0,00656571984291077
224,579017	-0,00871860980987549
224,679249	-0,0118266344070435
224,790121	-0,016782134771347
224,901345	-0,0228685140609741
225,013454	-0,028110682964325
225,114500	-0,0304503738880157
225,223879	-0,0311784148216248
225,334662	-0,0292612314224243
225,443754	-0,0253612101078033
225,545582	-0,0212081968784332
225,657278	-0,0159869194030762
225,758845	-0,0104682445526123
225,867934	-0,00746148824691772
225,968687	-0,00648689270019531
226,076656	-0,00727444887161255
226,189427	-0,010945737361908
226,300150	-0,0155835747718811
226,401498	-0,0199856162071228
226,510962	-0,0251324772834778
226,621766	-0,0289992690086365
226,733799	-0,0312419235706329
226,835437	-0,0308784544467926
226,943238	-0,0277288556098938
227,055018	-0,0241658985614777
227,167664	-0,0180475115776062
227,268587	-0,0137792229652405
227,377077	-0,0096663236618042
227,489266	-0,00707986950874329
227,600845	-0,00677815079689026
227,709337	-0,00914701819419861
227,820212	-0,0138871669769287
227,932768	-0,0191442370414734
228,044510	-0,0242320597171783
228,145181	-0,0279094576835632
228,255954	-0,0310471057891846
228,367760	-0,0313326716423035
228,479733	-0,0297234654426575
228,580793	-0,0252449214458466
228,690725	-0,0201192498207092
228,796850	-0,0149529576301575
228,898980	-0,0110408961772919
229,000637	-0,00746434926986694
229,101891	-0,00666719675064087
229,214763	-0,00756874680519104
229,315696	-0,0106996595859528
229,417571	-0,0144681334495544
229,525396	-0,018704742193222
229,626930	-0,0248109400272369
229,739002	-0,0293649435043335
229,841026	-0,0310657024383545
229,949339	-0,0311459302902222
230,061830	-0,0287339687347412
230,173497	-0,0238671600818634
230,274120	-0,0204566717147827
230,386132	-0,0142101049423218
230,497737	-0,0099605917930603
230,610069	-0,00720596313476563
230,710914	-0,00666201114654541
230,823818	-0,00825771689414978
230,937645	-0,0131934881210327
231,049030	-0,0184225142002106
231,152384	-0,0228357315063477
231,265195	-0,0273504257202148
231,365869	-0,0308512449264526
231,474647	-0,0314238667488098
231,582480	-0,0299261212348938
231,692263	-0,0265719592571259
231,793065	-0,0215900540351868
231,901330	-0,0172053277492523
232,015628	-0,0115800201892853
232,122150	-0,00801950693130493
232,227220	-0,00668752193450928
232,338956	-0,0071195662021637
232,439934	-0,00955420732498169
232,546142	-0,01473468542099
232,660776	-0,0206908583641052
232,773032	-0,0249671339988708
232,886820	-0,0294601023197174
232,987884	-0,031124472618103
233,096175	-0,0309458076953888
233,208155	-0,0284423828125
233,310883	-0,0234163999557495
233,420003	-0,0191442370414734
233,531596	-0,0138369798660278
233,644715	-0,00910821557044983
233,746653	-0,00685697793960571
233,855902	-0,0067082941532135
233,969976	-0,00844487547874451
234,077136	-0,0127749145030975
234,189157	-0,0178387463092804
234,290255	-0,0231587886810303
234,400315	-0,0275439023971558
234,501079	-0,0305335223674774
234,615723	-0,0312180519104004
234,727502	-0,0295456647872925
234,832372	-0,0260598659515381
234,947809	-0,0201661586761475
235,050556	-0,0149676203727722
235,155569	-0,011177659034729
235,267678	-0,00742512941360474
235,374731	-0,00658175349235535
235,476655	-0,0078815221786499
235,590596	-0,011159211397171
235,703733	-0,0151096880435944
235,804498	-0,0211693048477173
235,914726	-0,0260908603668213
236,027488	-0,0297234654426575
236,139678	-0,0312228202819824
236,251860	-0,0302276909351349
236,354231	-0,0269482135772705
236,463113	-0,0230471193790436
236,575040	-0,0178765952587128
236,686754	-0,0119928121566772
236,789343	-0,00836217403411865
236,895538	-0,00700193643569946
237,009759	-0,00701138377189636
237,122492	-0,0103026330471039
237,237366	-0,013915091753006
237,349794	-0,0190656185150146
237,461152	-0,0251100659370422
237,571891	-0,029459148645401
237,673179	-0,031124472618103
237,782106	-0,0309100151062012
237,893608	-0,0283888578414917
238,005172	-0,0234653651714325
238,107364	-0,0190319716930389
238,215372	-0,0146807134151459
238,328740	-0,00914984941482544
238,437192	-0,00707986950874329
238,546372	-0,0069127082824707
238,657881	-0,00852334499359131
238,769983	-0,0136906802654266
238,880837	-0,0188960433006287
238,983539	-0,0231350660324097
239,092669	-0,0276542901992798
239,204704	-0,030528724193573
239,317087	-0,0311062932014465
239,418976	-0,029559999704361
239,529451	-0,0258852541446686
239,640120	-0,02093505859375
239,749885	-0,0157530307769775
239,850954	-0,0109765231609344
239,964569	-0,00743412971496582
240,076244	-0,00654730200767517
240,191163	-0,00780782103538513
240,292008	-0,0112197995185852
240,406605	-0,0167173147201538
240,507710	-0,0202419757843018
240,622070	-0,0260751247406006
240,722957	-0,0295222401618958
240,832098	-0,0311917960643768
240,944737	-0,0303672552108765
241,056623	-0,027348518371582
241,158695	-0,0229259729385376
241,267445	-0,0167366862297058
241,379376	-0,0126134753227234
241,492742	-0,0083276629447937
241,592815	-0,00652748346328735
241,701194	-0,00710630416870117
241,814449	-0,00913423299789429
241,925520	-0,0138847827911377
242,028036	-0,0191423296928406
242,131188	-0,023396909236908
242,236352	-0,0277360081672668
242,344903	-0,0304948091506958
242,447240	-0,0307585597038269
242,555634	-0,0291531980037689
242,667062	-0,0254331827163696
242,779797	-0,0203983783721924
242,880919	-0,0152223408222198
242,989353	-0,0105912983417511
243,100611	-0,00782623887062073
243,211630	-0,00644582509994507
243,314904	-0,00749129056930542
243,428389	-0,0113797783851624
243,539714	-0,0161449909210205
243,651517	-0,0222164690494537
243,751636	-0,0262411832809448
243,861050	-0,02960205078125
243,973299	-0,0309988260269165
244,085066	-0,0297454595565796
244,185767	-0,0269854962825775
244,300542	-0,0224951803684235
244,415526	-0,0163722038269043
244,527400	-0,0115681886672974
244,630016	-0,00863870978355408
244,738249	-0,00669035315513611
244,839364	-0,00699722766876221
244,951381	-0,00946766138076782
245,053506	-0,0143227875232697
245,165568	-0,0186834335327148
245,280479	-0,02458855509758
245,391272	-0,0286020338535309
245,493542	-0,0308684408664703
245,602822	-0,0307427644729614
245,715762	-0,0279515087604523
245,827630	-0,0244324207305908
245,931249	-0,0192806422710419
246,045599	-0,0134212374687195
246,159782	-0,00877678394317627
246,261896	-0,00698164105415344
246,362805	-0,00667759776115417
246,464057	-0,0087299644947052
246,573251	-0,0125817656517029
246,685936	-0,0175101757049561
246,800798	-0,0226647257804871
246,901810	-0,0272629857063293
247,015336	-0,0298166871070862
247,128882	-0,0310141146183014
247,243753	-0,0296010971069336
247,358886	-0,0253240466117859
247,472479	-0,0204747021198273
247,586989	-0,0152327716350555
247,689211	-0,0113433301448822
247,802085	-0,00737318396568298
247,915623	-0,00673091411590576
248,028304	-0,00821658968925476
248,131154	-0,0116443932056427
248,239529	-0,0172540843486786
248,352890	-0,0225065648555756
248,453810	-0,0263261497020721
248,553818	-0,0292540788650513
248,655564	-0,031052827835083
248,755884	-0,0303524136543274
248,855958	-0,0282096266746521
248,956416	-0,023272842168808
249,056543	-0,0189651846885681
249,157204	-0,0146992206573486
249,258598	-0,0103419125080109
249,359267	-0,00746810436248779
249,459664	-0,00673091411590576
249,560693	-0,00782576203346252
249,661711	-0,0108648240566254
249,762220	-0,0146423578262329
249,863943	-0,0197823345661163
249,965859	-0,0247780680656433
250,066048	-0,0282478332519531
250,166839	-0,0306935906410217
250,266935	-0,0309663414955139
250,367144	-0,0295619368553162
250,468160	-0,0266469120979309
250,568710	-0,0219293236732483
250,670765	-0,0167911350727081
250,771160	-0,01267409324646
250,872876	-0,00894743204116821
250,973164	-0,00706237554550171
251,073752	-0,00702983140945435
251,174182	-0,00908553600311279
251,274962	-0,0129008889198303
251,375211	-0,016883909702301
251,475316	-0,0221590399742126
251,575702	-0,0261071026325226
251,676306	-0,0295509099960327
251,778004	-0,0311578810214996
251,878761	-0,030641496181488
251,979675	-0,0280595421791077
