0,101671	-0,0811698138713837
0,202461	-0,0844468474388123
0,303055	-0,0880201756954193
0,403811	-0,090291291475296
0,504311	-0,0916285216808319
0,604431	-0,0914822518825531
0,704839	-0,0898030698299408
0,805638	-0,0867834389209747
0,906408	-0,0836951434612274
1,006964	-0,0798294544219971
1,107583	-0,0764701664447784
1,208186	-0,0745249092578888
1,308783	-0,0736066401004791
1,416145	-0,0739834606647491
1,525587	-0,0759474039077759
1,636525	-0,0796720087528229
1,746035	-0,083490252494812
1,856043	-0,087680995464325
1,967970	-0,0902541875839233
2,080325	-0,0913560092449188
2,191451	-0,0911259353160858
2,303106	-0,0888737738132477
2,414906	-0,0856779813766479
2,527221	-0,0818862318992615
2,639496	-0,0782588124275208
2,751232	-0,0750540196895599
2,860937	-0,0737361907958984
2,973144	-0,0742439925670624
3,084819	-0,0762647688388824
3,195808	-0,0794766545295715
3,305439	-0,0825869739055634
3,416213	-0,0862332284450531
3,526866	-0,0896741151809692
3,638011	-0,0911716520786285
3,749220	-0,0909430682659149
3,858854	-0,0894714891910553
3,969252	-0,0865636169910431
4,079988	-0,0817681550979614
4,188171	-0,0788108706474304
4,296644	-0,075959712266922
4,405995	-0,0744024813175201
4,514978	-0,0743123292922974
4,624833	-0,0758012533187866
4,734305	-0,0785652101039886
4,844231	-0,0820853412151337
4,956121	-0,0863571166992188
5,066622	-0,0893383324146271
5,175800	-0,0911221504211426
5,285150	-0,0913769602775574
5,394240	-0,0899976491928101
5,505757	-0,0872986316680908
5,615992	-0,0837899744510651
5,725779	-0,0800390243530273
5,835874	-0,0764075517654419
5,945820	-0,0744679868221283
6,053060	-0,0739920139312744
6,160000	-0,0752058327198029
6,268669	-0,0782403349876404
6,378706	-0,0818032324314117
6,489441	-0,0855488777160645
6,598415	-0,0887815356254578
6,707679	-0,0907135307788849
6,818508	-0,091614693403244
6,928843	-0,090929239988327
7,040315	-0,0883024334907532
7,150276	-0,08427894115448
7,258976	-0,0806160569190979
7,368794	-0,0773178339004517
7,479821	-0,0751118659973145
7,588967	-0,0743540823459625
7,699045	-0,075134664773941
7,805673	-0,077402263879776
7,915374	-0,0812651216983795
8,023360	-0,0850383937358856
8,133333	-0,0880178213119507
8,244143	-0,0902551114559174
8,354829	-0,0920650064945221
8,464190	-0,0914574861526489
8,574442	-0,0897583365440369
8,684062	-0,0861876606941223
8,795365	-0,082485020160675
8,905151	-0,0785049796104431
9,013144	-0,0766699016094208
9,121265	-0,0748708546161652
9,229487	-0,0752153396606445
9,340037	-0,0770602822303772
9,449421	-0,0795383155345917
9,559741	-0,0837401747703552
9,670895	-0,0877992808818817
9,780261	-0,0901261568069458
9,889348	-0,0916976034641266
9,999186	-0,0917042791843414
10,107395	-0,0897897481918335
10,216616	-0,0873437523841858
10,327880	-0,0838075280189514
10,437614	-0,0796179473400116
10,548142	-0,0771176815032959
10,657913	-0,0752143859863281
10,766855	-0,0747422575950623
10,876377	-0,0764853656291962
10,985536	-0,0787866711616516
11,095777	-0,0822166800498962
11,206326	-0,085913360118866
11,315741	-0,0895476043224335
11,426953	-0,0912274122238159
11,538187	-0,0918729603290558
11,646627	-0,0909592509269714
11,756054	-0,0875689089298248
11,865605	-0,0840555429458618
11,975212	-0,0809730589389801
12,087191	-0,0773083567619324
12,195077	-0,0752689242362976
12,303982	-0,0747137665748596
12,412523	-0,0757547616958618
12,521608	-0,077610969543457
12,630584	-0,0820165872573853
12,740253	-0,0850493013858795
12,852075	-0,0883266925811768
12,961997	-0,0906697511672974
13,070603	-0,0915289521217346
13,180107	-0,090531200170517
13,287850	-0,0881142616271973
13,399245	-0,0846204459667206
13,509977	-0,080247163772583
13,618292	-0,0779059827327728
13,729784	-0,0748053789138794
13,839186	-0,0737547278404236
13,950717	-0,0742363929748535
14,061431	-0,0767941772937775
14,171783	-0,0795762240886688
14,282387	-0,0840413272380829
14,391976	-0,0883219242095947
14,500152	-0,0908659100532532
14,609894	-0,092019259929657
14,719187	-0,0914789140224457
14,831315	-0,0892460942268372
14,939066	-0,0865773856639862
15,051465	-0,0820260941982269
15,163009	-0,0782436728477478
15,271967	-0,0753315687179565
15,379661	-0,0735311806201935
15,489584	-0,0736835300922394
15,599033	-0,075291246175766
15,707852	-0,078781932592392
15,816465	-0,0819720029830933
15,925682	-0,0857909321784973
16,034100	-0,0898958444595337
16,143892	-0,0913245677947998
16,253340	-0,091467946767807
16,364368	-0,0903960168361664
16,473716	-0,0866476595401764
16,585656	-0,0835476517677307
16,697366	-0,079771101474762
16,806014	-0,0759943723678589
16,918161	-0,0740935504436493
17,029093	-0,0738643407821655
17,141115	-0,0749999284744263
17,251720	-0,0777357220649719
17,362696	-0,0819748640060425
17,472308	-0,0864876508712769
17,581900	-0,0887763202190399
17,690111	-0,091405063867569
17,799838	-0,0920369029045105
17,909318	-0,0910444855690002
18,018000	-0,08846116065979
18,126459	-0,0849696099758148
18,235857	-0,0810337662696838
18,344742	-0,0774819552898407
18,452777	-0,0746819972991943
18,562494	-0,0737784504890442
18,674530	-0,0746288597583771
18,785453	-0,0774060785770416
18,897439	-0,0802656710147858
19,006939	-0,0848263204097748
19,116748	-0,0882886648178101
19,226219	-0,0908754467964172
19,335165	-0,0919005870819092
19,445017	-0,0913112163543701
19,553466	-0,0892194509506226
19,662699	-0,0859048068523407
19,772050	-0,0826974511146545
19,880984	-0,0779315829277039
19,989450	-0,0755825638771057
20,099037	-0,074040412902832
20,209376	-0,074245423078537
20,318224	-0,0767234861850739
20,427523	-0,0794605314731598
20,537450	-0,0825310349464417
20,646664	-0,0862797498703003
20,757281	-0,0899358093738556
20,867037	-0,0915908813476563
20,974977	-0,0917633473873138
21,082408	-0,0902727246284485
21,192079	-0,0867853462696075
21,302025	-0,0837728977203369
21,413155	-0,0792789161205292
21,521937	-0,0761945843696594
21,632996	-0,0743374824523926
21,742518	-0,0738762021064758
21,852449	-0,0755441188812256
21,962956	-0,0777698457241058
22,072066	-0,0818800330162048
22,180641	-0,0857320427894592
22,289811	-0,088884711265564
22,399614	-0,0910487771034241
22,509882	-0,0915417969226837
22,618349	-0,090459793806076
22,728291	-0,0880648493766785
22,837845	-0,0845251083374023
22,948715	-0,080108255147934
23,059156	-0,07687908411026
23,168497	-0,0748466551303864
23,278187	-0,0739160776138306
23,388486	-0,0747958719730377
23,496825	-0,0765949487686157
23,606005	-0,0799551010131836
23,715487	-0,0843538641929626
23,826299	-0,0879650712013245
23,936145	-0,0907444953918457
24,045204	-0,0919611155986786
24,153422	-0,0914255380630493
24,261856	-0,0896613001823425
24,371489	-0,0864620208740234
24,481946	-0,0821825563907623
24,591595	-0,0779685974121094
24,702003	-0,0755090117454529
24,813031	-0,0744508802890778
24,922564	-0,0745249092578888
25,031783	-0,0763397216796875
25,143318	-0,0792262554168701
25,252919	-0,0828254818916321
25,361463	-0,0871233940124512
25,470273	-0,0902056097984314
25,578718	-0,0915851593017578
25,688283	-0,0913712382316589
25,796989	-0,0896660387516022
25,905834	-0,0868470668792725
26,015366	-0,0831303596496582
26,126191	-0,0794799625873566
26,237130	-0,0760920941829681
26,347724	-0,0744015574455261
26,456373	-0,0743431746959686
26,566821	-0,0755929946899414
26,675658	-0,0787458717823029
26,786330	-0,0824693739414215
26,894868	-0,0861587226390839
27,004326	-0,0894586741924286
27,113287	-0,0918967723846436
27,223406	-0,0920321345329285
27,332202	-0,09062260389328
27,440123	-0,0877622067928314
27,548530	-0,0841058492660522
27,655649	-0,0803235173225403
27,766230	-0,0774051249027252
27,875618	-0,0747493803501129
27,986521	-0,0740318596363068
28,094549	-0,0748893320560455
28,205592	-0,0778832137584686
28,314162	-0,081365168094635
28,424444	-0,0852513909339905
28,535346	-0,0887625217437744
28,643199	-0,0907897353172302
28,752253	-0,0920726358890533
28,861665	-0,0912697911262512
28,971412	-0,088913232088089
29,082679	-0,0849961638450623
29,194728	-0,0810375511646271
29,306135	-0,0776242613792419
29,418160	-0,0748499631881714
29,529389	-0,0740522742271423
29,638418	-0,0747650265693665
29,749017	-0,0768482685089111
29,861046	-0,0801523327827454
29,972147	-0,0847395062446594
30,081666	-0,0882848501205444
30,193260	-0,0911006927490234
30,303220	-0,0923595428466797
30,412128	-0,0917261838912964
30,521104	-0,0895747244358063
30,631887	-0,0861473381519318
30,739171	-0,0823750495910645
30,849200	-0,079326331615448
30,958432	-0,0759274661540985
31,067158	-0,0745348930358887
31,176659	-0,0747697651386261
31,286908	-0,0769782364368439
31,395146	-0,0802149474620819
31,505910	-0,0832735598087311
31,615910	-0,0870716273784637
31,724497	-0,0901699364185333
31,834065	-0,0922132134437561
31,942501	-0,0921198129653931
32,051171	-0,0907668769359589
32,160920	-0,0873979032039642
32,269338	-0,0837240517139435
32,380342	-0,079846054315567
32,490012	-0,0767576396465302
32,600830	-0,074593722820282
32,710027	-0,0744010806083679
32,822820	-0,0759265422821045
32,935307	-0,0785870254039764
33,047277	-0,0822494029998779
33,159992	-0,0866163074970245
33,271327	-0,0896608233451843
33,383998	-0,0917943120002747
33,494238	-0,0918367505073547
33,606786	-0,0901528000831604
33,718449	-0,0872639715671539
33,831281	-0,0828780829906464
33,942907	-0,0798569619655609
34,055061	-0,076231062412262
34,167842	-0,0745472311973572
34,279965	-0,0744613409042358
34,392501	-0,075848251581192
34,504497	-0,0793234705924988
34,617075	-0,0829961597919464
34,729160	-0,086797684431076
34,841803	-0,090039074420929
34,953463	-0,092110276222229
35,065089	-0,0922785103321075
35,177591	-0,0907140076160431
35,288717	-0,0872345268726349
35,401280	-0,0835623443126678
35,513472	-0,0797417163848877
35,626225	-0,0763596594333649
35,738508	-0,0747635960578918
35,850226	-0,0747247040271759
35,962225	-0,0763714909553528
36,073791	-0,0797308087348938
36,186478	-0,0828311443328857
36,298691	-0,0866101384162903
36,410749	-0,0901170969009399
36,521767	-0,0919396579265594
36,634369	-0,0920373797416687
36,746340	-0,0905326306819916
36,857973	-0,0872017443180084
36,969968	-0,0834120213985443
37,082524	-0,079750269651413
37,195029	-0,0766670405864716
37,306201	-0,0746212601661682
37,416978	-0,0746511518955231
37,527247	-0,0761438012123108
37,639234	-0,0790531635284424
37,749321	-0,083394467830658
37,860516	-0,0871371626853943
37,971998	-0,0907316505908966
38,081867	-0,0921426713466644
38,189963	-0,0922999680042267
38,299952	-0,0910411775112152
38,408093	-0,0882002711296082
38,520030	-0,0839284658432007
38,630859	-0,0801243782043457
38,740434	-0,0769094228744507
38,852566	-0,074942022562027
38,963456	-0,0745662152767181
39,075397	-0,0763857364654541
39,184762	-0,0793713927268982
39,294911	-0,0824167430400848
39,405473	-0,0856670439243317
39,516476	-0,0896446704864502
39,624843	-0,0917909741401672
39,733307	-0,0924558341503143
39,844433	-0,0914479494094849
39,955455	-0,0883894264698029
40,065123	-0,0848381817340851
40,174900	-0,0809195041656494
40,286688	-0,0771741271018982
40,397155	-0,0750625431537628
40,504771	-0,0745154321193695
40,614186	-0,0756978392601013
40,724512	-0,0781236588954926
40,834297	-0,0816998779773712
40,945854	-0,0861615538597107
41,057062	-0,0894700884819031
41,167768	-0,0918057560920715
41,277656	-0,0923871994018555
41,388695	-0,0917038023471832
41,499373	-0,0895271599292755
41,608980	-0,0853799879550934
41,719189	-0,0816117227077484
41,829143	-0,0774511396884918
41,938638	-0,0753576755523682
42,046849	-0,0742881298065186
42,154547	-0,0746905207633972
42,263219	-0,0768278539180756
42,372335	-0,0807417035102844
42,481008	-0,0846166610717773
42,591678	-0,0889835953712463
42,700834	-0,0912178754806519
42,809684	-0,0925063788890839
42,919952	-0,0921679437160492
43,029387	-0,0904326736927032
43,138829	-0,0866894125938416
43,247317	-0,0834357440471649
43,357662	-0,0790176391601563
43,469270	-0,0761826932430267
43,577734	-0,074577122926712
43,688063	-0,0745045244693756
43,796146	-0,0763975977897644
43,905765	-0,079909086227417
44,014747	-0,0838056206703186
44,124910	-0,0870327055454254
44,235222	-0,0901999175548553
44,344262	-0,0922799408435822
44,454976	-0,0925650000572205
44,564044	-0,0909002125263214
44,674966	-0,087976485490799
44,785181	-0,0841271579265594
44,896191	-0,0803491175174713
45,005603	-0,076585441827774
45,117168	-0,0745652616024017
45,227695	-0,0746103525161743
45,339457	-0,0761044025421143
45,450215	-0,0785756409168243
45,559099	-0,0821982026100159
45,670606	-0,0860182344913483
45,780357	-0,0895357131958008
45,891467	-0,0919372737407684
46,002980	-0,0924462974071503
46,113663	-0,0912140607833862
46,224516	-0,0884117484092712
46,336825	-0,0841708183288574
46,444780	-0,0795401930809021
46,552208	-0,0767590701580048
46,661968	-0,0748162865638733
46,770668	-0,0737603902816772
46,880483	-0,0751147270202637
46,988866	-0,0777518451213837
47,097501	-0,0806975960731506
47,207039	-0,0847172141075134
47,316987	-0,0883452296257019
47,427992	-0,0910078287124634
47,539187	-0,0923333466053009
47,651517	-0,0914956033229828
47,762505	-0,0887249708175659
47,871965	-0,0851527154445648
47,980659	-0,081814169883728
48,092836	-0,0777043998241425
48,201181	-0,0750838816165924
48,308300	-0,0740679502487183
48,418722	-0,0744646489620209
48,528241	-0,0767102241516113
48,638309	-0,0807454884052277
48,747506	-0,0846389532089233
48,858861	-0,088286280632019
48,969989	-0,0914827287197113
49,081485	-0,0923948287963867
49,193777	-0,0920540392398834
49,305305	-0,0901085436344147
49,415782	-0,0861207246780396
49,526605	-0,0829639136791229
49,635608	-0,0791248083114624
49,744633	-0,0760456025600433
49,853192	-0,0743028521537781
49,964281	-0,0743626356124878
50,072766	-0,0762163698673248
50,182233	-0,0793078243732452
50,292635	-0,0830360054969788
50,403092	-0,0870450735092163
50,514586	-0,090173751115799
50,626589	-0,0923204720020294
50,738076	-0,0923833847045898
50,848823	-0,0906007289886475
50,957530	-0,0871153175830841
51,066135	-0,0838435888290405
51,178183	-0,0793130397796631
51,289935	-0,0758430361747742
51,398889	-0,0741533637046814
51,507370	-0,0741557478904724
51,614800	-0,075934112071991
51,723646	-0,0789042711257935
51,834682	-0,0821412801742554
51,943070	-0,0865907073020935
52,052451	-0,0899191498756409
52,161021	-0,0920154452323914
52,271467	-0,0924172103404999
52,383118	-0,0911916792392731
52,493558	-0,0884383618831635
52,605295	-0,0847338438034058
52,717272	-0,0808896422386169
52,827059	-0,0768254697322845
52,937816	-0,0747256577014923
53,048709	-0,0741258263587952
53,158935	-0,0750976502895355
53,269457	-0,0777205228805542
53,381452	-0,0818430781364441
53,492368	-0,085153192281723
53,602135	-0,0888447761535645
53,714186	-0,0916690230369568
53,825753	-0,0925998091697693
53,937717	-0,0917018949985504
54,048213	-0,0887368619441986
54,157089	-0,0851925611495972
54,267236	-0,0811660289764404
54,377216	-0,0771916806697845
54,486310	-0,0751996636390686
54,595908	-0,0741192102432251
54,704688	-0,0751194655895233
54,813708	-0,076996237039566
54,924696	-0,0803481936454773
55,035138	-0,0849757790565491
55,145615	-0,0885419845581055
55,254556	-0,0913088321685791
55,362656	-0,0924648940563202
55,470895	-0,0920125842094421
55,580182	-0,0900300145149231
55,689671	-0,086053341627121
55,799357	-0,0828287899494171
55,910874	-0,0785471796989441
56,019692	-0,0753733217716217
56,130328	-0,074531078338623
56,241464	-0,0746962428092957
56,351225	-0,0770133137702942
56,460504	-0,0797773003578186
56,571152	-0,0835486054420471
56,681780	-0,0873969495296478
56,792673	-0,0913331508636475
56,901115	-0,0924911201000214
57,012647	-0,0924772918224335
57,124704	-0,0906559228897095
57,235779	-0,0869524478912354
57,346151	-0,083766758441925
57,458196	-0,0798199474811554
57,567676	-0,076231062412262
57,679689	-0,0745045244693756
57,791191	-0,0743493437767029
57,899691	-0,0763814747333527
58,009876	-0,0788331627845764
58,121571	-0,0832887291908264
58,231496	-0,0872140824794769
58,343468	-0,0903526842594147
58,455441	-0,0925821661949158
58,565675	-0,0925402045249939
58,677718	-0,0908783078193665
58,786136	-0,0872929394245148
58,895224	-0,0839953422546387
59,003883	-0,08013716340065
59,115577	-0,0768558382987976
59,225558	-0,0746696591377258
59,334784	-0,0743479132652283
59,443450	-0,0756798088550568
59,552630	-0,0791157782077789
59,664186	-0,0816686153411865
59,776105	-0,0861411690711975
59,886228	-0,090181827545166
59,996742	-0,091969221830368
60,106511	-0,0925883650779724
60,216613	-0,0914283990859985
60,325901	-0,088005930185318
60,434098	-0,084307849407196
60,541986	-0,0810266435146332
60,652448	-0,0774065554141998
60,763454	-0,0751284956932068
60,873291	-0,0741419792175293
60,983043	-0,0749149918556213
61,093817	-0,0778557062149048
61,205776	-0,081314891576767
61,315462	-0,0860766172409058
61,427449	-0,0890506505966187
61,537763	-0,0919725596904755
61,649349	-0,0929358899593353
61,758648	-0,0919939875602722
61,870587	-0,089649885892868
61,979213	-0,0855076313018799
62,089494	-0,0821242034435272
62,199296	-0,0785519480705261
62,309547	-0,075751930475235
62,419562	-0,0743555128574371
62,530066	-0,0750373899936676
62,641699	-0,0771086812019348
62,751488	-0,0805084407329559
62,861959	-0,0844321548938751
62,970259	-0,0886679291725159
63,078383	-0,0914832055568695
63,187099	-0,0925773978233337
63,295529	-0,0922213196754456
63,404184	-0,0902284681797028
63,514494	-0,0868237912654877
63,626068	-0,0830241441726685
63,737249	-0,0786619484424591
63,844890	-0,0761836469173431
63,954130	-0,0745320320129395
64,063353	-0,0745272934436798
64,172645	-0,0765494108200073
64,283739	-0,0791622698307037
64,393273	-0,0827956199645996
64,504005	-0,087436854839325
64,613570	-0,0909359157085419
64,723448	-0,0925654768943787
64,832042	-0,092741847038269
64,940602	-0,0907421112060547
65,049991	-0,088329553604126
65,158892	-0,0846327841281891
65,267807	-0,0805762410163879
65,377294	-0,0768178701400757
65,486982	-0,0746914744377136
65,595746	-0,0742373466491699
65,705006	-0,0752305090427399
65,814769	-0,0785974562168121
65,923879	-0,0817724168300629
66,032392	-0,0856827199459076
66,142393	-0,0896603465080261
66,251374	-0,0920063853263855
66,360985	-0,0925635695457458
66,469447	-0,0918491184711456
66,577220	-0,0896189510822296
66,689515	-0,0854525566101074
66,801487	-0,0816724002361298
66,911514	-0,0780843198299408
67,022648	-0,0752584934234619
67,134947	-0,0745306015014648
67,246842	-0,0752703547477722
67,358309	-0,0777157843112946
67,470577	-0,0811337828636169
67,581684	-0,0855991840362549
67,694058	-0,089226096868515
67,804629	-0,0916399359703064
67,916133	-0,0926784574985504
68,027141	-0,0917280912399292
68,139235	-0,0886185169219971
68,247741	-0,08633953332901
68,357180	-0,0817174315452576
68,465019	-0,0781307816505432
68,576539	-0,0756152868270874
68,686144	-0,0743389129638672
68,796462	-0,07491734623909
68,905792	-0,0779135823249817
69,017174	-0,080151379108429
69,127460	-0,0848339200019836
69,237068	-0,0884378850460052
69,346335	-0,0916799604892731
69,456382	-0,0928043127059937
69,566738	-0,0923357307910919
69,678110	-0,0905207395553589
69,788942	-0,0866219997406006
69,901229	-0,0820915102958679
70,011689	-0,0790688395500183
70,122516	-0,0760194957256317
70,232163	-0,0745472311973572
70,343156	-0,0746169686317444
70,450981	-0,0762064158916473
70,561586	-0,0799252092838287
70,669467	-0,0836358666419983
70,779900	-0,0880805253982544
70,888501	-0,0909692645072937
70,998901	-0,0922160744667053
71,108028	-0,0924567878246307
71,219247	-0,0908597409725189
71,328751	-0,0873299837112427
71,439898	-0,0836363136768341
71,549422	-0,0791195631027222
71,659235	-0,0766893327236176
71,768937	-0,074645459651947
71,879387	-0,0745562314987183
71,989086	-0,0759170353412628
72,100328	-0,078558087348938
72,210153	-0,082165002822876
72,321099	-0,0867402255535126
72,432562	-0,0898630023002625
72,542893	-0,0922470688819885
72,651879	-0,0924706161022186
72,763177	-0,0908682942390442
72,872964	-0,0881247222423553
72,985204	-0,084298849105835
73,096472	-0,080511748790741
73,206373	-0,0767458081245422
73,316298	-0,0749235153198242
73,423611	-0,0743744969367981
73,535311	-0,075294554233551
73,647376	-0,0788070559501648
73,758884	-0,0818852782249451
73,868987	-0,0856243371963501
73,979703	-0,0896693766117096
74,089177	-0,0917776525020599
74,200677	-0,0922999680042267
74,309776	-0,0913836359977722
74,418257	-0,0887658596038818
74,527549	-0,0846920907497406
74,636661	-0,0809062123298645
74,745151	-0,0779885053634644
74,852802	-0,0756670236587524
74,961742	-0,0746383368968964
75,069853	-0,0752333402633667
75,181007	-0,0774990320205688
75,290410	-0,0806815028190613
75,401094	-0,0851859450340271
75,512584	-0,0887781977653503
75,624603	-0,0913136005401611
75,736623	-0,0926169455051422
75,848084	-0,0918195843696594
75,957327	-0,0895461738109589
76,067332	-0,0862256288528442
76,176172	-0,0822290182113647
76,286942	-0,0787193179130554
76,397980	-0,0759445428848267
76,509445	-0,074530154466629
76,620318	-0,0749050080776215
76,732318	-0,0770569741725922
76,842708	-0,080359548330307
76,954493	-0,0842016339302063
77,063584	-0,0883775353431702
77,175195	-0,0912245512008667
77,285205	-0,0924830138683319
77,396435	-0,0921250581741333
77,505268	-0,0902398824691772
77,617105	-0,0869899690151215
77,725451	-0,0826813280582428
77,834950	-0,0795691013336182
77,943592	-0,0765679180622101
78,053372	-0,0748561322689056
78,163148	-0,0751208961009979
78,271756	-0,0767680704593658
78,381952	-0,079818993806839
78,492960	-0,0841665267944336
78,601610	-0,0880140066146851
78,712263	-0,090926855802536
78,820942	-0,0926550924777985
78,933000	-0,0925878882408142
79,044596	-0,0910897254943848
79,155296	-0,0876748263835907
79,265543	-0,0845018625259399
79,376566	-0,0806236267089844
79,487729	-0,0774430632591248
79,597577	-0,0750601887702942
79,709610	-0,0748167634010315
79,819665	-0,0761371552944183
79,928304	-0,0793125629425049
80,037260	-0,0830302834510803
80,144229	-0,0861525535583496
80,253007	-0,0894843339920044
80,361392	-0,0918100476264954
80,469510	-0,0924639403820038
80,579679	-0,0913336277008057
80,688625	-0,0892574787139893
80,797368	-0,0857985019683838
80,905351	-0,0820450484752655
81,015076	-0,0775459706783295
81,123789	-0,0754283666610718
81,235065	-0,0748376250267029
81,344331	-0,0755147039890289
81,453526	-0,0782431960105896
81,564964	-0,0810631513595581
81,673793	-0,0848144590854645
81,782721	-0,0889826416969299
81,892248	-0,0914755761623383
82,001602	-0,0925173163414001
82,111659	-0,0919654071331024
82,221877	-0,0897549986839294
82,330446	-0,0864772200584412
82,439359	-0,082659512758255
82,550287	-0,0789237320423126
82,661537	-0,075776606798172
82,770658	-0,0744684636592865
82,879578	-0,0748328864574432
82,988797	-0,0763824284076691
83,099318	-0,0804742574691772
83,208394	-0,0837112665176392
83,320411	-0,0874625146389008
83,432173	-0,0904683470726013
83,540672	-0,0924305617809296
83,651335	-0,0922413468360901
83,761278	-0,0905193090438843
83,870568	-0,0875104665756226
83,980578	-0,0830981135368347
84,089809	-0,0794676542282104
84,201748	-0,0769364833831787
84,311947	-0,0750772356987
84,421704	-0,0749187767505646
84,531456	-0,0764260590076447
84,643468	-0,0792959928512573
84,754401	-0,0829662978649139
84,862192	-0,0873133540153503
84,973417	-0,089995265007019
85,084178	-0,0920454561710358
85,193644	-0,0925711989402771
85,302214	-0,0911145210266113
85,411228	-0,0877536535263062
85,519101	-0,0840958654880524
85,631090	-0,0809370279312134
85,740037	-0,0776161849498749
85,849010	-0,0752817690372467
85,957547	-0,0748139023780823
86,066676	-0,0757077932357788
86,173841	-0,0791338086128235
86,283320	-0,0814267992973328
86,394072	-0,0852760672569275
86,506073	-0,0892746150493622
86,616593	-0,0916280448436737
86,727860	-0,0925430655479431
86,838273	-0,09172523021698
86,948774	-0,0889840722084045
87,059134	-0,0855218470096588
87,171113	-0,0816600620746613
87,281990	-0,0783015191555023
87,393974	-0,0754890739917755
87,503322	-0,0747631192207336
87,614356	-0,0756295323371887
87,723979	-0,0778599977493286
87,832490	-0,0812869369983673
87,940796	-0,0850445628166199
88,049353	-0,089100569486618
88,158993	-0,091288834810257
88,266665	-0,0924858748912811
88,376984	-0,0918753445148468
88,488950	-0,0896503627300262
88,600090	-0,0868736505508423
88,712161	-0,0825812816619873
88,824078	-0,0783807039260864
88,934907	-0,076233446598053
89,046406	-0,074807733297348
89,157742	-0,0752423703670502
89,269140	-0,077817291021347
89,377511	-0,0810697972774506
89,487229	-0,0842666029930115
89,597079	-0,0885761976242065
89,707479	-0,0912640690803528
89,815748	-0,0925816893577576
89,925995	-0,0925769209861755
90,034773	-0,0905050337314606
90,143496	-0,0868679583072662
90,252367	-0,0829914212226868
90,362641	-0,0799674391746521
90,472078	-0,076973021030426
90,580585	-0,0751540958881378
90,689688	-0,0750037133693695
90,799097	-0,0763515830039978
90,908059	-0,0802059471607208
91,017948	-0,0839422047138214
91,126468	-0,0864003002643585
91,234091	-0,09020134806633
91,343665	-0,0921488702297211
91,454478	-0,0925168395042419
91,564416	-0,0913426578044891
91,674260	-0,0881047546863556
91,783657	-0,0845137238502502
91,892165	-0,0814107060432434
92,000599	-0,0775735080242157
92,109798	-0,0755816102027893
92,219862	-0,0750516355037689
92,329907	-0,0760346651077271
92,441900	-0,0790460705757141
92,551618	-0,081900417804718
92,664216	-0,0857163965702057
92,775946	-0,0896565318107605
92,887314	-0,0918624699115753
92,995617	-0,0926279127597809
93,105252	-0,0913812518119812
93,214669	-0,0893331170082092
93,325117	-0,0859678983688354
93,434468	-0,0815097689628601
93,543459	-0,0786908864974976
93,652708	-0,075795590877533
93,763345	-0,0749220848083496
93,874065	-0,0756062865257263
93,986023	-0,0777105689048767
94,097595	-0,081005334854126
94,208590	-0,0847556293010712
94,320297	-0,0888200402259827
94,431259	-0,0916880667209625
94,541437	-0,0924730002880096
94,650537	-0,0919372737407684
94,758076	-0,0898867845535278
94,866552	-0,0860486030578613
94,977436	-0,0829558670520782
95,086823	-0,07935431599617
95,195737	-0,076172262430191
95,305988	-0,0749738216400146
95,417236	-0,0752608776092529
95,527353	-0,0771542191505432
95,635941	-0,0802225172519684
95,746093	-0,0838611125946045
95,853054	-0,0875774621963501
95,962064	-0,0905212163925171
96,070150	-0,0923395156860352
96,180588	-0,0923895835876465
96,287849	-0,0908406674861908
96,399601	-0,087493360042572
96,510524	-0,08382648229599
96,621150	-0,0794970393180847
96,730600	-0,0767197012901306
96,840137	-0,0750392973423004
96,950000	-0,0751901865005493
97,059106	-0,0765807032585144
97,169200	-0,0787743628025055
97,280673	-0,0829899907112122
97,392022	-0,0867013037204742
97,503592	-0,089851588010788
97,614527	-0,0921903550624847
97,723256	-0,092348575592041
97,833200	-0,0907087922096252
97,942485	-0,0883485376834869
98,053483	-0,0847404599189758
98,164433	-0,0805264413356781
98,276505	-0,0773515403270721
98,386999	-0,0756745934486389
98,496796	-0,0750815272331238
98,605262	-0,0765171647071838
98,714356	-0,0793154239654541
98,823815	-0,0821967720985413
98,933962	-0,0865209102630615
99,044320	-0,0897859334945679
99,154416	-0,0915689468383789
99,266429	-0,0924772918224335
99,375044	-0,0917509496212006
99,485159	-0,0889602899551392
99,593322	-0,0849942564964294
99,701693	-0,0811778903007507
99,811488	-0,0779045820236206
99,922770	-0,0756926238536835
100,032368	-0,0748580396175385
100,142157	-0,0754131674766541
100,251453	-0,0774359405040741
100,359756	-0,081699401140213
100,467484	-0,084873765707016
100,577555	-0,0883024334907532
100,684534	-0,0909311473369598
100,793051	-0,0922303795814514
100,900780	-0,0915837287902832
101,009420	-0,0899833738803864
101,119794	-0,0869177877902985
101,231783	-0,0832166373729706
101,341819	-0,0797222852706909
101,453780	-0,0768069624900818
101,563661	-0,075079619884491
101,673552	-0,0752732157707214
101,782330	-0,0768828988075256
101,892306	-0,0804477334022522
102,004150	-0,0840270817279816
102,115688	-0,0882083773612976
102,227754	-0,0908997356891632
102,337139	-0,0920626223087311
102,447965	-0,0921436548233032
102,557495	-0,0905702412128448
102,669601	-0,0871262550354004
102,778996	-0,0835357904434204
102,889002	-0,0798303782939911
102,999059	-0,0765346884727478
103,107687	-0,0749932825565338
103,216436	-0,0748594403266907
103,324664	-0,0766006410121918
103,432432	-0,0788407325744629
103,540304	-0,0823081731796265
103,650134	-0,0866462290287018
103,760103	-0,0896874666213989
103,869082	-0,0916866362094879
103,978232	-0,0921269655227661
104,085459	-0,0909259021282196
104,193878	-0,0879437029361725
104,302211	-0,0850080251693726
104,412649	-0,0813352763652802
104,523437	-0,0781407654285431
104,634984	-0,0755972564220428
104,745825	-0,075101912021637
104,854286	-0,0758259296417236
104,964526	-0,0784409642219543
105,073733	-0,0824527740478516
105,185871	-0,0860732793807983
105,297531	-0,0888633131980896
105,407774	-0,0916108787059784
105,516766	-0,0922951996326447
105,626908	-0,0915337204933167
105,736580	-0,089673638343811
105,847499	-0,0858597159385681
105,955021	-0,0822019875049591
106,066644	-0,078694224357605
106,177905	-0,0758947432041168
106,286846	-0,0749325454235077
106,398407	-0,0754995346069336
106,507058	-0,0771821737289429
106,615973	-0,08015376329422
106,726615	-0,0850118100643158
106,838719	-0,0879375338554382
106,947693	-0,0909140110015869
107,057658	-0,0920383036136627
107,169634	-0,0916628241539001
107,279474	-0,0896998345851898
107,390765	-0,0861126780509949
107,500952	-0,0836467444896698
107,610507	-0,0790033936500549
107,720808	-0,0767766237258911
107,831864	-0,0751835107803345
107,942994	-0,0752134323120117
108,054505	-0,0770327746868134
108,166449	-0,0804871022701263
108,276102	-0,0835040211677551
108,386252	-0,0869804620742798
108,495240	-0,0907006859779358
108,605274	-0,091907262802124
108,716383	-0,0917514264583588
108,826188	-0,0906040668487549
108,936419	-0,086861789226532
109,046093	-0,0839701890945435
109,155945	-0,0804851949214935
109,264129	-0,0774819552898407
109,375839	-0,0755631029605865
109,484554	-0,0754933655261993
109,594397	-0,0767234861850739
109,705205	-0,0793647468090057
109,813910	-0,0832730829715729
109,923194	-0,0862707495689392
110,032348	-0,0897764265537262
110,142969	-0,0913474261760712
110,252823	-0,0918843746185303
110,362589	-0,0910668969154358
110,470710	-0,0883128941059113
110,579705	-0,0850578546524048
110,689047	-0,0809133350849152
110,799596	-0,0780046284198761
110,909411	-0,0760323107242584
111,019838	-0,0754696428775787
111,129299	-0,0764592587947845
111,236375	-0,0786410868167877
111,345542	-0,0812513828277588
111,456712	-0,0853330194950104
111,566847	-0,0884811580181122
111,678175	-0,0911330878734589
111,789491	-0,091823399066925
111,900514	-0,0910802185535431
112,012533	-0,0889869332313538
112,122439	-0,0852585136890411
112,231272	-0,0829643905162811
112,339491	-0,0791276395320892
112,448155	-0,0767239630222321
112,558623	-0,0755787491798401
112,670851	-0,0761191248893738
112,779841	-0,0781417191028595
112,889380	-0,0811470746994019
112,999469	-0,0846067070960999
113,109241	-0,0880301594734192
113,219922	-0,0906511545181274
113,330796	-0,0921131372451782
113,442815	-0,0919406116008759
113,553361	-0,0903222262859344
113,662652	-0,0870896875858307
113,774684	-0,0830374360084534
113,885260	-0,080266147851944
113,994529	-0,0773643255233765
114,101959	-0,0762671530246735
114,210705	-0,0764787197113037
114,319637	-0,0782469809055328
114,426078	-0,0810991823673248
114,535772	-0,0846531689167023
114,647631	-0,0876330137252808
114,757994	-0,091097354888916
114,869635	-0,0928701162338257
114,981857	-0,0929706990718842
115,091597	-0,0917633473873138
115,201549	-0,0891899466514587
115,311010	-0,0851503312587738
115,421769	-0,0811612904071808
115,532522	-0,0788341164588928
115,642357	-0,0771214962005615
115,753902	-0,0769711136817932
115,865010	-0,0790327787399292
115,974931	-0,0814860463142395
116,086926	-0,0844681859016418
116,197559	-0,0887335240840912
116,309401	-0,0918838977813721
116,419695	-0,093798965215683
116,530014	-0,094046950340271
116,641878	-0,0925197005271912
116,753987	-0,0889859795570374
116,864552	-0,085845947265625
116,974198	-0,0819559097290039
117,085103	-0,0785562098026276
117,197121	-0,0759065747261047
117,308611	-0,0756190717220306
117,420595	-0,076781839132309
117,529401	-0,0798730850219727
117,639185	-0,0834324061870575
117,750265	-0,0877764523029327
117,861241	-0,0904141068458557
117,971098	-0,0925059020519257
118,081567	-0,0931104123592377
118,191505	-0,092045933008194
118,302025	-0,0895347595214844
118,413410	-0,0860723555088043
118,522899	-0,0810323357582092
118,631245	-0,0778775215148926
118,740157	-0,0760878324508667
118,851307	-0,0752732157707214
118,962826	-0,0760678946971893
119,069712	-0,0782754421234131
119,177422	-0,0815311074256897
119,287161	-0,0858255624771118
119,395703	-0,0886460840702057
119,506851	-0,091235488653183
119,616406	-0,0924348533153534
119,724972	-0,0919310748577118
119,836086	-0,0901761054992676
119,948394	-0,088385134935379
120,058661	-0,0870906114578247
120,170009	-0,0867611169815063
120,282004	-0,0878667235374451
120,392514	-0,090457409620285
120,503962	-0,0942868590354919
120,614146	-0,0999523997306824
120,725420	-0,104812145233154
120,837898	-0,108783394098282
120,948311	-0,111290901899338
121,057192	-0,11121067404747
121,163957	-0,108734846115112
121,273788	-0,105482578277588
121,382476	-0,0998348891735077
121,493861	-0,0950733423233032
121,603069	-0,0911912024021149
121,713781	-0,0892384648323059
121,825307	-0,0889251232147217
121,935251	-0,0908368527889252
122,045039	-0,0953804850578308
122,156591	-0,100228250026703
122,266245	-0,105100631713867
122,375911	-0,109135538339615
122,486104	-0,111432731151581
122,597574	-0,111695021390915
122,710250	-0,109797447919846
122,817902	-0,105374872684479
122,928048	-0,101436406373978
123,039159	-0,0964964032173157
123,149831	-0,0922775566577911
123,260499	-0,0893801748752594
123,372152	-0,0891124606132507
123,482884	-0,090754508972168
123,594000	-0,094296395778656
123,706009	-0,100685149431229
123,816163	-0,104845374822617
123,925472	-0,109018445014954
124,032379	-0,11174088716507
124,143422	-0,112394273281097
124,252180	-0,110811620950699
124,362084	-0,107453733682632
124,472119	-0,102817982435226
124,579994	-0,096996545791626
124,689731	-0,0927265882492065
124,797815	-0,0901965796947479
124,907400	-0,0890182852745056
125,017589	-0,0902246534824371
125,126967	-0,0939863920211792
125,236907	-0,0977906286716461
125,345408	-0,102708339691162
125,453897	-0,10790941119194
125,564305	-0,110982954502106
125,672526	-0,11202809214592
125,781714	-0,111047863960266
125,891906	-0,107386261224747
126,001355	-0,103666394948959
126,110648	-0,0996212363243103
126,219895	-0,0942248702049255
126,329157	-0,0904826521873474
126,439488	-0,0893430709838867
126,549715	-0,0901170969009399
126,657959	-0,0929411351680756
126,768144	-0,0971967577934265
126,879575	-0,10208985209465
126,990135	-0,106102824211121
127,101089	-0,110841691493988
127,212328	-0,112270951271057
127,321661	-0,11200800538063
127,431279	-0,109595447778702
127,541020	-0,104915589094162
127,649591	-0,0999980568885803
127,760093	-0,0945782661437988
127,868183	-0,0921317338943481
127,977026	-0,08961421251297
128,087095	-0,0897079110145569
128,197353	-0,0918181538581848
128,308151	-0,095560759305954
128,419296	-0,102068454027176
128,527194	-0,106017380952835
128,636312	-0,109413057565689
128,747882	-0,112302958965302
128,859662	-0,112494200468063
128,970618	-0,110651761293411
129,079414	-0,106285572052002
129,186729	-0,101563215255737
129,296217	-0,0968096554279327
129,404818	-0,0923052132129669
129,513595	-0,0907411575317383
129,623888	-0,0900861620903015
129,733374	-0,0921650826931
129,842368	-0,0958645641803741
129,953891	-0,0996807217597961
130,063594	-0,105348289012909
130,172869	-0,109978973865509
130,281723	-0,112023293972015
130,392632	-0,112677365541458
130,502245	-0,110685169696808
130,611057	-0,107791543006897
130,720317	-0,103278756141663
130,830345	-0,0975280404090881
130,941538	-0,0933311581611633
131,050595	-0,0905259847640991
131,162106	-0,089647501707077
131,273109	-0,0908935368061066
131,383783	-0,0945649147033691
131,494090	-0,0983080565929413
131,604200	-0,103987604379654
131,714688	-0,10833203792572
131,824788	-0,111396938562393
131,936214	-0,112509518861771
132,047533	-0,111493408679962
132,158372	-0,10793125629425
132,266295	-0,103455752134323
132,376316	-0,0986195802688599
132,487564	-0,0948625206947327
132,597823	-0,0910316407680511
132,708131	-0,0897297859191895
132,817820	-0,0907768607139587
132,927006	-0,0931394994258881
133,036094	-0,0980545878410339
133,145194	-0,102895319461823
133,254851	-0,107440888881683
133,365719	-0,110352694988251
133,477879	-0,112383306026459
133,585924	-0,111580342054367
133,695070	-0,108725339174271
133,803608	-0,104531764984131
133,914683	-0,100487887859344
134,025299	-0,0950828790664673
134,135249	-0,0920864343643188
134,245873	-0,0899876654148102
134,357419	-0,0901142358779907
134,468301	-0,0923557281494141
134,578883	-0,0961759686470032
134,689823	-0,101727068424225
134,798418	-0,105644375085831
134,905946	-0,110070943832397
135,014924	-0,111894279718399
135,124537	-0,112028568983078
135,235540	-0,109940856695175
135,346466	-0,106176406145096
135,455177	-0,10150146484375
135,565269	-0,0967567265033722
135,675123	-0,0922484993934631
135,784202	-0,0903269648551941
135,893923	-0,0898278057575226
136,003158	-0,0913431346416473
136,113501	-0,0960362255573273
136,225154	-0,0999157428741455
136,335823	-0,104703992605209
136,447822	-0,10942068696022
136,559809	-0,111815422773361
136,671307	-0,112213551998138
136,781092	-0,110501021146774
136,891774	-0,106334924697876
137,000114	-0,101674348115921
137,108952	-0,097657173871994
137,218459	-0,0934212803840637
137,327633	-0,0903017520904541
137,438060	-0,0896603465080261
137,548964	-0,091092586517334
137,656650	-0,0943045020103455
137,768391	-0,099552720785141
137,878129	-0,10439133644104
137,987321	-0,108596444129944
138,095693	-0,111081302165985
138,206748	-0,112314432859421
138,318149	-0,111092746257782
138,428459	-0,108013510704041
138,539052	-0,103659272193909
138,647518	-0,0980584025382996
138,755587	-0,0938118398189545
138,865272	-0,0908901989459991
138,976711	-0,0898658633232117
139,087151	-0,0908640027046204
139,199304	-0,0937622487545013
139,309561	-0,0980174541473389
139,418167	-0,103697717189789
139,527454	-0,107474148273468
139,637803	-0,111729890108109
139,746518	-0,112723767757416
139,856321	-0,112236976623535
139,965083	-0,109232157468796
140,074397	-0,104289829730988
140,185910	-0,100243955850601
140,297841	-0,0956213474273682
140,406415	-0,0916208922863007
140,518436	-0,0900223851203918
140,629943	-0,0905840396881104
140,740949	-0,0930145680904388
140,849680	-0,0970003604888916
140,961693	-0,102592051029205
141,070322	-0,107195317745209
141,179130	-0,110774874687195
141,288859	-0,112592726945877
141,400069	-0,112338334321976
141,510619	-0,110046654939651
141,621815	-0,105406671762466
141,731706	-0,100656628608704
141,841959	-0,0967309772968292
141,950563	-0,0928725004196167
142,060489	-0,0904160141944885
142,170474	-0,090403139591217
142,281024	-0,0924462974071503
142,391367	-0,0960806012153625
142,500051	-0,101522356271744
142,609373	-0,105481147766113
142,718892	-0,110001355409622
142,830047	-0,11201137304306
142,941311	-0,112411975860596
143,053419	-0,110501021146774
143,164115	-0,106918454170227
143,276194	-0,102270245552063
143,386940	-0,0974622666835785
143,495313	-0,0927833318710327
143,602890	-0,0901604294776917
143,713105	-0,089943915605545
143,824366	-0,0911011695861816
143,934395	-0,0948439240455627
144,042050	-0,099327564239502
144,151022	-0,104129463434219
144,261103	-0,108397662639618
144,372217	-0,111631453037262
144,482392	-0,112191081047058
144,591143	-0,111245542764664
144,701853	-0,107620000839233
144,811570	-0,10238653421402
144,920138	-0,0983652174472809
145,029939	-0,0940216779708862
145,141242	-0,0909678339958191
145,252649	-0,0897155404090881
145,360322	-0,0905112028121948
145,469056	-0,0932062268257141
145,577135	-0,0980626940727234
145,685991	-0,102832227945328
145,796911	-0,107271313667297
145,906558	-0,110483855009079
146,015577	-0,112017095088959
146,124746	-0,111038327217102
146,234678	-0,108757704496384
146,345619	-0,104768037796021
146,457569	-0,0992290675640106
146,566475	-0,0947924256324768
146,677496	-0,0914851129055023
146,788647	-0,0898073613643646
146,899133	-0,0905916690826416
147,010716	-0,0931981205940247
147,121488	-0,0980379283428192
147,232623	-0,102813690900803
147,343564	-0,106543809175491
147,454721	-0,110131502151489
147,562975	-0,112105071544647
147,671480	-0,111562192440033
147,780909	-0,109058409929276
147,890750	-0,105031341314316
148,000147	-0,100305765867233
148,109668	-0,0956933498382568
148,217668	-0,0915475189685822
148,325798	-0,0898672938346863
148,434940	-0,0899320244789124
148,545803	-0,0918481647968292
148,657748	-0,0969150066375732
148,768951	-0,101634919643402
148,879498	-0,105564206838608
148,991527	-0,109426885843277
149,102635	-0,111948281526566
149,210644	-0,112105548381805
149,318643	-0,110336005687714
149,430124	-0,106884241104126
149,539305	-0,100791156291962
149,650013	-0,0968816578388214
149,760590	-0,0930012166500092
149,871240	-0,0905454754829407
149,982490	-0,0903393626213074
150,091841	-0,0915556252002716
150,203223	-0,0954343676567078
150,312154	-0,09920334815979
150,420935	-0,105474054813385
150,529826	-0,108806729316711
150,640157	-0,11150535941124
150,749526	-0,112138986587524
150,857049	-0,110887497663498
150,966878	-0,107069939374924
151,078603	-0,102538913488388
151,188161	-0,097797304391861
151,297555	-0,0936029851436615
151,407159	-0,0907711386680603
151,516703	-0,0898225605487823
151,626527	-0,0908568799495697
151,737826	-0,094396561384201
151,849311	-0,0979859828948975
151,960782	-0,102745831012726
152,070398	-0,10786235332489
152,181863	-0,110902309417725
152,293610	-0,112097889184952
152,403068	-0,111238867044449
152,512370	-0,10781055688858
152,623857	-0,103507936000824
152,736165	-0,0987038612365723
152,847046	-0,0936973989009857
152,956872	-0,0907954573631287
153,066422	-0,0897245705127716
153,177184	-0,0903888940811157
153,289271	-0,0935166776180267
153,397803	-0,0976857841014862
153,506044	-0,102480530738831
153,616481	-0,107644230127335
153,724320	-0,110820680856705
153,833433	-0,11208975315094
153,944993	-0,111674010753632
154,055816	-0,109285950660706
154,166632	-0,105361104011536
154,277923	-0,0998301208019257
154,387513	-0,0945968627929688
154,498796	-0,0917452573776245
154,610323	-0,0898758471012115
154,719456	-0,0905426144599915
154,829241	-0,0926584303379059
154,938656	-0,0965936779975891
155,048921	-0,100509762763977
155,158010	-0,105952858924866
155,266434	-0,110178679227829
155,377049	-0,111986041069031
155,488499	-0,11191862821579
155,596843	-0,109490215778351
155,707070	-0,105653882026672
155,816382	-0,101794004440308
155,925969	-0,0970809161663055
156,035025	-0,0925073027610779
156,145479	-0,0902541875839233
156,254509	-0,0900547504425049
156,361740	-0,092043548822403
156,473309	-0,0956757068634033
156,583630	-0,09946608543396
156,694071	-0,104228615760803
156,804998	-0,108998447656631
156,914930	-0,111528754234314
157,026823	-0,112138032913208
157,136928	-0,110650807619095
157,246194	-0,106721878051758
157,358023	-0,102200925350189
157,468396	-0,0974412858486176
157,578867	-0,0933941006660461
157,689478	-0,090723067522049
157,797957	-0,0899286866188049
157,905341	-0,091155469417572
158,014663	-0,094165712594986
158,126257	-0,0992157161235809
158,238264	-0,103975266218185
158,348470	-0,108167052268982
158,459765	-0,11140313744545
158,570839	-0,112079709768295
158,681240	-0,110287398099899
158,792399	-0,107534945011139
158,903119	-0,103144466876984
159,014414	-0,0983923673629761
159,123869	-0,0941204130649567
159,234924	-0,0910754501819611
159,347490	-0,0898715853691101
159,458466	-0,0909883081912994
159,570453	-0,0939234495162964
159,680214	-0,0981870293617249
159,789128	-0,103709101676941
159,898659	-0,108017802238464
160,007346	-0,11102831363678
160,117957	-0,112180590629578
160,226712	-0,111595153808594
160,336590	-0,107851445674896
160,444964	-0,104321599006653
160,553298	-0,098810076713562
160,661369	-0,095782995223999
160,769530	-0,0917452573776245
160,878367	-0,0900814235210419
160,988750	-0,0906259417533875
161,096413	-0,0926631987094879
161,203681	-0,097155749797821
161,310940	-0,101076781749725
161,420731	-0,106446981430054
161,530419	-0,109996616840363
161,641079	-0,112102687358856
161,749013	-0,111849367618561
161,857671	-0,11018106341362
161,969045	-0,106027364730835
162,079897	-0,101361334323883
162,191403	-0,0967014133930206
162,301038	-0,0928229093551636
162,410731	-0,0901723206043243
162,519909	-0,0900909304618835
162,628683	-0,0914622247219086
162,740732	-0,0953986048698425
162,849162	-0,10073983669281
162,958594	-0,104623347520828
163,068447	-0,109285473823547
163,180415	-0,111356317996979
163,289303	-0,111957848072052
163,398422	-0,109854608774185
163,506950	-0,107541143894196
163,616467	-0,102437824010849
163,725121	-0,0977496206760406
163,834314	-0,0930283963680267
163,942708	-0,0906373560428619
164,053749	-0,0900071859359741
164,163881	-0,0914884507656097
164,275775	-0,0953947901725769
164,388098	-0,0998429656028748
164,499072	-0,103859513998032
164,608827	-0,108739137649536
164,719444	-0,111435145139694
164,830960	-0,112329244613647
164,940189	-0,111003488302231
165,048701	-0,107929855585098
165,157296	-0,102814197540283
165,266951	-0,098749577999115
165,375838	-0,0944194495677948
165,485252	-0,0912278592586517
165,593995	-0,0897854566574097
165,704572	-0,0907406806945801
165,813273	-0,092883437871933
165,923901	-0,0976052284240723
166,032910	-0,101552754640579
166,142777	-0,106704294681549
166,252865	-0,110136270523071
166,360691	-0,111706972122192
166,472634	-0,111285179853439
166,583183	-0,108392894268036
166,695317	-0,104273676872253
166,807310	-0,0988738834857941
166,917438	-0,095168262720108
167,028793	-0,091705709695816
167,138470	-0,0899329483509064
167,249441	-0,0901765823364258
167,359282	-0,092371940612793
167,470694	-0,0961502194404602
167,578339	-0,101481050252914
167,688432	-0,106159806251526
167,799638	-0,109758853912354
167,909297	-0,111796319484711
168,019596	-0,111694544553757
168,131108	-0,109308809041977
168,241197	-0,105562776327133
168,349049	-0,101714253425598
168,460193	-0,0962260365486145
168,568989	-0,0925783514976501
168,679910	-0,090313196182251
168,791061	-0,0900847315788269
168,902603	-0,0928109884262085
169,014537	-0,0958779156208038
169,124786	-0,100553005933762
169,236851	-0,10589924454689
169,347884	-0,109649777412415
169,458914	-0,111880421638489
169,570814	-0,111955940723419
169,682301	-0,110164850950241
169,794309	-0,105952382087708
169,905821	-0,10132572054863
170,015895	-0,0968325436115265
170,125817	-0,0935109257698059
170,237809	-0,0905292928218842
170,347612	-0,0905002653598785
170,458873	-0,0918619930744171
170,566386	-0,0952507555484772
170,677387	-0,100340485572815
170,789411	-0,104952573776245
170,898182	-0,108990848064423
171,009223	-0,111597061157227
171,120059	-0,111976951360703
171,232088	-0,110164374113083
171,342547	-0,106669634580612
171,452503	-0,102354735136032
171,564535	-0,0975442230701447
171,673399	-0,0930479466915131
171,782619	-0,0909635424613953
171,891720	-0,0900233387947083
172,002454	-0,0921059846878052
172,111970	-0,0947709679603577
172,223937	-0,099903404712677
172,334580	-0,103853344917297
172,446079	-0,108451873064041
172,558058	-0,111176788806915
172,667154	-0,111873269081116
172,776539	-0,110794454813004
172,887575	-0,106794983148575
172,996623	-0,103068560361862
173,106113	-0,0976872146129608
173,215679	-0,0942458510398865
173,327683	-0,0905535817146301
173,437238	-0,090074747800827
173,545469	-0,0907616317272186
173,656954	-0,0933206677436829
173,768201	-0,0981622636318207
173,879701	-0,102743446826935
173,991730	-0,107156842947006
174,101632	-0,110397547483444
174,212699	-0,111868470907211
174,324086	-0,111061245203018
174,434480	-0,108221232891083
174,542594	-0,10412472486496
174,651998	-0,098697692155838
174,761712	-0,094975084066391
174,871839	-0,0916980803012848
174,980271	-0,0900176465511322
175,090943	-0,0907902121543884
175,199869	-0,093613475561142
175,307845	-0,0976128578186035
175,416938	-0,101535677909851
175,527200	-0,106714725494385
175,635432	-0,109497368335724
175,746543	-0,111475765705109
175,858438	-0,111105650663376
175,968706	-0,108687281608582
176,077231	-0,104893743991852
176,187469	-0,100152164697647
176,298000	-0,0956485271453857
176,407158	-0,0920163989067078
176,518634	-0,0898511111736298
176,628695	-0,089989572763443
176,738101	-0,0920020937919617
176,849542	-0,0964449048042297
176,959166	-0,100340962409973
177,070802	-0,105561822652817
177,181600	-0,109323561191559
177,291307	-0,111293792724609
177,402100	-0,111445665359497
177,511270	-0,109965145587921
177,621911	-0,105110108852386
177,732926	-0,10142594575882
177,842088	-0,0968292057514191
177,952887	-0,0923376381397247
178,064133	-0,0903036594390869
178,172006	-0,0900890231132507
178,281087	-0,0912721753120422
178,391715	-0,0945100784301758
178,503279	-0,0994475483894348
178,611115	-0,10501617193222
178,719787	-0,108821928501129
178,827953	-0,110950499773026
178,937576	-0,111849367618561
179,046506	-0,110180109739304
179,156279	-0,107002019882202
179,263586	-0,102612465620041
179,372899	-0,0978330373764038
179,482547	-0,0937946736812592
179,593187	-0,090531200170517
179,703237	-0,0898054540157318
179,815538	-0,0908354222774506
179,923956	-0,093494713306427
180,032820	-0,09846431016922
180,143861	-0,103146374225616
180,254243	-0,1080082654953
180,363724	-0,110575437545776
180,474948	-0,111771941184998
180,586109	-0,11102306842804
180,697161	-0,107168257236481
180,807074	-0,104259938001633
180,917009	-0,0988491177558899
181,025836	-0,09441277384758
181,138049	-0,0911035537719727
181,248402	-0,0896912515163422
181,358763	-0,0900376439094543
181,467304	-0,0930322110652924
181,575338	-0,0970661342144012
181,684794	-0,100866734981537
181,793224	-0,105562776327133
181,901421	-0,109646916389465
182,013376	-0,111564576625824
182,124682	-0,111292362213135
182,234479	-0,108974188566208
182,345493	-0,104628086090088
182,454625	-0,0999476313591003
182,564630	-0,0954143404960632
182,675539	-0,0920106768608093
182,787731	-0,0898363590240479
182,899144	-0,0900728404521942
183,010441	-0,0925654768943787
183,119328	-0,0962861180305481
183,227862	-0,101803988218307
183,338764	-0,105536699295044
183,448943	-0,109303563833237
183,558945	-0,111586093902588
183,668921	-0,111717462539673
183,778740	-0,109994232654572
183,890247	-0,105787694454193
183,999467	-0,101926028728485
184,109075	-0,0965655446052551
184,218193	-0,0920549929141998
184,326793	-0,0902165770530701
184,436302	-0,0897745192050934
184,544488	-0,0911850035190582
184,653562	-0,0951625406742096
184,762580	-0,0995922088623047
184,873724	-0,104243785142899
184,983742	-0,108888566493988
185,092562	-0,110871762037277
185,202550	-0,11161857843399
185,311458	-0,11028978228569
185,421929	-0,107030987739563
185,533431	-0,102760076522827
185,643046	-0,0971538424491882
185,749973	-0,093007892370224
185,859498	-0,0902836918830872
185,968754	-0,0892574787139893
186,078954	-0,0903698205947876
186,187973	-0,0932658314704895
186,297319	-0,0973931550979614
186,406446	-0,103091329336166
186,516058	-0,107320249080658
186,626522	-0,11005237698555
186,735093	-0,111760944128036
186,842511	-0,111230731010437
186,953127	-0,10894849896431
187,063605	-0,103552997112274
187,173983	-0,0996274352073669
187,283429	-0,0952869951725006
187,393865	-0,09225994348526
187,504139	-0,0900576114654541
187,612605	-0,0902860462665558
187,720859	-0,0928014516830444
187,830819	-0,0967691242694855
187,938947	-0,101285338401794
188,049645	-0,10506409406662
188,159345	-0,10895037651062
188,268774	-0,111341059207916
188,378638	-0,111417472362518
188,488880	-0,109436392784119
188,597667	-0,105088293552399
188,706787	-0,100597709417343
188,818443	-0,095250278711319
188,927064	-0,0923095047473907
189,035333	-0,0904488563537598
189,144147	-0,0898663401603699
189,253516	-0,0916580557823181
189,363691	-0,0956590175628662
189,475124	-0,099363774061203
189,585706	-0,104091972112656
189,697223	-0,108637362718582
189,808524	-0,110801607370377
189,920443	-0,111633390188217
190,030547	-0,109630703926086
190,139269	-0,106920838356018
190,249401	-0,102584928274155
190,360891	-0,0979230999946594
190,470024	-0,0933511853218079
190,579004	-0,0904840528964996
190,690661	-0,0901114046573639
190,800592	-0,091409832239151
190,911410	-0,0943588614463806
191,019650	-0,099445641040802
191,130143	-0,104057818651199
191,240782	-0,107552051544189
191,352125	-0,111102312803268
191,463271	-0,112012803554535
191,573403	-0,110726207494736
191,682223	-0,10760909318924
191,791793	-0,103299140930176
191,902585	-0,0987729132175446
192,011780	-0,0944895446300507
192,122558	-0,0918920040130615
192,233442	-0,0903503000736237
192,345445	-0,0912288427352905
192,452839	-0,0935357511043549
192,563014	-0,0973926782608032
192,671717	-0,103367954492569
192,781553	-0,106940776109695
192,891284	-0,10994753241539
192,998991	-0,11146092414856
193,107655	-0,110965311527252
193,217129	-0,107927471399307
193,328314	-0,104096233844757
193,436741	-0,100256323814392
193,545389	-0,0952240526676178
193,654071	-0,09207883477211
193,763012	-0,0903550684452057
193,871759	-0,0907416343688965
193,979911	-0,0928667783737183
194,088588	-0,0957052707672119
194,195721	-0,100924700498581
194,303253	-0,105247229337692
194,412814	-0,108308732509613
194,524039	-0,110852181911469
194,632331	-0,111193031072617
194,743033	-0,109581649303436
194,852281	-0,105621159076691
194,960766	-0,101930797100067
195,073042	-0,097592830657959
195,182200	-0,0931089818477631
195,291641	-0,0908854305744171
195,400451	-0,0905012190341949
195,509431	-0,0918886661529541
195,616990	-0,0957715511322021
195,726417	-0,10000279545784
195,837279	-0,102946102619171
195,946708	-0,107827663421631
196,057185	-0,110460013151169
196,166974	-0,111454248428345
196,277617	-0,110165327787399
196,389425	-0,106976360082626
196,499537	-0,102195233106613
196,610338	-0,0983071029186249
196,720207	-0,0941542685031891
196,828788	-0,0910525918006897
196,937471	-0,0900366902351379
197,047378	-0,0908811390399933
197,157354	-0,0934517979621887
197,267642	-0,0979454815387726
197,376236	-0,102659463882446
197,485448	-0,107366800308228
197,595831	-0,109929889440536
197,706360	-0,111516326665878
197,816957	-0,110519140958786
197,926033	-0,108010172843933
198,034029	-0,104722499847412
198,144226	-0,0994051694869995
198,256139	-0,0946526825428009
198,364701	-0,0914956033229828
198,476024	-0,0903812646865845
198,586290	-0,0907268822193146
198,696270	-0,0932582020759583
198,804061	-0,0972287058830261
198,912601	-0,101569384336472
199,021416	-0,106638789176941
199,130922	-0,109006077051163
199,240773	-0,111139059066772
199,350115	-0,111203521490097
199,459993	-0,10916742682457
199,570939	-0,105549484491348
199,677931	-0,100578188896179
199,789412	-0,0960438847541809
199,898882	-0,0922427773475647
200,009451	-0,0907273590564728
200,121686	-0,0903626680374146
200,229602	-0,0924191176891327
200,340833	-0,096304714679718
200,451835	-0,100746482610703
200,562189	-0,104614317417145
200,670672	-0,108794331550598
200,781684	-0,111148148775101
200,891514	-0,111451864242554
201,000364	-0,109700709581375
201,107623	-0,105924844741821
201,217713	-0,102168649435043
201,326769	-0,0976462364196777
201,434843	-0,0932610630989075
201,544875	-0,0907559394836426
201,655632	-0,0903036594390869
201,765227	-0,0917195081710815
201,874182	-0,0947218239307404
201,983045	-0,099843442440033
202,093823	-0,103512197732925
202,204577	-0,107645183801651
202,315791	-0,110600709915161
202,424965	-0,111549764871597
202,534222	-0,110809713602066
202,644469	-0,107465624809265
202,752454	-0,104013204574585
202,861739	-0,0981422662734985
202,971514	-0,0939940214157104
203,081921	-0,091722846031189
203,192307	-0,0904978811740875
203,300349	-0,0910173356533051
203,411836	-0,0936335027217865
203,523894	-0,0973998010158539
203,633410	-0,102660417556763
203,740671	-0,107036679983139
203,851863	-0,110098600387573
203,963337	-0,111754268407822
204,074218	-0,11105552315712
204,184806	-0,108408600091934
204,296153	-0,104658424854279
204,407102	-0,100007563829422
204,517494	-0,0957763195037842
204,626966	-0,0921684205532074
204,737750	-0,0906649827957153
204,846590	-0,0913612544536591
204,956996	-0,0936196744441986
205,065972	-0,098071277141571
205,174837	-0,101936012506485
205,284899	-0,105471193790436
205,393996	-0,110171049833298
205,504539	-0,111748993396759
205,616520	-0,11149725317955
205,729059	-0,10926166176796
205,840142	-0,105435609817505
205,949904	-0,100313872098923
206,058581	-0,0967114269733429
206,168441	-0,0930050313472748
206,277170	-0,0910683274269104
206,385862	-0,0908211469650269
206,493088	-0,0928744077682495
206,603281	-0,0958192646503448
206,713407	-0,100693255662918
206,822799	-0,105934828519821
206,931878	-0,108961820602417
207,039238	-0,110884159803391
207,146311	-0,111603289842606
207,253935	-0,110108137130737
207,363217	-0,106890887022018
207,471228	-0,10276386141777
207,580904	-0,0981108248233795
207,690883	-0,0941590368747711
207,800323	-0,0911549925804138
207,909941	-0,0903850793838501
208,019436	-0,0917390584945679
208,127806	-0,0945777893066406
208,237489	-0,0979049801826477
208,346652	-0,103250771760941
208,456112	-0,107207685709
208,566137	-0,110221594572067
208,675474	-0,111384034156799
208,786795	-0,110312640666962
208,896143	-0,107612878084183
209,007061	-0,10423618555069
209,116514	-0,0997673273086548
209,223775	-0,0949684083461761
209,333032	-0,0914684236049652
209,440967	-0,090644508600235
209,550008	-0,0908487737178802
209,659797	-0,093313992023468
209,768537	-0,0971424281597137
209,878640	-0,102216124534607
209,989980	-0,10584369301796
210,101011	-0,109787434339523
210,211844	-0,11140313744545
210,323824	-0,11110183596611
210,433815	-0,108859032392502
210,542747	-0,105217337608337
210,653972	-0,100169748067856
210,764008	-0,0964673161506653
210,872071	-0,0925559401512146
210,981960	-0,0907701849937439
211,091743	-0,090982586145401
211,201650	-0,092353343963623
211,309634	-0,0961573719978333
211,419065	-0,100458413362503
211,529288	-0,105594575405121
211,641051	-0,108487069606781
211,751048	-0,111058384180069
211,861802	-0,111115664243698
211,972493	-0,108845233917236
212,082767	-0,105363965034485
212,191762	-0,100914716720581
212,300969	-0,0972982943058014
212,412127	-0,0935681760311127
212,522739	-0,0908321142196655
212,634132	-0,0906021595001221
212,745570	-0,0920869112014771
212,856464	-0,0959003269672394
212,967200	-0,0994898974895477
213,079329	-0,104555010795593
213,190515	-0,108380556106567
213,301809	-0,110747665166855
213,413437	-0,111183941364288
213,524559	-0,109569758176804
213,633361	-0,105548053979874
213,743509	-0,102753430604935
213,852502	-0,0983404517173767
213,961266	-0,0937021672725677
214,069699	-0,0910283029079437
214,177941	-0,0904621779918671
214,287734	-0,0912069082260132
214,397551	-0,0950504541397095
214,506797	-0,0983380675315857
214,615781	-0,102851212024689
214,725354	-0,107553005218506
214,832497	-0,110211580991745
214,941344	-0,111282795667648
215,051480	-0,110303580760956
215,159623	-0,107611000537872
215,268495	-0,103763669729233
215,376275	-0,098469078540802
215,485558	-0,0957710742950439
215,596008	-0,092050701379776
215,707317	-0,0904521942138672
215,819291	-0,0910049676895142
215,930791	-0,0930875241756439
216,041904	-0,097423642873764
216,151725	-0,102562636137009
216,261555	-0,106632113456726
216,371296	-0,109795063734055
216,480279	-0,111138105392456
216,590039	-0,110640317201614
216,699311	-0,108887106180191
216,809352	-0,105291843414307
216,918446	-0,100307673215866
217,027915	-0,0960381329059601
217,138755	-0,0922017693519592
217,249767	-0,0908420979976654
217,361747	-0,0909206867218018
217,472506	-0,0930546224117279
217,583741	-0,096638023853302
217,694650	-0,101626396179199
217,806147	-0,105990827083588
217,917268	-0,108835726976395
218,025318	-0,11110708117485
218,135362	-0,11127895116806
218,245455	-0,109102666378021
218,356663	-0,105745941400528
218,466779	-0,100719392299652
218,575688	-0,0970489680767059
218,686231	-0,0930565297603607
218,796371	-0,0909935534000397
218,907163	-0,0908778309822083
219,016499	-0,0926136076450348
219,124844	-0,096396267414093
219,235173	-0,100015163421631
219,344920	-0,104354798793793
219,454361	-0,10859739780426
219,564428	-0,11062553524971
219,672868	-0,111234575510025
219,784957	-0,110035210847855
219,894611	-0,107185840606689
220,004781	-0,102379441261292
220,113119	-0,0980846285820007
220,223639	-0,0942162871360779
220,333207	-0,0916328132152557
220,441443	-0,0908697247505188
220,551961	-0,0920745432376862
220,663779	-0,0944614112377167
220,774389	-0,0983614027500153
220,885086	-0,103373646736145
220,995297	-0,107952684164047
221,106681	-0,110106229782104
221,216647	-0,111180603504181
221,328133	-0,109697848558426
221,437336	-0,106567561626434
221,546506	-0,103263556957245
221,657812	-0,0988357961177826
221,767468	-0,0942263007164001
221,876322	-0,0919901728630066
221,987516	-0,0906206965446472
222,095772	-0,0916070640087128
222,202567	-0,094235360622406
222,312346	-0,0980145931243896
222,422080	-0,102518022060394
222,531504	-0,106545716524124
222,641493	-0,109654992818832
222,751719	-0,111260801553726
222,860007	-0,110431402921677
222,970529	-0,108012557029724
223,079039	-0,104158401489258
223,188623	-0,0997116565704346
223,299114	-0,0962799191474915
223,407622	-0,0919058322906494
223,517342	-0,0906978249549866
223,626572	-0,0910978317260742
223,736312	-0,0927809476852417
223,845513	-0,096337616443634
223,954552	-0,100556343793869
224,064812	-0,10487762093544
224,176415	-0,109008431434631
224,287257	-0,110816389322281
224,396267	-0,110769629478455
224,504866	-0,109084606170654
224,616234	-0,105707496404648
224,725514	-0,101561784744263
224,834222	-0,09715336561203
224,942768	-0,0930303037166595
225,051643	-0,091004490852356
225,161405	-0,0907049775123596
225,272082	-0,0919558703899384
225,381371	-0,0954820811748505
225,488937	-0,0995850563049316
225,598149	-0,10402175784111
225,707345	-0,107777297496796
225,819267	-0,110331237316132
225,929349	-0,11108273267746
226,040594	-0,109190762042999
226,150685	-0,107207208871841
226,260290	-0,102484345436096
226,369232	-0,0980889201164246
226,479729	-0,0943030714988708
226,590855	-0,0915556252002716
226,701888	-0,090642124414444
226,812863	-0,0918643772602081
226,924376	-0,0946488678455353
227,032947	-0,0994361042976379
227,142284	-0,103009700775146
227,250827	-0,107011020183563
227,360762	-0,10991033911705
227,468298	-0,111005872488022
227,578738	-0,110368460416794
227,687076	-0,10668671131134
227,796840	-0,103359431028366
227,905955	-0,0990295708179474
228,014898	-0,0955345332622528
228,124197	-0,0916609168052673
228,233765	-0,090590238571167
228,344128	-0,0910940170288086
228,455208	-0,0934355854988098
228,563706	-0,097003698348999
228,673976	-0,101329535245895
228,784669	-0,105598360300064
228,892261	-0,108922809362411
229,000610	-0,111088454723358
229,110770	-0,110705196857452
229,218875	-0,108575522899628
229,327426	-0,105086863040924
229,436481	-0,100033730268478
229,547029	-0,0965040326118469
229,656635	-0,0930822789669037
229,768585	-0,0908430516719818
229,877708	-0,0911545157432556
229,989602	-0,092831015586853
230,100743	-0,0961506962776184
230,208757	-0,100426524877548
230,318786	-0,104708254337311
230,428863	-0,10833203792572
230,540062	-0,110653191804886
230,649451	-0,110943347215652
230,759040	-0,109278827905655
230,869903	-0,105354011058807
230,979477	-0,101799726486206
231,089279	-0,0975461304187775
231,199972	-0,093273937702179
231,309063	-0,0912116765975952
231,417284	-0,0908744931221008
231,528943	-0,0927222967147827
231,638831	-0,0954424738883972
231,746363	-0,0987671911716461
231,854983	-0,103832930326462
231,964778	-0,107729315757751
232,075874	-0,110543012619019
232,186125	-0,111177742481232
232,297351	-0,110182493925095
232,406865	-0,106815874576569
232,515564	-0,102833181619644
232,625184	-0,099120020866394
232,735967	-0,0944871604442596
232,844997	-0,0914374589920044
232,954536	-0,0906078517436981
233,064780	-0,0917466878890991
233,175753	-0,093899130821228
233,284027	-0,0983156859874725
233,393187	-0,102017194032669
233,502900	-0,106097131967545
233,614039	-0,109676450490952
233,722915	-0,110989630222321
233,832024	-0,110065221786499
233,941487	-0,107497453689575
234,051626	-0,10359001159668
234,160813	-0,0999580919742584
234,271910	-0,0958421528339386
234,383327	-0,0920921564102173
234,494025	-0,0906845033168793
234,603646	-0,0912769138813019
234,714306	-0,0936573445796967
234,824870	-0,097444623708725
234,934278	-0,101713299751282
235,046358	-0,105900198221207
235,156816	-0,109177887439728
235,266068	-0,110938102006912
235,376140	-0,110704720020294
235,485995	-0,108176559209824
235,595321	-0,105201214551926
235,706038	-0,10100644826889
235,815192	-0,0953547358512878
235,923219	-0,0926984846591949
236,033122	-0,0908425748348236
236,142621	-0,0906159579753876
236,252042	-0,0925526022911072
236,359687	-0,0964282155036926
236,468735	-0,100703716278076
236,578009	-0,104326814413071
236,688602	-0,108944684267044
236,798924	-0,110606908798218
236,908862	-0,110885113477707
237,016542	-0,109625458717346
237,127196	-0,105483055114746
237,236379	-0,101956903934479
237,345162	-0,0969440937042236
237,453333	-0,0939034223556519
237,563279	-0,0910987854003906
237,674217	-0,0906240344047546
237,783758	-0,0920540392398834
237,894006	-0,0949955880641937
238,005487	-0,099112868309021
238,117258	-0,104139924049377
238,224741	-0,10793125629425
238,334042	-0,110439509153366
238,442961	-0,111123293638229
238,551735	-0,109999448060989
238,662140	-0,10768985748291
238,772835	-0,10312882065773
238,884851	-0,0987900793552399
238,996066	-0,094730406999588
239,106656	-0,0919344127178192
239,215858	-0,0906559228897095
239,327992	-0,0915365517139435
239,439477	-0,0941900312900543
239,550816	-0,0979516804218292
239,662525	-0,103019207715988
239,773886	-0,107542097568512
239,885418	-0,110081434249878
239,995788	-0,110894680023193
240,104602	-0,110208719968796
240,215152	-0,107742607593536
240,325760	-0,104057341814041
240,435546	-0,0989952981472015
240,547383	-0,0950318574905396
240,659367	-0,0921374559402466
240,770454	-0,0907635390758514
240,880877	-0,0913131237030029
240,990949	-0,0939997434616089
241,101465	-0,0977224707603455
241,213191	-0,102752506732941
241,321875	-0,105429440736771
241,430435	-0,109588801860809
241,541901	-0,110773921012878
241,651772	-0,110413283109665
241,760789	-0,107879459857941
241,870500	-0,104170739650726
241,980335	-0,0992004871368408
242,089692	-0,0964758992195129
242,199842	-0,0929854810237885
242,309289	-0,0908897221088409
242,418081	-0,0909135341644287
242,528584	-0,0927199423313141
242,640789	-0,0967228710651398
242,751074	-0,101598352193832
242,861260	-0,105723142623901
242,971613	-0,108441412448883
243,082026	-0,11013388633728
243,191446	-0,110374182462692
243,298807	-0,108341068029404
243,406463	-0,105607360601425
243,515612	-0,101560831069946
243,625916	-0,0965812802314758
243,737400	-0,0936711728572845
243,847213	-0,0913717150688171
243,957522	-0,0908021330833435
244,064740	-0,0927580595016479
244,175218	-0,0953494906425476
244,286752	-0,0993894934654236
244,395976	-0,10438659787178
244,505270	-0,107979267835617
244,615847	-0,110333144664764
244,724272	-0,110869854688644
244,832758	-0,109528303146362
244,940539	-0,106653988361359
245,050684	-0,101913690567017
245,158989	-0,0990400314331055
245,269438	-0,0939701795578003
245,379097	-0,0917886197566986
245,489657	-0,0907806754112244
245,598086	-0,0915327370166779
245,708015	-0,0944914519786835
245,819321	-0,0990481376647949
245,927553	-0,102584928274155
246,035589	-0,106557577848434
246,143500	-0,109423071146011
246,252776	-0,110629826784134
246,362301	-0,110098600387573
246,471311	-0,107705533504486
246,581709	-0,104089617729187
246,692257	-0,0999005436897278
246,801099	-0,0957643985748291
246,910351	-0,0926364958286285
247,021240	-0,0908444821834564
247,130518	-0,0912121534347534
247,240432	-0,0933912396430969
247,351629	-0,0968096554279327
247,461228	-0,101043969392776
247,570141	-0,105219721794128
247,678629	-0,108517974615097
247,788315	-0,110639840364456
247,896263	-0,110403269529343
248,008247	-0,108411908149719
248,116911	-0,105695635080338
248,217495	-0,100102722644806
248,318521	-0,096666157245636
248,419316	-0,0937193334102631
248,520050	-0,0913107395172119
248,620994	-0,0907006859779358
248,721068	-0,0915265679359436
248,821468	-0,0935080647468567
248,921692	-0,0977653563022614
249,022127	-0,101292014122009
249,122872	-0,104721069335938
249,223538	-0,10862785577774
249,324789	-0,110178202390671
