0,100342	-0,0104576051235199
0,200565	-0,0148359835147858
0,301146	-0,0202774703502655
0,401673	-0,0223194658756256
0,501989	-0,0236385464668274
0,602195	-0,0229557156562805
0,706409	-0,0202751159667969
0,816093	-0,016353577375412
0,925336	-0,0112488269805908
1,033840	-0,00586554408073425
1,144396	-0,00222253799438477
1,253441	0,000669151544570923
1,363273	0,000381171703338623
1,473896	-0,00214025378227234
1,584824	-0,0065399706363678
1,695372	-0,0121480524539948
1,805153	-0,0161199867725372
1,916621	-0,0214444398880005
2,027826	-0,0234233736991882
2,139226	-0,0230469405651093
2,249747	-0,0212182402610779
2,360756	-0,0173560678958893
2,470279	-0,0120459496974945
2,581142	-0,00658535957336426
2,692486	-0,00202977657318115
2,802575	0,000406444072723389
2,907737	0,00033491849899292
3,007755	-0,000955522060394287
3,110006	-0,00508788228034973
3,225226	-0,00980889797210693
3,331567	-0,0147681534290314
3,435766	-0,0189604461193085
3,538884	-0,0223227441310883
3,644710	-0,0232739150524139
3,756562	-0,0223312675952911
3,862814	-0,0186320245265961
3,975520	-0,014356255531311
4,089846	-0,00915539264678955
4,200468	-0,004119873046875
4,300603	-0,00110748410224915
4,404740	0,000789284706115723
4,515634	5,39422035217285E-5
4,623575	-0,0023459792137146
4,731862	-0,00684186816215515
4,840874	-0,0122382938861847
4,944092	-0,017161101102829
5,057076	-0,020783394575119
5,160327	-0,0233188569545746
5,268470	-0,0229212045669556
5,377963	-0,0211030244827271
5,490589	-0,0161661505699158
5,601976	-0,0107197463512421
5,705349	-0,0068342387676239
5,820388	-0,00193938612937927
5,930669	0,000453680753707886
6,039597	0,000352084636688232
6,140490	-0,00151810050010681
6,245674	-0,00470894575119019
6,357186	-0,00990435481071472
6,459376	-0,0146701335906982
6,573190	-0,019568532705307
6,677379	-0,0230138599872589
6,777704	-0,023578017950058
6,877955	-0,0228866934776306
6,992974	-0,0201524198055267
7,093958	-0,0148327052593231
7,194076	-0,0107884705066681
7,306306	-0,00546672940254211
7,407783	-0,00171747803688049
7,508506	-6,77704811096191E-5
7,618121	0,000521361827850342
7,725682	-0,00168302655220032
7,835417	-0,00628286600112915
7,941953	-0,0111678540706635
8,055981	-0,0167495608329773
8,158649	-0,0207168161869049
8,259531	-0,023525059223175
8,369567	-0,024364709854126
8,482046	-0,0226512551307678
8,587190	-0,0181288719177246
8,699916	-0,0130015909671783
8,808943	-0,00850281119346619
8,918297	-0,00489410758018494
9,031883	-0,000108808279037476
9,144863	-2,33650207519531E-5
9,253840	-0,00178489089012146
9,361053	-0,00445294380187988
9,471731	-0,0104727447032928
9,582573	-0,0145339369773865
9,691480	-0,0198793113231659
9,800561	-0,0231292545795441
9,910699	-0,0236901342868805
10,022795	-0,0227070152759552
10,129162	-0,0201779007911682
10,243790	-0,0144811272621155
10,352587	-0,00883564352989197
10,462027	-0,00457784533500671
10,565343	-0,00109314918518066
10,677561	0,000214248895645142
10,792203	-0,000323623418807983
10,897997	-0,0030483603477478
10,999144	-0,00810113549232483
11,108887	-0,0131469666957855
11,211929	-0,0175929367542267
11,319304	-0,0213207304477692
11,433909	-0,0234668552875519
11,534311	-0,0237591564655304
11,638078	-0,0211450457572937
11,741402	-0,017414003610611
11,844711	-0,0124174058437347
11,957097	-0,00700470805168152
12,069928	-0,0030674934387207
12,171996	-0,000136017799377441
12,283107	0,000278174877166748
12,390250	-0,00182700157165527
12,499263	-0,00396576523780823
12,609423	-0,0087033212184906
12,716384	-0,0149005353450775
12,824344	-0,0192503035068512
12,934748	-0,0228497982025146
13,045721	-0,0238589942455292
13,148427	-0,0224234163761139
13,261181	-0,0192008316516876
13,365763	-0,0149834454059601
13,470677	-0,00997176766395569
13,581974	-0,0051199197769165
13,684615	-0,0011371374130249
13,797184	0,000374019145965576
13,901674	9,4980001449585E-5
14,001827	-0,00229859352111816
14,112155	-0,00685617327690125
14,220644	-0,0116487145423889
14,334807	-0,0168856382369995
14,435446	-0,0211417376995087
14,540083	-0,0232512056827545
14,652160	-0,0238362848758698
14,764040	-0,0216943323612213
14,874545	-0,0177276134490967
14,984190	-0,0121858417987823
15,095640	-0,00588086247444153
15,197600	-0,00263923406600952
15,309289	-8,2552433013916E-5
15,421321	0,000809758901596069
15,521452	-0,000870943069458008
15,633786	-0,00408923625946045
15,737323	-0,00952529907226563
15,847012	-0,014996200799942
15,959079	-0,0192234516143799
16,071103	-0,0230294764041901
16,181190	-0,0237634181976318
16,281236	-0,0219768583774567
16,383546	-0,0195067822933197
16,489829	-0,0156241059303284
16,590807	-0,0102484226226807
16,704151	-0,0056709349155426
16,805969	-0,000929713249206543
16,912389	0,000433146953582764
17,015952	-0,00012168288230896
17,126518	-0,00250384211540222
17,228007	-0,00632685422897339
17,338510	-0,0105529129505157
17,450646	-0,0164029896259308
17,564356	-0,0211072862148285
17,665156	-0,0235363841056824
17,777586	-0,0239985287189484
17,890688	-0,0219834744930267
17,999684	-0,0176357924938202
18,105277	-0,0128594934940338
18,217952	-0,00733843445777893
18,333565	-0,00262105464935303
18,446662	8,6367130279541E-5
18,549737	0,00124567747116089
18,651315	-0,000252008438110352
18,767012	-0,00450128316879272
18,880763	-0,00925004482269287
18,983009	-0,0149453282356262
19,095498	-0,0194511413574219
19,209379	-0,0226616561412811
19,323049	-0,0241314768791199
19,426169	-0,0225813090801239
19,528687	-0,0189270079135895
19,643093	-0,0148647427558899
19,746293	-0,00926098227500916
19,847431	-0,00463190674781799
19,949606	-0,000741958618164063
20,061454	0,00101417303085327
20,163952	0,000428855419158936
20,267558	-0,00165724754333496
20,377543	-0,00587177276611328
20,480215	-0,0121159255504608
20,592988	-0,016114354133606
20,701362	-0,020781010389328
20,809280	-0,0233339965343475
20,918184	-0,0235718786716461
21,027250	-0,0220439434051514
21,136373	-0,0162513852119446
21,246491	-0,0121376514434814
21,355256	-0,00780409574508667
21,466334	-0,00213930010795593
21,576309	0,000558078289031982
21,685779	0,00108850002288818
21,794585	-0,000405728816986084
21,905083	-0,00510749220848083
22,014694	-0,00987395644187927
22,123998	-0,014614999294281
22,234735	-0,0195025205612183
22,344941	-0,0230356156826019
22,453821	-0,024285227060318
22,563127	-0,0226243138313293
22,672852	-0,0191928148269653
22,782292	-0,0136390626430511
22,890930	-0,00800484418869019
22,998380	-0,00360539555549622
23,107352	-0,000752002000808716
23,217329	0,000949382781982422
23,326178	-0,000537067651748657
23,437070	-0,00346755981445313
23,546539	-0,00837847590446472
23,655107	-0,0146748721599579
23,764685	-0,0185815989971161
23,875259	-0,0226011276245117
23,984294	-0,0242871344089508
24,092826	-0,0233269035816193
24,200315	-0,0211422145366669
24,309275	-0,0164321959018707
24,419941	-0,0103968679904938
24,529516	-0,0053495466709137
24,638903	-0,00121119618415833
24,748500	0,000444144010543823
24,859090	0,000377357006072998
24,969650	-0,00207185745239258
25,072416	-0,00654426217079163
25,185902	-0,0114854574203491
25,292811	-0,0177483558654785
25,400552	-0,0212829113006592
25,508248	-0,0235898494720459
25,621324	-0,0242753028869629
25,729144	-0,0215705633163452
25,836663	-0,0175166428089142
25,944051	-0,0125671327114105
26,057165	-0,00698420405387878
26,165617	-0,00283780694007874
26,273397	-4,72366809844971E-5
26,382523	0,00069013237953186
26,495190	-0,00180929899215698
26,603411	-0,0047697126865387
26,711772	-0,00976571440696716
26,819353	-0,0153405368328094
26,933697	-0,0204567909240723
27,046555	-0,0237889587879181
27,154965	-0,0244886577129364
27,262590	-0,0229216814041138
27,370576	-0,0196585953235626
27,482890	-0,0126413106918335
27,593309	-0,00919675827026367
27,701257	-0,00438308715820313
27,810578	-0,000225275754928589
27,924552	0,000589549541473389
28,031949	-0,000411957502365112
28,139991	-0,00443524122238159
28,245891	-0,00867950916290283
28,355639	-0,0137546360492706
28,460060	-0,0197812020778656
28,566724	-0,0227571427822113
28,671560	-0,0243325531482697
28,779221	-0,024065226316452
28,882497	-0,0217689573764801
28,997267	-0,0158129632472992
29,099141	-0,0115313827991486
29,208007	-0,00690683722496033
29,313692	-0,00255167484283447
29,418098	0,000457018613815308
29,525290	0,000596702098846436
29,635363	-0,00132447481155396
29,742013	-0,00574025511741638
29,848347	-0,00991764664649963
29,952723	-0,0164863467216492
30,063279	-0,0201783776283264
30,170036	-0,0242880880832672
30,274641	-0,0248998999595642
30,381352	-0,0234304666519165
30,491386	-0,0203770399093628
30,596496	-0,0156316459178925
30,703566	-0,0100367963314056
30,803947	-0,00537726283073425
30,912598	-0,00140479207038879
31,017959	0,000306785106658936
31,124599	-0,000444889068603516
31,228740	-0,00226464867591858
31,340378	-0,00749686360359192
31,446195	-0,0119390785694122
31,551205	-0,0169435739517212
31,658554	-0,0222759544849396
31,769811	-0,024450808763504
31,875499	-0,0246339440345764
31,980892	-0,0231292545795441
32,085777	-0,0190137028694153
32,195574	-0,0141054689884186
32,297352	-0,00792425870895386
32,401581	-0,00378537178039551
32,504528	-0,000865697860717773
32,617326	0,00040358304977417
32,720487	-0,000251531600952148
32,825448	-0,00414714217185974
32,930982	-0,00863569974899292
33,043097	-0,0131228566169739
33,149328	-0,0185222327709198
33,254913	-0,0227108001708984
33,360675	-0,0245975255966187
33,470150	-0,0241754651069641
33,577209	-0,0212909281253815
33,682746	-0,0179724991321564
33,790597	-0,0125955045223236
33,897316	-0,00729259848594666
34,004566	-0,00252440571784973
34,106862	-0,000192344188690186
34,207756	0,00029677152633667
34,312241	-0,00169786810874939
34,418799	-0,00444576144218445
34,523804	-0,00954240560531616
34,624592	-0,0148572027683258
34,730253	-0,0195850431919098
34,840950	-0,0234356820583344
34,946231	-0,0246883630752563
35,052805	-0,0239838659763336
35,158492	-0,021172434091568
35,268262	-0,017201155424118
35,373133	-0,0120714604854584
35,478490	-0,00612178444862366
35,585285	-0,00248661637306213
35,698625	-0,000336498022079468
35,804613	-9,40263271331787E-5
35,909301	-0,00246748328208923
36,014982	-0,00606635212898254
36,126749	-0,0117068886756897
36,232735	-0,0180615484714508
36,337835	-0,0215516686439514
36,438107	-0,024064302444458
36,548428	-0,0248776376247406
36,656566	-0,0233320891857147
36,763899	-0,0190518796443939
36,868313	-0,0151615738868713
36,980537	-0,00958088040351868
37,086314	-0,00416821241378784
37,192997	-0,00142297148704529
37,297323	0,000231415033340454
37,408455	-0,00107261538505554
37,514745	-0,00407633185386658
37,620952	-0,00789374113082886
37,726044	-0,0133706331253052
37,835881	-0,0182197988033295
37,937189	-0,0216527581214905
38,040658	-0,0242781341075897
38,146022	-0,0240254998207092
38,257563	-0,0223161280155182
38,363018	-0,0184223651885986
38,469404	-0,0131384432315826
38,573923	-0,00813880562782288
38,681381	-0,00277271866798401
38,783011	-0,000794023275375366
38,884817	6,25252723693848E-5
38,985565	-0,00109553337097168
39,092785	-0,00467497110366821
39,194083	-0,00876379013061523
39,295977	-0,0129812657833099
39,396439	-0,0190245509147644
39,507342	-0,0223260521888733
39,613341	-0,024288535118103
39,725436	-0,0242724716663361
39,832905	-0,0220307111740112
39,939764	-0,0170919001102448
40,050667	-0,012932151556015
40,156827	-0,00742718577384949
40,259652	-0,00263732671737671
40,366916	-0,000213801860809326
40,476286	0,000277698040008545
40,577083	-0,00165244936943054
40,681509	-0,00519362092018127
40,786168	-0,0100287199020386
40,898269	-0,014704555273056
41,006032	-0,0200439095497131
41,107670	-0,0238679945468903
41,216798	-0,0247257351875305
41,328455	-0,0237331688404083
41,434063	-0,0210170745849609
41,538819	-0,015607625246048
41,644875	-0,0110783874988556
41,757158	-0,00543993711471558
41,863300	-0,00149178504943848
41,969658	0,000231891870498657
42,074889	-0,000126004219055176
42,185963	-0,00269186496734619
42,292988	-0,00725251436233521
42,397072	-0,0115214586257935
42,504296	-0,0174111723899841
42,616195	-0,0218091309070587
42,722759	-0,0239649415016174
42,829588	-0,0243159830570221
42,935992	-0,0227429568767548
43,046495	-0,0180342197418213
43,151550	-0,0131795406341553
43,258817	-0,00876852869987488
43,363516	-0,00388249754905701
43,474336	-0,000590085983276367
43,581618	0,000394046306610107
43,688074	-0,000692784786224365
43,792588	-0,00403806567192078
43,893034	-0,00848186016082764
43,995607	-0,0130053460597992
44,096932	-0,0189203917980194
44,199390	-0,0219947993755341
44,311094	-0,024309366941452
44,418174	-0,0241787731647491
44,524018	-0,0217037796974182
44,629750	-0,0177959203720093
44,739479	-0,0124925076961517
44,849287	-0,00653806328773499
44,954452	-0,00245645642280579
45,060863	8,15987586975098E-5
45,173371	0,000183224678039551
45,282043	-0,00191164016723633
45,386507	-0,00577756762504578
45,492544	-0,0101141631603241
45,603256	-0,0152411758899689
45,709108	-0,0199307203292847
45,814419	-0,0236518085002899
45,920014	-0,0242421925067902
46,026706	-0,0233221650123596
46,139984	-0,0201307535171509
46,241900	-0,0153396129608154
46,350504	-0,0111664533615112
46,457308	-0,00525769591331482
46,566699	-0,00121358036994934
46,677872	1,04904174804688E-5
46,784462	-0,000311672687530518
46,891175	-0,00305551290512085
47,003224	-0,00819599628448486
47,107860	-0,0133220255374908
47,214574	-0,0177106559276581
47,321996	-0,0222041308879852
47,432561	-0,0240510404109955
47,539846	-0,0243268609046936
47,646460	-0,0220325887203217
47,751775	-0,018217921257019
47,864692	-0,0122680962085724
47,972383	-0,00701761245727539
48,074385	-0,00351446866989136
48,182276	-0,00056573748588562
48,294889	0,000251919031143188
48,400033	-0,00136798620223999
48,507848	-0,00462281703948975
48,614263	-0,00950911641120911
48,722665	-0,0147813260555267
48,824671	-0,0193592011928558
48,925298	-0,022923082113266
49,027781	-0,0241442620754242
49,138354	-0,023239403963089
49,243901	-0,0203472971916199
49,352401	-0,0164839923381805
49,458653	-0,0104798674583435
49,570768	-0,00633785128593445
49,677519	-0,00154486298561096
49,784041	6,15715980529785E-5
49,885461	0,000206619501113892
49,997489	-0,00233641266822815
50,105313	-0,0066622793674469
50,212338	-0,0107486546039581
50,318912	-0,0160248875617981
50,430939	-0,0211582481861115
50,536327	-0,0236097276210785
50,641745	-0,0241541862487793
50,749875	-0,0226834118366241
50,855515	-0,0190848708152771
50,970383	-0,013572096824646
51,076209	-0,00904121994972229
51,180690	-0,0043204128742218
51,286785	-0,000636398792266846
51,400805	0,00050276517868042
51,506020	-0,000870019197463989
51,611253	-0,00338047742843628
51,717707	-0,0077936053276062
51,829360	-0,0131228566169739
51,935460	-0,0179701447486877
52,044659	-0,0227599740028381
52,149698	-0,0239947438240051
52,258801	-0,0232171714305878
52,367058	-0,0206111073493958
52,472734	-0,0170603692531586
52,576332	-0,0118710100650787
52,690014	-0,00618347525596619
52,793051	-0,00212782621383667
52,901203	-5,15282154083252E-5
53,005306	-0,00017276406288147
53,119926	-0,00225651264190674
53,224444	-0,00635647773742676
53,331812	-0,0105363130569458
53,439452	-0,015596330165863
53,548307	-0,0209504961967468
53,651023	-0,0232725143432617
53,754427	-0,0242147445678711
53,855337	-0,0234545767307281
53,963265	-0,0196076631546021
54,066121	-0,0150494277477264
54,170367	-0,011652022600174
54,271686	-0,00568288564682007
54,382550	-0,00206467509269714
54,485400	-0,000158935785293579
54,588792	-0,000325530767440796
54,695470	-0,00294786691665649
54,809190	-0,00621882081031799
54,914161	-0,0111361443996429
55,019865	-0,0172642171382904
55,130895	-0,0218034386634827
55,244670	-0,0239062607288361
55,351714	-0,0243623554706573
55,458868	-0,0217562317848206
55,565425	-0,0178802013397217
55,677597	-0,0127489864826202
55,784245	-0,00847709178924561
55,889511	-0,0041002631187439
55,992987	-0,00134837627410889
56,103528	-0,000140786170959473
56,212200	-0,0014244019985199
56,318454	-0,00455152988433838
56,425092	-0,00938555598258972
56,535907	-0,013621598482132
56,641391	-0,0192112028598785
56,746664	-0,0228176712989807
56,851996	-0,0241310000419617
56,959705	-0,0238452851772308
57,071437	-0,0208381712436676
57,176706	-0,0171286165714264
57,281589	-0,0121806561946869
57,388239	-0,00628525018692017
57,499582	-0,00233113765716553
57,605746	-0,000581949949264526
57,711202	-0,000282555818557739
57,817021	-0,0031852126121521
57,928086	-0,0058760941028595
58,033852	-0,0106344521045685
58,139161	-0,0167345106601715
58,245529	-0,020971268415451
58,351612	-0,0232677757740021
58,459214	-0,024331122636795
58,565838	-0,0224466025829315
58,669755	-0,0188930630683899
58,778958	-0,0150343477725983
58,884412	-0,0105761289596558
58,985885	-0,00439360737800598
59,086479	-0,00162374973297119
59,197275	-9,5367431640625E-6
59,303687	-0,000568598508834839
59,409727	-0,00357860326766968
59,516788	-0,00708922743797302
59,617876	-0,0123087465763092
59,722646	-0,0179823935031891
59,828582	-0,020747035741806
59,934339	-0,0239218771457672
60,035787	-0,0240146219730377
60,140548	-0,0222017765045166
60,246246	-0,0198533833026886
60,356555	-0,0141997635364532
60,460829	-0,00916203856468201
60,573679	-0,00442951917648315
60,684656	-0,00117009878158569
60,796698	-5,91576099395752E-5
60,900036	-0,00122553110122681
61,011037	-0,00465679168701172
61,125789	-0,00851139426231384
61,240804	-0,0143953859806061
61,348920	-0,0199934542179108
61,463938	-0,0229703783988953
61,564887	-0,0241125524044037
61,671632	-0,0230701267719269
61,785296	-0,0197939574718475
61,893256	-0,0161562860012054
61,996683	-0,0110059082508087
62,103348	-0,00526440143585205
62,210808	-0,00179591774940491
62,312054	2,00569629669189E-5
62,415360	-0,000282078981399536
62,520979	-0,00264641642570496
62,633976	-0,00652563571929932
62,745894	-0,0116591155529022
62,853217	-0,0167194306850433
62,957722	-0,0214822292327881
63,065611	-0,0238708257675171
63,175559	-0,0238641798496246
63,282721	-0,0222778618335724
63,388189	-0,0187408626079559
63,495982	-0,0129510462284088
63,604754	-0,00873759388923645
63,706041	-0,00423282384872437
63,808169	-0,0010468065738678
63,910033	-0,000113099813461304
64,016802	-0,0011705756187439
64,121311	-0,00430652499198914
64,226140	-0,00815308094024658
64,330396	-0,0131880342960358
64,439296	-0,0189086198806763
64,544500	-0,0215568840503693
64,650508	-0,0240202844142914
64,755728	-0,0239630341529846
64,867481	-0,0221838057041168
64,973077	-0,0182551443576813
65,079263	-0,0126172304153442
65,186213	-0,00827080011367798
65,296812	-0,00323453545570374
65,402933	-0,000748187303543091
65,508376	-0,000297367572784424
65,614891	-0,00198385119438171
65,723280	-0,00556954741477966
65,830772	-0,00945398211479187
65,936876	-0,0155755877494812
66,042855	-0,0193917453289032
66,153871	-0,0227254629135132
66,259311	-0,0243292450904846
66,366739	-0,0233864784240723
66,470841	-0,0205483138561249
66,582464	-0,0162127614021301
66,690089	-0,0109699070453644
66,796032	-0,00615763664245605
66,902146	-0,00181311368942261
67,010772	-0,00026392936706543
67,118992	-0,000544697046279907
67,225635	-0,00274926424026489
67,333166	-0,00680080056190491
67,444457	-0,0127447545528412
67,551807	-0,0168211460113525
67,658215	-0,0217444002628326
67,765100	-0,0239157378673553
67,876782	-0,0239635109901428
67,983052	-0,0219484865665436
68,088497	-0,0179080069065094
68,197552	-0,0130440592765808
68,305068	-0,00879234075546265
68,414869	-0,00413089990615845
68,524421	-0,00117677450180054
68,629316	-0,000112146139144897
68,736110	-0,00158980488777161
68,847050	-0,00515821576118469
68,951199	-0,00891607999801636
69,054289	-0,014997124671936
69,158323	-0,0189741253852844
69,271492	-0,022410660982132
69,379663	-0,0242975354194641
69,487652	-0,0232900083065033
69,595276	-0,0202972888946533
69,709108	-0,0167618095874786
69,817182	-0,0106951296329498
69,925530	-0,0058918297290802
70,032243	-0,00276362895965576
70,146619	-0,00017133355140686
70,253079	-0,000724285840988159
70,360794	-0,00307229161262512
70,468669	-0,00718376040458679
70,575679	-0,0114476084709167
70,684361	-0,017227977514267
70,791926	-0,021440178155899
70,898003	-0,0241352617740631
71,011397	-0,0240127146244049
71,118573	-0,0224163234233856
71,226803	-0,0186395347118378
71,335002	-0,0137461423873901
71,448367	-0,00876331329345703
71,556888	-0,00357428193092346
71,664193	-0,00105634331703186
71,771914	-0,000510334968566895
71,884504	-0,00205513834953308
71,993149	-0,00567236542701721
72,095576	-0,0103490054607391
72,203907	-0,0145900249481201
72,315632	-0,0200646817684174
72,422923	-0,02309849858284
72,531056	-0,0243008434772491
72,637354	-0,0235770642757416
72,750737	-0,0200094878673553
72,857791	-0,0156071484088898
72,965549	-0,0103812515735626
73,072372	-0,00489699840545654
73,184363	-0,00163045525550842
73,291530	-0,000212401151657104
73,399968	-0,000720947980880737
73,506587	-0,00384420156478882
73,617218	-0,00898650288581848
73,720843	-0,0124891996383667
73,821886	-0,0166271328926086
73,927421	-0,0213495194911957
74,032635	-0,0237662494182587
74,144186	-0,0235505700111389
74,253349	-0,0218072235584259
74,360194	-0,0171926617622375
74,469276	-0,0129987299442291
74,581860	-0,00724726915359497
74,683185	-0,00361257791519165
74,791070	-0,000544220209121704
74,898923	-0,000153213739395142
75,013162	-0,00146406888961792
75,121881	-0,00641188025474548
75,228959	-0,00962555408477783
75,335555	-0,0146625936031342
75,449027	-0,019458681344986
75,555015	-0,0230894982814789
75,663181	-0,0241362154483795
75,771639	-0,0230294764041901
75,884030	-0,0197345018386841
75,990377	-0,0144448578357697
76,099097	-0,00929427146911621
76,206385	-0,00467163324356079
76,319167	-0,00157546997070313
76,427097	-0,000230997800827026
76,530706	-0,000900119543075562
76,638425	-0,00364226102828979
76,751686	-0,00857329368591309
76,858954	-0,0137933194637299
76,967744	-0,018556147813797
77,075479	-0,0217014253139496
77,188245	-0,0242653787136078
77,295938	-0,0234503448009491
77,402610	-0,0218209326267242
77,510333	-0,0172364413738251
77,623751	-0,0121201574802399
77,731421	-0,00726538896560669
77,838346	-0,00317087769508362
77,947156	-0,0007496178150177
78,059177	-0,000628769397735596
78,166980	-0,00239333510398865
78,274901	-0,00615906715393066
78,381786	-0,011897474527359
78,494320	-0,0168244540691376
78,603537	-0,0205388963222504
78,710781	-0,0234399437904358
78,817851	-0,0240855813026428
78,926600	-0,022607296705246
79,030584	-0,019617110490799
79,136231	-0,0142171680927277
79,239996	-0,0099964439868927
79,347769	-0,00519838929176331
79,454697	-0,00194081664085388
79,562486	-0,000384747982025146
79,670192	-0,00144493579864502
79,783073	-0,00460365414619446
79,887008	-0,00898745656013489
79,993905	-0,0141257345676422
80,103014	-0,0189369022846222
80,216348	-0,0223950743675232
80,324230	-0,0242388546466827
80,433127	-0,0237028896808624
80,537131	-0,0216144621372223
80,640468	-0,0177761316299438
80,741392	-0,0118681490421295
80,846836	-0,0077301561832428
80,954501	-0,00363746285438538
81,062463	-0,00127044320106506
81,176200	-0,000698506832122803
81,284346	-0,00222349166870117
81,392214	-0,00637462735176086
81,500488	-0,0114003121852875
81,613192	-0,0170937776565552
81,721610	-0,0207012593746185
81,829328	-0,0232616364955902
81,937784	-0,0241787731647491
82,052397	-0,0224026441574097
82,160205	-0,019395500421524
82,268928	-0,0146545767784119
82,371528	-0,00968492031097412
82,486162	-0,00494962930679321
82,594391	-0,00135555863380432
82,703387	-0,000399529933929443
82,810920	-0,00145736336708069
82,925763	-0,00476300716400146
83,033589	-0,00919771194458008
83,143095	-0,0133923292160034
83,251043	-0,0190419852733612
83,359206	-0,0223624408245087
83,470420	-0,0240150988101959
83,579124	-0,0234091877937317
83,686676	-0,0206092298030853
83,795957	-0,0156867504119873
83,901074	-0,011416882276535
84,002832	-0,00649935007095337
84,104825	-0,00277704000473022
84,216329	-0,000793546438217163
84,322464	-0,000477850437164307
84,428634	-0,00281962752342224
84,535306	-0,00586268305778503
84,645879	-0,0107311010360718
84,753198	-0,0165640413761139
84,861449	-0,0207555592060089
84,969541	-0,0235453844070435
85,082747	-0,024046778678894
85,192364	-0,0224702060222626
85,298802	-0,0190598964691162
85,407504	-0,0133899748325348
85,521045	-0,00848615169525146
85,629139	-0,00405335426330566
85,736328	-0,00119733810424805
85,842595	-0,000463038682937622
85,955751	-0,0013326108455658
86,064210	-0,00499936938285828
86,173181	-0,00962698459625244
86,279851	-0,0145593881607056
86,393340	-0,0200066566467285
86,497794	-0,0229533314704895
86,605673	-0,024043470621109
86,714986	-0,02302286028862
86,822356	-0,020415723323822
86,935707	-0,0145933330059052
87,043647	-0,0103314220905304
87,150398	-0,00553321838378906
87,258812	-0,00218042731285095
87,370897	-0,00034940242767334
87,476384	-0,000692307949066162
87,584512	-0,00304692983627319
87,694199	-0,00760230422019958
87,806445	-0,01355841755867
87,911878	-0,0175406634807587
88,023455	-0,0213764309883118
88,130931	-0,0239086449146271
88,245197	-0,0236962735652924
88,349338	-0,0211686491966248
88,458039	-0,0179339051246643
88,566413	-0,0129647552967072
88,679098	-0,00732648372650146
88,787186	-0,00381407141685486
88,896914	-0,00104442238807678
89,005240	-0,000608205795288086
89,119497	-0,00229382514953613
89,228573	-0,00598603487014771
89,336500	-0,0107647776603699
89,445685	-0,0156843960285187
89,559524	-0,0207947194576263
89,667587	-0,0230252146720886
89,776437	-0,0238986909389496
89,882726	-0,0223322212696075
89,995807	-0,0187455713748932
90,103142	-0,0141492784023285
90,212085	-0,00914114713668823
90,319281	-0,00397631525993347
90,433596	-0,0016438364982605
90,541295	-0,000471144914627075
90,648953	-0,00189107656478882
90,756391	-0,00522899627685547
90,868496	-0,00973767042160034
90,977686	-0,0148873627185822
91,086403	-0,0201024115085602
91,194742	-0,0227349102497101
91,308544	-0,0242402851581573
91,416934	-0,0233510136604309
91,524307	-0,0199132859706879
91,633590	-0,0162942409515381
91,742283	-0,0111621916294098
91,856027	-0,00646495819091797
91,964801	-0,00223639607429504
92,073694	-0,000580042600631714
92,181561	-0,00152572989463806
92,291161	-0,00370731949806213
92,398080	-0,00876757502555847
92,507147	-0,0129439830780029
92,615253	-0,0184581577777863
92,729220	-0,0222419500350952
92,836992	-0,0240709185600281
92,946844	-0,0238878428936005
93,054724	-0,0213655829429626
93,168522	-0,016403466463089
93,276056	-0,0123720467090607
93,383072	-0,00664889812469482
93,487878	-0,00335606932640076
93,602420	-0,000902503728866577
93,709196	-0,00072285532951355
93,818857	-0,00309142470359802
93,927247	-0,00627568364143372
94,039176	-0,0118000507354736
94,142536	-0,0160667896270752
94,249090	-0,0204341113567352
94,354958	-0,0236139893531799
94,466430	-0,0243216753005981
94,575081	-0,0229613780975342
94,682773	-0,0197750627994537
94,790315	-0,0144679546356201
94,904364	-0,00937604904174805
95,011598	-0,00500273704528809
95,121943	-0,00231248140335083
95,229962	-0,000759154558181763
95,343477	-0,00188484787940979
95,451570	-0,00478646159172058
95,558298	-0,00924813747406006
95,667018	-0,01509889960289
95,779875	-0,0196071863174438
95,887944	-0,0225581228733063
95,995103	-0,024229884147644
96,101882	-0,0234810709953308
96,215058	-0,0206946432590485
96,323386	-0,0162763595581055
96,431710	-0,0113515555858612
96,539637	-0,00583735108375549
96,650888	-0,00235936045646667
96,759600	-0,000877171754837036
96,867120	-0,00136223435401917
96,976195	-0,00400933623313904
97,090461	-0,00822934508323669
97,198538	-0,0122855603694916
97,307843	-0,0180813074111938
97,415155	-0,0224149227142334
97,529041	-0,0240846276283264
97,635726	-0,0242185294628143
97,742769	-0,0215067863464355
97,850130	-0,0182395875453949
97,957462	-0,0125931203365326
98,070481	-0,00836706161499023
98,177296	-0,00313928723335266
98,287638	-0,00151953101158142
98,397612	-0,000812679529190063
98,509297	-0,00237897038459778
98,615568	-0,00709113478660583
98,724104	-0,0111631453037262
98,828778	-0,0153659880161285
98,940203	-0,0204492211341858
99,043720	-0,0234205424785614
99,146627	-0,0242866575717926
99,252509	-0,023285299539566
99,364855	-0,0197873413562775
99,472672	-0,0151427090167999
99,581536	-0,0109708607196808
99,688789	-0,00628286600112915
99,797295	-0,0021335780620575
99,903811	-0,000725716352462769
100,011358	-0,00116962194442749
100,118709	-0,00407296419143677
100,231918	-0,00838801264762878
100,339441	-0,0141153633594513
100,446402	-0,0173527598381042
100,552298	-0,0219617187976837
100,666027	-0,0240765810012817
100,774079	-0,0237275063991547
100,882290	-0,0211195349693298
100,990565	-0,0170118510723114
101,104078	-0,0112928450107574
101,211318	-0,00718232989311218
101,319705	-0,00331971049308777
101,426643	-0,00109171867370605
101,540958	-0,000860929489135742
101,649284	-0,00340202450752258
101,756333	-0,00653949379920959
101,862458	-0,011309415102005
101,975581	-0,0171305239200592
102,084244	-0,0211280286312103
102,190983	-0,0236749947071075
102,300010	-0,0240482091903687
102,412831	-0,0222631990909576
102,520270	-0,0187714993953705
102,628826	-0,0140078663825989
102,737809	-0,0082593560218811
102,849881	-0,00408685207366943
102,956746	-0,00204890966415405
103,063357	-0,000774919986724854
103,176289	-0,00229141116142273
103,283767	-0,00565707683563232
103,390285	-0,00951054692268372
103,496971	-0,0144302546977997
103,609339	-0,019785463809967
103,715857	-0,0225515067577362
103,821044	-0,0240761339664459
103,933053	-0,0232479274272919
104,042710	-0,0208778083324432
104,146098	-0,0166681110858917
104,249713	-0,0109362900257111
104,352207	-0,00688964128494263
104,462958	-0,00306797027587891
104,571354	-0,000981807708740234
104,674365	-0,00107786059379578
104,783169	-0,00298184156417847
104,895209	-0,00747299194335938
105,003104	-0,011511504650116
105,110793	-0,0164835155010223
105,218224	-0,0211965143680573
105,330509	-0,0235619246959686
105,436103	-0,0239583253860474
105,545670	-0,0219111740589142
105,654643	-0,0183145105838776
105,767758	-0,0135541558265686
105,875675	-0,00856664776802063
105,983436	-0,00431990623474121
106,090887	-0,00179782509803772
106,203692	-0,000609159469604492
106,308395	-0,00193458795547485
106,415205	-0,00506299734115601
106,521350	-0,00882232189178467
106,634250	-0,0146220624446869
106,739909	-0,0191640257835388
106,848613	-0,0225822329521179
106,954700	-0,0239819586277008
107,068458	-0,0229887962341309
107,174747	-0,0205959975719452
107,283006	-0,0155059099197388
107,389677	-0,0106026828289032
107,502520	-0,00586795806884766
107,610744	-0,0028516948223114
107,718199	-0,000770628452301025
107,826963	-0,000918716192245483
107,941146	-0,0036613941192627
108,048015	-0,00849041342735291
108,155277	-0,0134079158306122
108,262080	-0,0174629688262939
108,374811	-0,0213079750537872
108,482513	-0,0235543549060822
108,592668	-0,0237402617931366
108,701999	-0,0216844081878662
108,815228	-0,0165278017520905
108,922750	-0,011578232049942
109,032122	-0,0075569748878479
109,142244	-0,00359967350959778
109,255722	-0,00117295980453491
109,365382	-0,00100043416023254
109,471665	-0,00261721014976501
109,579460	-0,00683280825614929
109,691145	-0,011692225933075
109,801350	-0,0158035457134247
109,912188	-0,0201208293437958
110,021019	-0,0233987867832184
110,133932	-0,0238244533538818
110,241049	-0,0224116146564484
110,349052	-0,0183145105838776
110,458846	-0,0135904848575592
110,558982	-0,00951150059700012
110,665731	-0,00448358058929443
110,774841	-0,00206515192985535
110,881533	-0,00103342533111572
110,994822	-0,0023459792137146
111,103699	-0,0056321918964386
111,211104	-0,0101554393768311
111,318598	-0,0142775177955627
111,433210	-0,0196887850761414
111,541876	-0,0229235589504242
111,649944	-0,0242705643177032
111,758395	-0,023164689540863
111,870958	-0,020011842250824
111,977993	-0,0163921713829041
112,085452	-0,0106354057788849
112,195651	-0,00600898265838623
112,309503	-0,00313785672187805
112,416260	-0,00112947821617126
112,523447	-0,00175860524177551
112,636118	-0,00439935922622681
112,743372	-0,00776496529579163
112,850845	-0,0126918256282806
112,959796	-0,0190971195697784
113,071877	-0,0226985216140747
113,180014	-0,0245553851127625
113,286932	-0,0243755877017975
113,393589	-0,0217760503292084
113,507546	-0,0178109705448151
113,615993	-0,0129959285259247
113,724306	-0,00832989811897278
113,833398	-0,00402179360389709
113,943218	-0,00233641266822815
114,047693	-0,00218233466148376
114,150963	-0,00398492813110352
114,254393	-0,00753551721572876
114,366067	-0,0121026635169983
114,474022	-0,0167458057403564
114,581109	-0,0202090740203857
114,686369	-0,0230554640293121
114,795768	-0,0239516794681549
114,903778	-0,0225453674793243
115,012769	-0,0199165642261505
115,121030	-0,0156871974468231
115,234496	-0,0109793841838837
115,342037	-0,00577852129936218
115,448943	-0,0027516782283783
115,556222	-0,00153911113739014
115,670022	-0,00189492106437683
115,777123	-0,00488695502281189
115,886603	-0,00887468457221985
115,994244	-0,0143972635269165
116,107278	-0,0181062817573547
116,214547	-0,0219754278659821
116,321731	-0,0234526991844177
116,429557	-0,0232824385166168
116,542986	-0,0211450457572937
116,652397	-0,0167801678180695
116,761710	-0,0112587511539459
116,868501	-0,00820550322532654
116,983854	-0,00380975008010864
117,090955	-0,00164958834648132
117,197705	-0,00174281001091003
117,304655	-0,00380930304527283
117,418391	-0,00751835107803345
117,525710	-0,0128349363803864
117,633473	-0,0165683031082153
117,742066	-0,0198085606098175
117,854787	-0,0225789248943329
117,962723	-0,0227302014827728
118,069704	-0,0216404795646667
118,179572	-0,0185410678386688
118,293034	-0,0128183960914612
118,400024	-0,00834321975708008
118,508963	-0,0045749843120575
118,618951	-0,00259426236152649
118,733683	-0,0020747184753418
118,841664	-0,00351256132125854
118,949275	-0,0068838894367218
119,056261	-0,0119215846061707
119,169154	-0,0181953012943268
119,276948	-0,0255293548107147
119,383868	-0,0330451428890228
119,491849	-0,0401212573051453
119,594605	-0,0471400618553162
119,708565	-0,0507917106151581
119,823107	-0,0537651777267456
119,937030	-0,0554018914699554
120,038537	-0,05484738945961
120,146316	-0,0538286864757538
120,258581	-0,0511431097984314
120,368895	-0,0471472144126892
120,484005	-0,043400764465332
120,594906	-0,0411393940448761
120,702499	-0,0397440493106842
120,812865	-0,0398479700088501
120,927402	-0,0412822067737579
121,037028	-0,0439428389072418
121,150743	-0,0469780266284943
121,253840	-0,0505998134613037
121,368287	-0,0529983043670654
121,479214	-0,0541042387485504
121,585085	-0,0541018545627594
121,697515	-0,0525670647621155
121,799648	-0,049572765827179
121,907954	-0,0465379655361176
122,017609	-0,0439657866954803
122,127347	-0,0415802896022797
122,228872	-0,0401856601238251
122,338203	-0,0399409830570221
122,448036	-0,0411140918731689
122,558970	-0,0436417162418365
122,660449	-0,0460045635700226
122,766475	-0,0485875904560089
122,876423	-0,0515112280845642
122,986670	-0,0532355010509491
123,102581	-0,0537157952785492
123,212796	-0,0529682040214539
123,322817	-0,0508143901824951
123,432396	-0,0480798780918121
123,533453	-0,045182853937149
123,642196	-0,0431115627288818
123,751486	-0,0409068465232849
123,862795	-0,0403989553451538
123,976161	-0,0410095155239105
124,083053	-0,0426521897315979
124,190521	-0,045279324054718
124,301026	-0,0480770170688629
124,413662	-0,050727903842926
124,523832	-0,0529583096504211
124,633695	-0,0535582304000854
124,743464	-0,0529295802116394
124,858549	-0,0514791309833527
124,968075	-0,0484892129898071
125,078828	-0,0457625389099121
125,190692	-0,0430718958377838
125,290862	-0,0414713621139526
125,401827	-0,040465772151947
125,513236	-0,0407998859882355
125,619956	-0,0428080260753632
125,720336	-0,0443954467773438
125,829948	-0,0481212437152863
125,940328	-0,0508483946323395
126,051287	-0,0524982810020447
126,151944	-0,0536692440509796
126,259636	-0,053698867559433
126,370040	-0,0523998439311981
126,479549	-0,0503302812576294
126,580819	-0,0475663840770721
126,688044	-0,044751912355423
126,796997	-0,0428854525089264
126,910280	-0,0412588119506836
127,025345	-0,0409197509288788
127,134015	-0,042093962430954
127,243869	-0,0437396764755249
127,354096	-0,046453058719635
127,468081	-0,0497831106185913
127,578694	-0,0521849989891052
127,688091	-0,0538686513900757
127,798021	-0,0542147159576416
127,898249	-0,0533112585544586
128,004596	-0,0517286658287048
128,113850	-0,0490875840187073
128,224812	-0,0463404953479767
128,340577	-0,0433505773544312
128,449961	-0,041468471288681
128,560219	-0,0411264896392822
128,669921	-0,0416337847709656
128,782679	-0,0433768630027771
128,884194	-0,0463080406188965
128,990664	-0,0490690767765045
129,100380	-0,0513059496879578
129,215607	-0,0535742342472076
129,326210	-0,0540806949138641
129,435153	-0,0538658201694489
129,546131	-0,0520294904708862
129,661028	-0,0496755838394165
129,771563	-0,0468617379665375
129,881832	-0,0441168248653412
129,991578	-0,0418899059295654
130,091691	-0,0409097075462341
130,198773	-0,0412540137767792
130,309200	-0,0427124202251434
130,416070	-0,0449325144290924
130,517987	-0,047769159078598
130,624356	-0,0503847002983093
130,735196	-0,0525180697441101
130,844607	-0,0536414980888367
130,945697	-0,0537063777446747
131,055031	-0,0526188611984253
131,165429	-0,0505771338939667
131,276690	-0,0478153228759766
131,377438	-0,0451570451259613
131,485942	-0,042786031961441
131,595667	-0,041427880525589
131,707589	-0,0409665405750275
131,820238	-0,0414814054965973
131,930154	-0,0435322225093842
132,042749	-0,0460580289363861
132,151714	-0,0487139225006104
132,251763	-0,0512346923351288
132,360043	-0,0529389977455139
132,473366	-0,0535808205604553
132,582449	-0,0531884431838989
132,682497	-0,0515499114990234
132,789250	-0,0492522120475769
132,898213	-0,0466104447841644
133,009137	-0,0436201691627502
133,124194	-0,0421876013278961
133,235109	-0,0411584973335266
133,344848	-0,0415721535682678
133,454415	-0,0431196987628937
133,569826	-0,0453442633152008
133,681865	-0,0485543012619019
133,792778	-0,0510255098342896
133,902670	-0,0528349876403809
134,014681	-0,0537755191326141
134,120704	-0,0532006919384003
134,226195	-0,0517183244228363
134,333026	-0,0493684113025665
134,446401	-0,0470699965953827
134,556363	-0,0438056290149689
134,665008	-0,042492538690567
134,774798	-0,0413729548454285
134,877114	-0,0414727926254272
134,985074	-0,042854368686676
135,095132	-0,0446792840957642
135,204869	-0,0473544299602509
135,319462	-0,0503624677658081
135,429616	-0,0525665879249573
135,539590	-0,0537162721157074
135,642002	-0,0537976324558258
135,756326	-0,0524855554103851
135,866624	-0,0502640902996063
135,977602	-0,0481050610542297
136,087018	-0,0453815162181854
136,202143	-0,042667955160141
136,312163	-0,0413891971111298
136,422696	-0,0411121845245361
136,531155	-0,0420533418655396
136,633299	-0,0444088280200958
136,734951	-0,046517938375473
136,835631	-0,0488388538360596
136,945213	-0,0516574680805206
137,059293	-0,0534011125564575
137,167690	-0,0538150370121002
137,277823	-0,0531555116176605
137,388136	-0,0514650046825409
137,503451	-0,0486716628074646
137,613899	-0,0458680391311646
137,724676	-0,0431822836399078
137,834439	-0,0415998697280884
137,934637	-0,0411403477191925
138,042431	-0,0417255163192749
138,152248	-0,0429227352142334
138,260386	-0,0460890233516693
138,375345	-0,0488094091415405
138,481375	-0,0508313775062561
138,587916	-0,0530547797679901
138,694411	-0,0537477731704712
138,806048	-0,0533169209957123
138,915419	-0,0522231757640839
139,025558	-0,0499706566333771
139,135193	-0,0464902818202972
139,249463	-0,0439595878124237
139,361842	-0,042067676782608
139,471031	-0,0413056015968323
139,581706	-0,0415358543395996
139,696618	-0,042991578578949
139,806990	-0,0452903211116791
139,916008	-0,0483703911304474
140,026394	-0,0510170161724091
140,126598	-0,0529069900512695
140,232356	-0,0537811815738678
140,343409	-0,0539114475250244
140,452985	-0,0523946583271027
140,567736	-0,05030757188797
140,678950	-0,0481031835079193
140,789310	-0,0448708832263947
140,902176	-0,0427683293819427
141,013402	-0,0414235889911652
141,128749	-0,0413347482681274
141,237310	-0,0424997210502625
141,347105	-0,044900506734848
141,456452	-0,0476230084896088
141,556853	-0,0497798025608063
141,664735	-0,0519616007804871
141,776128	-0,0534161627292633
141,886135	-0,0536057651042938
141,991008	-0,0527436435222626
142,104125	-0,0504835247993469
142,205621	-0,0478253364562988
142,319533	-0,0451651513576508
142,423356	-0,0428080260753632
142,525865	-0,0412793457508087
142,640420	-0,0408920347690582
142,742669	-0,0415683388710022
142,845205	-0,0429858565330505
142,959332	-0,0454001724720001
143,060605	-0,0475930273532867
143,167173	-0,0502451658248901
143,272372	-0,0525157153606415
143,375158	-0,0534199476242065
143,489240	-0,0533672273159027
143,592646	-0,0518649518489838
143,693637	-0,0496784150600433
143,796670	-0,0475158989429474
143,910955	-0,0443581640720367
144,012376	-0,0422903597354889
144,113597	-0,0412148535251617
144,215798	-0,0408490598201752
144,323961	-0,0415511429309845
144,428453	-0,0435848236083984
144,532745	-0,0451670587062836
144,635326	-0,0483599305152893
144,741755	-0,0511138439178467
144,843829	-0,0525708198547363
144,946831	-0,0533531308174133
145,057490	-0,0531404614448547
145,172930	-0,0519097447395325
145,285749	-0,0489484965801239
145,386661	-0,0467029511928558
145,488605	-0,0442401468753815
145,599056	-0,0424844324588776
145,714622	-0,0412473380565643
145,815099	-0,0412679016590118
145,925891	-0,042667955160141
146,029904	-0,0444996356964111
146,140751	-0,0470619201660156
146,241705	-0,0496443212032318
146,356330	-0,0518790781497955
146,471315	-0,0532773733139038
146,571760	-0,0534420311450958
146,674761	-0,0525915324687958
146,785955	-0,051049143075943
146,900493	-0,0478253364562988
147,014355	-0,0451732873916626
147,116451	-0,0429471135139465
147,230946	-0,0415979623794556
147,345732	-0,0412029027938843
147,461062	-0,0422803461551666
147,564317	-0,0438505709171295
147,664864	-0,0462450683116913
147,776009	-0,0485030114650726
147,889995	-0,0513333380222321
147,992356	-0,0531319975852966
148,106859	-0,0536414980888367
148,221676	-0,0528796911239624
148,335264	-0,0512129664421082
148,438218	-0,0488155782222748
148,538617	-0,0460914075374603
148,650602	-0,0437004864215851
148,765510	-0,0419262051582336
148,877068	-0,0411527752876282
148,988968	-0,0417776107788086
149,101444	-0,0430116355419159
149,210552	-0,0457396507263184
149,316950	-0,0488255620002747
149,431750	-0,0511969029903412
149,546747	-0,0529201626777649
149,661444	-0,0535177886486053
149,763910	-0,0530383288860321
149,879072	-0,0511369705200195
149,994200	-0,0486821234226227
150,094788	-0,046448290348053
150,198355	-0,0435002148151398
150,309649	-0,0419228672981262
150,424257	-0,0409913659095764
150,539210	-0,0412802994251251
150,642005	-0,0430833697319031
150,744389	-0,0450467169284821
150,856563	-0,0477058291435242
150,971383	-0,0507226884365082
151,074419	-0,0523630976676941
151,188410	-0,0535210967063904
151,303391	-0,0533230304718018
151,403450	-0,051954984664917
151,517120	-0,0501448214054108
151,620292	-0,0471190810203552
151,734306	-0,0448598861694336
151,848450	-0,0423835813999176
151,952068	-0,0411604344844818
152,063517	-0,0409684479236603
152,178591	-0,0424050688743591
152,278872	-0,0444585382938385
152,380522	-0,0466447770595551
152,492182	-0,0493375957012177
152,606840	-0,0515367090702057
152,707255	-0,0530392825603485
152,809511	-0,0534001886844635
152,921377	-0,0527671873569489
153,021465	-0,050860196352005
153,133453	-0,0487794876098633
153,235423	-0,0456475019454956
153,351356	-0,0432329773902893
153,466703	-0,041463702917099
153,567358	-0,0408261716365814
153,669306	-0,0412454307079315
153,783750	-0,0431048572063446
153,885648	-0,0451226532459259
153,990268	-0,0473239719867706
154,104169	-0,0503383278846741
154,219590	-0,0523202419281006
154,334672	-0,0532632768154144
154,434855	-0,053196907043457
154,537631	-0,0519389808177948
154,648364	-0,0498238503932953
154,763405	-0,0472477376461029
154,863961	-0,0442076325416565
154,966816	-0,042487770318985
155,078477	-0,0412268042564392
155,179052	-0,0410410165786743
155,290808	-0,0420184433460236
155,392966	-0,0439175069332123
155,494376	-0,0464158654212952
155,606447	-0,0486659705638885
155,712499	-0,0513819456100464
155,827366	-0,0529399514198303
155,942185	-0,0534589886665344
156,056849	-0,0528006255626678
156,171393	-0,0511817932128906
156,272812	-0,0483889281749725
156,373279	-0,0457262694835663
156,485194	-0,0437698066234589
156,600035	-0,0417642295360565
156,702704	-0,041157066822052
156,817174	-0,0416949391365051
156,917782	-0,0431670248508453
157,030258	-0,0459444224834442
157,132103	-0,0481012761592865
157,232911	-0,0501396358013153
157,344939	-0,0521703660488129
157,447344	-0,0532665550708771
157,547393	-0,0532510280609131
157,662094	-0,0518281757831573
157,776470	-0,0496632754802704
157,891371	-0,047168642282486
157,992809	-0,0450328290462494
158,107274	-0,0428223609924316
158,207674	-0,0414488911628723
158,319961	-0,0412750542163849
158,424190	-0,0423118770122528
158,536070	-0,0438759326934814
158,651957	-0,0470966994762421
158,766772	-0,0496964156627655
158,868602	-0,0517343580722809
158,977670	-0,0528415739536285
159,088687	-0,0532533824443817
159,199740	-0,0522698163986206
159,302043	-0,0508446097373962
159,418005	-0,0480741560459137
159,518494	-0,0454464852809906
159,630530	-0,0432908236980438
159,743206	-0,041705459356308
159,843467	-0,0412884056568146
159,954118	-0,0421006381511688
160,068624	-0,0434433221817017
160,169367	-0,0458403527736664
160,283723	-0,0488516688346863
160,384540	-0,0511402785778046
160,495597	-0,0526103675365448
160,598192	-0,0533348023891449
160,709919	-0,0530368983745575
160,813863	-0,0517362356185913
160,924459	-0,0494879186153412
161,025075	-0,0465713441371918
161,140185	-0,0444757342338562
161,240411	-0,0424418747425079
161,351977	-0,0415358543395996
161,453411	-0,0413724780082703
161,568314	-0,0424452126026154
161,668612	-0,0444719195365906
161,779505	-0,0468636453151703
161,879778	-0,0490505695343018
161,995157	-0,0516230165958405
162,110316	-0,0530354976654053
162,225517	-0,0532242059707642
162,327619	-0,0524092614650726
162,442543	-0,0503037869930267
162,544340	-0,0478681623935699
162,656667	-0,0452339649200439
162,758437	-0,043403148651123
162,873486	-0,0418124794960022
162,988864	-0,0411599278450012
163,103344	-0,0421254932880402
163,204275	-0,0434944629669189
163,304330	-0,0458580255508423
163,414479	-0,048473060131073
163,514486	-0,0507226884365082
163,616522	-0,0524511933326721
163,727642	-0,0530938804149628
163,842926	-0,0526635646820068
163,958131	-0,0512866079807281
164,059847	-0,0490225851535797
164,168710	-0,0468679368495941
164,279996	-0,0440293550491333
164,393163	-0,0418139100074768
164,495315	-0,0411346256732941
164,610315	-0,0412277579307556
164,724661	-0,0426493287086487
164,825293	-0,0448637306690216
164,926735	-0,0473634898662567
165,039856	-0,0494921803474426
165,150271	-0,0521524846553802
165,254579	-0,0529606640338898
165,356039	-0,0531041920185089
165,465175	-0,0519460439682007
165,565936	-0,0499559640884399
165,678060	-0,0479752123355865
165,781031	-0,0453428328037262
165,895192	-0,0430718958377838
166,006494	-0,0416051149368286
166,107009	-0,041060596704483
166,207815	-0,0416968464851379
166,308385	-0,0433180630207062
166,421665	-0,0451852381229401
166,536485	-0,0482857823371887
166,637665	-0,0510123074054718
166,737698	-0,0524332821369171
166,848802	-0,0532618463039398
166,950632	-0,0531103312969208
167,052352	-0,0516843497753143
167,157943	-0,0503615140914917
167,258574	-0,0478129684925079
167,373775	-0,0445368885993958
167,474415	-0,0431431233882904
167,577238	-0,0415382385253906
167,690270	-0,0414240658283234
167,791260	-0,0422631204128265
167,892734	-0,0437305867671967
168,004090	-0,0461768209934235
168,119377	-0,0491056144237518
168,234084	-0,0514329075813293
168,335487	-0,052761048078537
168,436101	-0,053328663110733
168,548689	-0,0529691278934479
168,650555	-0,0514409244060516
168,766425	-0,0491682589054108
168,867185	-0,0466562211513519
168,977435	-0,0436985790729523
169,091266	-0,0422129333019257
169,191752	-0,0411804914474487
169,303033	-0,041423112154007
169,404386	-0,0428677797317505
169,516988	-0,0449540317058563
169,618834	-0,0470757186412811
169,719424	-0,049703061580658
169,831125	-0,0519564151763916
169,946017	-0,0529874861240387
170,052264	-0,0531809031963348
170,166718	-0,0519620478153229
170,281754	-0,05008664727211
170,382376	-0,0475601851940155
170,484752	-0,0450313985347748
170,595689	-0,0432979762554169
170,696691	-0,0415893495082855
170,808839	-0,0413944721221924
170,909903	-0,0420447289943695
171,010820	-0,0435819327831268
171,122353	-0,0455692112445831
171,237558	-0,0489779412746429
171,338848	-0,0509012937545776
171,439014	-0,0527191460132599
171,544080	-0,0533681809902191
171,646932	-0,0531804263591766
171,751061	-0,0520530343055725
171,862976	-0,0494623184204102
171,973368	-0,0469956696033478
172,089296	-0,0444976985454559
172,190096	-0,0424729287624359
172,290406	-0,0416466891765594
172,402918	-0,0414785146713257
172,517855	-0,0426139533519745
172,619123	-0,0446644723415375
172,719706	-0,0466371476650238
172,831521	-0,0492844879627228
172,932328	-0,0515485107898712
173,034183	-0,0529347658157349
173,146494	-0,0535422563552856
173,262163	-0,0528523921966553
173,362656	-0,0512233674526215
173,464685	-0,0490648150444031
173,577389	-0,0463862717151642
173,678067	-0,0441043972969055
173,789796	-0,0424222946166992
173,890706	-0,0415755212306976
174,001050	-0,042031317949295
174,113537	-0,0433386266231537
174,226614	-0,045452207326889
174,330028	-0,0484877824783325
174,442260	-0,0507269501686096
174,543824	-0,0523145794868469
174,651513	-0,0532693862915039
174,756693	-0,0531060993671417
174,857021	-0,0521986484527588
174,968145	-0,0501869320869446
175,070042	-0,0476863384246826
175,171567	-0,0452678501605988
175,284013	-0,0434122383594513
175,398213	-0,0419768691062927
175,498735	-0,0416634082794189
175,599799	-0,0421900153160095
175,711575	-0,0435202717781067
175,813302	-0,0461816191673279
175,925022	-0,0486056506633759
176,028687	-0,0506645739078522
176,130727	-0,0526150763034821
176,243489	-0,0533267855644226
176,359372	-0,0529978275299072
176,461612	-0,0517984926700592
176,562441	-0,0493693649768829
176,675926	-0,0464149117469788
176,776903	-0,0443079769611359
176,879598	-0,0427559316158295
176,991137	-0,0415807664394379
177,091356	-0,041463702917099
177,203031	-0,0424351990222931
177,305781	-0,0441813468933105
177,419189	-0,0465866029262543
177,522607	-0,0495651662349701
177,634432	-0,0512167513370514
177,736922	-0,0527210533618927
177,837959	-0,0531432926654816
177,950861	-0,0525623261928558
178,066384	-0,0508970320224762
178,168069	-0,0485367476940155
178,268174	-0,0460164844989777
178,380284	-0,0441942512989044
178,480659	-0,0420795977115631
178,580847	-0,0415109992027283
178,687183	-0,0417021214962006
178,787830	-0,0429136455059052
178,896766	-0,0450939834117889
178,999651	-0,0475277900695801
179,108412	-0,0499332249164581
179,220660	-0,0520191192626953
179,331877	-0,0530279576778412
179,434594	-0,0531809031963348
179,550389	-0,052458256483078
179,650483	-0,0498428046703339
179,762775	-0,0475106537342072
179,863572	-0,0457749664783478
179,963910	-0,0434242188930511
180,075556	-0,0420045554637909
180,177028	-0,0413318574428558
180,279402	-0,0418473482131958
180,389891	-0,043790340423584
180,490822	-0,0455749332904816
180,603295	-0,0477491915225983
180,705802	-0,0502650439739227
180,820333	-0,0523056387901306
180,920479	-0,0533348023891449
181,032811	-0,0532194972038269
181,139614	-0,0518456399440765
181,243687	-0,0503203570842743
181,356285	-0,0477853417396545
181,471141	-0,0449764728546143
181,575622	-0,0430379509925842
181,679689	-0,0417159795761108
181,792546	-0,0418378114700317
181,893351	-0,0427281856536865
181,996735	-0,0445211231708527
182,108401	-0,0466104447841644
182,212393	-0,0489974319934845
182,327866	-0,0515588819980621
182,429321	-0,0529630184173584
182,531138	-0,0531936287879944
182,644356	-0,0527822375297546
182,746037	-0,0508824288845062
182,848484	-0,0485452711582184
182,960681	-0,0465322434902191
183,060805	-0,0440632700920105
183,172534	-0,04230996966362
183,275558	-0,0416252017021179
183,391335	-0,0417905151844025
183,499840	-0,043024092912674
183,610081	-0,045062929391861
183,712132	-0,0479399859905243
183,820997	-0,0500776469707489
183,931887	-0,0519526302814484
184,043296	-0,0531159639358521
184,144285	-0,0532609224319458
184,245950	-0,0521911084651947
184,358339	-0,0504069030284882
184,459018	-0,0480028092861176
184,560097	-0,04583939909935
184,672374	-0,0434189438819885
184,787333	-0,0419945418834686
184,888115	-0,0416356921195984
185,000900	-0,0424174964427948
185,102783	-0,0439839363098145
185,217860	-0,0467725694179535
185,319358	-0,048863559961319
185,432078	-0,0510581135749817
185,532120	-0,0527502298355103
185,632297	-0,0533178448677063
185,745626	-0,0530138313770294
185,860874	-0,0512068271636963
185,962894	-0,0492754876613617
186,063792	-0,0468383729457855
186,175957	-0,044477641582489
186,278859	-0,0425771474838257
186,379091	-0,0418272912502289
186,480790	-0,0417255163192749
186,593447	-0,0430073440074921
186,695236	-0,0447132289409637
186,796771	-0,0470328330993652
186,908932	-0,0495277345180511
187,009729	-0,0516819953918457
187,120868	-0,0529060661792755
187,224008	-0,0533008873462677
187,325350	-0,0525472462177277
187,437940	-0,0507907569408417
187,552576	-0,048593282699585
187,655081	-0,0464296936988831
187,770009	-0,0440828800201416
187,870936	-0,0422487854957581
187,983304	-0,0415869653224945
188,086412	-0,0419166684150696
188,201268	-0,0432487726211548
188,306823	-0,0452511608600616
188,421299	-0,0478291213512421
188,521891	-0,0502030551433563
188,621907	-0,0521034598350525
188,731995	-0,0532557368278503
188,845893	-0,0531648993492126
188,945915	-0,0519323647022247
189,059821	-0,0503042638301849
189,171805	-0,0478029549121857
189,285873	-0,0450304448604584
189,388159	-0,0429805815219879
189,491314	-0,0418158173561096
189,605250	-0,0417145490646362
189,707837	-0,0426086783409119
189,807984	-0,0445130169391632
189,908818	-0,0465045869350433
190,021738	-0,048942357301712
190,124255	-0,0512804687023163
190,227182	-0,0528104901313782
190,341139	-0,053340882062912
190,442717	-0,052801102399826
190,555933	-0,0510869324207306
190,658075	-0,049648106098175
190,760610	-0,0472244024276733
190,873813	-0,0439762771129608
190,975100	-0,0426182448863983
191,078326	-0,0417766571044922
191,190724	-0,0418038666248322
191,294890	-0,0428414642810822
191,408950	-0,044653981924057
191,515424	-0,0470552444458008
191,619385	-0,0499587953090668
191,721699	-0,0518192052841187
191,835817	-0,0530293881893158
191,937831	-0,0531658530235291
192,041296	-0,0520732998847961
192,154674	-0,0506702363491058
192,256353	-0,0482724606990814
192,357559	-0,0461415350437164
192,468953	-0,0439175069332123
192,571608	-0,0421536862850189
192,686829	-0,0414450764656067
192,789108	-0,0418115258216858
192,891708	-0,043063759803772
193,006515	-0,045675665140152
193,107902	-0,0481260120868683
193,212029	-0,0501074492931366
193,326770	-0,0520709455013275
193,429184	-0,0530392825603485
193,529984	-0,053045392036438
193,640598	-0,0520087480545044
193,747551	-0,0503823459148407
193,855818	-0,0476596653461456
193,957041	-0,0455682575702667
194,057052	-0,0433429181575775
194,159538	-0,0419778227806091
194,274344	-0,0415148437023163
194,388498	-0,0421393215656281
194,491499	-0,0441130101680756
194,594252	-0,0464001297950745
194,709468	-0,048964649438858
194,823028	-0,05121910572052
194,931828	-0,0525237321853638
195,033642	-0,0533813536167145
195,139695	-0,0530194938182831
195,245595	-0,0516739785671234
195,349682	-0,0496608912944794
195,451825	-0,0467277467250824
195,565503	-0,0447739064693451
195,667257	-0,0429466366767883
195,770278	-0,0418583452701569
195,883957	-0,0419419705867767
195,986056	-0,0429906249046326
196,095969	-0,0444733500480652
196,203344	-0,0472939312458038
196,305378	-0,0496514141559601
196,419537	-0,0513724982738495
196,523727	-0,0529639720916748
196,628210	-0,0531249344348907
196,742671	-0,0521637797355652
196,856914	-0,0506617724895477
196,959307	-0,048320472240448
197,063277	-0,045520007610321
197,164091	-0,0436803996562958
197,277116	-0,0423811674118042
197,379658	-0,0417231321334839
197,480052	-0,0421794950962067
197,593856	-0,0434251427650452
197,696753	-0,0455286204814911
197,799191	-0,047929048538208
197,914519	-0,0503577291965485
198,014658	-0,0521383285522461
198,126824	-0,0530943274497986
198,227119	-0,0530604422092438
198,327463	-0,052145391702652
198,429438	-0,0499640107154846
198,543780	-0,0479718744754791
198,646684	-0,0454240143299103
198,762107	-0,043315201997757
198,874453	-0,0416228175163269
198,988839	-0,0415014624595642
199,103529	-0,0423587262630463
199,204773	-0,0440221726894379
199,305280	-0,0467921197414398
199,418510	-0,0488502681255341
199,519452	-0,0509792268276215
199,622556	-0,0524907410144806
199,735950	-0,0529851317405701
199,838907	-0,0524134933948517
199,953078	-0,0512649118900299
200,057157	-0,0487091839313507
200,157892	-0,0462641417980194
200,266492	-0,0443543493747711
200,369837	-0,042483001947403
200,474137	-0,0415883958339691
200,575480	-0,0416849255561829
200,691243	-0,0425255298614502
200,793079	-0,0451689660549164
200,895521	-0,0471786558628082
201,009852	-0,0496172904968262
201,112034	-0,0516664385795593
201,224694	-0,0528345108032227
201,330181	-0,0530623197555542
201,431969	-0,0522231757640839
201,546346	-0,0504437983036041
201,649091	-0,0481611788272858
201,752326	-0,0456675589084625
201,866038	-0,0438137948513031
201,976150	-0,0420791208744049
202,082018	-0,0415831506252289
202,184961	-0,041997879743576
202,287563	-0,0434002876281738
202,401357	-0,0454803705215454
202,502628	-0,0479571223258972
202,606189	-0,0502938628196716
202,716430	-0,0520525574684143
202,818745	-0,0530613660812378
202,921485	-0,0528429746627808
203,024929	-0,0516989529132843
203,138941	-0,0497688949108124
203,241799	-0,047322541475296
203,356915	-0,0449310839176178
203,458594	-0,0429743826389313
203,572577	-0,0416643619537354
203,683932	-0,0416490733623505
203,787515	-0,0425088107585907
203,887620	-0,0442540049552917
203,997045	-0,0462164282798767
204,109091	-0,0486450493335724
204,221000	-0,051182746887207
204,323416	-0,0526183843612671
204,425776	-0,0529992282390594
204,540112	-0,052596241235733
204,642358	-0,0508550107479095
204,743770	-0,0489860475063324
204,845460	-0,0465923249721527
204,958278	-0,0442056953907013
205,061114	-0,0422325432300568
205,161250	-0,0416930317878723
205,263052	-0,0416113436222076
205,376110	-0,0426851809024811
205,478926	-0,0449592769145966
205,582924	-0,046938955783844
205,697011	-0,0494964420795441
205,798615	-0,0518210828304291
205,910899	-0,0528763830661774
206,012144	-0,0532924234867096
206,118846	-0,0524733364582062
206,231775	-0,0508748590946198
206,334542	-0,0486208498477936
206,441731	-0,046103835105896
206,553586	-0,0439820289611816
206,656069	-0,0423974096775055
206,771168	-0,0418531000614166
206,874060	-0,042383074760437
206,975553	-0,043790340423584
207,089447	-0,0460222065448761
207,190695	-0,0485106110572815
207,290781	-0,0504527986049652
207,404646	-0,0523824095726013
207,505612	-0,0534448623657227
207,608832	-0,0533568859100342
207,709765	-0,0525858700275421
207,811386	-0,0503851771354675
207,925543	-0,0484022498130798
208,027339	-0,0455071330070496
208,131456	-0,0433854758739471
208,245569	-0,0422535836696625
208,347207	-0,0417852401733398
208,461291	-0,0423420071601868
208,566629	-0,0439241826534271
208,680367	-0,0461553633213043
208,794104	-0,0490562617778778
208,907898	-0,0513120889663696
209,008339	-0,0528415739536285
209,121933	-0,0534556806087494
209,236176	-0,0527808368206024
209,349040	-0,0511619746685028
209,452136	-0,0493195950984955
209,555206	-0,0464082360267639
209,668318	-0,0441201627254486
209,771605	-0,0425202548503876
209,872126	-0,0418416261672974
209,973948	-0,0420298874378204
210,088393	-0,0432559549808502
210,199666	-0,0452196300029755
210,306867	-0,0480870008468628
210,416546	-0,050396054983139
210,518544	-0,0519116222858429
210,620472	-0,0530138313770294
210,720682	-0,0530835092067719
210,822510	-0,0519889295101166
210,935142	-0,0504929721355438
211,049191	-0,0481050610542297
211,156278	-0,0452038645744324
211,258780	-0,0430805087089539
211,369056	-0,0416901707649231
211,471257	-0,0413686633110046
211,572039	-0,0420781672000885
211,686091	-0,043426126241684
211,789647	-0,0461114645004272
211,902944	-0,0486004054546356
212,011294	-0,0505832731723785
212,125356	-0,0525505542755127
212,226934	-0,0532030463218689
212,340915	-0,0528401434421539
212,443245	-0,0513909161090851
212,544644	-0,0492688417434692
212,658887	-0,0472239255905151
212,760990	-0,0443830192089081
212,865325	-0,0426273345947266
212,980051	-0,0417732894420624
213,092616	-0,0417990982532501
213,195747	-0,0427281856536865
213,298855	-0,0445698797702789
213,399788	-0,046970397233963
213,514080	-0,0494537651538849
213,616193	-0,0518017709255219
213,720272	-0,052707850933075
213,834407	-0,0532119572162628
213,949667	-0,0522542595863342
214,063537	-0,0505071580410004
214,177914	-0,0477139353752136
214,279895	-0,0456813871860504
214,382004	-0,0435685515403748
214,491103	-0,0421421825885773
214,594315	-0,0417369902133942
214,696668	-0,0422033965587616
214,800365	-0,0436283051967621
214,913444	-0,0457997918128967
215,013531	-0,0482791364192963
215,117071	-0,0509627163410187
215,230817	-0,0524003207683563
215,332423	-0,0532651543617249
215,446367	-0,0531004369258881
215,549872	-0,0519007742404938
215,657404	-0,0502848923206329
215,761072	-0,0474839806556702
215,874855	-0,04506915807724
215,978054	-0,0431139469146729
216,081199	-0,0419696867465973
216,193853	-0,0418679118156433
216,296850	-0,0427979826927185
216,412734	-0,0446272194385529
216,516328	-0,0465818345546722
216,617808	-0,0494731962680817
216,732058	-0,0519088208675385
216,835623	-0,0528250932693481
216,950164	-0,0534194707870483
217,052634	-0,0525515079498291
217,154855	-0,0511483252048492
217,257831	-0,0493133962154388
217,371395	-0,0463862717151642
217,474247	-0,0441067814826965
217,588654	-0,0424786806106567
217,692543	-0,0417967140674591
217,793777	-0,0421316921710968
217,908324	-0,0431952178478241
218,009802	-0,045179009437561
218,113699	-0,0476411283016205
218,227874	-0,0500615239143372
218,330094	-0,0520106256008148
218,443990	-0,0531644523143768
218,555592	-0,0531691610813141
218,667178	-0,0520893335342407
218,782587	-0,0501538217067719
218,896444	-0,0473248958587646
218,999314	-0,045339971780777
219,110965	-0,0432879626750946
219,224688	-0,0420820116996765
219,337093	-0,0419543981552124
219,439661	-0,0429514348506927
219,542191	-0,0448465049266815
219,655940	-0,0468121469020844
219,757834	-0,049703061580658
219,858861	-0,0514985024929047
219,959002	-0,0529573559761047
220,071486	-0,053458034992218
220,172923	-0,0529037117958069
220,277313	-0,0516621768474579
220,391140	-0,0491573512554169
220,491416	-0,0466199815273285
220,602822	-0,0439643561840057
220,705454	-0,0425742864608765
220,806917	-0,0417943298816681
220,919608	-0,0418654978275299
221,021112	-0,0432382524013519
221,121239	-0,0445244610309601
221,222311	-0,0469146370887756
221,336761	-0,0501561760902405
221,437238	-0,0518130958080292
221,540322	-0,0529154539108276
221,652439	-0,0533112585544586
221,754229	-0,0524351596832275
221,867600	-0,0510406196117401
221,978452	-0,0487766265869141
222,092179	-0,0458747446537018
222,195528	-0,0440073609352112
222,311469	-0,042032778263092
222,417498	-0,0416595935821533
222,531266	-0,0422234535217285
222,632031	-0,0437372922897339
222,744919	-0,0459558963775635
222,847435	-0,0484478771686554
222,948056	-0,0507633686065674
223,060800	-0,0522599220275879
223,175568	-0,0532750189304352
223,278952	-0,0530251264572144
223,379782	-0,0517456829547882
223,491531	-0,0496670603752136
223,593342	-0,0476311147212982
223,699799	-0,0447920560836792
223,814281	-0,0428763926029205
223,915060	-0,0418421030044556
224,026467	-0,0417914688587189
224,128645	-0,0428352653980255
224,242708	-0,0443691611289978
224,345687	-0,0466977059841156
224,447392	-0,0496272444725037
224,551192	-0,0517187714576721
224,662791	-0,0530571639537811
224,764420	-0,0534114837646484
224,877596	-0,052843451499939
224,980765	-0,0516315400600433
225,081259	-0,0495272576808929
225,188660	-0,0466195046901703
225,289584	-0,044342428445816
225,396437	-0,0431144237518311
225,496780	-0,0419310033321381
225,609173	-0,0421651601791382
225,710040	-0,0431689321994781
225,812716	-0,044787734746933
225,926092	-0,0479947030544281
226,027021	-0,0500194132328033
226,138909	-0,0517607629299164
226,239074	-0,0531173646450043
226,341408	-0,0534349977970123
226,441781	-0,0527850687503815
226,550556	-0,0514645278453827
226,658936	-0,0492735803127289
226,760924	-0,0463686287403107
226,875025	-0,0444432497024536
226,977499	-0,0424820482730865
227,086064	-0,041843056678772
227,199749	-0,0422311127185822
227,301645	-0,0436206758022308
227,414068	-0,0457759201526642
227,518108	-0,0478010475635529
227,619421	-0,0502385199069977
227,731012	-0,0521741509437561
227,832716	-0,0533328950405121
227,944363	-0,0532557368278503
228,044515	-0,0523315370082855
228,157709	-0,0504896640777588
228,258569	-0,0481255352497101
228,361967	-0,0456150472164154
228,474917	-0,0438572764396667
228,576502	-0,0422157943248749
228,689438	-0,0418353974819183
228,801661	-0,0426316559314728
228,916338	-0,0442458689212799
229,030361	-0,0469851791858673
229,143609	-0,0494940578937531
229,246662	-0,0516131222248077
229,357398	-0,0531046688556671
229,458597	-0,0535408556461334
229,561213	-0,0529215633869171
229,664161	-0,0517145395278931
229,779726	-0,0491193830966949
229,884889	-0,0470485687255859
229,987884	-0,0446998476982117
230,092082	-0,042840987443924
230,205737	-0,0419262051582336
230,306686	-0,0420872569084167
230,407113	-0,0432473123073578
230,509620	-0,0452692806720734
230,623094	-0,0472343862056732
230,724185	-0,0497035384178162
230,836290	-0,0518102645874023
230,939205	-0,0530914962291718
231,042464	-0,0534462630748749
231,156976	-0,0526998341083527
231,270643	-0,0506575107574463
231,374959	-0,0487547814846039
231,475075	-0,0462231338024139
231,576966	-0,0439753234386444
231,682713	-0,0422712564468384
231,785518	-0,041807234287262
231,899275	-0,0422745943069458
231,999431	-0,043726772069931
232,112380	-0,0454507768154144
232,216910	-0,0479209423065186
232,318527	-0,0502905547618866
232,430949	-0,0523791015148163
232,534636	-0,0531983375549316
232,647438	-0,0531456172466278
232,750799	-0,0520954430103302
232,865970	-0,0494295954704285
232,968240	-0,0473344326019287
233,068993	-0,045716255903244
233,169973	-0,0429667234420776
233,282842	-0,041957288980484
233,383855	-0,0417374670505524
233,485540	-0,0422980189323425
233,597204	-0,0438840389251709
233,709457	-0,0461758673191071
233,816189	-0,0486507713794708
233,916637	-0,0509848892688751
234,029881	-0,0526692271232605
234,143512	-0,053406298160553
234,257958	-0,0529408752918243
234,359509	-0,0514248907566071
234,462279	-0,0492512881755829
234,577190	-0,0467668473720551
234,689049	-0,0444016456604004
234,792342	-0,042490154504776
234,894059	-0,0418578684329987
235,007492	-0,0420867800712585
235,108481	-0,043392151594162
235,211372	-0,0454292595386505
235,324008	-0,0474887490272522
235,424624	-0,0500028431415558
235,527142	-0,0520243048667908
235,629297	-0,0531653761863708
235,730224	-0,0535812973976135
235,842361	-0,0526838302612305
235,943215	-0,0509721636772156
236,047195	-0,0486027896404266
236,159719	-0,0465041100978851
236,260016	-0,0439098477363586
236,372375	-0,0423998236656189
236,476681	-0,0419348180294037
236,578204	-0,0422922670841217
236,691842	-0,0436460077762604
236,792021	-0,045816034078598
236,895174	-0,0478876531124115
237,004645	-0,0502986013889313
237,106390	-0,0522976219654083
237,211245	-0,0532938539981842
237,315150	-0,0533771216869354
237,416034	-0,0525232553482056
237,529648	-0,0510080456733704
237,630692	-0,0486673712730408
237,734288	-0,0457826256752014
237,847852	-0,0439265668392181
237,950038	-0,0424084365367889
238,063436	-0,0418645441532135
238,167310	-0,0423572957515717
238,269870	-0,0438931286334991
238,382659	-0,0460995137691498
238,485489	-0,0490444004535675
238,587361	-0,0510066151618958
238,697236	-0,0525279641151428
238,812083	-0,0536400973796844
238,917011	-0,0534552037715912
239,020011	-0,0521977245807648
239,130363	-0,0505676567554474
239,243095	-0,0477144122123718
239,355269	-0,0452783703804016
239,457028	-0,0433568060398102
239,559061	-0,0422081649303436
239,671462	-0,0421335995197296
239,773105	-0,0431182682514191
239,875746	-0,0449410974979401
239,989221	-0,0473572909832001
240,089991	-0,0498428046703339
240,197400	-0,0516343414783478
240,302370	-0,0531606674194336
240,404016	-0,0536523163318634
240,518589	-0,0531235039234161
240,631505	-0,0512832999229431
240,739703	-0,0493774116039276
240,840514	-0,0464363694190979
240,952795	-0,0441344976425171
241,054132	-0,0424887239933014
241,158202	-0,0418731570243835
241,266580	-0,0422325432300568
241,366593	-0,0433391034603119
241,472209	-0,0454130470752716
241,577095	-0,0474458634853363
241,678347	-0,0499171316623688
241,779067	-0,0520092248916626
241,891553	-0,0533681809902191
241,994526	-0,0535290837287903
242,097671	-0,0527280867099762
242,198405	-0,0513196587562561
242,307844	-0,0486977696418762
242,416257	-0,0466161668300629
242,518271	-0,0443347692489624
242,619411	-0,0427597463130951
242,733497	-0,04206383228302
242,836633	-0,0422984957695007
242,951377	-0,0438458025455475
243,051661	-0,0463424026966095
243,164865	-0,0488820374011993
243,268202	-0,0504830479621887
243,370287	-0,0526574552059174
243,484901	-0,0536598265171051
243,587013	-0,0535493195056915
243,688715	-0,0526876151561737
243,798948	-0,0509102642536163
243,904711	-0,0481022298336029
244,017163	-0,0456995368003845
244,119623	-0,0439815521240234
244,232053	-0,0425761938095093
244,332075	-0,0422922670841217
244,444956	-0,0429093539714813
244,549905	-0,0445368885993958
244,650217	-0,0472405850887299
244,763968	-0,0492731034755707
244,864540	-0,0515300929546356
244,966740	-0,0531093776226044
245,080575	-0,0536965131759644
245,182353	-0,0533343255519867
245,294879	-0,0518979430198669
245,400405	-0,0497575402259827
245,502592	-0,0472701191902161
245,604812	-0,0452368259429932
245,719502	-0,0430805087089539
245,822021	-0,0422506928443909
245,924074	-0,0421985983848572
246,036924	-0,0432367920875549
246,138883	-0,0454765558242798
246,242852	-0,047517329454422
246,356739	-0,0500080585479736
246,459361	-0,052097350358963
246,573453	-0,0534270107746124
246,678454	-0,053730845451355
246,780918	-0,052961140871048
246,894232	-0,0512573421001434
246,995165	-0,0489000976085663
247,095241	-0,0467611253261566
247,204827	-0,0443715453147888
247,310861	-0,042598158121109
247,421158	-0,0417446196079254
247,533223	-0,0421092212200165
247,639560	-0,0435126125812531
247,753674	-0,0460475087165833
247,861495	-0,0477086901664734
247,964852	-0,0505071580410004
248,068103	-0,052337646484375
248,176722	-0,053178071975708
248,280355	-0,0531634986400604
248,381604	-0,0522627532482147
248,495258	-0,0504641532897949
248,610156	-0,0481236279010773
248,724205	-0,0453390181064606
248,838782	-0,04338738322258
248,947319	-0,0422234535217285
249,060073	-0,0421015918254852
249,161280	-0,043214350938797
249,262102	-0,04514080286026
249,363374	-0,0471557676792145
249,465249	-0,0496106445789337
249,565777	-0,0517682731151581
249,667075	-0,0530001819133759
249,767997	-0,0536386668682098
249,868932	-0,0532378256320953
249,969256	-0,0521208941936493
250,070164	-0,0504537522792816
250,170321	-0,0476858615875244
250,271096	-0,045653223991394
250,372812	-0,043938547372818
250,474062	-0,0424447357654572
250,574186	-0,0421723425388336
250,674268	-0,0426646173000336
250,774324	-0,0441225469112396
