0,100648	-0,0803040564060211
0,201440	-0,0863571166992188
0,301752	-0,0900119245052338
0,402417	-0,0947485268115997
0,503032	-0,096095860004425
0,604470	-0,0947437584400177
0,704761	-0,0926097929477692
0,805510	-0,0882753729820251
0,906205	-0,0820313096046448
1,007017	-0,0779856443405151
1,107512	-0,072506844997406
1,207791	-0,0690326988697052
1,308265	-0,06893390417099
1,408671	-0,0692987143993378
1,509030	-0,0720250010490417
1,609316	-0,0777565836906433
1,710086	-0,0826504826545715
1,810721	-0,0877498686313629
1,911339	-0,0930655896663666
2,011941	-0,0950132310390472
2,112870	-0,0959995090961456
2,227260	-0,0950776338577271
2,335080	-0,0896531939506531
2,445327	-0,0850303173065186
2,553358	-0,0775901079177856
2,662582	-0,0730717182159424
2,771356	-0,070252925157547
2,883822	-0,0678659379482269
2,994747	-0,0692968368530273
3,107234	-0,073546826839447
3,218075	-0,0782360732555389
3,327206	-0,086039125919342
3,437911	-0,0899943113327026
3,547539	-0,0939797163009644
3,657606	-0,0964544415473938
3,766311	-0,0939406156539917
3,875557	-0,0916337668895721
3,983652	-0,0872896313667297
4,094931	-0,0798080861568451
4,204844	-0,074360728263855
4,316049	-0,0696934461593628
4,427561	-0,0685566961765289
4,539328	-0,0696877241134644
4,648260	-0,0722960829734802
4,757742	-0,078154981136322
4,867257	-0,083647221326828
4,976410	-0,0901689827442169
5,083592	-0,0943932235240936
5,191710	-0,0959213078022003
5,302688	-0,096000462770462
5,412734	-0,0927332639694214
5,524778	-0,0872639715671539
5,634985	-0,0822238028049469
5,744972	-0,0758615136146545
5,853447	-0,0714757144451141
5,961669	-0,0695115029811859
6,069773	-0,0686612129211426
6,177762	-0,0716793835163116
6,289011	-0,0761537849903107
6,399636	-0,0812438130378723
6,510140	-0,0890249609947205
6,620037	-0,0930193364620209
6,731053	-0,0962427258491516
6,841847	-0,0965626835823059
6,953370	-0,0933521389961243
7,061749	-0,0894914567470551
7,171207	-0,0831616520881653
7,282019	-0,0772248804569244
7,390548	-0,0736863613128662
7,500980	-0,0687723755836487
7,610438	-0,0689899623394012
7,719686	-0,0713346600532532
7,827422	-0,0743014216423035
7,935609	-0,0806663036346436
8,046185	-0,0868888199329376
8,156195	-0,0922632813453674
8,264726	-0,0957086086273193
8,372768	-0,0961382985115051
8,483730	-0,095222145318985
8,595735	-0,0911588072776794
8,705248	-0,0852115452289581
8,817257	-0,0800385475158691
8,925413	-0,074007660150528
9,035870	-0,0702700018882751
9,146812	-0,0691514611244202
9,256993	-0,0701080858707428
9,368567	-0,0747925639152527
9,478633	-0,0795681774616241
9,585624	-0,0856010913848877
9,693481	-0,0906911790370941
9,804187	-0,0941533148288727
9,914866	-0,0963810086250305
10,026871	-0,0955445468425751
10,137583	-0,0914922654628754
10,249077	-0,0861473381519318
10,360545	-0,0805525183677673
10,471043	-0,0743118524551392
10,581715	-0,070034921169281
10,691540	-0,0681652426719666
10,802789	-0,0696183741092682
10,913540	-0,0724641382694244
11,024076	-0,0792803466320038
11,136895	-0,0846944451332092
11,246795	-0,0888647437095642
11,357472	-0,0944332778453827
11,469006	-0,0967128574848175
11,579448	-0,0956704616546631
11,689219	-0,0935357511043549
11,800190	-0,0871143639087677
11,909118	-0,0805928111076355
12,018053	-0,0761101245880127
12,129410	-0,0704865753650665
12,241962	-0,0692692697048187
12,353434	-0,0695708990097046
12,464446	-0,0721171200275421
12,573741	-0,0775516629219055
12,682397	-0,0826870203018188
12,791992	-0,0888362228870392
12,902459	-0,0937550961971283
13,012943	-0,0958230793476105
13,124087	-0,0965445637702942
13,233788	-0,0931971669197083
13,342355	-0,0885315239429474
13,450695	-0,0841347575187683
13,562154	-0,0766162872314453
13,673574	-0,0722870826721191
13,785625	-0,0693851709365845
13,896072	-0,0683638155460358
14,005049	-0,0716404616832733
14,117117	-0,0761774778366089
14,227804	-0,0813395380973816
14,339741	-0,0874947905540466
14,449572	-0,0926765501499176
14,559309	-0,0962551236152649
14,669500	-0,0961874127388
14,780691	-0,0944475829601288
14,887089	-0,0901951491832733
14,997812	-0,0828922986984253
15,108927	-0,0776309072971344
15,217891	-0,0725842416286469
15,328987	-0,0691643059253693
15,440777	-0,0692383944988251
15,552307	-0,0707026720046997
15,663134	-0,0744181275367737
15,774459	-0,0809787511825562
15,884004	-0,0873774886131287
15,993113	-0,0912754833698273
16,103873	-0,0949126183986664
16,214545	-0,0961053967475891
16,325799	-0,0951105356216431
16,436271	-0,0906930565834045
16,548262	-0,0856471359729767
16,657810	-0,0788810253143311
16,767172	-0,0726729929447174
16,877220	-0,070404440164566
16,988010	-0,0686047077178955
17,099993	-0,0704110860824585
17,210748	-0,0736507773399353
17,322168	-0,0790968239307404
17,432294	-0,0854663252830505
17,542268	-0,0905897617340088
17,652370	-0,0941580832004547
17,761636	-0,0963137745857239
17,872764	-0,0947485268115997
17,983500	-0,0902984142303467
18,093460	-0,0846123695373535
18,202628	-0,0793931782245636
18,312036	-0,0753823518753052
18,422134	-0,0702899694442749
18,533327	-0,068495899438858
18,644936	-0,0696302652359009
18,754838	-0,0720895826816559
18,866860	-0,0783205032348633
18,977104	-0,0848846733570099
19,087768	-0,0892484784126282
19,198210	-0,0941280424594879
19,308589	-0,0956594944000244
19,420697	-0,0951792299747467
19,531881	-0,0910935401916504
19,641543	-0,0864420831203461
19,750721	-0,0802258551120758
19,860926	-0,0743151903152466
19,971030	-0,0708346664905548
20,080634	-0,0690635740756989
20,189885	-0,069224625825882
20,297994	-0,0723355114459991
20,408986	-0,0770768821239471
20,519230	-0,0825025737285614
20,629598	-0,0897350311279297
20,738996	-0,0929969251155853
20,847353	-0,0960519909858704
20,956470	-0,0958307087421417
21,066171	-0,0918624699115753
21,175565	-0,0882230997085571
21,283695	-0,0832782983779907
21,391902	-0,0761561393737793
21,500565	-0,0719238817691803
21,609768	-0,0682607293128967
21,717573	-0,068148136138916
21,826282	-0,0711138844490051
21,933921	-0,0742810070514679
22,041927	-0,0803557634353638
22,151214	-0,0851963758468628
22,260537	-0,0918934345245361
22,369170	-0,0954596698284149
22,478128	-0,095693826675415
22,586911	-0,0941542685031891
22,696515	-0,0901656448841095
22,806003	-0,0851849913597107
22,914469	-0,0797824859619141
23,023973	-0,0733522474765778
23,133175	-0,0696644484996796
23,244509	-0,068761944770813
23,353243	-0,0692878067493439
23,461700	-0,0730029046535492
23,571070	-0,0789853930473328
23,680786	-0,0835329592227936
23,789059	-0,0903984010219574
23,898379	-0,0938290059566498
24,007213	-0,0954568088054657
24,116951	-0,0948043465614319
24,226268	-0,0908463895320892
24,335397	-0,0853182971477509
24,445199	-0,0802102088928223
24,554599	-0,0742715299129486
24,664887	-0,0705098509788513
24,775180	-0,067648321390152
24,885934	-0,0685581266880035
24,995794	-0,0711618363857269
25,106545	-0,0753197073936462
25,218094	-0,082566112279892
25,329103	-0,0882055163383484
25,439813	-0,0926746428012848
25,550187	-0,0958507359027863
25,662253	-0,0951806604862213
25,774019	-0,09276282787323
25,885014	-0,0879327654838562
25,995691	-0,0817439556121826
26,107057	-0,0746136605739594
26,217220	-0,0705174505710602
26,325396	-0,0681757032871246
26,434655	-0,0683253407478333
26,545136	-0,0702177882194519
26,656450	-0,0750682353973389
26,764592	-0,0805691182613373
26,875533	-0,0861909985542297
26,983840	-0,0929830968379974
27,093354	-0,0949660241603851
27,202797	-0,0954959094524384
27,311492	-0,0933211445808411
27,420543	-0,0886703133583069
27,529230	-0,0825992822647095
27,641136	-0,0774421095848083
27,752371	-0,0723093748092651
27,862085	-0,0690488517284393
27,973569	-0,0679177045822144
28,084956	-0,0701864361763
28,196756	-0,0740897655487061
28,308792	-0,0813608765602112
28,420922	-0,0865493714809418
28,532109	-0,0911469161510468
28,641229	-0,0947346985340118
28,750912	-0,0956199169158936
28,861030	-0,0937746465206146
28,972601	-0,0903317332267761
29,082363	-0,0837036669254303
29,192851	-0,0770057439804077
29,302322	-0,0722856521606445
29,411258	-0,0686726272106171
29,520138	-0,0682227313518524
29,630120	-0,0694483518600464
29,740504	-0,0734514594078064
29,850773	-0,0782228112220764
29,960693	-0,0846346914768219
30,072065	-0,0909649729728699
30,181934	-0,0944976508617401
30,292782	-0,0952469408512115
30,404762	-0,0943102240562439
30,514172	-0,0903036594390869
30,623288	-0,0849800407886505
30,732457	-0,0795421004295349
30,843089	-0,0736820995807648
30,952097	-0,0701152086257935
31,063115	-0,0682369768619537
31,175106	-0,068707287311554
31,286281	-0,0728946924209595
31,398312	-0,0775464773178101
31,509771	-0,0834058523178101
31,620979	-0,0899786055088043
31,730872	-0,0934427380561829
31,842282	-0,0956861972808838
31,953019	-0,0944990813732147
32,064128	-0,0904926359653473
32,175572	-0,0865750014781952
32,285683	-0,0802960097789764
32,394031	-0,0750150978565216
32,500895	-0,0708337128162384
32,609870	-0,0680074989795685
32,718931	-0,0689937472343445
32,828041	-0,0710260272026062
32,938202	-0,0752959847450256
33,047183	-0,0832944214344025
33,155716	-0,0875660479068756
33,265925	-0,092556893825531
33,374852	-0,0952297747135162
33,485184	-0,0951219797134399
33,596797	-0,0933273434638977
33,706132	-0,087739884853363
33,816161	-0,0831550359725952
33,926656	-0,0768212080001831
34,034990	-0,071788102388382
34,145494	-0,0692217648029327
34,255088	-0,0689201354980469
34,367206	-0,071223109960556
34,478149	-0,0759378969669342
34,588561	-0,0800812244415283
34,700052	-0,0860244035720825
34,809766	-0,0925382971763611
34,918763	-0,0947580635547638
35,029667	-0,0958388149738312
35,140839	-0,0939053297042847
35,248717	-0,0883675515651703
35,360162	-0,0838696360588074
35,471072	-0,0776854455471039
35,579938	-0,0731097161769867
35,688105	-0,0697832107543945
35,797176	-0,0685144066810608
35,906864	-0,0708793103694916
36,016005	-0,0743488669395447
36,125317	-0,0809692740440369
36,236015	-0,0848908424377441
36,348039	-0,089823991060257
36,457096	-0,094578742980957
36,569096	-0,0957314968109131
36,681144	-0,0940121412277222
36,791088	-0,0912778675556183
36,901822	-0,0847736597061157
37,013399	-0,0793434083461761
37,124073	-0,0741429328918457
37,232052	-0,0701517760753632
37,341471	-0,0690493285655975
37,452007	-0,0699437260627747
37,563955	-0,0735957324504852
37,673169	-0,0788303017616272
37,781741	-0,0842149257659912
37,890687	-0,0899624526500702
38,001748	-0,0942701697349548
38,110523	-0,0956833362579346
38,220483	-0,0949860513210297
38,329554	-0,0919101238250732
38,436854	-0,0872421264648438
38,545339	-0,0806961953639984
38,653168	-0,0749652683734894
38,762038	-0,0712824463844299
38,872173	-0,0692108571529388
38,983628	-0,0689324736595154
39,094594	-0,0722201466560364
39,206084	-0,0763809978961945
39,317939	-0,0822185873985291
39,429937	-0,0879783928394318
39,538256	-0,0935634076595306
39,646734	-0,0957978069782257
39,756607	-0,0950442552566528
39,867200	-0,0929621160030365
39,978875	-0,0877285003662109
40,090830	-0,0817089080810547
40,201336	-0,0773074328899384
40,311240	-0,0725006759166718
40,423359	-0,0690645277500153
40,533746	-0,0693486034870148
40,644296	-0,0709244012832642
40,754798	-0,0752646625041962
40,865773	-0,0826030969619751
40,977523	-0,0871433615684509
41,087570	-0,0923304855823517
41,197310	-0,0949407517910004
41,306942	-0,0954505801200867
41,418445	-0,0925292372703552
41,528089	-0,0893435478210449
41,639501	-0,0832939445972443
41,749842	-0,0774786472320557
41,860931	-0,0724911987781525
41,970992	-0,0698131322860718
42,081741	-0,0686412751674652
42,194003	-0,0710065960884094
42,305822	-0,0750772356987
42,418098	-0,0802097320556641
42,528990	-0,0863704085350037
42,641278	-0,0918495953083038
42,753154	-0,0950523614883423
42,865448	-0,0959632694721222
42,977207	-0,0938089787960052
43,089580	-0,0894153714179993
43,199417	-0,0837259590625763
43,308166	-0,0779297053813934
43,418706	-0,0733726620674133
43,529023	-0,0691134631633759
43,640792	-0,0693557262420654
43,752405	-0,0713019371032715
43,862171	-0,0737722516059875
43,972410	-0,0802267789840698
44,081610	-0,0864971578121185
44,192617	-0,0907763838768005
44,304144	-0,0945487022399902
44,413184	-0,0953795313835144
44,523895	-0,0941404402256012
44,632841	-0,0901390016078949
44,741860	-0,0847992599010468
44,851183	-0,0785277485847473
44,960366	-0,0732269287109375
45,070421	-0,0702747702598572
45,181568	-0,0692403018474579
45,291860	-0,0702752470970154
45,401865	-0,0749135613441467
45,512231	-0,0789393782615662
45,621577	-0,0846081078052521
45,733174	-0,0901937186717987
45,845194	-0,0936859548091888
45,954771	-0,0957410335540771
46,064384	-0,0945968627929688
46,175779	-0,0910444855690002
46,284884	-0,0864098072052002
46,395731	-0,0803652405738831
46,505607	-0,0744708180427551
46,614672	-0,0703175067901611
46,722840	-0,0689401030540466
46,832842	-0,0697889029979706
46,944480	-0,0729886591434479
47,056272	-0,0777214765548706
47,166382	-0,0837103128433228
47,276345	-0,0887863039970398
47,385510	-0,0940102338790894
47,497033	-0,0958373844623566
47,608006	-0,0951391458511353
47,715903	-0,0925807356834412
47,824894	-0,087561309337616
47,934131	-0,082015186548233
48,044652	-0,0766988396644592
48,155537	-0,0713788270950317
48,266479	-0,0695779919624329
48,378480	-0,0696074664592743
48,490438	-0,0720497071743011
48,601258	-0,0775943696498871
48,710197	-0,0828027129173279
48,821206	-0,0894729197025299
48,930520	-0,0928963124752045
49,039924	-0,0948806405067444
49,149864	-0,095259815454483
49,260611	-0,0928348302841187
49,370181	-0,0876838564872742
49,478020	-0,0822337567806244
49,588187	-0,0763847827911377
49,696792	-0,0722628533840179
49,805816	-0,0698639452457428
49,915207	-0,0691077411174774
50,022038	-0,0720321536064148
50,129929	-0,0752490162849426
50,239205	-0,0807492733001709
50,348947	-0,0856234133243561
50,459766	-0,0911345183849335
50,570922	-0,0950585603713989
50,682185	-0,0955435931682587
50,793144	-0,0938366651535034
50,902061	-0,0896384716033936
51,011211	-0,0829141438007355
51,122724	-0,0784295797348022
51,232601	-0,0734542906284332
51,342759	-0,0694763660430908
51,450554	-0,0689481496810913
51,558829	-0,0703279674053192
51,668686	-0,0741561949253082
51,778453	-0,0804453492164612
51,889679	-0,0849658250808716
52,000460	-0,089617520570755
52,112398	-0,0941742956638336
52,224061	-0,0955063998699188
52,332160	-0,0949030816555023
52,442282	-0,0905202627182007
52,554201	-0,0855726301670074
52,663621	-0,0798877477645874
52,773576	-0,0736213326454163
52,884532	-0,0708052217960358
52,994547	-0,0687681138515472
53,102845	-0,0694478750228882
53,211143	-0,0726621150970459
53,320844	-0,0779145359992981
53,431616	-0,083854466676712
53,541750	-0,0892517864704132
53,650704	-0,0937627255916595
53,758349	-0,0954262614250183
53,867633	-0,0950132310390472
53,979050	-0,0922942459583282
54,088516	-0,0878776609897614
54,199143	-0,0820080637931824
54,310804	-0,0751503109931946
54,422765	-0,071623831987381
54,533830	-0,0692611932754517
54,644800	-0,0699499249458313
54,755869	-0,0724290013313293
54,866860	-0,0772922337055206
54,976269	-0,0828937292098999
55,086244	-0,0873209536075592
55,197514	-0,0930493772029877
55,308766	-0,0954205393791199
55,420788	-0,095570296049118
55,531098	-0,0935185849666595
55,640178	-0,0880258977413177
55,751673	-0,0826855897903442
55,863672	-0,0761305093765259
55,974762	-0,072268545627594
56,086738	-0,0696088671684265
56,196494	-0,0692307949066162
56,307937	-0,0717159509658813
56,416056	-0,0760351419448853
56,525888	-0,0812290906906128
56,635850	-0,0871965289115906
56,745759	-0,0925039947032928
56,854034	-0,0949035584926605
56,963313	-0,0958259403705597
57,073348	-0,0933969616889954
57,184061	-0,0894362926483154
57,292465	-0,0840408504009247
57,404594	-0,0781283974647522
57,516111	-0,0735828876495361
57,624853	-0,0701194703578949
57,735508	-0,0691314935684204
57,845454	-0,0716423690319061
57,955944	-0,0747707188129425
58,067452	-0,0802936255931854
58,176645	-0,0859214067459106
58,287859	-0,0916561484336853
58,398360	-0,0951567888259888
58,507970	-0,0958030521869659
58,619355	-0,094362199306488
58,729729	-0,0897345542907715
58,841285	-0,0850991010665894
58,952013	-0,0788207948207855
59,062489	-0,0735292732715607
59,173227	-0,0699769854545593
59,283809	-0,0692479014396667
59,394444	-0,0701717138290405
59,503986	-0,0738619565963745
59,613531	-0,0796663165092468
59,723141	-0,0853069126605988
59,834133	-0,0900071859359741
59,946113	-0,0941514074802399
60,055539	-0,0959418118000031
60,166980	-0,0949254930019379
60,276627	-0,090678334236145
60,386804	-0,0867587327957153
60,497194	-0,0799238085746765
60,606088	-0,0747783184051514
60,716833	-0,0706950426101685
60,828536	-0,0691894888877869
60,937913	-0,0701076090335846
61,048689	-0,0736465156078339
61,157639	-0,0775056779384613
61,266046	-0,0843609869480133
61,376379	-0,0894210934638977
61,485316	-0,0942191481590271
61,594771	-0,0957901775836945
61,705449	-0,0947604477405548
61,814421	-0,0918615162372589
61,924783	-0,0867924690246582
62,033751	-0,0820569097995758
62,144661	-0,075978696346283
62,254835	-0,071000874042511
62,364797	-0,0695461928844452
62,476345	-0,0697195529937744
62,587396	-0,0726269483566284
62,696901	-0,0775232315063477
62,806646	-0,0828136205673218
62,918246	-0,0875251889228821
63,028335	-0,0935553014278412
63,138474	-0,0953208804130554
63,247064	-0,0956833362579346
63,355911	-0,0932863354682922
63,465864	-0,0880206525325775
63,575004	-0,0836476981639862
63,685265	-0,077761322259903
63,795468	-0,0730627179145813
63,906339	-0,0697917342185974
64,014886	-0,0691490769386292
64,126599	-0,071363627910614
64,237346	-0,0751716792583466
64,347871	-0,0814291834831238
64,458131	-0,0871832370758057
64,568821	-0,0917338132858276
64,679952	-0,0953237414360046
64,789414	-0,0956985950469971
64,899261	-0,0937722623348236
65,010387	-0,090173751115799
65,118524	-0,0847063064575195
65,227401	-0,0774388015270233
65,337358	-0,0728163421154022
65,447883	-0,0701731443405151
65,558989	-0,0694649517536163
65,668587	-0,0708132982254028
65,778118	-0,074311375617981
65,889592	-0,0796079933643341
65,999797	-0,0859717130661011
66,109202	-0,0911973714828491
66,219876	-0,0947075188159943
66,330170	-0,0957810878753662
66,439737	-0,0948138833045959
66,550207	-0,0903702974319458
66,660702	-0,0852570831775665
66,772285	-0,0796558856964111
66,883700	-0,0743460357189178
66,994467	-0,070904016494751
67,106457	-0,0693581104278564
67,218468	-0,0701109170913696
67,327882	-0,0741623640060425
67,438917	-0,0789137780666351
67,549354	-0,0856831967830658
67,657468	-0,0900304913520813
67,767568	-0,0942534804344177
67,879319	-0,0959155857563019
67,989075	-0,0946712791919708
68,100985	-0,0920392572879791
68,212315	-0,0865797698497772
68,321947	-0,0807222723960876
68,434311	-0,0755811333656311
68,545605	-0,0715749263763428
68,656328	-0,0692954063415527
68,766219	-0,0706285834312439
68,875412	-0,07370725274086
68,985389	-0,0788288712501526
69,094564	-0,0844672322273254
69,202969	-0,089665561914444
69,312088	-0,0939487218856812
69,423301	-0,0957820415496826
69,530755	-0,0953046679496765
69,640968	-0,0926431715488434
69,751556	-0,0868679583072662
69,861036	-0,0823408663272858
69,972393	-0,0760214030742645
70,083205	-0,0723122358322144
70,191869	-0,0698606371879578
70,301145	-0,0698235630989075
70,410820	-0,0723862946033478
70,520125	-0,0768444538116455
70,628666	-0,0820986032485962
70,738899	-0,0878263711929321
70,846990	-0,092438668012619
70,957783	-0,0954458117485046
71,066333	-0,0958683788776398
71,175581	-0,0931309163570404
71,283850	-0,0881432592868805
71,392419	-0,0835618674755096
71,502231	-0,0777802765369415
71,611501	-0,0733233094215393
71,721269	-0,070230633020401
71,831592	-0,0695946216583252
71,940751	-0,0717482268810272
72,050036	-0,0755645334720612
72,158726	-0,0810162425041199
72,268234	-0,0866709053516388
72,376238	-0,0914565026760101
72,485540	-0,0950323343276978
72,595842	-0,0958092510700226
72,707817	-0,0944966971874237
72,818646	-0,0910444855690002
72,930600	-0,0847366750240326
73,041136	-0,0793210864067078
73,150848	-0,0742477774620056
73,262065	-0,0711295604705811
73,374627	-0,0696406960487366
73,484222	-0,0705212354660034
73,594041	-0,0738477110862732
73,702836	-0,0788654088973999
73,809694	-0,0851892530918121
73,921320	-0,0906211733818054
74,031445	-0,0942038595676422
74,142258	-0,0956461429595947
74,251885	-0,0946836769580841
74,362607	-0,0909725725650787
74,472133	-0,0870084762573242
74,582531	-0,0804226100444794
74,692956	-0,0750971734523773
74,803293	-0,0714662075042725
74,912805	-0,0693742632865906
75,024300	-0,0700957179069519
75,133493	-0,0731021165847778
75,242822	-0,0783470571041107
75,351853	-0,0832384526729584
75,460253	-0,0894914567470551
75,568569	-0,0941914618015289
75,676285	-0,0957796573638916
75,785392	-0,0957415103912354
75,895266	-0,0929130017757416
76,005307	-0,0875361263751984
76,114359	-0,0817752480506897
76,226035	-0,0774326324462891
76,335006	-0,072844386100769
76,443765	-0,0698986053466797
76,554815	-0,0699304342269897
76,666826	-0,0716713070869446
76,778438	-0,0766319334506989
76,887984	-0,0829506516456604
76,998207	-0,0884017646312714
77,107303	-0,0924791991710663
77,218214	-0,0953585505485535
77,327357	-0,0959403812885284
77,436351	-0,0944318473339081
77,546109	-0,0903060436248779
77,655951	-0,0842865407466888
77,764525	-0,07767453789711
77,873694	-0,0736816227436066
77,980898	-0,0711191296577454
78,090520	-0,0695808529853821
78,200222	-0,0715877413749695
78,310812	-0,074733704328537
78,422950	-0,0795828700065613
78,534263	-0,0863490402698517
78,645043	-0,0919382274150848
78,754357	-0,0951062440872192
78,864663	-0,0961273312568665
78,975781	-0,094208151102066
79,085606	-0,0906135737895966
79,196488	-0,0853387117385864
79,308358	-0,0804775953292847
79,418993	-0,0739378929138184
79,529269	-0,0708892941474915
79,640896	-0,0694416761398315
79,749431	-0,0704334080219269
79,858058	-0,0747916102409363
79,967416	-0,0792053937911987
80,074117	-0,0838345587253571
80,185356	-0,0899172425270081
80,293696	-0,0939949750900269
80,402999	-0,0955698192119598
80,513819	-0,0950013101100922
80,624594	-0,0920492708683014
80,735795	-0,0853486657142639
80,845933	-0,0807786583900452
80,954848	-0,0753681063652039
81,066447	-0,0713774263858795
81,176091	-0,0695537924766541
81,285565	-0,0700430274009705
81,395572	-0,0725643038749695
81,504605	-0,0770825743675232
81,613477	-0,0843998789787292
81,720209	-0,0881845951080322
81,829587	-0,0931771397590637
81,939707	-0,0955578982830048
82,049754	-0,0955345332622528
82,158762	-0,092854380607605
82,269742	-0,0885500311851501
82,378461	-0,0820587873458862
82,487449	-0,0765513181686401
82,595218	-0,0723478198051453
82,705421	-0,0699708163738251
82,814175	-0,0696069896221161
82,924808	-0,0718109011650085
83,034195	-0,0766338407993317
83,144464	-0,0803567171096802
83,254014	-0,086835652589798
83,361975	-0,0916337668895721
83,472423	-0,095229297876358
83,582198	-0,0955412089824677
83,690974	-0,0931232869625092
83,798683	-0,0896027684211731
83,909832	-0,085055947303772
84,018285	-0,0795847773551941
84,128846	-0,0736308395862579
84,238485	-0,0703441202640533
84,347438	-0,0693410038948059
84,457743	-0,070425808429718
84,567479	-0,0747398734092712
84,676838	-0,0789365172386169
84,786105	-0,0854198336601257
84,894430	-0,0907240211963654
85,005279	-0,0945978164672852
85,116696	-0,0957367420196533
85,227279	-0,0943975150585175
85,338800	-0,0913702845573425
85,450476	-0,0857809484004974
85,560401	-0,0800219476222992
85,671304	-0,0756480097770691
85,780617	-0,0713109374046326
85,887923	-0,0694797039031982
85,997806	-0,0703198909759521
86,108317	-0,0732947885990143
86,216991	-0,0787254869937897
86,326695	-0,0845142006874084
86,437498	-0,0896665155887604
86,549024	-0,093747466802597
86,661078	-0,0958373844623566
86,772575	-0,094879686832428
86,884003	-0,09255450963974
86,995327	-0,0878852605819702
87,106869	-0,0813547074794769
87,218862	-0,0761561393737793
87,327493	-0,0718854367733002
87,436817	-0,0698021948337555
87,546772	-0,0702505707740784
87,657775	-0,0736232399940491
87,766222	-0,0777010917663574
87,874275	-0,0830786824226379
87,980602	-0,0885685980319977
88,091087	-0,093076080083847
88,202892	-0,0955998599529266
88,312663	-0,0956523418426514
88,423723	-0,0926889479160309
88,533914	-0,0872953236103058
88,646261	-0,0827647745609283
88,757112	-0,0780326128005981
88,864771	-0,072173148393631
88,975817	-0,0701194703578949
89,086297	-0,0695666074752808
89,196203	-0,0716755986213684
89,306513	-0,0771262049674988
89,415803	-0,0826813280582428
89,525810	-0,088186502456665
89,636831	-0,0919172763824463
89,745904	-0,0950175225734711
89,856576	-0,0956804752349854
89,968584	-0,0938400030136108
90,077440	-0,0901170969009399
90,187754	-0,0838355123996735
90,297454	-0,078330934047699
90,407674	-0,072956383228302
90,519899	-0,070061057806015
90,629162	-0,0698288083076477
90,738760	-0,0709576606750488
90,848380	-0,0744603872299194
90,958248	-0,0805084407329559
91,068427	-0,0859940350055695
91,178455	-0,0910702347755432
91,288378	-0,0948935151100159
91,397828	-0,0956404209136963
91,508404	-0,0941738188266754
91,615755	-0,0903331637382507
91,726165	-0,0852006375789642
91,839438	-0,0796843469142914
91,949641	-0,0745116472244263
92,057714	-0,0706922113895416
92,165310	-0,069543331861496
92,275622	-0,0708194673061371
92,387403	-0,0750966966152191
92,495236	-0,078336626291275
92,605935	-0,0848467350006104
92,717112	-0,0901404321193695
92,826503	-0,0943660140037537
92,937813	-0,0959327518939972
93,047287	-0,0947762131690979
93,157837	-0,0915094017982483
93,268179	-0,0857667028903961
93,378717	-0,080061286687851
93,491033	-0,0758454203605652
93,602765	-0,0713688731193542
93,714587	-0,0697224140167236
93,824237	-0,0702728629112244
93,932558	-0,0728035569190979
94,041405	-0,0781137049198151
94,152477	-0,0845891535282135
94,261452	-0,0897616744041443
94,372846	-0,0933344960212708
94,483924	-0,0957210063934326
94,594085	-0,0952531397342682
94,703945	-0,0931456983089447
94,813646	-0,0878273248672485
94,921844	-0,0814908146858215
95,032200	-0,077043205499649
95,139971	-0,0720905363559723
95,248757	-0,0700876712799072
95,357480	-0,0700339674949646
95,466685	-0,0721375346183777
95,574585	-0,076310783624649
95,683983	-0,0814623534679413
95,793073	-0,0879883468151093
95,904498	-0,0925435423851013
96,013872	-0,0949450433254242
96,122930	-0,0958369076251984
96,231178	-0,093252956867218
96,341578	-0,089809238910675
96,451094	-0,0836809277534485
96,560409	-0,0780558586120605
96,669543	-0,0735392272472382
96,777422	-0,0709324777126312
96,887710	-0,069716215133667
96,997148	-0,0715117752552032
97,107590	-0,0758197903633118
97,216849	-0,0801917016506195
97,324488	-0,0848832428455353
97,432592	-0,0914579629898071
97,540661	-0,0948243737220764
97,649676	-0,0957591533660889
97,760257	-0,094702273607254
97,869792	-0,0915617942810059
97,980201	-0,0865816473960876
98,089573	-0,0810660123825073
98,198764	-0,0750734508037567
98,306846	-0,0713005065917969
98,415892	-0,0697722733020782
98,526276	-0,0703825950622559
98,638502	-0,0732952952384949
98,748678	-0,0779832899570465
98,857375	-0,0833939909934998
98,967924	-0,0888186395168304
99,078031	-0,093129962682724
99,187615	-0,0957019329071045
99,296067	-0,0949836671352386
99,403081	-0,0924663245677948
99,511754	-0,087984561920166
99,620996	-0,082589328289032
99,731456	-0,077148050069809
99,841110	-0,0723772644996643
99,951370	-0,0702030658721924
100,062494	-0,0706133842468262
100,172635	-0,0728533864021301
100,283105	-0,0770503282546997
100,392323	-0,0824342966079712
100,501614	-0,0879579484462738
100,612535	-0,0924653708934784
100,722413	-0,0954009890556335
100,832067	-0,0957248210906982
100,941342	-0,09291872382164
101,051245	-0,0901485085487366
101,161376	-0,0848775506019592
101,270045	-0,0784955024719238
101,381336	-0,0738676488399506
101,491530	-0,0708171129226685
101,603192	-0,0700957179069519
101,713637	-0,0725443661212921
101,823610	-0,0767439007759094
101,933782	-0,082060694694519
102,042059	-0,0865830779075623
102,149546	-0,0915465652942657
102,258793	-0,095170646905899
102,369381	-0,0958550274372101
102,478656	-0,0946541130542755
102,589837	-0,0903607606887817
102,700865	-0,0843396484851837
102,809062	-0,0797445774078369
102,917267	-0,0747242271900177
103,026147	-0,0713712573051453
103,135105	-0,0699551403522491
103,245786	-0,0709140002727509
103,355880	-0,0741329491138458
103,467904	-0,0796341001987457
103,578244	-0,0842761099338531
103,689591	-0,0903193652629852
103,799486	-0,0939897298812866
103,910025	-0,0957367420196533
104,021415	-0,0949274003505707
104,132953	-0,0918658077716827
104,242741	-0,0863623321056366
104,353730	-0,0797976553440094
104,463593	-0,074920654296875
104,573506	-0,0717700719833374
104,684913	-0,0698492228984833
104,796832	-0,0706959962844849
104,905770	-0,07427579164505
105,018164	-0,0783100724220276
105,128705	-0,0838189125061035
105,239267	-0,0898406505584717
105,348436	-0,0932863354682922
105,460090	-0,0955540835857391
105,571185	-0,0949927270412445
105,680341	-0,0921822488307953
105,790056	-0,0874781608581543
105,900771	-0,0812414288520813
106,011597	-0,0768231153488159
106,120838	-0,0716076791286469
106,229328	-0,0703336596488953
106,338953	-0,0701945126056671
106,451055	-0,0729919672012329
106,560647	-0,0782066881656647
106,670927	-0,0826542973518372
106,779481	-0,0881622433662415
106,891169	-0,093166172504425
107,003484	-0,0956995487213135
107,112287	-0,0955536067485809
107,222753	-0,0936497151851654
107,331493	-0,0889222621917725
107,440613	-0,0835974514484406
107,549530	-0,0781317353248596
107,659369	-0,073102593421936
107,767931	-0,0705497562885284
107,877014	-0,0701873898506165
107,986605	-0,0724280476570129
108,095967	-0,0762856602668762
108,205627	-0,0815552771091461
108,314242	-0,0878116488456726
108,423636	-0,0916551947593689
108,532586	-0,0948935151100159
108,643447	-0,0956194400787354
108,755379	-0,0942763686180115
108,866952	-0,0907364189624786
108,977137	-0,0856414437294006
109,088775	-0,0785239338874817
109,200506	-0,0738818943500519
109,310942	-0,0713024139404297
109,420303	-0,0702776312828064
109,530338	-0,071739673614502
109,639331	-0,0761708319187164
109,749173	-0,0794647932052612
109,857586	-0,085756242275238
109,967607	-0,0915432274341583
110,077556	-0,0943216681480408
110,188787	-0,0958316624164581
110,298863	-0,0945544242858887
110,407461	-0,0903079509735107
110,515772	-0,0871010720729828
110,625519	-0,0807867348194122
110,734064	-0,0757960379123688
110,842645	-0,0722723603248596
110,952500	-0,0705682635307312
111,060450	-0,0709999203681946
111,170811	-0,0747911334037781
111,278885	-0,0794600546360016
111,387377	-0,0840380191802979
111,496401	-0,0900681018829346
111,608167	-0,0939844846725464
111,718765	-0,0959999859333038
111,829281	-0,0954515337944031
111,937120	-0,0933435559272766
112,046494	-0,0882549285888672
112,155381	-0,0818207859992981
112,264903	-0,0774866938591003
112,373982	-0,0731073319911957
112,480907	-0,0706195831298828
112,588640	-0,0704728364944458
112,698201	-0,07248455286026
112,806753	-0,0774388015270233
112,916117	-0,083764374256134
113,025303	-0,0874439775943756
113,134273	-0,0924467742443085
113,241586	-0,0959403812885284
113,349570	-0,0965707898139954
113,458117	-0,0947499573230743
113,567924	-0,091472715139389
113,678974	-0,0854914784431458
113,788487	-0,0798019170761108
113,898597	-0,0747877955436707
114,008870	-0,0714305937290192
114,117889	-0,0700938403606415
114,226518	-0,0721109509468079
114,337012	-0,074530154466629
114,447020	-0,0793182551860809
114,556688	-0,0859451293945313
114,665380	-0,0910506844520569
114,773833	-0,0947852730751038
114,882316	-0,0964315533638
114,991635	-0,0954682528972626
115,101640	-0,0923343002796173
115,211808	-0,0874729454517365
115,320316	-0,0817852020263672
115,432214	-0,0756926238536835
115,540536	-0,0718085169792175
115,650024	-0,0700130760669708
115,758879	-0,0706608593463898
115,869160	-0,0734333992004395
115,979525	-0,0781417191028595
116,088291	-0,0846726298332214
116,198785	-0,0901114046573639
116,309204	-0,0949588716030121
116,419227	-0,0967490971088409
116,530832	-0,0964515805244446
116,640863	-0,093252956867218
116,750817	-0,0884549915790558
116,861845	-0,0838392972946167
116,971355	-0,0782038569450378
117,080620	-0,0728885233402252
117,191588	-0,0704096555709839
117,300601	-0,0700715184211731
117,409763	-0,0727978646755219
117,520756	-0,0770792663097382
117,631319	-0,0815282464027405
117,739949	-0,0872107744216919
117,849550	-0,0920731127262115
117,957709	-0,0957186222076416
118,065242	-0,096398651599884
118,173718	-0,0945076942443848
118,282631	-0,0914536714553833
118,390410	-0,0854558944702148
118,499225	-0,0789351165294647
118,608010	-0,074942022562027
118,717460	-0,071389764547348
118,827253	-0,0700976252555847
118,937558	-0,0710963308811188
119,047251	-0,0748746395111084
119,156802	-0,0799105167388916
119,264799	-0,0862811803817749
119,374292	-0,0904602706432343
119,485119	-0,0937760770320892
119,595158	-0,0957763195037842
119,704972	-0,0950418710708618
119,812682	-0,0912883579730988
119,921082	-0,0863409638404846
120,030683	-0,0818165242671967
120,141404	-0,0799484550952911
120,251069	-0,0817629396915436
120,361595	-0,0879218280315399
120,473362	-0,0986972153186798
120,584416	-0,110240668058395
120,696472	-0,122333496809006
120,807143	-0,131231516599655
120,916627	-0,140602469444275
121,028101	-0,143307447433472
121,138517	-0,137819886207581
121,249886	-0,128809988498688
121,358876	-0,110356032848358
121,468257	-0,0965197682380676
121,579599	-0,0815268158912659
121,690568	-0,0702049732208252
121,801577	-0,0650553107261658
121,913781	-0,0678436160087585
122,025009	-0,0791755318641663
122,134035	-0,0915780067443848
122,242549	-0,110984861850739
122,351339	-0,129748910665512
122,458256	-0,139199167490005
122,568420	-0,143935322761536
122,675982	-0,142372369766235
122,783578	-0,132769972085953
122,893467	-0,118271738290787
123,002962	-0,101406931877136
123,111348	-0,0851119160652161
123,219543	-0,0714662075042725
123,331077	-0,0659244358539581
123,442038	-0,0664001107215881
123,551624	-0,0773761868476868
123,660834	-0,0912164449691772
123,769598	-0,105426102876663
123,879017	-0,122396409511566
123,989553	-0,135949015617371
124,100780	-0,144944816827774
124,211451	-0,144884645938873
124,321758	-0,136253833770752
124,432512	-0,120117276906967
124,541928	-0,105833739042282
124,651267	-0,0893544852733612
124,760969	-0,0760441720485687
124,870573	-0,0677556991577148
124,978838	-0,0666248500347137
125,090582	-0,0718588531017303
125,201365	-0,0856580436229706
125,310862	-0,104591548442841
125,421034	-0,121255904436111
125,530001	-0,133298337459564
125,637794	-0,142767697572708
125,746599	-0,145017802715302
125,857319	-0,14007556438446
125,966237	-0,12580019235611
126,076038	-0,109595447778702
126,185316	-0,0929225385189056
126,296569	-0,0804809331893921
126,404144	-0,070443868637085
126,513735	-0,0662646591663361
126,623483	-0,0701646208763123
126,731772	-0,0805041790008545
126,842072	-0,0951224565505981
126,952333	-0,114975064992905
127,062721	-0,128103077411652
127,172473	-0,140936195850372
127,281149	-0,145290285348892
127,390523	-0,141596049070358
127,500680	-0,129047363996506
127,609012	-0,113519310951233
127,718623	-0,0991552770137787
127,828638	-0,0838345587253571
127,936877	-0,0723634958267212
128,046046	-0,06675124168396
128,154880	-0,069135308265686
128,265124	-0,0778405070304871
128,373532	-0,0917914509773254
128,484984	-0,105779647827148
128,596724	-0,127157092094421
128,707808	-0,137718081474304
128,817344	-0,144440233707428
128,926042	-0,142936229705811
129,036367	-0,134111970663071
129,145239	-0,1196448802948
129,254559	-0,102969378232956
129,362828	-0,0894111096858978
129,472308	-0,074246346950531
129,583288	-0,0670211315155029
129,694017	-0,0678207874298096
129,802957	-0,0736275315284729
129,913527	-0,0884892344474792
130,022257	-0,104524672031403
130,130443	-0,121452182531357
130,239881	-0,133236885070801
130,349404	-0,143374651670456
130,460643	-0,144641578197479
130,571401	-0,138113915920258
130,679759	-0,123177945613861
130,788945	-0,109542101621628
130,897832	-0,0900252461433411
131,008665	-0,07860267162323
131,120209	-0,0683970749378204
131,230803	-0,0665635466575623
131,340286	-0,0733290016651154
131,449244	-0,0827230513095856
131,559883	-0,101002633571625
131,668003	-0,11786025762558
131,778254	-0,130279183387756
131,889406	-0,141116559505463
131,998672	-0,144958078861237
132,108720	-0,14012998342514
132,220859	-0,128953605890274
132,331241	-0,110278815031052
132,441679	-0,0936993062496185
132,552967	-0,0772818028926849
132,662657	-0,0696335732936859
132,772928	-0,0667588412761688
132,883436	-0,0700657963752747
132,994033	-0,0800191164016724
133,101756	-0,0946965515613556
133,208442	-0,111342489719391
133,318763	-0,129759252071381
133,427073	-0,139310419559479
133,534472	-0,144944369792938
133,643768	-0,143035650253296
133,753314	-0,131740808486938
133,861809	-0,114245742559433
133,971426	-0,100176900625229
134,081456	-0,0843548178672791
134,192317	-0,0729948282241821
134,304003	-0,0671061873435974
134,414572	-0,0689282119274139
134,523909	-0,0758435130119324
134,632488	-0,0938304364681244
134,742040	-0,110754817724228
134,852544	-0,124338328838348
134,960455	-0,137122958898544
135,070583	-0,144972294569016
135,181616	-0,143215090036392
135,291539	-0,134664416313171
135,401843	-0,12070643901825
135,511292	-0,103791654109955
135,620134	-0,0878140330314636
135,731055	-0,0734030306339264
135,839961	-0,0677899122238159
135,949229	-0,0673979520797729
136,060510	-0,0750004053115845
136,171364	-0,0878121256828308
136,281484	-0,103953450918198
136,390954	-0,123074442148209
136,500619	-0,13644552230835
136,611011	-0,143675327301025
136,719754	-0,144384354352951
136,829544	-0,136810511350632
136,938312	-0,126177072525024
137,048321	-0,107516914606094
137,157980	-0,0910849869251251
137,266263	-0,0757035315036774
137,375330	-0,0702368021011353
137,485331	-0,0670981109142303
137,596906	-0,072081983089447
137,705071	-0,0852983593940735
137,814101	-0,0979926586151123
137,922568	-0,114981770515442
138,030766	-0,13020846247673
138,139124	-0,140973597764969
138,247141	-0,145291239023209
138,355688	-0,140578329563141
138,466423	-0,127226799726486
138,576350	-0,114116042852402
138,684575	-0,0998629331588745
138,793215	-0,0822204649448395
138,901645	-0,0714870989322662
139,010877	-0,0668486654758453
139,120300	-0,0702567100524902
139,229906	-0,0777290761470795
139,339568	-0,0915946960449219
139,450247	-0,108189851045609
139,561074	-0,12445342540741
139,670259	-0,139159858226776
139,779714	-0,1451575756073
139,890311	-0,143291771411896
140,001629	-0,13270428776741
140,110141	-0,120525985956192
140,219680	-0,103938728570938
140,327414	-0,0878543853759766
140,438960	-0,0750857889652252
140,548369	-0,0676160156726837
140,656812	-0,0688735544681549
140,768181	-0,0772685110569
140,878576	-0,0882696509361267
140,989641	-0,104244738817215
141,099304	-0,121067613363266
141,207488	-0,136770278215408
141,315968	-0,144150853157043
141,425690	-0,143770039081573
141,533162	-0,138792932033539
141,643419	-0,126685708761215
141,754768	-0,107913702726364
141,866391	-0,0913317203521729
141,975273	-0,0779154896736145
142,086046	-0,0685153603553772
142,197232	-0,0676445364952087
142,304613	-0,0751251578330994
142,414361	-0,0873898267745972
142,521795	-0,100736975669861
142,630250	-0,117521226406097
142,739214	-0,134252905845642
142,846610	-0,14332115650177
142,956303	-0,14526754617691
143,066596	-0,140879392623901
143,178122	-0,130006223917007
143,289265	-0,114529520273209
143,400066	-0,0978778004646301
143,512135	-0,0786595642566681
143,623892	-0,0698354542255402
143,731584	-0,0675628185272217
143,840020	-0,0717439651489258
143,949058	-0,0823043882846832
144,056282	-0,094512939453125
144,164319	-0,113785326480865
144,272044	-0,127066671848297
144,379025	-0,139059007167816
144,489260	-0,14490595459938
144,598635	-0,142549455165863
144,709635	-0,132763832807541
144,818498	-0,115539252758026
144,930496	-0,101575553417206
145,038566	-0,0835021138191223
145,149048	-0,0727247595787048
145,257321	-0,0675575733184814
145,368013	-0,0685481429100037
145,477917	-0,0776081085205078
145,585967	-0,0907830595970154
145,697028	-0,110035210847855
145,806590	-0,125919848680496
145,915109	-0,138120532035828
146,024585	-0,144421756267548
146,131749	-0,143086314201355
146,241574	-0,136592745780945
146,348891	-0,121106028556824
146,456983	-0,10716587305069
146,567050	-0,0909006893634796
146,676452	-0,077362447977066
146,786076	-0,0688773691654205
146,895388	-0,0674497187137604
147,005578	-0,0732274055480957
147,117496	-0,0849833488464355
147,227134	-0,103427737951279
147,337181	-0,117331057786942
147,447290	-0,132163435220718
147,557099	-0,141996055841446
147,667152	-0,144879907369614
147,776826	-0,139123886823654
147,887538	-0,124534577131271
147,998217	-0,108453780412674
148,107840	-0,0945453643798828
148,217381	-0,0780795812606812
148,328762	-0,0695029497146606
148,438037	-0,067007839679718
148,549458	-0,0715948641300201
148,657903	-0,0844378471374512
148,769676	-0,0997511446475983
148,880188	-0,113938003778458
148,991189	-0,131496280431747
149,099168	-0,141631573438644
149,206875	-0,145089358091354
149,315819	-0,141959130764008
149,426229	-0,130099534988403
149,535082	-0,114789873361588
149,647373	-0,0978954434394836
149,757103	-0,0828742980957031
149,868208	-0,0705996155738831
149,978438	-0,0668624341487885
150,086867	-0,0689989924430847
150,195811	-0,0771892964839935
150,306697	-0,0961664319038391
150,416047	-0,110007554292679
150,525851	-0,126014053821564
150,635522	-0,138424038887024
150,745684	-0,144748657941818
150,854515	-0,143262892961502
150,964864	-0,134898573160172
151,073945	-0,121057629585266
151,184229	-0,0989972054958344
151,291944	-0,083643913269043
151,403363	-0,0740000605583191
151,512206	-0,0678331553936005
151,623458	-0,0696986615657806
151,734210	-0,0751664638519287
151,844912	-0,0876444280147552
151,954693	-0,103563904762268
152,066709	-0,122880190610886
152,176022	-0,136078715324402
152,285964	-0,143738329410553
152,397431	-0,143513381481171
152,508638	-0,135402917861938
152,618890	-0,121935397386551
152,729508	-0,105404287576675
152,840195	-0,08914715051651
152,950595	-0,0745899379253387
153,061933	-0,0678145885467529
153,170967	-0,0674040913581848
153,279693	-0,0744793713092804
153,388256	-0,0866163074970245
153,497168	-0,105325520038605
153,607802	-0,119143426418304
153,717249	-0,133299738168716
153,828038	-0,143325865268707
153,939519	-0,144455403089523
154,050705	-0,13917076587677
154,160495	-0,125176280736923
154,269589	-0,109048426151276
154,379224	-0,09271040558815
154,489475	-0,0768340229988098
154,599718	-0,0689381957054138
154,711072	-0,0678374171257019
154,823094	-0,072582334280014
154,932372	-0,0815344154834747
155,044017	-0,0989700555801392
155,155543	-0,115574181079865
155,267517	-0,130625277757645
155,377040	-0,140885084867477
155,485918	-0,144534051418304
155,594115	-0,138024419546127
155,704569	-0,125791221857071
155,813407	-0,109923213720322
155,923283	-0,0933077931404114
156,030198	-0,0813566148281097
156,139916	-0,0712686777114868
156,249452	-0,0671232938766479
156,357685	-0,0723055601119995
156,467872	-0,0789607167243958
156,578729	-0,0954415202140808
156,688117	-0,109399735927582
156,798044	-0,129972279071808
156,906241	-0,139336466789246
157,015866	-0,144589960575104
157,127195	-0,14121550321579
157,239101	-0,128894746303558
157,348899	-0,113388210535049
157,458639	-0,0994108915328979
157,570634	-0,0840953886508942
157,679971	-0,0726483166217804
157,788917	-0,0671760439872742
157,897075	-0,0692279636859894
158,006260	-0,0778419375419617
158,115036	-0,0942620635032654
158,226988	-0,107940316200256
158,335475	-0,124095380306244
158,443617	-0,136729091405869
158,555030	-0,143780469894409
158,666482	-0,141974270343781
158,775864	-0,135000765323639
158,886360	-0,118978053331375
158,998728	-0,102487653493881
159,109058	-0,0865427255630493
159,217606	-0,0727527737617493
159,325283	-0,0675613880157471
159,434639	-0,0679590702056885
159,543848	-0,0739066004753113
159,651917	-0,0883955955505371
159,761994	-0,104571610689163
159,870606	-0,118531286716461
159,983489	-0,134741485118866
160,094511	-0,142064690589905
160,203806	-0,143525719642639
160,313148	-0,137725174427032
160,421049	-0,125534921884537
160,532008	-0,106645435094833
160,640051	-0,0903993546962738
160,749051	-0,0790403783321381
160,857084	-0,0697774887084961
160,966131	-0,0671727061271667
161,075743	-0,0735473036766052
161,184770	-0,0829710364341736
161,294796	-0,0981336832046509
161,402914	-0,114703238010406
161,511068	-0,129732400178909
161,619534	-0,141487210988998
161,730327	-0,144055157899857
161,841123	-0,139464765787125
161,951479	-0,128226935863495
162,061534	-0,115544021129608
162,170642	-0,0962556004524231
162,279211	-0,0813997983932495
162,388710	-0,0711390376091003
162,499118	-0,066908061504364
162,608578	-0,070374995470047
162,719961	-0,0802770256996155
162,832019	-0,0946354866027832
162,942976	-0,111279428005219
163,055031	-0,129404902458191
163,165898	-0,13876211643219
163,275576	-0,144429326057434
163,384547	-0,141442239284515
163,494466	-0,133544117212296
163,604654	-0,116837352514267
163,715103	-0,100021839141846
163,827088	-0,0845421850681305
163,938118	-0,0716067552566528
164,050250	-0,0668458044528961
164,161766	-0,0699803233146667
164,273727	-0,0773700177669525
164,383152	-0,0935533940792084
164,495071	-0,110126256942749
164,605547	-0,125987201929092
164,717605	-0,139608711004257
164,829309	-0,144057989120483
164,939522	-0,142608612775803
165,051486	-0,132117629051208
165,160866	-0,117574691772461
165,272311	-0,1036616563797
165,383798	-0,0853149890899658
165,495791	-0,0733902156352997
165,605892	-0,0669964253902435
165,716060	-0,0678436160087585
165,825553	-0,0767097473144531
165,935601	-0,0926045477390289
166,044535	-0,106233358383179
166,153421	-0,122626751661301
166,263240	-0,135769188404083
166,373096	-0,143167734146118
166,481149	-0,142857164144516
166,589511	-0,134625613689423
166,699543	-0,123620986938477
166,808905	-0,104701161384583
166,918324	-0,0910230576992035
167,027094	-0,075840175151825
167,135347	-0,068274974822998
167,246077	-0,067821741104126
167,355415	-0,0731130242347717
167,464338	-0,0822697877883911
167,574969	-0,0999985337257385
167,683229	-0,119403004646301
167,792684	-0,133396148681641
167,900881	-0,14245143532753
168,008794	-0,144502311944962
168,117370	-0,140148460865021
168,225173	-0,127152860164642
168,335506	-0,111258417367935
168,444973	-0,0947661995887756
168,552331	-0,0824632048606873
168,663177	-0,0704509913921356
168,771456	-0,0669161379337311
168,879998	-0,0699803233146667
168,989045	-0,0793329775333405
169,099242	-0,0936077535152435
169,206738	-0,112795025110245
169,315497	-0,126018315553665
169,426319	-0,138171195983887
169,536008	-0,144096344709396
169,647116	-0,141988009214401
169,755435	-0,130337655544281
169,865380	-0,120804250240326
169,972324	-0,10166722536087
170,081419	-0,0837212204933167
170,190337	-0,0743071138858795
170,300225	-0,0677001178264618
170,410128	-0,0684792697429657
170,518655	-0,0756029486656189
170,627174	-0,0902836918830872
170,735895	-0,103692501783371
170,846623	-0,122653245925903
170,955150	-0,135582745075226
171,065828	-0,143737375736237
171,174643	-0,143855780363083
171,283361	-0,136478662490845
171,392486	-0,123906582593918
171,503846	-0,107808202505112
171,615332	-0,0917509496212006
171,727360	-0,0765674412250519
171,839382	-0,0684773921966553
171,949849	-0,0682573914527893
172,060813	-0,0737371444702148
172,171539	-0,0874658226966858
172,283497	-0,103079944849014
172,394142	-0,119364440441132
172,504124	-0,133273273706436
172,615582	-0,14274400472641
172,725490	-0,143371343612671
172,835136	-0,136832773685455
172,944194	-0,126718193292618
173,052310	-0,108508467674255
173,161750	-0,089749276638031
173,271003	-0,0786510407924652
173,382630	-0,0711105763912201
173,492116	-0,0675356984138489
173,600246	-0,0731310546398163
173,710276	-0,0841556191444397
173,820909	-0,0991447865962982
173,930623	-0,118265062570572
174,041889	-0,130195260047913
174,150480	-0,141278922557831
174,261153	-0,143648356199265
174,372051	-0,138436824083328
174,481180	-0,129445880651474
174,592795	-0,114666402339935
174,703474	-0,0955416858196259
174,811646	-0,0813125371932983
174,921475	-0,0702681243419647
175,030506	-0,0675428509712219
175,140039	-0,0703593194484711
175,249663	-0,0792770087718964
175,359136	-0,0930593907833099
175,470645	-0,112011820077896
175,582120	-0,127276688814163
175,693129	-0,13861346244812
175,802144	-0,143690019845963
175,911160	-0,141380220651627
176,022777	-0,132361352443695
176,133673	-0,115676581859589
176,245687	-0,0993747115135193
176,357215	-0,0821365416049957
176,468050	-0,0732710659503937
176,579109	-0,0679761469364166
176,689445	-0,0691695213317871
176,801059	-0,0786117017269135
176,909426	-0,0920330882072449
177,017128	-0,108032047748566
177,125358	-0,123857498168945
177,236168	-0,136064529418945
177,346700	-0,142601519823074
177,458229	-0,141197979450226
177,570221	-0,134355038404465
177,680977	-0,121382504701614
177,789827	-0,102659463882446
177,899170	-0,0871813595294952
178,006439	-0,0737642049789429
178,113460	-0,0693101286888123
178,222853	-0,0685358047485352
178,331603	-0,0749197006225586
178,442105	-0,0866481363773346
178,552967	-0,10212117433548
178,664508	-0,120833665132523
178,776504	-0,134054750204086
178,888576	-0,142630875110626
178,999535	-0,142818331718445
179,108491	-0,134977102279663
179,219547	-0,122089743614197
179,330593	-0,10337507724762
179,442098	-0,090313196182251
179,551380	-0,0755782723426819
179,660516	-0,0688260793685913
179,768800	-0,0680117905139923
179,878216	-0,0729848742485046
179,986697	-0,0861629843711853
180,096174	-0,0987314879894257
180,205540	-0,115093290805817
180,314692	-0,129851162433624
180,423453	-0,141130745410919
180,532713	-0,143694758415222
180,644108	-0,137484669685364
180,754802	-0,127864360809326
180,865863	-0,110048085451126
180,975867	-0,0963948369026184
181,087212	-0,0819720029830933
181,196812	-0,0719452500343323
181,307630	-0,0678754448890686
181,417988	-0,071389764547348
181,527365	-0,0810257196426392
181,636661	-0,0951696932315826
181,748044	-0,116953492164612
181,857431	-0,129135429859161
181,967258	-0,138378113508224
182,076229	-0,143948584794998
182,186535	-0,139577478170395
182,295381	-0,131122976541519
182,405462	-0,116653770208359
182,514428	-0,100361406803131
182,624809	-0,0810522437095642
182,733186	-0,0727233290672302
182,843371	-0,0685994625091553
182,952321	-0,0704514682292938
183,061099	-0,0806990265846252
183,168204	-0,0947270691394806
183,277826	-0,108074843883514
183,386353	-0,123922616243362
183,497398	-0,137969493865967
183,606423	-0,143072575330734
183,715284	-0,14208647608757
183,826189	-0,133538901805878
183,937459	-0,117400348186493
184,048447	-0,101155638694763
184,158343	-0,0882302224636078
184,269977	-0,0761319398880005
184,379707	-0,0692868530750275
184,490684	-0,068815141916275
184,599343	-0,0750060677528381
184,708438	-0,0912807285785675
184,817149	-0,104516118764877
184,926091	-0,118007808923721
185,035290	-0,13185977935791
185,145055	-0,142615705728531
185,255330	-0,142972201108932
185,365188	-0,135336190462112
185,473108	-0,12263810634613
185,583070	-0,106664896011353
185,694843	-0,090786874294281
185,804640	-0,079616516828537
185,914371	-0,0696269273757935
186,024588	-0,0679657161235809
186,133265	-0,0727190375328064
186,242661	-0,0856200754642487
186,351264	-0,10081872344017
186,460417	-0,117053896188736
186,569237	-0,131272107362747
186,677902	-0,140632301568985
186,787493	-0,143329679965973
186,897630	-0,138814210891724
187,006905	-0,127895891666412
187,115179	-0,115534484386444
187,225494	-0,0939534902572632
187,333851	-0,0800148248672485
187,444068	-0,0719804167747498
187,554495	-0,0676169395446777
187,662394	-0,0711281299591064
187,771427	-0,0806649029254913
187,880428	-0,0921550691127777
187,989389	-0,111051708459854
188,097543	-0,128728955984116
188,205316	-0,138018280267715
188,314700	-0,143519580364227
188,423135	-0,141712039709091
188,533628	-0,13111025094986
188,644591	-0,119413018226624
188,756195	-0,103140205144882
188,867653	-0,0853472352027893
188,977239	-0,0726625621318817
189,086699	-0,0684194266796112
189,194195	-0,069346696138382
189,302225	-0,0766575634479523
189,411527	-0,0916890203952789
189,521763	-0,107711255550385
189,630019	-0,123580366373062
189,740408	-0,13617479801178
189,851958	-0,143054574728012
189,962939	-0,142092138528824
190,073894	-0,135559558868408
190,184605	-0,122685879468918
190,295739	-0,103989005088806
190,406134	-0,0883114635944366
190,515603	-0,0777523219585419
190,625573	-0,0690412521362305
190,734660	-0,0685405433177948
190,844324	-0,07454913854599
190,953351	-0,0861330926418304
191,063457	-0,104192554950714
191,173217	-0,117818266153336
191,282421	-0,131968855857849
191,391691	-0,141350388526917
191,503172	-0,143165856599808
191,615167	-0,13628414273262
191,723963	-0,123666316270828
191,835024	-0,107746422290802
191,946418	-0,0892988443374634
192,056873	-0,0784570574760437
192,168356	-0,0711884498596191
192,278410	-0,0680516958236694
192,387530	-0,0740812122821808
192,499394	-0,0831659138202667
192,608342	-0,0977439284324646
192,719512	-0,114014089107513
192,831591	-0,13098332285881
192,943347	-0,14152318239212
193,052859	-0,143546044826508
193,164362	-0,137797623872757
193,270448	-0,126323997974396
193,379529	-0,11367529630661
193,488622	-0,0973459482192993
193,598387	-0,082843005657196
193,709165	-0,0712758004665375
193,821164	-0,0678896903991699
193,933071	-0,072241485118866
194,045012	-0,0803201794624329
194,154919	-0,0995255708694458
194,263923	-0,113047093153
194,374650	-0,127982050180435
194,486616	-0,138791501522064
194,595597	-0,143175303936005
194,703732	-0,140439629554749
194,813193	-0,12888577580452
194,922154	-0,114094495773315
195,031426	-0,0952450335025787
195,143101	-0,0831298530101776
195,255116	-0,0725937485694885
195,363870	-0,0678592920303345
195,475077	-0,0705601871013641
195,584053	-0,0777651071548462
195,693506	-0,0933502316474915
195,802154	-0,109441161155701
195,913412	-0,127333223819733
196,024234	-0,136826604604721
196,134503	-0,143151640892029
196,242134	-0,141594648361206
196,350539	-0,133428305387497
196,458505	-0,120109677314758
196,570532	-0,103944420814514
196,679569	-0,085944652557373
196,787129	-0,075939804315567
196,897682	-0,0681771337985992
197,007596	-0,0686184763908386
197,115275	-0,0771048665046692
197,224721	-0,0875537097454071
197,335895	-0,105880707502365
197,446669	-0,121795207262039
197,557738	-0,136414766311646
197,668768	-0,1426962018013
197,778729	-0,142925322055817
197,890272	-0,137380987405777
197,999591	-0,123371124267578
198,110698	-0,107554912567139
198,222272	-0,0891357660293579
198,334091	-0,0782469809055328
198,443623	-0,0690868496894836
198,555697	-0,0684598088264465
198,664749	-0,0734528601169586
198,776936	-0,0846745371818542
198,887802	-0,102340966463089
198,999801	-0,121171474456787
199,109317	-0,134250551462173
199,219062	-0,14009353518486
199,330440	-0,143142640590668
199,440979	-0,136293113231659
199,551949	-0,12643563747406
199,662114	-0,108411908149719
199,772888	-0,0922604203224182
199,881973	-0,0770066976547241
199,991614	-0,0691680908203125
200,102315	-0,0678145885467529
200,214041	-0,0729986131191254
200,321984	-0,081679493188858
200,431928	-0,0961297154426575
200,539645	-0,115068852901459
200,647850	-0,131723821163177
200,756824	-0,140854299068451
200,865561	-0,143180042505264
200,975408	-0,139558047056198
201,083623	-0,127148151397705
201,193356	-0,111897140741348
201,301844	-0,0983895063400269
201,412051	-0,0813414454460144
201,523309	-0,0714861452579498
201,633998	-0,0675352215766907
201,742488	-0,0701769590377808
201,849195	-0,0790797472000122
201,959488	-0,0952426493167877
202,067318	-0,111470013856888
202,177176	-0,124455779790878
202,288178	-0,137956231832504
202,400012	-0,143098145723343
202,511287	-0,140958458185196
202,622111	-0,133875072002411
202,732643	-0,115537822246552
202,844894	-0,101895153522491
202,953838	-0,0865261256694794
203,063236	-0,0732554197311401
203,174738	-0,0676445364952087
203,284190	-0,0691676139831543
203,395181	-0,0767481625080109
203,506387	-0,0894158482551575
203,617511	-0,108005434274673
203,728270	-0,123680472373962
203,839216	-0,136016696691513
203,950833	-0,142584949731827
204,060313	-0,141957253217697
204,171814	-0,132612645626068
204,280321	-0,118882238864899
204,389878	-0,102720677852631
204,500838	-0,0849610567092896
204,609778	-0,0736536383628845
204,719686	-0,0685975551605225
204,829847	-0,0684103965759277
204,940237	-0,0746421217918396
205,051068	-0,0888913571834564
205,160204	-0,101785004138947
205,269464	-0,120647549629211
205,380626	-0,133898705244064
205,490665	-0,142495959997177
205,602145	-0,142376184463501
205,713594	-0,135044753551483
205,825142	-0,119798123836517
205,933351	-0,109142690896988
206,042081	-0,092972606420517
206,152275	-0,0794064700603485
206,263675	-0,0695927441120148
206,374230	-0,0679238736629486
206,484620	-0,072953999042511
206,595963	-0,083560436964035
206,707599	-0,101127117872238
206,816126	-0,119957953691483
206,925879	-0,131458520889282
207,036172	-0,140839636325836
207,145853	-0,143139809370041
207,253334	-0,138807117938995
207,363875	-0,127967476844788
207,475311	-0,112869620323181
207,586957	-0,0940846502780914
207,696851	-0,0802415013313293
207,806727	-0,0710378885269165
207,916407	-0,0680378973484039
208,027839	-0,0715060830116272
208,137104	-0,0810674130916595
208,248011	-0,0951692163944244
208,357031	-0,114026546478271
208,467951	-0,131052196025848
208,579317	-0,140655010938644
208,691143	-0,14363557100296
208,802527	-0,14064222574234
208,914279	-0,126536428928375
209,026551	-0,11125460267067
209,138788	-0,0950843095779419
209,250655	-0,0810200273990631
209,363091	-0,0716110169887543
209,473079	-0,0681585669517517
209,583274	-0,0712259709835052
209,693530	-0,0804785490036011
209,804078	-0,0994836986064911
209,914646	-0,113092064857483
210,026081	-0,125794529914856
210,133901	-0,138809949159622
210,242249	-0,14350438117981
210,350287	-0,140692412853241
210,457863	-0,133345574140549
210,567996	-0,117333918809891
210,679527	-0,101092934608459
210,791662	-0,0860196352005005
210,902050	-0,074573814868927
211,011638	-0,0683286786079407
211,120955	-0,0700833797454834
211,231923	-0,0798484086990356
211,343939	-0,0909930765628815
211,455293	-0,109521180391312
211,565963	-0,127336978912354
211,675931	-0,13841837644577
211,786938	-0,142960369586945
211,897645	-0,141918420791626
212,006051	-0,133952617645264
212,115728	-0,120733976364136
212,227573	-0,104760438203812
212,338959	-0,086843729019165
212,448911	-0,073758989572525
212,560080	-0,0690768957138062
212,670378	-0,0699869692325592
212,780463	-0,0776844918727875
212,889541	-0,0928634405136108
213,000103	-0,106078624725342
213,110164	-0,119450151920319
213,221209	-0,136438429355621
213,330632	-0,142200082540512
213,440711	-0,142678678035736
213,551948	-0,136029958724976
213,660366	-0,121320396661758
213,768776	-0,1026371717453
213,879676	-0,0920988321304321
213,988752	-0,0788549780845642
214,096096	-0,0695214867591858
214,205840	-0,0683856606483459
214,317370	-0,0752338171005249
214,428333	-0,0847314596176147
214,537108	-0,105072617530823
214,647355	-0,115851670503616
214,758288	-0,130189120769501
214,867081	-0,141038000583649
214,976839	-0,142659276723862
215,086418	-0,136422336101532
215,195032	-0,126690894365311
215,303026	-0,111417472362518
215,411193	-0,0953299403190613
215,522452	-0,0812001824378967
215,633799	-0,07049560546875
215,742974	-0,0679414868354797
215,851765	-0,0731604993343353
215,960420	-0,0818184316158295
216,071017	-0,0961001515388489
216,181413	-0,112208306789398
216,288810	-0,129500567913055
216,399282	-0,138280600309372
216,509812	-0,143083930015564
216,620735	-0,139658898115158
216,731139	-0,129590094089508
216,842716	-0,115178942680359
216,955369	-0,0990386009216309
217,067695	-0,082187294960022
217,178411	-0,0712762773036957
217,289956	-0,0683889985084534
217,401273	-0,0709690451622009
217,513625	-0,0796772241592407
217,623314	-0,0982813835144043
217,732375	-0,109065562486649
217,841645	-0,124535977840424
217,951841	-0,138059914112091
218,063774	-0,143165856599808
218,175346	-0,141079157590866
218,286528	-0,132353782653809
218,394999	-0,116054534912109
218,504560	-0,099954754114151
218,615770	-0,0851361155509949
218,725649	-0,0741927325725555
218,835729	-0,0686246454715729
218,943773	-0,0700615346431732
219,052615	-0,0792793929576874
219,163037	-0,0900828540325165
219,274029	-0,108339667320251
219,386034	-0,123952835798264
219,497501	-0,136160582304001
219,607276	-0,143133640289307
219,718578	-0,141460686922073
219,829103	-0,133009552955627
219,938566	-0,119513005018234
220,048140	-0,106241434812546
220,158311	-0,0859157145023346
220,267191	-0,0747531652450562
220,375796	-0,0691295862197876
220,487182	-0,0693291127681732
220,597368	-0,0770792663097382
220,707763	-0,0918038487434387
220,818615	-0,102173864841461
220,928966	-0,118220686912537
221,036683	-0,133877456188202
221,145944	-0,141828954219818
221,256592	-0,142405986785889
221,365039	-0,136927455663681
221,473474	-0,122776180505753
221,584660	-0,109737396240234
221,695097	-0,0938199460506439
221,805556	-0,0784452259540558
221,915918	-0,0704671144485474
222,026205	-0,0687424540519714
222,136726	-0,073472797870636
222,246371	-0,0839113891124725
222,358382	-0,101095765829086
222,469285	-0,117088288068771
222,580275	-0,131017297506332
222,691193	-0,140279114246368
222,799715	-0,142653107643127
222,908829	-0,138471871614456
223,020867	-0,127804070711136
223,132149	-0,110343635082245
223,243486	-0,0944909751415253
223,352337	-0,0789398550987244
223,462098	-0,071745365858078
223,573141	-0,0686954259872437
223,684766	-0,0732406973838806
223,795437	-0,0835258364677429
223,906440	-0,0979230999946594
224,016716	-0,113966226577759
224,125959	-0,130744159221649
224,235427	-0,139078885316849
224,345368	-0,143300801515579
224,456037	-0,140350133180618
224,567252	-0,12879490852356
224,677295	-0,114184945821762
224,789328	-0,0955474078655243
224,901323	-0,0837572813034058
225,009816	-0,0712891221046448
225,119689	-0,0688322484493256
225,227848	-0,0719196200370789
225,339105	-0,0809171199798584
225,449798	-0,097150981426239
225,561259	-0,110459536314011
225,673378	-0,127921313047409
225,785564	-0,138675928115845
225,895763	-0,143265753984451
226,005516	-0,13953959941864
226,115756	-0,131506204605103
226,227269	-0,11761337518692
226,334629	-0,0990257561206818
226,441503	-0,0866946578025818
226,550977	-0,0753624141216278
226,660896	-0,0691823661327362
226,772505	-0,0707791149616241
226,884705	-0,0804756879806519
226,996198	-0,0914303064346313
227,106013	-0,10970214009285
227,214105	-0,125069737434387
227,321895	-0,136869668960571
227,431023	-0,142855763435364
227,541324	-0,141898065805435
227,651530	-0,132187992334366
227,761537	-0,121035814285278
227,871931	-0,10528090596199
227,981612	-0,0874743759632111
228,089553	-0,0775535702705383
228,200696	-0,0697670578956604
228,311277	-0,0694516599178314
228,422812	-0,0781412422657013
228,534840	-0,0906330943107605
228,645670	-0,103505074977875
228,756614	-0,121889472007751
228,867622	-0,134615659713745
228,977953	-0,142738819122314
229,089795	-0,142674893140793
229,200733	-0,136326730251312
229,310515	-0,121897518634796
229,422041	-0,103529274463654
229,530905	-0,09321528673172
229,641989	-0,0781886577606201
229,751938	-0,0707497000694275
229,861590	-0,0694606900215149
229,971281	-0,0760218799114227
230,080910	-0,087561309337616
230,189041	-0,102551728487015
230,297581	-0,118439227342606
230,405689	-0,132002860307693
230,517080	-0,13970485329628
230,627506	-0,142570734024048
230,736826	-0,137963354587555
230,846977	-0,127040326595306
230,955812	-0,109475940465927
231,065678	-0,0962865948677063
231,175989	-0,0823854804039001
231,286312	-0,0727783739566803
231,396013	-0,069127231836319
231,505932	-0,0741305947303772
231,617488	-0,0825912356376648
231,728307	-0,0991590619087219
231,837577	-0,11242488026619
231,947033	-0,129488289356232
232,058566	-0,138189196586609
232,167357	-0,143029034137726
232,277741	-0,139781534671783
232,386703	-0,129919975996017
232,495155	-0,11575648188591
232,606226	-0,099770188331604
232,716175	-0,0830554366111755
232,826963	-0,0732079744338989
232,937191	-0,069307267665863
233,047380	-0,0706689357757568
233,157312	-0,0799294710159302
233,267824	-0,0930779874324799
233,378909	-0,108816683292389
233,490386	-0,124118477106094
233,598545	-0,137574136257172
233,706899	-0,142775744199753
233,816906	-0,140876084566116
233,928417	-0,134237766265869
234,038240	-0,116423755884171
234,150241	-0,100569665431976
234,261088	-0,0858782231807709
234,373180	-0,0763961970806122
234,483825	-0,0695879757404327
234,592351	-0,0705606639385223
234,702632	-0,0777561068534851
234,813583	-0,0900985598564148
234,922806	-0,108061522245407
235,033042	-0,125855326652527
235,144593	-0,135697275400162
235,253452	-0,142269670963287
235,364160	-0,142033457756042
235,475710	-0,133034586906433
235,588137	-0,122304618358612
235,699153	-0,106774091720581
235,808324	-0,0888633131980896
235,920328	-0,0769990682601929
236,031229	-0,0702866315841675
236,142843	-0,0703474283218384
236,252412	-0,0773036181926727
236,360928	-0,0892850756645203
236,468645	-0,10189563035965
236,579753	-0,117780059576035
236,689526	-0,133285075426102
236,800356	-0,141337156295776
236,911685	-0,142550855875015
237,023147	-0,136796295642853
237,134465	-0,122996926307678
237,245311	-0,104810744524002
237,354133	-0,0919568240642548
237,465633	-0,0774188637733459
237,572931	-0,0703763961791992
237,683558	-0,0696630477905273
237,792305	-0,073852002620697
237,903204	-0,0841058492660522
238,013124	-0,101042538881302
238,124844	-0,119397789239883
238,236520	-0,132732659578323
238,347485	-0,140070796012878
238,457706	-0,142653107643127
238,569197	-0,137314230203629
238,680356	-0,123722940683365
238,791493	-0,108407646417618
238,902462	-0,0928057432174683
239,013649	-0,0816628932952881
239,125631	-0,0715673565864563
239,237140	-0,0692403018474579
239,349115	-0,0735800564289093
239,460432	-0,0835462212562561
239,572029	-0,0976457595825195
239,683693	-0,113506853580475
239,795739	-0,130158007144928
239,905361	-0,140738815069199
240,014303	-0,14276060461998
240,121061	-0,137714773416519
240,229323	-0,126762926578522
240,338846	-0,114551544189453
240,449629	-0,0986833870410919
240,558325	-0,0843975245952606
240,670516	-0,0728861391544342
240,781652	-0,0693058371543884
240,892832	-0,0721569955348969
241,004135	-0,0809574127197266
241,116180	-0,0968764126300812
241,226270	-0,112681686878204
241,336778	-0,129485487937927
241,445784	-0,139392346143723
241,556851	-0,142924845218658
241,668150	-0,138204842805862
241,780004	-0,129650890827179
241,891314	-0,118039309978485
242,001998	-0,0971247851848602
242,111710	-0,0831663906574249
242,220503	-0,0734984278678894
242,329724	-0,069843053817749
242,439539	-0,0720629990100861
242,550715	-0,0805956721305847
242,662755	-0,0937865674495697
242,773781	-0,109298825263977
242,884445	-0,126822769641876
242,993126	-0,136269003152847
243,104130	-0,142761528491974
243,212903	-0,140819281339645
243,323317	-0,132213950157166
243,433513	-0,118890345096588
243,543675	-0,103163450956345
243,654708	-0,0859869122505188
243,766235	-0,0753026306629181
243,876296	-0,0699893236160278
243,987814	-0,0711466372013092
244,098767	-0,0784096717834473
244,208569	-0,0906326174736023
244,320124	-0,105983704328537
244,432131	-0,121461659669876
244,541904	-0,135841608047485
244,652379	-0,14269146323204
244,762013	-0,141791582107544
244,871531	-0,132827639579773
244,979070	-0,119598239660263
245,090539	-0,101306736469269
245,202053	-0,0866234302520752
245,311151	-0,0770617127418518
245,422302	-0,0705388188362122
245,532961	-0,0707629919052124
245,640974	-0,0777153074741364
245,751269	-0,0875062048435211
245,863262	-0,10491606593132
245,974822	-0,12292605638504
246,085171	-0,133409857749939
246,194010	-0,141190886497498
246,304663	-0,141832768917084
246,415855	-0,136513233184814
246,527400	-0,124969810247421
246,638223	-0,107325941324234
246,749079	-0,0919010639190674
246,861016	-0,0793021321296692
246,971521	-0,0715298354625702
247,083253	-0,0697922110557556
247,193977	-0,0758658051490784
247,305226	-0,0869092345237732
247,416988	-0,104245692491531
247,528555	-0,119905650615692
247,638664	-0,132915019989014
247,750051	-0,141830384731293
247,862171	-0,142070859670639
247,972869	-0,135510802268982
248,084831	-0,125830352306366
248,196393	-0,105516254901886
248,307464	-0,0903693437576294
248,419198	-0,0781222581863403
248,531344	-0,0709381699562073
248,644056	-0,0700059533119202
248,755210	-0,0767035782337189
248,866932	-0,0883371233940125
248,979167	-0,103271156549454
249,091642	-0,118869364261627
249,202498	-0,132261216640472
249,313390	-0,141410499811172
249,423888	-0,142541885375977
249,534894	-0,136021912097931
249,646941	-0,124224185943604
249,757783	-0,10918790102005
249,867820	-0,0961559414863586
249,978055	-0,0806430876255035
250,089547	-0,0715169906616211
250,199867	-0,0698359310626984
250,310528	-0,0751118659973145
250,419857	-0,0855612456798553
250,531436	-0,0998030006885529
250,641534	-0,118061274290085
250,751271	-0,129338473081589
250,861503	-0,139987498521805
250,971435	-0,142288595438004
251,081130	-0,137306183576584
251,189878	-0,12883397936821
251,290716	-0,112099319696426
251,390759	-0,0965555310249329
251,490779	-0,0850388705730438
251,591643	-0,0747123658657074
251,692749	-0,0703346133232117
251,793651	-0,070955753326416
251,894043	-0,0775777697563171
251,994551	-0,087195098400116
252,095840	-0,101871877908707
252,196196	-0,117390304803848
