0,100561	0,00702628493309021
0,201672	0,0118416845798492
0,302412	0,0171217024326324
0,404048	0,0219299793243408
0,504147	0,0241240561008453
0,604573	0,0251204073429108
0,715767	0,0247939825057983
0,826127	0,0195870995521545
0,936811	0,0160833597183228
1,045300	0,0107901990413666
1,154531	0,00461986660957336
1,264256	0,000951975584030151
1,372794	-0,00100693106651306
1,482060	9,92417335510254E-6
1,592544	0,00383952260017395
1,702966	0,00848659873008728
1,812490	0,0150221288204193
1,921690	0,0197981595993042
2,030383	0,0231724977493286
2,139701	0,0259173214435577
2,249142	0,0242983996868134
2,357409	0,0222257375717163
2,467870	0,0176109075546265
2,577515	0,0102474391460419
2,691134	0,00665992498397827
2,805815	0,00129026174545288
2,916320	-0,000806361436843872
3,019927	0,00056728720664978
3,133035	0,00208508968353271
3,248804	0,00719958543777466
3,363384	0,0128388702869415
3,468605	0,0193368196487427
3,572107	0,0228933393955231
3,676580	0,0248144567012787
3,778816	0,0249553024768829
3,889473	0,0236413180828094
4,004245	0,0176941156387329
4,111295	0,0130282044410706
4,217252	0,00732436776161194
4,322772	0,00211438536643982
4,426745	0,000218421220779419
4,537018	-0,00100457668304443
4,648270	0,000882983207702637
4,759140	0,00609347224235535
4,859336	0,00969141721725464
4,971145	0,0161282420158386
5,081105	0,020964652299881
5,194087	0,0237948000431061
5,294401	0,0259310901165009
5,394439	0,0240421295166016
5,494520	0,0212525427341461
5,594525	0,0173622369766235
5,696031	0,0108634531497955
5,796080	0,00648051500320435
5,897862	0,00266802310943604
5,998885	-0,000975221395492554
6,099253	-0,000871628522872925
6,199911	0,000849902629852295
6,300430	0,00343266129493713
6,401866	0,00914233922958374
6,503404	0,0139810144901276
6,604042	0,0185036361217499
6,704302	0,0233995616436005
6,804483	0,0251955389976501
6,906163	0,0246464312076569
7,007041	0,0233547389507294
7,108532	0,0195961892604828
7,209325	0,0139239430427551
7,309463	0,00920790433883667
7,411026	0,0043225884437561
7,511894	0,000513374805450439
7,612821	-0,000425577163696289
7,713281	-0,000681489706039429
7,813639	0,00153589248657227
7,913758	0,00728952884674072
8,015550	0,0110927224159241
8,116662	0,0160370469093323
8,216777	0,0214031636714935
8,317561	0,0237872004508972
8,418561	0,0253748595714569
8,519400	0,0246326327323914
8,620426	0,0207335948944092
8,721872	0,0175463557243347
8,822393	0,0118426382541656
8,922863	0,00596067309379578
9,023398	0,00296905636787415
9,125367	0,000204712152481079
9,226198	-0,00102633237838745
9,326882	0,0011012852191925
9,428638	0,00357457995414734
9,529632	0,00928100943565369
9,631342	0,0145775079727173
9,732180	0,0183696448802948
9,832651	0,0233733355998993
9,933944	0,0255027711391449
10,034666	0,0248782336711884
10,135720	0,0228718519210815
10,235908	0,0194932818412781
10,336501	0,0144332051277161
10,436915	0,00938427448272705
10,537428	0,00432682037353516
10,637475	0,000596106052398682
10,738455	-0,000518769025802612
10,839327	-0,000175893306732178
10,940875	0,00166720151901245
11,042848	0,00598421692848206
11,143730	0,0118649005889893
11,244910	0,0163575112819672
11,346314	0,021224319934845
11,447187	0,0243707597255707
11,548923	0,0253995656967163
11,650528	0,0252726078033447
11,752180	0,0208608508110046
11,853929	0,0171618461608887
11,954818	0,0130158960819244
12,055035	0,00585803389549255
12,155427	0,00270670652389526
12,256339	0,000568211078643799
12,356891	-0,000988483428955078
12,457483	0,00138521194458008
12,558804	0,00438526272773743
12,659966	0,00872510671615601
12,760588	0,0151170194149017
12,860655	0,0192420482635498
12,962563	0,0223337113857269
13,064050	0,0257994532585144
13,165697	0,025329202413559
13,265726	0,0233742892742157
13,365983	0,0194746255874634
13,467101	0,0143898725509644
13,567102	0,00960791110992432
13,667279	0,0043042004108429
13,768184	0,000546008348464966
13,868933	-0,000778913497924805
13,970026	5,18560409545898E-6
14,071911	0,00196895003318787
14,172436	0,00605297088623047
14,272905	0,0116542279720306
14,373016	0,0165720283985138
14,473901	0,0211449265480042
14,574757	0,0244407951831818
14,676319	0,0250052809715271
14,776648	0,0247835218906403
14,877575	0,021371603012085
14,977931	0,0171016454696655
15,078420	0,0123357474803925
15,180193	0,0073818564414978
15,280435	0,00247690081596375
15,381976	0,000229746103286743
15,482302	-0,000954896211624146
15,583003	0,000448167324066162
15,683767	0,00459110736846924
15,784003	0,00811952352523804
15,885403	0,0138849318027496
15,986170	0,0187950432300568
16,086969	0,022316038608551
16,187051	0,0251137316226959
16,287509	0,0255051255226135
16,388987	0,0228623151779175
16,489771	0,0195210576057434
16,591375	0,015129417181015
16,691390	0,00893157720565796
16,791405	0,00450775027275085
16,893338	0,00107529759407043
16,994199	-0,00126147270202637
17,095900	-0,000392019748687744
17,196546	0,00169363617897034
17,296887	0,0058363676071167
17,398852	0,0109423995018005
17,499475	0,0159190893173218
17,599973	0,0199809670448303
17,700064	0,0240949988365173
17,800201	0,0247354507446289
17,900247	0,02427077293396
18,001930	0,0218205451965332
18,103998	0,0164951086044312
18,204174	0,0122855305671692
18,304984	0,00704419612884521
18,405577	0,00186553597450256
18,505927	-5,62667846679688E-5
18,606332	-0,00080445408821106
18,708271	0,0001678466796875
18,808550	0,00376316905021667
18,908740	0,00761827826499939
19,009455	0,0126737952232361
19,110823	0,0187017321586609
19,211962	0,0219419002532959
19,312818	0,0242569446563721
19,413347	0,0251532196998596
19,514839	0,0231529474258423
19,615272	0,0193440020084381
19,715677	0,0147566497325897
19,815790	0,00950977206230164
19,917577	0,00522416830062866
20,018380	0,00109702348709106
20,119295	-0,00113466382026672
20,220263	-0,000802576541900635
20,320271	0,00219744443893433
20,421253	0,00528162717819214
20,521288	0,0101100504398346
20,621774	0,0157839953899384
20,722158	0,0201690196990967
20,822581	0,0236298739910126
20,923160	0,025093287229538
21,023661	0,024164080619812
21,124681	0,0221416652202606
21,224719	0,0173182189464569
21,325728	0,0125666260719299
21,426725	0,00771862268447876
21,527943	0,0025273859500885
21,629110	-0,000330090522766113
21,729959	-0,00064551830291748
21,830827	-0,000183939933776855
21,931860	0,00307893753051758
22,032789	0,00828489661216736
22,132896	0,0123670101165771
22,233683	0,0180644094944
22,333731	0,0221048593521118
22,434105	0,024273157119751
22,534902	0,0253006517887115
22,635571	0,0240649878978729
22,736208	0,0199603736400604
22,837022	0,0155363082885742
22,937590	0,010756641626358
23,038733	0,00511586666107178
23,139961	0,00169175863265991
23,240546	-0,000414729118347168
23,342388	-0,000679582357406616
23,444362	0,0022239089012146
23,546255	0,0052533745765686
23,646284	0,0104013979434967
23,746962	0,0155282020568848
23,847192	0,020002007484436
23,947522	0,0231448411941528
24,048513	0,0253976881504059
24,150093	0,0242821872234344
24,250737	0,0223375260829926
24,351827	0,0182954967021942
24,452129	0,0123627483844757
24,552826	0,00811809301376343
24,653531	0,00345435738563538
24,754111	-0,000199556350708008
24,854905	-0,000680536031723022
24,956239	7,79926776885986E-5
25,056433	0,003277987241745
25,156856	0,00778552889823914
25,257281	0,012178897857666
25,358261	0,0182433426380157
25,458417	0,0223394334316254
25,558873	0,0243841111660004
25,659755	0,0250471234321594
25,760466	0,0239759087562561
25,860749	0,0206637382507324
25,962115	0,0157935321331024
26,063312	0,0106389820575714
26,163778	0,00577563047409058
26,264245	0,00186601281166077
26,366204	-0,000138550996780396
26,468310	-0,000679135322570801
26,568506	0,00124868750572205
26,669488	0,00588959455490112
26,770250	0,00986599922180176
26,871471	0,014910101890564
26,972315	0,0206713974475861
27,072805	0,023414820432663
27,174450	0,0254110097885132
27,274887	0,0249924063682556
27,375117	0,0222247838973999
27,475895	0,0191755294799805
27,576721	0,0135136246681213
27,678665	0,00801962614059448
27,778997	0,00441396236419678
27,879355	0,000573396682739258
27,979727	-0,000432699918746948
28,080664	0,000650465488433838
28,181463	0,00324448943138123
28,281802	0,00725328922271729
28,381853	0,0128977000713348
28,482051	0,0170108079910278
28,582957	0,0218496918678284
28,684779	0,0248020887374878
28,785410	0,0250718593597412
28,885823	0,0241578817367554
28,985846	0,0206010639667511
29,085966	0,0162581503391266
29,186188	0,0111929774284363
29,288151	0,00660952925682068
29,389224	0,00204071402549744
29,490382	1,51097774505615E-5
29,591899	-0,000486612319946289
29,691911	0,00124824047088623
29,793746	0,00554865598678589
29,894890	0,00945597887039185
29,994930	0,0150149762630463
30,095677	0,0203704535961151
30,196617	0,0230689644813538
30,296639	0,0249096155166626
30,398386	0,0251603424549103
30,499068	0,0223647356033325
30,600007	0,0191654860973358
30,700390	0,0140538215637207
30,801138	0,00811338424682617
30,901779	0,00429382920265198
31,001944	0,00070953369140625
31,103680	-0,00106087327003479
31,204931	-5,81741333007813E-5
31,305766	0,0026283860206604
31,406548	0,0069994330406189
31,507069	0,0119197964668274
31,607714	0,0170719623565674
31,709426	0,0215867757797241
31,810311	0,0243460237979889
31,910570	0,0249524414539337
32,011431	0,0235688388347626
32,112284	0,0209593772888184
32,212754	0,0167048573493958
32,314414	0,0104741454124451
32,414460	0,00623142719268799
32,514659	0,00223618745803833
32,614696	-0,000219881534576416
32,714819	-0,000514030456542969
32,815701	0,000629186630249023
32,917171	0,00468629598617554
33,018139	0,00965648889541626
33,119951	0,0140357315540314
33,220969	0,0187108218669891
33,321945	0,0231901705265045
33,422428	0,0246740281581879
33,524456	0,0250675678253174
33,625017	0,0222195386886597
33,725227	0,0186821222305298
33,826135	0,0147280693054199
33,927156	0,00790610909461975
34,028125	0,00395640730857849
34,128694	0,00120854377746582
34,229083	-0,00092083215713501
34,329360	-9,12845134735107E-5
34,431184	0,00235560536384583
34,532524	0,00631383061408997
34,633220	0,0119155645370483
34,734149	0,0165075063705444
34,834389	0,0207775831222534
34,934683	0,0241031050682068
35,035136	0,0248663425445557
35,136421	0,0237433314323425
35,237285	0,0211578607559204
35,337389	0,0163895189762115
35,439092	0,011687844991684
35,539214	0,00676587224006653
35,639551	0,00218188762664795
35,739596	-0,000142812728881836
35,840095	-0,000450193881988525
35,940158	0,000599414110183716
36,040370	0,00400683283805847
36,141187	0,00922250747680664
36,241781	0,0135022103786469
36,342150	0,0187405049800873
36,442312	0,0229272246360779
36,543922	0,0244012475013733
36,644960	0,0247920751571655
36,746085	0,0226154923439026
36,846155	0,0190180540084839
36,946957	0,0150192677974701
37,048849	0,00961261987686157
37,149241	0,0043216347694397
37,249555	0,00140741467475891
37,350448	-0,000534862279891968
37,451225	-0,0003986656665802
37,551516	0,00201618671417236
37,652316	0,00533246994018555
37,753671	0,0111442506313324
37,854576	0,0159912109375
37,955272	0,0198043584823608
38,056983	0,0235454738140106
38,158315	0,0247882902622223
38,260187	0,023512601852417
38,361271	0,0205154418945313
38,462633	0,0168745517730713
38,564716	0,0120898485183716
38,665644	0,00606757402420044
38,766698	0,00254958868026733
38,867387	-0,000217974185943604
38,968110	-0,000678658485412598
39,068691	0,00072181224822998
39,170207	0,00329828262329102
39,271567	0,00846537947654724
39,371662	0,0138592422008514
39,471929	0,0180227756500244
39,573563	0,0225409865379333
39,674448	0,0245850384235382
39,776129	0,0246150195598602
39,878108	0,0230231583118439
39,978986	0,0187917053699493
40,080788	0,0144936740398407
40,180875	0,00928053259849548
40,281898	0,00392812490463257
40,382280	0,000951051712036133
40,483102	-0,000677704811096191
40,583698	-0,000506460666656494
40,684686	0,00191938877105713
40,785909	0,00551098585128784
40,886478	0,0113334357738495
40,986530	0,0161564350128174
41,086809	0,0202297866344452
41,188744	0,0233523547649384
41,289645	0,0249848067760468
41,389971	0,0242383778095245
41,490210	0,0211444497108459
41,590902	0,0169481635093689
41,691027	0,0122504234313965
41,791148	0,00757497549057007
41,891264	0,00262460112571716
41,991279	-1,46627426147461E-5
42,091443	-0,000904738903045654
42,192230	0,000579088926315308
42,292559	0,00363162159919739
42,393724	0,00762206315994263
42,494083	0,01335209608078
42,595661	0,0182610154151917
42,696545	0,0219457447528839
42,797364	0,0246678590774536
42,898298	0,0245902836322784
43,000184	0,0233223140239716
43,101126	0,0196660757064819
43,201511	0,0143356025218964
43,302975	0,0100222229957581
43,403768	0,00483420491218567
43,504524	0,00134176015853882
43,605888	-0,000445932149887085
43,706234	-0,000443100929260254
43,807237	0,00137388706207275
43,907609	0,00579303503036499
44,007699	0,00986695289611816
44,107831	0,0152581930160522
44,208640	0,0203819274902344
44,310466	0,0229582488536835
44,411408	0,024616926908493
44,511812	0,0243479013442993
44,613303	0,0213993489742279
44,714322	0,0171924531459808
44,815253	0,0128350853919983
44,915888	0,00708422064781189
45,016511	0,00271520018577576
45,116623	0,000138998031616211
45,217888	-0,00125056505203247
45,318757	0,000335186719894409
45,419126	0,00296339392662048
45,519729	0,00657939910888672
45,619822	0,0132385492324829
45,720619	0,0174477994441986
45,822269	0,0210124552249908
45,923053	0,0240926146507263
46,023134	0,024451732635498
46,124277	0,0231185853481293
46,225281	0,0199546217918396
46,326003	0,0147866904735565
46,427622	0,0102908611297607
46,528062	0,00539606809616089
46,628982	0,00116175413131714
46,730560	-0,000465333461761475
46,831001	-0,000486135482788086
46,932007	0,00166058540344238
47,033109	0,00526183843612671
47,134446	0,0104018449783325
47,235097	0,0156503617763519
47,335899	0,0199680328369141
47,438143	0,02301025390625
47,539368	0,0247016549110413
47,640467	0,0244112610816956
47,741271	0,0221827328205109
47,842452	0,0178447961807251
47,943601	0,0128811001777649
48,044266	0,00817090272903442
48,145049	0,00344303250312805
48,245219	0,000528037548065186
48,345610	-0,000681966543197632
48,447425	0,000386714935302734
48,547686	0,00367596745491028
48,648519	0,00727352499961853
48,748657	0,0117848813533783
48,850252	0,0180069804191589
48,950634	0,0213166475296021
49,052127	0,0237924158573151
49,153980	0,0245026648044586
49,255509	0,0229234099388123
49,356132	0,0203345715999603
49,456218	0,0146056115627289
49,556404	0,0100193917751312
49,656464	0,00599458813667297
49,756895	0,00183910131454468
49,858141	-0,000422269105911255
49,958886	-0,000290811061859131
50,060516	0,00155621767044067
50,161439	0,00545918941497803
50,262508	0,00984761118888855
50,362821	0,0149673223495483
50,464293	0,0198484063148499
50,564847	0,022907167673111
50,666738	0,0241816937923431
50,767411	0,0238429605960846
50,867737	0,0217163264751434
50,969732	0,0180749297142029
51,071476	0,0122480690479279
51,173019	0,00783169269561768
51,273971	0,00374335050582886
51,374790	0,000373959541320801
51,474912	-0,000539571046829224
51,575795	7,28070735931396E-5
51,676021	0,00327986478805542
51,776480	0,00760650634765625
51,876813	0,0119065642356873
51,978579	0,0173689126968384
52,078951	0,0213228464126587
52,179374	0,0235145092010498
52,279755	0,0243431627750397
52,380188	0,0224679112434387
52,482113	0,0196593701839447
52,582155	0,0159296095371246
52,682215	0,0103508830070496
52,782711	0,00546294450759888
52,883444	0,00221350789070129
52,984136	-0,000426530838012695
53,084222	-0,000280886888504028
53,184956	0,00137388706207275
53,285653	0,00490343570709229
53,386993	0,00923570990562439
53,488000	0,0145236849784851
53,588307	0,0192506611347198
53,690375	0,022522360086441
53,791798	0,0242164731025696
53,892207	0,0237409472465515
53,993053	0,0219380855560303
54,093403	0,0176305174827576
54,195091	0,0124736726284027
54,297547	0,00821989774703979
54,398141	0,00329875946044922
54,498416	0,000634372234344482
54,600302	-0,000599175691604614
54,700760	6,42836093902588E-5
54,801494	0,00264394283294678
54,901617	0,00712281465530396
55,002102	0,0112922787666321
55,102131	0,0167402625083923
55,203060	0,0211243629455566
55,303472	0,0232784152030945
55,404046	0,0243979096412659
55,505189	0,0229157507419586
55,606244	0,0200589597225189
55,706310	0,0156675279140472
55,806624	0,0101374387741089
55,908560	0,00586605072021484
56,009520	0,0025736391544342
56,109549	-0,000445932149887085
56,209996	-0,000560879707336426
56,310400	0,00108617544174194
56,410824	0,00514411926269531
56,511732	0,00936919450759888
56,612639	0,0139724612236023
56,712641	0,0186878740787506
56,814081	0,0225366950035095
56,914291	0,0241878926753998
57,015415	0,0238186419010162
57,115927	0,021704375743866
57,216296	0,0183342397212982
57,316437	0,0139800608158112
57,416727	0,00887686014175415
57,517121	0,00411427021026611
57,618641	0,00107339024543762
57,720035	-0,000322520732879639
57,821601	0,000238269567489624
57,922535	0,00237917900085449
58,022990	0,00684827566146851
58,123367	0,0118108987808228
58,223973	0,0161530673503876
58,325580	0,0207976996898651
58,426180	0,0233637988567352
58,527141	0,0241588354110718
58,627423	0,0231185853481293
58,728049	0,0196440517902374
58,828827	0,0159100294113159
58,929649	0,0107240378856659
59,030065	0,00626063346862793
59,130792	0,00225269794464111
59,232413	0,000134289264678955
59,333268	-0,000679135322570801
59,434981	0,00128412246704102
59,535165	0,00419110059738159
59,636153	0,00880664587020874
59,736446	0,0143713057041168
59,838140	0,0183935761451721
59,938878	0,0221492946147919
60,040235	0,024108350276947
60,141962	0,0240544974803925
60,243272	0,0219122767448425
60,344200	0,0181514620780945
60,444570	0,0137536525726318
60,546039	0,00856530666351318
60,646985	0,00475788116455078
60,748403	0,00102236866950989
60,849346	-0,000262439250946045
60,949766	0,000306367874145508
61,050192	0,00271755456924438
61,151140	0,00721842050552368
61,251557	0,0114763081073761
61,352508	0,0164903402328491
61,453973	0,020384818315506
61,555726	0,02330082654953
61,656170	0,0240611732006073
61,756592	0,0233180224895477
61,858016	0,0200948417186737
61,958573	0,0162648558616638
62,059526	0,0112516283988953
62,160997	0,00593245029449463
62,262400	0,0024452805519104
62,363948	-1,04010105133057E-5
62,464346	-0,000652164220809937
62,565968	0,000828146934509277
62,666336	0,00444555282592773
62,766744	0,00906455516815186
62,868267	0,0136523842811584
62,968448	0,0186897814273834
63,070404	0,0222056806087494
63,171842	0,0240435600280762
63,272222	0,0239296853542328
63,374100	0,0220427513122559
63,474635	0,018452912569046
63,576621	0,0132960081100464
63,678052	0,00880005955696106
63,778460	0,00423115491867065
63,878735	0,000678360462188721
63,980239	-0,000593483448028564
64,082018	0,000171631574630737
64,182412	0,00272747874259949
64,282760	0,00636705756187439
64,383337	0,0116542279720306
64,484801	0,0158431828022003
64,586364	0,0204733312129974
64,687815	0,0234577357769012
64,788254	0,0241183638572693
64,889689	0,0232235491275787
64,990171	0,0200445950031281
65,090993	0,0161263346672058
65,191435	0,0110464096069336
65,291815	0,00588393211364746
65,392463	0,00234001874923706
65,493880	-5,66244125366211E-6
65,594555	-0,000535309314727783
65,695136	0,000943005084991455
65,795775	0,00466930866241455
65,896162	0,0084870457649231
65,996615	0,0137603282928467
66,098129	0,0180045962333679
66,199539	0,0216938555240631
66,299923	0,023730456829071
66,400561	0,0237938463687897
66,501965	0,0215800702571869
66,602738	0,0177768766880035
66,703221	0,0136752128601074
66,804699	0,0082118809223175
66,906605	0,00367265939712524
67,008303	0,000824868679046631
67,109846	-0,000871151685714722
67,210263	2,74181365966797E-5
67,311699	0,00222766399383545
67,412250	0,00636845827102661
67,512676	0,0107826590538025
67,613300	0,0159190893173218
67,713767	0,0196153223514557
67,815648	0,0228938162326813
67,916097	0,0238215029239655
68,016508	0,0229587256908417
68,118403	0,020225465297699
68,218774	0,01557257771492
68,320299	0,0112790465354919
68,421949	0,00633126497268677
68,523357	0,00204640626907349
68,623929	5,10513782501221E-5
68,724345	-0,000393927097320557
68,824958	0,00118067860603333
68,926736	0,00428912043571472
69,026916	0,00906121730804443
69,128527	0,0141918361186981
69,230003	0,018449068069458
69,330424	0,0221526324748993
69,431974	0,0237438082695007
69,533578	0,0239868462085724
69,635103	0,0216627717018127
69,735773	0,0184074640274048
69,837381	0,0136319398880005
69,937979	0,00906407833099365
70,038384	0,00431030988693237
70,139311	0,00100302696228027
70,240714	-0,000494182109832764
70,342630	4,91738319396973E-5
70,444121	0,00278031826019287
70,544550	0,00611701607704163
70,646275	0,011328250169754
70,746709	0,0165156424045563
70,848339	0,02007856965065
70,948798	0,0232330858707428
71,050205	0,0240364074707031
71,151006	0,0230097770690918
71,251408	0,0201369524002075
71,353349	0,0154771506786346
71,453776	0,0111026465892792
71,554224	0,00620412826538086
71,656175	0,00265151262283325
71,756603	5,38825988769531E-5
71,857181	-0,000201910734176636
71,958680	0,00106680393218994
72,059081	0,0045793354511261
72,161017	0,00944891571998596
72,262459	0,0136818885803223
72,364400	0,0186581909656525
72,465360	0,0223232209682465
72,566297	0,0237647891044617
72,667804	0,023753821849823
72,768193	0,0214581489562988
72,869088	0,0180500447750092
72,970547	0,0132243037223816
73,072323	0,00881421566009521
73,173698	0,00400730967521667
73,274144	0,000888168811798096
73,376121	-0,000517815351486206
73,476591	0,000141382217407227
73,577086	0,00247123837471008
73,678505	0,0064777135848999
73,779924	0,0115728378295898
73,880080	0,0159931182861328
73,981726	0,0202589631080627
74,081726	0,0231581926345825
74,182149	0,0240063965320587
74,282601	0,0227229297161102
74,384120	0,0197067260742188
74,484597	0,0159696936607361
74,585244	0,0106253027915955
74,685764	0,0065784752368927
74,786159	0,00246274471282959
74,886737	-5,76972961425781E-5
74,988510	-0,000249683856964111
75,090429	0,00132900476455688
75,192051	0,00487047433853149
75,292419	0,00898203253746033
75,394350	0,0141090154647827
75,495793	0,0181620121002197
75,596740	0,0220986604690552
75,697173	0,0238572359085083
75,797569	0,0237952768802643
75,898088	0,0218276977539063
75,998630	0,0185098648071289
76,099211	0,0136733055114746
76,199621	0,00849461555480957
76,301069	0,00444129109382629
76,402576	0,00107294321060181
76,503958	-0,000408589839935303
76,604691	-3,78191471099854E-5
76,706162	0,00263169407844543
76,806622	0,00684311985969543
76,907181	0,0109655559062958
77,007774	0,0162691473960876
77,109353	0,0204919874668121
77,210685	0,0228145718574524
77,312128	0,0239106118679047
77,412715	0,0225109159946442
77,513092	0,0199005603790283
77,613637	0,0155262649059296
77,714136	0,0110846757888794
77,815586	0,00605392456054688
77,916019	0,00270482897758484
78,016461	-5,81741333007813E-5
78,117967	-0,000456333160400391
78,219466	0,000953882932662964
78,320912	0,00418779253959656
78,421363	0,00905227661132813
78,522791	0,013421893119812
78,624491	0,0181528925895691
78,724908	0,0219877958297729
78,826603	0,023569792509079
78,927023	0,0234095752239227
79,028514	0,0213501155376434
79,129052	0,0180342495441437
79,229566	0,0130566954612732
79,329620	0,00802388787269592
79,431430	0,00406622886657715
79,532858	0,000742167234420776
79,633807	-0,00038444995880127
79,735239	-1,43051147460938E-6
79,835868	0,00214031338691711
79,936474	0,00634822249412537
80,036956	0,0112345814704895
80,138654	0,0156098008155823
80,240093	0,0201111137866974
80,341675	0,0228355824947357
80,442074	0,0237576365470886
80,542450	0,022743433713913
80,643391	0,0195454657077789
80,743848	0,0159596800804138
80,844731	0,0107665657997131
80,945158	0,00569605827331543
81,045611	0,00247594714164734
81,146074	0,000192403793334961
81,246487	-0,000430315732955933
81,347314	0,00115513801574707
81,447736	0,0038706362247467
81,549126	0,00937533378601074
81,649735	0,0138316750526428
81,750177	0,0178089141845703
81,850884	0,0216771066188812
81,951303	0,0237790942192078
82,051599	0,0236317813396454
82,152209	0,0217349529266357
82,253611	0,0179323554039001
82,355302	0,013702780008316
82,456714	0,00945740938186646
82,557121	0,00396254658699036
82,658682	0,00105828046798706
82,759136	-0,000264346599578857
82,859639	0,000289320945739746
82,960039	0,00246605277061462
83,060442	0,00600022077560425
83,162349	0,0118142366409302
83,262764	0,0160900354385376
83,363010	0,019963264465332
83,463423	0,022948682308197
83,564881	0,0239892303943634
83,666854	0,0232688784599304
83,768277	0,0202417373657227
83,869747	0,0158427059650421
83,971216	0,0115912854671478
84,072669	0,00637975335121155
84,173331	0,00236314535140991
84,273740	0,000275135040283203
84,375561	-0,000478118658065796
84,476987	0,00137153267860413
84,577410	0,00426319241523743
84,679302	0,00797438621520996
84,779464	0,0141780376434326
84,880369	0,0181725323200226
84,982185	0,021310418844223
85,083761	0,0238476991653442
85,184229	0,0236265361309052
85,284671	0,0219653248786926
85,386658	0,0176912546157837
85,487054	0,0134532451629639
85,589028	0,00910839438438416
85,690379	0,00382065773010254
85,791883	0,000969946384429932
85,892352	-0,000325828790664673
85,993798	0,00022926926612854
86,094068	0,00267982482910156
86,195479	0,00623565912246704
86,295876	0,0112757384777069
86,397802	0,0163030624389648
86,498202	0,0200823843479156
86,598667	0,0226918756961823
86,699079	0,0238577127456665
86,799549	0,0230393707752228
86,901227	0,0206642150878906
87,001677	0,0154704749584198
87,102416	0,0112918019294739
87,203872	0,00699895620346069
87,304266	0,0022149384021759
87,404846	0,000307321548461914
87,505991	-0,000299334526062012
87,607965	0,00164973735809326
87,708393	0,00467121601104736
87,808841	0,00846254825592041
87,909710	0,0136942267417908
88,010135	0,0186031460762024
88,111772	0,0216341018676758
88,213346	0,0238009989261627
88,313795	0,0237366557121277
88,415755	0,0219098925590515
88,516179	0,0189797878265381
88,617116	0,0133311748504639
88,718534	0,00895091891288757
88,819237	0,00510406494140625
88,921159	0,00106018781661987
89,022586	-0,000174015760421753
89,124535	0,000273257493972778
89,224941	0,0031624436378479
89,325344	0,00667828321456909
89,425995	0,0109381377696991
89,526334	0,0159974098205566
89,628238	0,0204116106033325
89,729652	0,0229897499084473
89,831105	0,0240049660205841
89,931961	0,0230107605457306
90,032614	0,0205857753753662
90,132699	0,0161038935184479
90,233810	0,0110695660114288
90,335464	0,00688499212265015
90,437288	0,003277987241745
90,539064	0,000336140394210815
90,639742	-7,66217708587646E-5
90,739952	0,00101575255393982
90,840584	0,00504332780838013
90,942014	0,00889858603477478
91,042663	0,0131597220897675
91,142962	0,0189156532287598
91,244303	0,0218668878078461
91,346293	0,0236155688762665
91,446451	0,0236317813396454
91,547397	0,0217168033123016
91,647574	0,0186318755149841
91,748460	0,0138635337352753
91,850292	0,00861337780952454
91,950833	0,00475552678108215
92,051538	0,00135877728462219
92,152416	-0,000247776508331299
92,253170	0,000286012887954712
92,354072	0,00281006097793579
92,454488	0,00691044330596924
92,556186	0,0111976861953735
92,657581	0,015478104352951
92,757976	0,0205518007278442
92,858828	0,0230336487293243
92,959853	0,0239673256874084
93,060258	0,0227400958538055
93,162248	0,0202776491641998
93,263487	0,0165897011756897
93,363970	0,0106489062309265
93,463999	0,00658082962036133
93,565215	0,00302472710609436
93,665577	0,000408470630645752
93,766370	-5,24818897247314E-5
93,866494	0,00112158060073853
93,967407	0,00451245903968811
94,068186	0,00916311144828796
94,169362	0,0133805871009827
94,271170	0,0183098316192627
94,371407	0,0219376087188721
94,472410	0,0235030651092529
94,573397	0,023725688457489
94,674397	0,0219185054302216
94,774538	0,0181825757026672
94,875439	0,0142941772937775
94,976667	0,00908577442169189
95,077972	0,00441727042198181
95,178365	0,00162234902381897
95,278675	-0,000156044960021973
95,379303	0,000395238399505615
95,479504	0,00254157185554504
95,580438	0,00648853182792664
95,682056	0,0106517672538757
95,782143	0,0158699154853821
95,882422	0,0201804935932159
95,983362	0,0227763950824738
96,084526	0,0240163803100586
96,186302	0,022918164730072
96,287390	0,020626425743103
96,387927	0,0163021087646484
96,488174	0,0111376345157623
96,590062	0,00706019997596741
96,691003	0,00285819172859192
96,791120	0,000598937273025513
96,893198	-1,94013118743896E-5
96,993257	0,00104129314422607
97,093861	0,00417885184288025
97,194846	0,00884860754013062
97,295340	0,0130543112754822
97,396345	0,0179935693740845
97,496969	0,0218726098537445
97,597331	0,0235998332500458
97,697363	0,0238806009292603
97,797800	0,0219691395759583
97,898144	0,0188572704792023
97,998244	0,0149825811386108
98,098967	0,00900042057037354
98,199367	0,00503012537956238
98,300145	0,00206196308135986
98,401409	0,000141382217407227
98,501767	0,000357866287231445
98,603328	0,00231501460075378
98,703705	0,0061485767364502
98,804405	0,0110445022583008
98,906093	0,0153888761997223
99,006641	0,0198526978492737
99,106884	0,0229191184043884
99,207382	0,0240259170532227
99,307918	0,0234835147857666
99,408207	0,0204039514064789
99,509206	0,0168779194355011
99,609730	0,0126183032989502
99,710493	0,00754433870315552
99,811172	0,00328788161277771
99,912121	0,000825792551040649
100,012448	-0,000111132860183716
100,113806	0,00115278363227844
100,214007	0,00366368889808655
100,314319	0,00816240906715393
100,414756	0,0123987793922424
100,515580	0,0173129737377167
100,617376	0,021371603012085
100,718430	0,0233261287212372
100,819503	0,023753821849823
100,919615	0,0221187174320221
101,021222	0,0191745758056641
101,121223	0,0144951045513153
101,221487	0,0102757513523102
101,322304	0,00540268421173096
101,422582	0,00225931406021118
101,523061	0,000205188989639282
101,624061	0,000190049409866333
101,724158	0,00195479393005371
101,824738	0,00573983788490295
101,925743	0,0105341374874115
102,026450	0,0149048566818237
102,126695	0,0195588767528534
102,227818	0,0227300822734833
102,327945	0,02399542927742
102,429822	0,0236842334270477
102,530417	0,0206962823867798
102,631789	0,0172814130783081
102,732204	0,0130813717842102
102,832362	0,00710257887840271
102,932702	0,00357270240783691
103,033192	0,000975608825683594
103,134006	-0,000170230865478516
103,235714	0,000928342342376709
103,336539	0,00333645939826965
103,437849	0,00769931077957153
103,538854	0,0128673315048218
103,640158	0,0169835388660431
103,740159	0,0211114585399628
103,840492	0,0235359668731689
103,941513	0,0238548517227173
104,041680	0,0227572917938232
104,141712	0,0189022421836853
104,241848	0,0149263143539429
104,342126	0,0106645226478577
104,443314	0,00573939085006714
104,543728	0,00184902548789978
104,644929	8,22544097900391E-5
104,745730	-0,000109702348709106
104,846054	0,00188112258911133
104,946717	0,00503861904144287
105,047650	0,009797602891922
105,148454	0,0149291753768921
105,249322	0,0189065635204315
105,349704	0,0222634673118591
105,450187	0,0236732661724091
105,550524	0,0234315097332001
105,650983	0,0209201574325562
105,752611	0,0176209509372711
105,852835	0,0127079486846924
105,953038	0,00837206840515137
106,053441	0,00390034914016724
106,155145	0,00123924016952515
106,256101	-0,000248730182647705
106,356769	0,00064811110496521
106,457353	0,00293508172035217
106,557469	0,00706583261489868
106,658351	0,0121893286705017
106,758569	0,0163359940052032
106,859558	0,0205278694629669
106,959568	0,023168683052063
107,059995	0,0236761271953583
107,161130	0,0227043032646179
107,262715	0,0190865099430084
107,363298	0,0152104794979095
107,463801	0,0109074115753174
107,565002	0,00522559881210327
107,666226	0,00197082757949829
107,767783	-2,83122062683105E-6
107,869304	-0,000360816717147827
107,970502	0,0013960599899292
108,072067	0,00439468026161194
108,173635	0,00910604000091553
108,274475	0,0141918361186981
108,376413	0,0181490778923035
108,476765	0,0217048525810242
108,578758	0,0233017802238464
108,679169	0,023049384355545
108,780197	0,0207833349704742
108,880265	0,0167058408260345
108,980644	0,0126505494117737
109,081384	0,00835087895393372
109,182525	0,00309121608734131
109,284334	0,00062870979309082
109,385198	-0,000542879104614258
109,487017	0,000503480434417725
109,588992	0,00304451584815979
109,689514	0,00656574964523315
109,791484	0,0125220417976379
109,891818	0,0167803764343262
109,992837	0,02027428150177
110,093476	0,0230875611305237
110,194296	0,0238172113895416
110,295382	0,0226297974586487
110,396063	0,0195449888706207
110,496496	0,0149215459823608
110,596628	0,0105317533016205
110,696915	0,00642025470733643
110,797116	0,00175410509109497
110,897553	-0,000128626823425293
110,999542	-0,000409066677093506
111,099703	0,00167709589004517
111,201120	0,00473526120185852
111,301762	0,00873029232025146
111,402198	0,0146313309669495
111,503346	0,0185055434703827
111,605632	0,0215317904949188
111,705931	0,0233556926250458
111,806803	0,0229157507419586
111,908693	0,0209550559520721
112,010420	0,0168406069278717
112,111211	0,0117309093475342
112,213191	0,00737714767456055
112,313847	0,0027468204498291
112,414678	-0,000227451324462891
112,515285	-0,00112709403038025
112,616217	-0,000184893608093262
112,716886	0,00301480293273926
112,817069	0,00680026412010193
112,917196	0,0111646056175232
113,017628	0,017413854598999
113,118334	0,0209775567054749
113,218371	0,0233385264873505
113,318440	0,024273157119751
113,420350	0,0227959752082825
113,520854	0,0199948251247406
113,622584	0,0153774321079254
113,722630	0,00998353958129883
113,823053	0,00580340623855591
113,923133	0,00192031264305115
114,025283	-0,000271886587142944
114,126518	-0,000213742256164551
114,228446	0,00190946459770203
114,328535	0,00580435991287231
114,430264	0,0100968480110168
114,531541	0,0154394507408142
114,632400	0,0201379358768463
114,733191	0,0230403244495392
114,833488	0,0244593322277069
114,933746	0,0240178108215332
115,035410	0,0215762555599213
115,135791	0,0180366337299347
115,235913	0,012845516204834
115,337679	0,00767290592193604
115,439237	0,00377589464187622
115,539285	0,000667929649353027
115,640083	-0,000310212373733521
115,741967	0,000532776117324829
115,842115	0,00362786650657654
115,942906	0,00822365283966064
116,043951	0,0125381350517273
116,144016	0,0177204310894012
116,244911	0,0212396383285522
116,345794	0,0237700343132019
116,446672	0,0242936313152313
116,548553	0,0229219794273376
116,648587	0,0194315612316132
116,749041	0,0155472755432129
116,849704	0,010185569524765
116,950085	0,00520581007003784
117,050734	0,00200247764587402
117,151849	-0,000238806009292603
117,252598	-0,000366955995559692
117,354246	0,00161433219909668
117,454736	0,00540927052497864
117,554843	0,00954136252403259
117,655415	0,0149048566818237
117,755833	0,019605278968811
117,856615	0,0225615203380585
117,956671	0,0241436064243317
118,057218	0,0236437022686005
118,157627	0,0215829312801361
118,258113	0,0182217955589294
118,359137	0,0122343301773071
118,459589	0,00791975855827332
118,559626	0,00396206974983215
118,661037	-0,000252515077590942
118,762715	-0,00393861532211304
118,862902	-0,00690677762031555
118,964600	-0,0105267763137817
119,064647	-0,014350563287735
119,164984	-0,0179639160633087
119,265001	-0,0219222903251648
119,366084	-0,0280324220657349
119,466363	-0,0328540205955505
119,567587	-0,0377336144447327
119,667602	-0,042965829372406
119,768048	-0,0466107726097107
119,868437	-0,0478289723396301
119,970174	-0,0469497740268707
120,070969	-0,0437798500061035
120,172233	-0,0398103594779968
120,273820	-0,0343270301818848
120,375070	-0,029022604227066
120,475430	-0,0253852009773254
120,576181	-0,0227040946483612
120,676557	-0,0222213268280029
120,778427	-0,0236034989356995
120,878477	-0,0271669626235962
120,979330	-0,031235009431839
121,080596	-0,0367313027381897
121,180956	-0,0419583022594452
121,281813	-0,0454263091087341
121,383596	-0,047817587852478
121,483726	-0,0479777753353119
121,584944	-0,0459709763526917
121,685124	-0,0419137179851532
121,785144	-0,0374884307384491
121,885243	-0,0318357050418854
121,986110	-0,0274200439453125
122,087004	-0,0232973098754883
122,188515	-0,0211859345436096
122,289604	-0,0211572647094727
122,391194	-0,0232958793640137
122,491403	-0,0274673104286194
122,591472	-0,0318803489208221
122,692014	-0,037627786397934
122,792597	-0,0428471565246582
122,893223	-0,0460905134677887
122,993362	-0,0479299128055573
123,093621	-0,0475991368293762
123,194140	-0,0453660488128662
123,294842	-0,041841596364975
123,396251	-0,0364587008953094
123,496534	-0,0308184325695038
123,596906	-0,0266508758068085
123,697604	-0,0229709148406982
123,797777	-0,0214731693267822
123,899829	-0,0220761299133301
124,000561	-0,0242259800434113
124,100605	-0,0294400453567505
124,202370	-0,0340430736541748
124,304681	-0,0387124121189117
124,404782	-0,0444064140319824
124,506644	-0,0470450818538666
124,606831	-0,0480696558952332
124,707653	-0,0466454029083252
124,808154	-0,0436920523643494
124,909582	-0,0395796895027161
125,010053	-0,0330368280410767
125,110777	-0,028504878282547
125,211119	-0,0247516930103302
125,311262	-0,0220178365707397
125,411278	-0,0215553641319275
125,512425	-0,023027241230011
125,613101	-0,0267716944217682
125,714618	-0,0319113731384277
125,815571	-0,036687433719635
125,915765	-0,0421144068241119
126,016559	-0,0461540520191193
126,117162	-0,0479630827903748
126,217662	-0,0480649471282959
126,318337	-0,0458381474018097
126,420253	-0,0416010618209839
126,520620	-0,0371045470237732
126,620833	-0,0313422083854675
126,722113	-0,0262816250324249
126,822513	-0,0231837630271912
126,923041	-0,0213727951049805
127,023474	-0,0220837891101837
127,124282	-0,0244003236293793
127,225541	-0,02885901927948
127,326691	-0,0334869921207428
127,427476	-0,0391639173030853
127,528540	-0,044074147939682
127,629075	-0,0469436049461365
127,729441	-0,0481923818588257
127,830523	-0,046961635351181
127,930996	-0,0442194044589996
128,031737	-0,0392666459083557
128,132185	-0,0345772206783295
128,233782	-0,0290989279747009
128,334062	-0,0252131223678589
128,434690	-0,0222796201705933
128,536047	-0,0216332376003265
128,637886	-0,0228902697563171
128,739784	-0,0264537334442139
128,839901	-0,0315062403678894
128,940938	-0,0362017750740051
129,041191	-0,041706383228302
129,141647	-0,0459126234054565
129,242514	-0,0478635728359222
129,342525	-0,0480696558952332
129,442976	-0,045687735080719
129,543646	-0,0421642363071442
129,645280	-0,0377742648124695
129,746309	-0,0310671925544739
129,847799	-0,0268119275569916
129,948498	-0,0235758423805237
130,048591	-0,0215075612068176
130,149235	-0,0219280123710632
130,250200	-0,0240949690341949
130,351091	-0,0283279120922089
130,452491	-0,0338320136070251
130,553285	-0,0385775566101074
130,654262	-0,0435430109500885
130,754387	-0,0470085740089417
130,854875	-0,0480777323246002
130,955053	-0,0473730862140656
131,055997	-0,043765127658844
131,157588	-0,0395991206169128
131,257953	-0,0348255634307861
131,358002	-0,0283175408840179
131,459799	-0,0244203209877014
131,561235	-0,0217866003513336
131,661865	-0,020890086889267
131,761975	-0,0222132205963135
131,862199	-0,0251161158084869
131,962857	-0,0301217436790466
132,062976	-0,0357721149921417
132,164693	-0,0404250025749207
132,265609	-0,0449726581573486
132,365680	-0,0474526882171631
132,466644	-0,0477384626865387
132,566948	-0,0457883179187775
132,667144	-0,0424456596374512
132,768006	-0,0372230410575867
132,868942	-0,0324945449829102
132,970122	-0,0271447002887726
133,070796	-0,0232472121715546
133,171318	-0,0215171277523041
133,272245	-0,0215725600719452
133,374170	-0,0241330862045288
133,475071	-0,0276573300361633
133,575619	-0,0329691469669342
133,675985	-0,0387147665023804
133,776493	-0,0428846478462219
133,877961	-0,0464414954185486
133,978336	-0,0478119254112244
134,080182	-0,0469777286052704
134,181812	-0,043843001127243
134,281942	-0,0399089157581329
134,383496	-0,0341643691062927
134,484341	-0,0286600291728973
134,584815	-0,0248135626316071
134,684896	-0,0216982364654541
134,785261	-0,020997166633606
134,886444	-0,0223512351512909
134,986923	-0,0258023142814636
135,087852	-0,0300554037094116
135,188051	-0,0357405841350555
135,288663	-0,0403273701667786
135,388938	-0,0450068116188049
135,489458	-0,0475488901138306
135,591221	-0,0478284955024719
135,692593	-0,0460216999053955
135,793531	-0,0418781340122223
135,895222	-0,0374473333358765
135,996017	-0,0318112671375275
136,096644	-0,0265622735023499
136,198155	-0,0233679115772247
136,298995	-0,021461695432663
136,399100	-0,0218305587768555
136,499852	-0,0240801870822906
136,600205	-0,0276350975036621
136,700653	-0,0338329374790192
136,802624	-0,0386726558208466
136,902759	-0,0429273843765259
137,004588	-0,0465353727340698
137,106002	-0,0480611622333527
137,206604	-0,047294408082962
137,308470	-0,0442203283309937
137,410236	-0,0394593775272369
137,511031	-0,0346849262714386
137,611229	-0,0290829241275787
137,711371	-0,024558424949646
137,812960	-0,022024542093277
137,914045	-0,0211993157863617
138,015959	-0,0228434801101685
138,117199	-0,0257567167282104
138,218094	-0,0308109223842621
138,318516	-0,0365190505981445
138,418525	-0,041019082069397
138,518769	-0,0448326468467712
138,619577	-0,0477868318557739
138,721037	-0,0478076636791229
138,821475	-0,0462019741535187
138,923143	-0,0422430038452148
139,024490	-0,036832720041275
139,124802	-0,0321218967437744
139,225077	-0,0268583595752716
139,325728	-0,0229332149028778
139,427636	-0,0213737487792969
139,528015	-0,0213364958763123
139,628491	-0,0241049826145172
139,730053	-0,027777373790741
139,830093	-0,0321533977985382
139,930313	-0,038756400346756
140,030479	-0,0429890751838684
140,131778	-0,0459927916526794
140,232074	-0,0477707087993622
140,333598	-0,046984851360321
140,434198	-0,044473797082901
140,535410	-0,0399842262268066
140,637350	-0,0345221757888794
140,737873	-0,0299127697944641
140,838746	-0,02541184425354
140,938986	-0,0224949717521667
141,039633	-0,0217369198799133
141,141138	-0,0231703817844391
141,241881	-0,0265783667564392
141,342455	-0,0305973887443542
141,444026	-0,036212146282196
141,544941	-0,0414435565471649
141,646282	-0,0449830889701843
141,747898	-0,0472763776779175
141,848715	-0,0475077033042908
141,949660	-0,0457683801651001
142,050682	-0,0426245927810669
142,150973	-0,0373982191085815
142,252050	-0,0318935215473175
142,352463	-0,0276341736316681
142,454354	-0,0236192345619202
142,556341	-0,0217775106430054
142,657300	-0,0219705402851105
142,757873	-0,0242402851581573
142,858956	-0,0285671353340149
142,959586	-0,0329301357269287
143,060608	-0,0384058654308319
143,161001	-0,0433887243270874
143,261676	-0,0461573898792267
143,362739	-0,0475488901138306
143,464733	-0,046602725982666
143,565381	-0,0439383983612061
143,667105	-0,0401301980018616
143,768473	-0,0338554978370667
143,870405	-0,0293175578117371
143,971543	-0,0255652964115143
144,072436	-0,0223369002342224
144,173870	-0,0217722654342651
144,274322	-0,0230167508125305
144,375459	-0,0270898342132568
144,475515	-0,0311598181724548
144,577182	-0,0358347594738007
144,677601	-0,041941225528717
144,778896	-0,0452872514724731
144,880596	-0,047383040189743
144,980850	-0,0475853979587555
145,081487	-0,0453954637050629
145,182510	-0,0421362519264221
145,282519	-0,0369181334972382
145,383157	-0,03144371509552
145,483757	-0,0274209678173065
145,584395	-0,0242040753364563
145,684776	-0,022156834602356
145,785730	-0,0226787924766541
145,886409	-0,0246264934539795
145,986612	-0,0287953615188599
146,087342	-0,0340957343578339
146,188238	-0,0385922491550446
146,288254	-0,043501228094101
146,389121	-0,046799510717392
146,490986	-0,0477569401264191
146,591783	-0,0468625426292419
146,692544	-0,0436203479766846
146,792641	-0,0395882129669189
146,894434	-0,0341949462890625
146,994473	-0,0296703279018402
147,094847	-0,0251099169254303
147,195737	-0,0224605798721313
147,297733	-0,0218128859996796
147,399558	-0,0232782065868378
147,500057	-0,0269573032855988
147,600702	-0,0309975743293762
147,700751	-0,036580353975296
147,802692	-0,0411224365234375
147,903314	-0,0453513264656067
148,003548	-0,0477782785892487
148,105337	-0,047972559928894
148,205955	-0,0458485782146454
148,306948	-0,0426198244094849
148,409166	-0,0374657511711121
148,509502	-0,0318154990673065
148,610910	-0,0276492834091187
148,712126	-0,0238023400306702
148,812300	-0,0219557285308838
148,912625	-0,0223091840744019
149,013109	-0,0247359871864319
149,113255	-0,0290094017982483
149,215170	-0,03349968791008
149,315432	-0,0389916002750397
149,416136	-0,0438016951084137
149,517293	-0,0466397106647491
149,617688	-0,0478138029575348
149,717892	-0,047051727771759
149,818131	-0,0440665781497955
149,918848	-0,0401306748390198
150,019073	-0,0346764624118805
150,119496	-0,0293232202529907
150,220192	-0,0254873931407928
150,321260	-0,0229150950908661
150,421508	-0,0218816995620728
150,523093	-0,0230382084846497
150,623449	-0,025818943977356
150,724245	-0,0314080119132996
150,824682	-0,0359972715377808
150,924797	-0,0405752658843994
151,026152	-0,0449731051921844
151,126199	-0,0474825799465179
151,227580	-0,0478493571281433
151,328231	-0,0459486842155457
151,428782	-0,0420024394989014
151,529393	-0,0377227663993835
151,629447	-0,0320833921432495
151,730952	-0,0270619094371796
151,831459	-0,0239114761352539
151,932009	-0,0218840837478638
152,032855	-0,0220942795276642
152,134260	-0,0244374871253967
152,236047	-0,0286166667938232
152,336477	-0,0330617129802704
152,437089	-0,0386201441287994
152,537130	-0,0427854657173157
152,638873	-0,0464585721492767
152,739055	-0,0478787124156952
152,839900	-0,0471896529197693
152,940943	-0,044288694858551
153,041099	-0,0395342111587524
153,142077	-0,0348985195159912
153,242822	-0,0294301509857178
153,344355	-0,0255030691623688
153,446281	-0,0223879814147949
153,546460	-0,0215238332748413
153,647517	-0,0225957036018372
153,747525	-0,0259271860122681
153,848298	-0,030823141336441
153,949271	-0,0354580283164978
154,050516	-0,0409474670886993
154,152089	-0,0453081429004669
154,252431	-0,0474664568901062
154,353895	-0,0478962659835815
154,454808	-0,0463689267635345
154,555752	-0,0425809025764465
154,656566	-0,0374525189399719
154,757101	-0,0327906012535095
154,858650	-0,0276497602462769
154,959014	-0,0243822336196899
155,059703	-0,022201269865036
155,160471	-0,0223970711231232
155,261055	-0,0243217349052429
155,362601	-0,0283586084842682
155,462704	-0,0336073338985443
155,563437	-0,0382346510887146
155,664272	-0,04320028424263
155,764793	-0,046672910451889
155,866742	-0,0478834509849548
155,966770	-0,0470896363258362
156,067339	-0,0440347492694855
156,167876	-0,0401183664798737
156,267878	-0,0355733931064606
156,368290	-0,0301043391227722
156,468375	-0,0254555344581604
156,569035	-0,0228706896305084
156,669627	-0,0217775106430054
156,770314	-0,0230348706245422
156,870664	-0,0257624387741089
156,972338	-0,0296128988265991
157,072707	-0,035979837179184
157,173004	-0,0404870808124542
157,273200	-0,0442554950714111
157,373980	-0,0474176108837128
157,474641	-0,0477417707443237
157,574743	-0,04635089635849
157,675579	-0,0427588820457458
157,776084	-0,037706196308136
157,876791	-0,033077210187912
157,976951	-0,0279195308685303
158,077636	-0,0240082442760468
158,178318	-0,022235631942749
158,278527	-0,0222528576850891
158,379416	-0,0240454077720642
158,480095	-0,0279629826545715
158,581269	-0,0331491231918335
158,681435	-0,0377775430679321
158,781653	-0,0420698225498199
158,882328	-0,0464889109134674
158,982608	-0,0478920042514801
159,083279	-0,0475877821445465
159,185128	-0,04511359333992
159,286368	-0,0407056510448456
159,386415	-0,0362111926078796
159,488017	-0,0307370722293854
159,588266	-0,0259950757026672
159,689497	-0,0232543647289276
159,791169	-0,0219629108905792
159,891836	-0,0229666233062744
159,992844	-0,0255101919174194
160,092889	-0,0292506814002991
160,193875	-0,035458505153656
160,294865	-0,0399728715419769
160,396483	-0,0444823503494263
160,497642	-0,0471261441707611
160,597814	-0,0476356446743011
160,698257	-0,0464215874671936
160,800100	-0,0422102808952332
160,900234	-0,0380370318889618
161,001571	-0,0334324836730957
161,102097	-0,0281887054443359
161,202360	-0,0242055058479309
161,303048	-0,0222604870796204
161,403703	-0,0220441222190857
161,503737	-0,0242302715778351
161,604746	-0,0274441242218018
161,705485	-0,0316331386566162
161,805519	-0,0381027460098267
161,905807	-0,0422786176204681
162,006142	-0,045571506023407
162,106248	-0,0476612150669098
162,206734	-0,0472507774829865
162,308711	-0,045198529958725
162,409360	-0,040972113609314
162,509795	-0,0355489253997803
162,610129	-0,0310417711734772
162,710229	-0,0262223482131958
162,811253	-0,0229165256023407
162,911732	-0,0218988656997681
163,012553	-0,0227040946483612
163,113294	-0,0251080095767975
163,213785	-0,0296255946159363
163,315640	-0,0349657535552979
163,416584	-0,0395114719867706
163,517212	-0,0442023277282715
163,617699	-0,0470095276832581
163,718325	-0,0476939380168915
163,819679	-0,0463048815727234
163,919782	-0,0433612167835236
164,020429	-0,0385520160198212
164,121770	-0,033047616481781
164,222574	-0,0286199450492859
164,322715	-0,0244836509227753
164,423639	-0,0223956406116486
164,523923	-0,0219127535820007
164,624396	-0,0238905251026154
164,725148	-0,0270037055015564
164,826150	-0,0310460329055786
164,927128	-0,0375536382198334
165,027395	-0,0418041050434113
165,128293	-0,0451558232307434
165,230193	-0,047660768032074
165,330832	-0,0473161935806274
165,432341	-0,0453802645206451
165,533442	-0,0405515432357788
165,634080	-0,0360166132450104
165,734836	-0,0314451456069946
165,835461	-0,0266229510307312
165,935545	-0,0231250524520874
166,035719	-0,0219222903251648
166,135774	-0,0226329565048218
166,236443	-0,0254127681255341
166,337125	-0,0292026102542877
166,437392	-0,0336585640907288
166,539173	-0,0399197936058044
166,639830	-0,0438771843910217
166,740678	-0,046578049659729
166,842604	-0,0476692914962769
166,944182	-0,0465813875198364
167,044922	-0,0438202023506165
167,146910	-0,0381481349468231
167,247231	-0,0336562097072601
167,349096	-0,029173880815506
167,449538	-0,02430459856987
167,549829	-0,0224309861660004
167,649974	-0,0219667255878448
167,750122	-0,0236750245094299
167,851259	-0,0274483859539032
167,952929	-0,0314733386039734
168,054757	-0,0370162725448608
168,155705	-0,0421409904956818
168,256976	-0,0453010201454163
168,357450	-0,0472436845302582
168,458236	-0,0470981895923615
168,559155	-0,0449621975421906
168,659573	-0,0416314303874969
168,760049	-0,0354735851287842
168,860730	-0,030866414308548
168,961845	-0,0268886387348175
169,062797	-0,0232672393321991
169,163246	-0,0217211544513702
169,263678	-0,0223349928855896
169,365293	-0,024944394826889
169,465446	-0,0293613970279694
169,566089	-0,033869594335556
169,666300	-0,0392316281795502
169,766416	-0,0438500940799713
169,867981	-0,0464766025543213
169,968416	-0,047394871711731
170,068780	-0,0464054644107819
170,169214	-0,0432558059692383
170,270683	-0,0383443832397461
170,372087	-0,0338324904441833
170,472599	-0,0286204218864441
170,573918	-0,0249415338039398
170,673955	-0,0223110914230347
170,774198	-0,0218964815139771
170,876344	-0,0232052206993103
170,977268	-0,0268450975418091
171,078179	-0,0317699313163757
171,178196	-0,0362257957458496
171,279002	-0,0415237247943878
171,380753	-0,0448578000068665
171,481389	-0,0470080971717834
171,582377	-0,0470422506332397
171,683807	-0,0450723171234131
171,783880	-0,0409796833992004
171,884146	-0,0358686745166779
171,985332	-0,031234085559845
172,085844	-0,0263935327529907
172,185987	-0,0230859220027924
172,287117	-0,0217259228229523
172,388559	-0,0221463441848755
172,489770	-0,0247540473937988
172,591647	-0,0289170145988464
172,692584	-0,0333925485610962
172,792747	-0,0388870239257813
172,892962	-0,0434589982032776
172,993667	-0,0462313890457153
173,095345	-0,0474162101745605
173,196178	-0,0461175441741943
173,296731	-0,043525904417038
173,398613	-0,038759708404541
173,498866	-0,0332487523555756
173,599315	-0,0289599299430847
173,699399	-0,0252273678779602
173,799891	-0,0220723152160645
173,901552	-0,0218076109886169
174,001669	-0,0229833126068115
174,102669	-0,0271362066268921
174,202907	-0,0313393771648407
174,304050	-0,0357782542705536
174,404375	-0,0418425500392914
174,505233	-0,0451676845550537
174,605665	-0,0469350814819336
174,707543	-0,0470811128616333
174,809258	-0,044875830411911
174,910310	-0,0413771569728851
175,011559	-0,0363045334815979
175,112495	-0,0308720469474792
175,213216	-0,0267186462879181
175,313842	-0,023750364780426
175,415428	-0,0217660665512085
175,516189	-0,0222303867340088
175,616941	-0,0244574546813965
175,718297	-0,029379278421402
175,818352	-0,033775120973587
175,919520	-0,0384498238563538
176,019531	-0,0437917113304138
176,119617	-0,046347588300705
176,220334	-0,047448456287384
176,320901	-0,0463053584098816
176,420940	-0,0431419014930725
176,521135	-0,0392912626266479
176,621345	-0,0337460041046143
176,722316	-0,0285968482494354
176,822531	-0,0250599980354309
176,924393	-0,0222848653793335
177,025219	-0,0218468010425568
177,125830	-0,0233931839466095
177,227809	-0,0261440575122833
177,329129	-0,0310224890708923
177,429914	-0,036457747220993
177,531800	-0,040733128786087
177,633153	-0,0450414419174194
177,734320	-0,0472389459609985
177,834652	-0,0472616851329803
177,935697	-0,0453261733055115
178,037348	-0,0412106812000275
178,138148	-0,036866694688797
178,239184	-0,031552791595459
178,339603	-0,0265897512435913
178,440094	-0,0236359238624573
178,540773	-0,0220685005187988
178,640798	-0,022302508354187
178,742329	-0,0248240232467651
178,842595	-0,0291710495948792
178,942938	-0,0333935022354126
179,043007	-0,0388908088207245
179,144180	-0,0429325997829437
179,245823	-0,0461256206035614
179,346242	-0,0474356412887573
179,446999	-0,0465880036354065
179,547406	-0,0434119999408722
179,648335	-0,0397184491157532
179,748788	-0,0343180894851685
179,850210	-0,0289495587348938
179,951283	-0,0254350900650024
180,051654	-0,0225260257720947
180,152813	-0,0218554139137268
180,254799	-0,0232672393321991
180,355236	-0,0265442728996277
180,456195	-0,031408965587616
180,557582	-0,0360500812530518
180,658037	-0,0411034822463989
180,758054	-0,0452175140380859
180,858485	-0,0471635758876801
180,960385	-0,0470977127552032
181,061833	-0,0449783504009247
181,163273	-0,0416575074195862
181,264167	-0,0363455414772034
181,364546	-0,0319475531578064
181,465106	-0,0270510315895081
181,565790	-0,0238366425037384
181,666218	-0,0221468210220337
181,766376	-0,0225193202495575
181,866709	-0,0245098471641541
181,968088	-0,0280451774597168
182,068533	-0,0339518785476685
182,170089	-0,0384257435798645
182,270948	-0,04266157746315
182,371411	-0,046420156955719
182,472913	-0,0474399030208588
182,574341	-0,0469483435153961
182,674826	-0,0432358980178833
182,776487	-0,0394181609153748
182,876626	-0,0350645780563354
182,978131	-0,0287321805953979
183,078571	-0,0253219604492188
183,178985	-0,0230119824409485
183,279744	-0,0219791531562805
183,380174	-0,0236507058143616
183,480182	-0,0264456868171692
183,580688	-0,031015932559967
183,682132	-0,0366133749485016
183,784095	-0,0408663749694824
183,884773	-0,0443319082260132
183,986282	-0,0473735630512238
184,086731	-0,0473351776599884
184,187204	-0,0457385182380676
184,287955	-0,0414449870586395
184,388363	-0,0369988083839417
184,489109	-0,0325039327144623
184,590561	-0,026945948600769
184,691971	-0,0238304436206818
184,793474	-0,0223569869995117
184,893883	-0,0229208171367645
184,994503	-0,0249553322792053
185,095963	-0,0285161733627319
185,196358	-0,0336707830429077
185,296859	-0,0388903319835663
185,397227	-0,0430284738540649
185,498740	-0,0463134348392487
185,600480	-0,0473953485488892
185,702013	-0,0467430651187897
185,802511	-0,0436175167560577
185,903929	-0,0389248728752136
186,005865	-0,0346091985702515
186,106284	-0,0300822257995605
186,207207	-0,0249857902526855
186,308689	-0,0228974223136902
186,409127	-0,0220445990562439
186,509588	-0,0233636200428009
186,609766	-0,0268214344978333
186,710660	-0,0305701196193695
186,812152	-0,0360298156738281
186,912567	-0,0412476658821106
187,012741	-0,0445298254489899
187,113168	-0,0470929741859436
187,215111	-0,0471872687339783
187,315580	-0,0453617572784424
187,416006	-0,0417115986347198
187,517279	-0,0365421772003174
187,617719	-0,0319719910621643
187,718733	-0,0273022651672363
187,819203	-0,024162620306015
187,919646	-0,0222480893135071
188,020122	-0,0226176977157593
188,120517	-0,0247621536254883
188,221399	-0,0288420617580414
188,321665	-0,0332224369049072
188,422092	-0,0383912026882172
188,522752	-0,0424062609672546
188,624223	-0,0459851920604706
188,724878	-0,0471432209014893
188,826387	-0,0465325117111206
188,927870	-0,0437751114368439
189,029555	-0,039063572883606
189,131036	-0,0347733795642853
189,233012	-0,0295714735984802
189,333425	-0,0251170694828033
189,433857	-0,0229723453521729
189,535746	-0,0221687853336334
189,636227	-0,0235829949378967
189,736952	-0,0265660583972931
189,837467	-0,0311767160892487
189,939021	-0,0364798903465271
190,039676	-0,0409251749515533
190,141115	-0,0448668003082275
190,243027	-0,046822726726532
190,343473	-0,04726642370224
190,444918	-0,0450077652931213
190,545904	-0,0418230891227722
190,646314	-0,0369275808334351
190,748218	-0,0313624143600464
190,848718	-0,0274271070957184
190,949212	-0,0238876640796661
191,050484	-0,0221773982048035
191,151834	-0,0225914120674133
191,253380	-0,02507284283638
191,354869	-0,0291503071784973
191,456296	-0,0336595177650452
191,556786	-0,0389092564582825
191,658668	-0,0427218675613403
191,759623	-0,04625603556633
191,861102	-0,0472460389137268
191,961695	-0,0463660955429077
192,063581	-0,043596625328064
192,164165	-0,039656400680542
192,265051	-0,0343886613845825
192,365492	-0,0293953120708466
192,466723	-0,0255966484546661
192,568154	-0,0229465663433075
192,668628	-0,0224691927433014
192,769537	-0,0235024094581604
192,870050	-0,0270429849624634
192,970731	-0,0318070352077484
193,071159	-0,0360660552978516
193,172577	-0,0414122641086578
193,273053	-0,0447548031806946
193,373484	-0,0469298660755157
193,474010	-0,0472669005393982
193,574416	-0,0454182326793671
193,675927	-0,0414862632751465
193,776067	-0,0366742014884949
193,876860	-0,032024621963501
193,978810	-0,027229905128479
194,079276	-0,024443656206131
194,179723	-0,0224085450172424
194,280700	-0,0226916670799255
194,381152	-0,0251593887805939
194,483078	-0,0289872586727142
194,583577	-0,0333606004714966
194,684016	-0,0387549996376038
194,785931	-0,0431751310825348
194,886417	-0,0460895597934723
194,986955	-0,0473835170269012
195,087352	-0,0461858510971069
195,188642	-0,0438928306102753
195,290565	-0,0392675995826721
195,392025	-0,0338790118694305
195,492506	-0,0297800302505493
195,593911	-0,0253267288208008
195,695407	-0,0227489769458771
195,796358	-0,0224400460720062
195,897862	-0,0237088799476624
195,998471	-0,027289479970932
196,099870	-0,0313628911972046
196,201260	-0,0364327728748322
196,302067	-0,0408085584640503
196,403486	-0,0449555516242981
196,505357	-0,0468957424163818
196,605813	-0,0471081435680389
196,707230	-0,0450741946697235
196,808158	-0,0409313440322876
196,909669	-0,0369186103343964
197,010170	-0,0315189361572266
197,111584	-0,0266968309879303
197,212173	-0,0240287184715271
197,312577	-0,0222671926021576
197,414003	-0,0225790143013
197,515651	-0,0252578258514404
197,616099	-0,0292572975158691
197,717825	-0,03354811668396
197,818267	-0,0390290021896362
197,919136	-0,0433906316757202
198,020126	-0,046080082654953
198,121553	-0,0473546087741852
198,223180	-0,0463176965713501
198,323582	-0,0434769988059998
198,424005	-0,0389457046985626
198,525572	-0,0343566536903381
198,627000	-0,0294052064418793
198,727889	-0,0252254903316498
198,828358	-0,0229394137859344
198,928861	-0,0225684940814972
199,029869	-0,024109274148941
199,131314	-0,0269303321838379
199,232971	-0,0318723618984222
199,333384	-0,0369983315467834
199,433832	-0,0411822199821472
199,534282	-0,0452730357646942
199,634767	-0,046893835067749
199,736224	-0,0469910502433777
199,836660	-0,0448971688747406
199,938148	-0,0413975417613983
200,038932	-0,0364813208580017
200,139385	-0,0312467515468597
200,240880	-0,0271447002887726
200,342334	-0,0238871872425079
200,443794	-0,0225570201873779
200,544301	-0,0228368043899536
200,644501	-0,0250599980354309
200,745469	-0,0291027128696442
200,845919	-0,0340924263000488
200,946381	-0,0386906564235687
201,047957	-0,0432411134243011
201,148418	-0,0462925732135773
201,250016	-0,047417163848877
201,350406	-0,0462612509727478
201,450784	-0,0431376397609711
201,551726	-0,0394499003887177
201,652404	-0,0349248349666595
201,753327	-0,0290042161941528
201,854796	-0,0256260931491852
201,956037	-0,0231732428073883
202,056995	-0,0225966572761536
202,157394	-0,0240072906017303
202,258332	-0,0266239047050476
202,358454	-0,0313924849033356
202,460230	-0,0366779863834381
202,561331	-0,0407772064208984
202,661972	-0,0449816584587097
202,762927	-0,0470868051052094
202,863333	-0,0470469892024994
202,963757	-0,045204222202301
203,065718	-0,041161835193634
203,166170	-0,0369271039962769
203,266682	-0,0326566696166992
203,368605	-0,0269511342048645
203,469547	-0,024102121591568
203,570033	-0,022744208574295
203,671422	-0,0230863988399506
203,773071	-0,0253386199474335
203,873533	-0,028822273015976
203,974086	-0,0345687568187714
204,074536	-0,0390711426734924
204,174985	-0,0430137515068054
204,275693	-0,0461094677448273
204,377141	-0,0474280714988708
204,477795	-0,0466069877147675
204,578226	-0,0434979200363159
204,679838	-0,039132684469223
204,781357	-0,0346863269805908
204,881797	-0,0302822291851044
204,982764	-0,0254973769187927
205,084247	-0,023220956325531
205,184771	-0,0225030779838562
205,285699	-0,0243307948112488
205,386198	-0,0270519852638245
205,487135	-0,0309021174907684
205,587592	-0,0371333360671997
205,688282	-0,0411480665206909
205,788470	-0,0445768237113953
205,888894	-0,0470014810562134
205,990489	-0,0469383895397186
206,092295	-0,0453750491142273
206,193701	-0,0408137440681458
206,294639	-0,0364850759506226
206,395127	-0,0322055518627167
206,496062	-0,027385026216507
206,596482	-0,0238533318042755
206,698159	-0,0226172208786011
206,799101	-0,0229251086711884
206,899525	-0,0254469811916351
207,001026	-0,0290080010890961
207,101496	-0,033080518245697
207,201928	-0,0391700863838196
207,303859	-0,04306361079216
207,404454	-0,0456507205963135
207,505252	-0,0470531582832336
207,605788	-0,0461630821228027
207,706182	-0,0435614883899689
207,807130	-0,0392231047153473
207,907613	-0,034056693315506
208,008343	-0,0296538770198822
208,108759	-0,025553435087204
208,210192	-0,0229594707489014
208,311146	-0,0223326086997986
208,412591	-0,0239658355712891
208,512774	-0,0273022651672363
208,613390	-0,0311644971370697
208,713844	-0,0366142988204956
208,814638	-0,0407345592975616
208,916110	-0,0447714030742645
209,017681	-0,0469279587268829
209,118146	-0,0471100211143494
209,218604	-0,045223206281662
209,320274	-0,0422358810901642
209,420697	-0,0371772348880768
209,522155	-0,0320782065391541
209,622658	-0,0281693339347839
209,724038	-0,0244393646717072
209,825580	-0,0229651927947998
209,927102	-0,0232753455638885
210,028721	-0,0255191922187805
210,129290	-0,0297757983207703
210,229419	-0,0338724255561829
210,329856	-0,0389944314956665
210,431792	-0,043628454208374
210,532901	-0,0460449755191803
210,634765	-0,0471574068069458
210,734778	-0,0460962057113647
210,835757	-0,043365478515625
210,935850	-0,039676308631897
211,037203	-0,0345988571643829
211,138488	-0,029349148273468
211,239589	-0,0258892178535461
211,339722	-0,0232495963573456
211,440741	-0,0225197970867157
211,542293	-0,0238576233386993
211,643722	-0,0271627306938171
211,744697	-0,0317332744598389
211,846238	-0,0362201631069183
211,948171	-0,0412121117115021
212,049305	-0,04499351978302
212,150290	-0,046916127204895
212,250675	-0,0468867123126984
212,352424	-0,0446537137031555
212,452766	-0,0415118932723999
212,553294	-0,036397397518158
212,654751	-0,0312035083770752
212,754808	-0,0274332463741302
212,854949	-0,0239229202270508
212,955460	-0,0226888060569763
213,056092	-0,0232610404491425
213,156418	-0,0252026617527008
213,257811	-0,0293689370155334
213,357956	-0,034471869468689
213,457956	-0,0387512147426605
213,559709	-0,0435154438018799
213,659939	-0,0461924970149994
213,761058	-0,0473849475383759
213,861612	-0,0465178489685059
213,961713	-0,0439545512199402
214,062216	-0,039440929889679
214,162714	-0,0343232750892639
214,263822	-0,0299617350101471
214,364179	-0,0257486402988434
214,465815	-0,0232911109924316
214,566340	-0,0227164924144745
214,667414	-0,023838073015213
214,767738	-0,0277717113494873
214,868441	-0,0316265523433685
214,969586	-0,0360538363456726
215,071315	-0,0412139892578125
215,171454	-0,0451354086399078
215,272819	-0,0471432209014893
215,374163	-0,0474128723144531
215,474198	-0,0453062653541565
215,574753	-0,0421960353851318
215,676136	-0,0381259322166443
215,776296	-0,0318620502948761
215,877027	-0,0279488265514374
215,979145	-0,0248482823371887
216,079156	-0,0226711630821228
216,180070	-0,0231207609176636
216,281220	-0,0249534249305725
216,382616	-0,0295968651771545
216,482664	-0,0338888764381409
216,583757	-0,0382006168365479
216,684412	-0,0435857176780701
216,784708	-0,0462247431278229
216,884769	-0,0472204387187958
216,985210	-0,0464481115341187
217,085733	-0,0435387194156647
217,186405	-0,0397118330001831
217,287261	-0,0346082448959351
217,389071	-0,0295111536979675
217,489666	-0,0259153246879578
217,590426	-0,0233087539672852
217,690470	-0,02266925573349
217,790891	-0,0238676369190216
217,891042	-0,0266068279743195
217,992251	-0,0310803651809692
218,092823	-0,0362955927848816
218,193354	-0,0406293272972107
218,294227	-0,0446840822696686
218,395923	-0,0470218658447266
218,496635	-0,0472891926765442
218,597544	-0,0453788638114929
218,697660	-0,0416304767131805
218,798169	-0,0375470221042633
218,898370	-0,0322172939777374
218,998600	-0,0282118320465088
219,098804	-0,0245598256587982
219,199241	-0,022728443145752
219,300179	-0,022995263338089
219,400647	-0,0247702598571777
219,501655	-0,0292469263076782
219,601883	-0,0334790349006653
219,702354	-0,0378938019275665
219,802378	-0,0426065325737
219,903225	-0,0460440218448639
220,003500	-0,0472858548164368
220,104498	-0,0466216802597046
220,205269	-0,0439037382602692
220,305700	-0,0402259230613708
220,406575	-0,0359191000461578
220,506741	-0,0300050377845764
220,608677	-0,0263238251209259
220,709431	-0,0237904191017151
220,810851	-0,0227427780628204
220,910893	-0,0237327218055725
221,012680	-0,0262669026851654
221,112926	-0,0307182669639587
221,214705	-0,0358243882656097
221,315412	-0,0401609838008881
221,416194	-0,0449256598949432
221,517023	-0,0468108654022217
221,618123	-0,0472645461559296
221,718373	-0,0455933213233948
221,819516	-0,0419231951236725
221,920818	-0,0379486382007599
222,021509	-0,0326623022556305
222,121622	-0,0278529524803162
222,222990	-0,0248530507087708
222,323409	-0,0230501294136047
222,424063	-0,0231360197067261
222,524225	-0,0250652134418488
222,626202	-0,0281641483306885
222,726621	-0,0330363512039185
222,828008	-0,0383316278457642
222,928908	-0,0422601103782654
223,029861	-0,0457897484302521
223,131577	-0,047334223985672
223,232151	-0,0467568039894104
223,332292	-0,0441785752773285
223,433101	-0,0398757457733154
223,533611	-0,035510778427124
223,634621	-0,0304256975650787
223,734997	-0,0260933041572571
223,835107	-0,0236487984657288
223,935852	-0,0227952599525452
224,036584	-0,0236731171607971
224,138482	-0,0266148746013641
224,240215	-0,0312166810035706
224,340471	-0,0354688763618469
224,441122	-0,0405837893486023
224,543066	-0,0441885590553284
224,644053	-0,0467653572559357
224,745016	-0,0472825467586517
224,846100	-0,04594486951828
224,946300	-0,0423702001571655
225,046826	-0,0376173853874207
225,147442	-0,0332182049751282
225,249393	-0,0282694101333618
225,350241	-0,0251508355140686
225,450592	-0,022992879152298
225,550849	-0,0230133831501007
225,651134	-0,0247688293457031
225,751177	-0,0284652411937714
225,853095	-0,0333544909954071
225,953738	-0,0377600789070129
226,054132	-0,0417742133140564
226,154831	-0,0458504557609558
226,255081	-0,0471436977386475
226,355764	-0,0467904806137085
226,456648	-0,0443428158760071
226,556813	-0,0402022302150726
226,658112	-0,0359430909156799
226,759774	-0,0307493209838867
226,860406	-0,0263869166374207
226,960876	-0,0238152146339417
227,061785	-0,0226434469223022
227,162417	-0,0237465500831604
227,263734	-0,0261359810829163
227,363922	-0,0296430289745331
227,464157	-0,0356214046478271
227,565611	-0,0397364497184753
227,667593	-0,0433806478977203
227,767731	-0,0464225113391876
227,869669	-0,0468037724494934
227,970050	-0,0457271337509155
228,070698	-0,0417168140411377
228,170730	-0,0376977026462555
228,271314	-0,0334094762802124
228,371871	-0,0284859836101532
228,473356	-0,0247288346290588
228,574869	-0,0230859220027924
228,675688	-0,0229251086711884
228,776614	-0,0250095725059509
228,878743	-0,0281688570976257
228,980066	-0,0328822135925293
229,081934	-0,0381273329257965
229,182390	-0,0420973300933838
229,283038	-0,0450694561004639
229,383074	-0,0471180975437164
229,483078	-0,0466197729110718
229,583707	-0,0445601940155029
229,684005	-0,0398392677307129
229,784673	-0,0356355309486389
229,885190	-0,0313422083854675
229,985782	-0,0269549489021301
230,086259	-0,0239496231079102
230,186807	-0,0229379832744598
230,288247	-0,0238781273365021
230,388958	-0,0267465710639954
230,490201	-0,0303405523300171
230,590980	-0,0354557037353516
230,691083	-0,0404036641120911
230,791243	-0,0438539087772369
230,891647	-0,0464983880519867
230,993088	-0,0469587743282318
231,094200	-0,0455387532711029
231,195088	-0,0428813397884369
231,296569	-0,0382242500782013
231,397500	-0,0331124663352966
231,498206	-0,0290546417236328
231,599108	-0,025121808052063
231,699546	-0,0231164693832397
231,799860	-0,0230258107185364
231,900057	-0,0248354375362396
232,000631	-0,0278656780719757
232,102507	-0,0325330793857574
232,203574	-0,0376381874084473
232,305512	-0,04168501496315
232,406035	-0,0452360212802887
232,506043	-0,0469203889369965
232,606644	-0,0466600954532623
232,708120	-0,0441961586475372
232,809140	-0,0401117205619812
232,909273	-0,0359859764575958
233,010062	-0,0308292508125305
233,111939	-0,0271494388580322
233,212319	-0,0240663886070251
233,313671	-0,0228463411331177
233,413850	-0,0236101746559143
233,516046	-0,0263413786888123
233,618236	-0,0305446982383728
233,720193	-0,0348095893859863
233,821097	-0,0398193597793579
233,922536	-0,0439156293869019
234,022572	-0,0461659133434296
234,123718	-0,0467833876609802
234,224029	-0,0455942749977112
234,324863	-0,0424333214759827
234,425681	-0,037762463092804
234,525923	-0,0335114598274231
234,626508	-0,0287595391273499
234,726730	-0,0249843299388885
234,827003	-0,023276299238205
234,928362	-0,0230606198310852
235,029565	-0,0251284837722778
235,131301	-0,0282264649868011
235,231747	-0,0321218967437744
235,332552	-0,0371602475643158
235,432915	-0,0419151484966278
235,533411	-0,0448753535747528
235,633536	-0,0466463565826416
235,735512	-0,046303004026413
235,835925	-0,0442868173122406
235,936277	-0,0402737855911255
236,037137	-0,035344123840332
236,137603	-0,0310742259025574
236,238134	-0,0272965729236603
236,338135	-0,0237026810646057
236,438608	-0,0227155387401581
236,538878	-0,0232543647289276
236,640702	-0,0264371633529663
236,742617	-0,0299292802810669
236,843382	-0,0340585708618164
236,944633	-0,0398634076118469
237,045596	-0,0432743430137634
237,147019	-0,0455828905105591
237,247723	-0,046423465013504
237,348176	-0,044985443353653
237,449185	-0,0423066020011902
237,550651	-0,0378276705741882
237,651276	-0,0327261984348297
237,753167	-0,0287779271602631
237,853709	-0,0255439281463623
237,953879	-0,0229413211345673
238,054061	-0,0228988528251648
238,154582	-0,0243079364299774
238,256810	-0,0283831357955933
238,358631	-0,0323798656463623
238,458988	-0,0366350710391998
238,559705	-0,0421054065227509
238,659737	-0,0450276732444763
238,760007	-0,0465107262134552
238,860343	-0,0462987422943115
238,962058	-0,0440043807029724
239,062097	-0,0406435430049896
239,162687	-0,0357518792152405
239,264581	-0,0307784676551819
239,365527	-0,0270406305789948
239,467359	-0,0240025222301483
239,567503	-0,0228888392448425
239,668479	-0,0235462784767151
239,768553	-0,0263366103172302
239,869277	-0,0297814607620239
239,969563	-0,0346656441688538
240,070019	-0,03892582654953
240,170334	-0,0432059764862061
240,270749	-0,0458974540233612
240,372293	-0,0466738343238831
240,472761	-0,0454035401344299
240,573680	-0,0428352952003479
240,674208	-0,0384881496429443
240,774230	-0,033342719078064
240,874693	-0,0293057858943939
240,976243	-0,0254460275173187
241,078223	-0,0231374502182007
241,178676	-0,0229294002056122
241,278752	-0,0246417224407196
241,379387	-0,0280791819095612
241,480150	-0,0320086479187012
241,581298	-0,0362758040428162
241,682310	-0,0417785048484802
241,783113	-0,0448497235774994
241,883941	-0,0465510487556458
241,984945	-0,0465097725391388
242,084962	-0,044451504945755
242,186483	-0,0412377119064331
242,286562	-0,0363549590110779
242,387812	-0,0313990712165833
242,489737	-0,0275845527648926
242,591540	-0,0243079364299774
242,692054	-0,0230391621589661
242,793054	-0,0234928727149963
242,893143	-0,0260595977306366
242,993740	-0,0302083492279053
243,093776	-0,0342433452606201
243,195271	-0,0384947657585144
243,295562	-0,043552964925766
243,396372	-0,0457921028137207
243,496871	-0,0467810034751892
243,597742	-0,0454025864601135
243,699030	-0,0427261292934418
243,800014	-0,0391213297843933
243,901552	-0,0340684652328491
244,002162	-0,0292294919490814
244,103250	-0,0260742902755737
244,203532	-0,0236154198646545
244,305276	-0,0232906341552734
244,405888	-0,0246931314468384
244,506530	-0,0272786021232605
244,607650	-0,0325504541397095
244,708227	-0,0368190407752991
244,808377	-0,0408014357089996
244,909986	-0,0451093316078186
245,010553	-0,0466856956481934
245,110647	-0,0466164648532867
245,211271	-0,0442203283309937
245,313103	-0,0409863591194153
245,413725	-0,0369803905487061
245,514891	-0,0312599241733551
245,615169	-0,0276757478713989
245,715771	-0,024944394826889
245,816542	-0,0235448479652405
245,918115	-0,0241573750972748
246,018190	-0,0262251794338226
246,118754	-0,030265748500824
246,219446	-0,0350899696350098
246,319557	-0,039192795753479
246,420086	-0,0435126125812531
246,520997	-0,0458518862724304
246,621620	-0,0468554496765137
246,723208	-0,0460729598999023
246,824339	-0,043126255273819
246,925149	-0,0387890636920929
247,025788	-0,0346552729606628
247,126368	-0,0297273099422455
247,226928	-0,0258806645870209
247,328047	-0,0238933861255646
247,429890	-0,0232906341552734
247,529998	-0,0249467790126801
247,631670	-0,0276724398136139
247,732235	-0,0320871472358704
247,832443	-0,0363233983516693
247,932622	-0,0410641133785248
248,032701	-0,0446812212467194
248,133291	-0,0464082956314087
248,234909	-0,0463940501213074
248,335954	-0,0442692339420319
248,436511	-0,0412106812000275
248,536517	-0,0364143848419189
248,637173	-0,0322520732879639
248,738774	-0,0278208255767822
248,840621	-0,024561733007431
248,942232	-0,0233383178710938
249,042327	-0,023838073015213
249,142917	-0,0257363021373749
249,243487	-0,0295884013175964
249,343557	-0,0344206392765045
249,444115	-0,0384981036186218
249,544169	-0,0422240197658539
249,644753	-0,0457532405853271
249,745606	-0,0465524792671204
249,845708	-0,0459121465682983
249,946437	-0,0426008403301239
250,046532	-0,0389362573623657
250,147150	-0,0348589718341827
250,247708	-0,0292167663574219
250,348318	-0,0259395241737366
250,448940	-0,0238819420337677
250,549055	-0,0231603682041168
250,649622	-0,0245745778083801
250,750175	-0,0272994041442871
250,850213	-0,0316430330276489
250,950812	-0,0357970893383026
251,051778	-0,0407065749168396
