0,100473	-0,0810626745223999
0,200716	-0,0781421959400177
0,301118	-0,0761807858943939
0,401845	-0,0761803388595581
0,502392	-0,0756765007972717
0,603096	-0,0766148567199707
0,704094	-0,0791115164756775
0,804530	-0,081380307674408
0,904612	-0,0838895440101624
1,005223	-0,0866580903530121
1,107000	-0,0877906978130341
1,207793	-0,0888205170631409
1,308028	-0,0890815556049347
1,408604	-0,0864515900611877
1,508848	-0,0852238535881042
1,609087	-0,0831678211688995
1,709254	-0,0795719623565674
1,810276	-0,0781032741069794
1,911111	-0,0767111480236053
2,011461	-0,0754909813404083
2,113097	-0,0769881904125214
2,214017	-0,0779795050621033
2,314347	-0,0793538391590118
2,414808	-0,0829293131828308
2,515247	-0,0850488245487213
2,615460	-0,0865992307662964
2,717251	-0,0888400077819824
2,817471	-0,0882896184921265
2,918083	-0,0876069068908691
3,018242	-0,0864985585212708
3,124612	-0,0837131440639496
3,234954	-0,0811219215393066
3,344482	-0,0785386562347412
3,452646	-0,076056033372879
3,563044	-0,076193630695343
3,671569	-0,0763221681118011
3,781369	-0,0777276754379272
3,892902	-0,0813955068588257
4,003576	-0,0834219753742218
4,112522	-0,0861719846725464
4,222430	-0,0886132717132568
4,332140	-0,0888362228870392
4,443711	-0,0894263386726379
4,553883	-0,0877413153648376
4,663900	-0,0848377048969269
4,775875	-0,082485020160675
4,885635	-0,0788435935974121
4,997706	-0,0771636962890625
5,106393	-0,0754112601280212
5,213821	-0,0757030546665192
5,322763	-0,0775180160999298
5,434925	-0,0790076851844788
5,542536	-0,0826964974403381
5,651375	-0,0851759612560272
5,760513	-0,0866937041282654
5,871249	-0,0889778733253479
5,978848	-0,088483989238739
6,087911	-0,0871984362602234
6,196195	-0,0861326158046722
6,308136	-0,0822631418704987
6,418472	-0,0800309479236603
6,530443	-0,077951043844223
6,641331	-0,0758743286132813
6,751398	-0,0766271948814392
6,861448	-0,0770949125289917
6,971802	-0,0793344080448151
7,082400	-0,0824214816093445
7,193662	-0,0844240784645081
7,304933	-0,0873670279979706
7,415229	-0,0887696743011475
7,526334	-0,0886817276477814
7,637893	-0,0883570909500122
7,746722	-0,0855958759784698
7,857526	-0,0833665132522583
7,967653	-0,0808806121349335
8,077985	-0,0775910615921021
8,189423	-0,0770109593868256
8,299662	-0,0762268006801605
8,410542	-0,0771992802619934
8,521694	-0,0796374082565308
8,630436	-0,0819051861763
8,741771	-0,084757536649704
8,853603	-0,087364673614502
8,964249	-0,0885096490383148
9,075409	-0,0894634127616882
9,187293	-0,0876425206661224
9,295027	-0,0863485634326935
9,405192	-0,0834968984127045
9,516063	-0,0801950097084045
9,627670	-0,0785519480705261
9,738135	-0,0765513181686401
9,848671	-0,0762201547622681
9,958111	-0,0773629248142242
10,070128	-0,078446626663208
10,180112	-0,0814068913459778
10,289358	-0,084649384021759
10,399903	-0,0871813595294952
10,510990	-0,0893088281154633
10,621706	-0,0889864563941956
10,733659	-0,0885747671127319
10,845176	-0,0863153636455536
10,956237	-0,0836984515190125
11,067265	-0,0815761387348175
11,178126	-0,0782469809055328
11,290145	-0,0767524242401123
11,401693	-0,0767102241516113
11,513677	-0,0769127607345581
11,622562	-0,0790304243564606
11,732116	-0,0817908942699432
11,841037	-0,0838653743267059
11,951798	-0,0875522792339325
12,061670	-0,0886874198913574
12,171962	-0,0896712839603424
12,283128	-0,089044451713562
12,392868	-0,0871362090110779
12,504847	-0,084924042224884
12,615387	-0,0816434621810913
12,726786	-0,0790380239486694
12,838303	-0,0776493847370148
12,948713	-0,0761044025421143
13,058319	-0,0771575272083282
13,169020	-0,0785281956195831
13,279606	-0,0801248550415039
13,390374	-0,083968311548233
13,499416	-0,0860253572463989
13,608138	-0,0881727039813995
13,719717	-0,0894981324672699
13,830919	-0,0885509848594666
13,939157	-0,0879113674163818
14,049663	-0,0855707228183746
14,162187	-0,0825196504592896
14,272162	-0,0800926089286804
14,380422	-0,077101081609726
14,490967	-0,076673686504364
14,601684	-0,0768340229988098
14,709934	-0,0778158605098724
14,817430	-0,0806217193603516
14,929314	-0,082476019859314
15,041383	-0,0855118930339813
15,148682	-0,0882178544998169
15,257284	-0,0886013805866241
15,368262	-0,0891752243041992
15,479361	-0,087608814239502
15,589230	-0,085271805524826
15,699324	-0,0831958055496216
15,806895	-0,0804828107357025
15,914991	-0,0782645344734192
16,025168	-0,0767970085144043
16,136748	-0,0764075517654419
16,248826	-0,0778225064277649
16,360766	-0,079531192779541
16,472285	-0,0823873579502106
16,583484	-0,0855152010917664
16,695044	-0,0871120095252991
16,804231	-0,0889422297477722
16,914286	-0,0890197157859802
17,025761	-0,0878558158874512
17,135332	-0,0861587226390839
17,246092	-0,0835376977920532
17,356849	-0,0804287791252136
17,467315	-0,0779837667942047
17,578411	-0,0763596594333649
17,688766	-0,0764939188957214
17,798834	-0,0772552490234375
17,909847	-0,07914137840271
18,019916	-0,0822247266769409
18,131190	-0,0844036936759949
18,243527	-0,0880220830440521
18,355169	-0,0889279842376709
18,464726	-0,0889365375041962
18,576127	-0,0885899662971497
18,686258	-0,0857505798339844
18,795491	-0,0837468206882477
18,904883	-0,0813419222831726
19,016189	-0,0783603191375732
19,126352	-0,0769952833652496
19,235600	-0,0763577520847321
19,347527	-0,0770759582519531
19,456704	-0,0794330239295959
19,567829	-0,0818530321121216
19,677242	-0,0845137238502502
19,788231	-0,0872212052345276
19,899758	-0,0887430310249329
20,012228	-0,0898449122905731
20,121529	-0,0887920260429382
20,232304	-0,0867858231067657
20,343186	-0,084993302822113
20,452695	-0,0811645984649658
20,564053	-0,0792533159255981
20,675558	-0,0773548483848572
20,787113	-0,0764877498149872
20,897886	-0,0777456760406494
21,008849	-0,0789550244808197
21,118675	-0,0817956328392029
21,227960	-0,0845934152603149
21,336535	-0,0870749652385712
21,446894	-0,0890173614025116
21,555180	-0,0894467830657959
21,664007	-0,0888623595237732
21,774352	-0,0874549150466919
21,884618	-0,0844587087631226
21,993737	-0,0822067260742188
22,103356	-0,0795406699180603
22,212492	-0,0772576034069061
22,322927	-0,0770071446895599
22,430657	-0,07689568400383
22,539149	-0,078359842300415
22,648261	-0,0809066891670227
22,756546	-0,0830582976341248
22,865857	-0,0865788161754608
22,974951	-0,0882601737976074
23,084518	-0,0890606343746185
23,194098	-0,0893183648586273
23,303521	-0,0874278247356415
23,412579	-0,0854388177394867
23,522558	-0,0823001265525818
23,631800	-0,0793011784553528
23,742132	-0,0779795050621033
23,851143	-0,0762510299682617
23,960119	-0,0761044025421143
24,067695	-0,0778542757034302
24,177537	-0,0794202089309692
24,287171	-0,0830426514148712
24,396494	-0,0852186679840088
24,504602	-0,0871447622776031
24,616165	-0,0891191065311432
24,725857	-0,0890691876411438
24,836849	-0,0881907939910889
24,946411	-0,0866737365722656
25,056565	-0,0831137597560883
25,168206	-0,0808123648166656
25,278820	-0,0778708755970001
25,390380	-0,076488196849823
25,501809	-0,0765479803085327
25,612603	-0,0769165456295013
25,724632	-0,0790935158729553
25,835272	-0,0813125371932983
25,946817	-0,083968311548233
26,056463	-0,0872041285037994
26,166100	-0,0882682502269745
26,275156	-0,0886588990688324
26,384081	-0,0882083773612976
26,495107	-0,085522323846817
26,606050	-0,0838127136230469
26,715076	-0,0810361206531525
26,824086	-0,0782958269119263
26,934151	-0,0769255757331848
27,041504	-0,0759583115577698
27,151145	-0,0768824219703674
27,261788	-0,0786965787410736
27,371376	-0,0802666246891022
27,480551	-0,083825558423996
27,591685	-0,0860566794872284
27,700814	-0,0876909494400024
27,811562	-0,0888894498348236
27,920992	-0,0880534648895264
28,032319	-0,0867829620838165
28,142206	-0,0836069285869598
28,252255	-0,0811257362365723
28,362119	-0,0794344544410706
28,472187	-0,0769042074680328
28,583241	-0,0760470330715179
28,694937	-0,0767424702644348
28,806638	-0,0775459706783295
28,919003	-0,0805150866508484
29,027344	-0,0833973288536072
29,137144	-0,0853723883628845
29,249131	-0,0877788364887238
29,359826	-0,0883984565734863
29,471306	-0,0883623361587524
29,582680	-0,0870217978954315
29,691306	-0,0844288170337677
29,800964	-0,0822427570819855
29,909193	-0,0794515311717987
30,020762	-0,0772087574005127
30,131186	-0,0765109956264496
30,241559	-0,0762002468109131
30,352857	-0,0778789520263672
30,463111	-0,0799238085746765
30,571706	-0,0822152495384216
30,682244	-0,0852252840995789
30,790636	-0,0869353711605072
30,901525	-0,0882017016410828
31,010587	-0,0885586142539978
31,120666	-0,0868546664714813
31,232173	-0,0852015912532806
31,341178	-0,0824390351772308
31,451885	-0,079727977514267
31,560040	-0,0779519975185394
31,671114	-0,0760593414306641
31,781902	-0,0761423707008362
31,890257	-0,0771352350711823
31,999233	-0,0789180397987366
32,109063	-0,0818084478378296
32,219184	-0,0843942165374756
32,328273	-0,0862621963024139
32,436764	-0,0879465639591217
32,547216	-0,0879104435443878
32,655335	-0,0874202251434326
32,764748	-0,0852831900119781
32,874446	-0,0822754502296448
32,984990	-0,0804662108421326
33,093407	-0,0783162117004395
33,201548	-0,076559841632843
33,309578	-0,0763349831104279
33,419841	-0,0768359303474426
33,529543	-0,0786088407039642
33,639668	-0,0808829963207245
33,748801	-0,0832977294921875
33,857784	-0,0864439904689789
33,966577	-0,0875508487224579
34,077343	-0,0884435772895813
34,187265	-0,0877493917942047
34,296422	-0,0860618948936462
34,407061	-0,084105372428894
34,516038	-0,0812850296497345
34,624288	-0,0786477327346802
34,733672	-0,0771262049674988
34,842987	-0,075730562210083
34,953536	-0,0764127969741821
35,061207	-0,0778547525405884
35,171127	-0,0793979167938232
35,281114	-0,0823774039745331
35,390330	-0,0855104625225067
35,500081	-0,0875570178031921
35,610966	-0,0886555910110474
35,721978	-0,0882615745067596
35,832548	-0,0872444808483124
35,941935	-0,0844829082489014
36,052939	-0,0826381742954254
36,163255	-0,0804477334022522
36,272912	-0,0776327848434448
36,382645	-0,0765337347984314
36,494121	-0,0765920877456665
36,603142	-0,0771954655647278
36,712416	-0,0798735320568085
36,820105	-0,0818056166172028
36,929261	-0,0842196643352509
37,036837	-0,0871851444244385
37,145866	-0,0882230997085571
37,256317	-0,0886417925357819
37,367840	-0,0878244638442993
37,479092	-0,085703581571579
37,588200	-0,0827799439430237
37,695271	-0,0808014273643494
37,803568	-0,0781564116477966
37,912921	-0,0769454836845398
38,021774	-0,0761969387531281
38,132630	-0,0771731734275818
38,242820	-0,0785486102104187
38,353167	-0,0809375047683716
38,464440	-0,0839308202266693
38,573782	-0,0862669348716736
38,684006	-0,0877175629138947
38,795467	-0,0885785818099976
38,905508	-0,0874088406562805
39,014751	-0,0859465599060059
39,122747	-0,0837359130382538
39,234667	-0,0805529952049255
39,343815	-0,0784324109554291
39,454169	-0,0766295790672302
39,563011	-0,075959712266922
39,672814	-0,0764137208461761
39,781569	-0,0780221819877625
39,891044	-0,0807355344295502
40,000788	-0,0826917588710785
40,108181	-0,0856575667858124
40,217661	-0,087641566991806
40,325939	-0,088108092546463
40,435299	-0,0881826877593994
40,543581	-0,0870910882949829
40,653190	-0,0847257673740387
40,762524	-0,0825362503528595
40,872189	-0,079753577709198
40,982013	-0,0773847103118896
41,092521	-0,0763307213783264
41,200719	-0,0760934948921204
41,309707	-0,0774677395820618
41,420976	-0,0796625316143036
41,529372	-0,0816577076911926
41,638700	-0,0846062302589417
41,749079	-0,0867796540260315
41,859304	-0,0882302224636078
41,970589	-0,0883747041225433
42,080075	-0,0872682332992554
42,190016	-0,0857700109481812
42,299030	-0,0826357901096344
42,408308	-0,0801404714584351
42,518780	-0,0785709023475647
42,627860	-0,0765883028507233
42,737849	-0,0767277479171753
42,848134	-0,0774534940719604
42,957994	-0,0786524713039398
43,068502	-0,0818430781364441
43,179141	-0,0846104919910431
43,291121	-0,0866144001483917
43,400790	-0,0885167717933655
43,510290	-0,0887035727500916
43,620373	-0,0883252620697021
43,731493	-0,0864154994487762
43,840382	-0,0834310054779053
43,951256	-0,0809754133224487
44,059817	-0,0782521963119507
44,168570	-0,0769834518432617
44,277957	-0,0763781368732452
44,386846	-0,0768430233001709
44,496023	-0,0785889029502869
44,605393	-0,0804036259651184
44,717503	-0,0829255282878876
44,826528	-0,0862840116024017
44,935064	-0,0878762304782867
45,043002	-0,0890378057956696
45,152780	-0,0888623595237732
45,262332	-0,0869619250297546
45,371670	-0,0849748253822327
45,482319	-0,0825362503528595
45,593879	-0,0795122087001801
45,702849	-0,0777513682842255
45,812026	-0,0763833522796631
45,920632	-0,0769635140895844
46,028645	-0,0779619514942169
46,138772	-0,0798782706260681
46,246697	-0,0828548669815063
46,354171	-0,0852575600147247
46,464297	-0,0878733992576599
46,573306	-0,0891309976577759
46,682748	-0,0888452529907227
46,791326	-0,0882107317447662
46,899340	-0,0852831900119781
47,008770	-0,0825869739055634
47,117985	-0,0801385939121246
47,227429	-0,0779581665992737
47,336876	-0,0765551030635834
47,445902	-0,0763733983039856
47,554077	-0,0768686532974243
47,661654	-0,0789967775344849
47,770660	-0,0818041861057281
47,879971	-0,0840437114238739
47,988767	-0,086861789226532
48,098356	-0,0885481536388397
48,208788	-0,0892974138259888
48,316528	-0,0886883735656738
48,425955	-0,0866913199424744
48,535120	-0,0840968191623688
48,644170	-0,0815296769142151
48,755590	-0,078577995300293
48,867804	-0,0772267580032349
48,976843	-0,0759355425834656
49,085427	-0,0768852531909943
49,192337	-0,077881783246994
49,301398	-0,0803310871124268
49,410253	-0,083890974521637
49,520711	-0,0858388543128967
49,630579	-0,0882824957370758
49,740553	-0,0892608165740967
49,851798	-0,0885514616966248
49,963784	-0,0872801244258881
50,074706	-0,0851128697395325
50,184518	-0,0826898515224457
50,293379	-0,079435408115387
50,403923	-0,0771110653877258
50,513187	-0,0763207674026489
50,621736	-0,0764360427856445
50,734907	-0,0775478780269623
50,844425	-0,080585241317749
50,952507	-0,0826708972454071
51,061486	-0,0854658484458923
51,170646	-0,0883114635944366
51,277773	-0,0891195833683014
51,388268	-0,0896022915840149
51,497999	-0,0886427462100983
51,605203	-0,0864036381244659
51,715502	-0,0836330056190491
51,825212	-0,0810422897338867
51,935386	-0,0782375037670135
52,045335	-0,0766561329364777
52,155268	-0,0761779546737671
52,264872	-0,0771978497505188
52,374071	-0,0792575776576996
52,484763	-0,0818753242492676
52,595819	-0,0844952464103699
52,705532	-0,0867820084095001
52,816469	-0,0892256200313568
52,927058	-0,0896089673042297
53,037451	-0,0887311697006226
53,146941	-0,0872891247272491
53,255802	-0,0846104919910431
53,363954	-0,0812926292419434
53,472849	-0,0793192088603973
53,581661	-0,0770100057125092
53,690193	-0,0762348771095276
53,798866	-0,0765422880649567
53,907998	-0,0775241851806641
54,018131	-0,0800119936466217
54,128415	-0,0833982825279236
54,238553	-0,0856736898422241
54,347906	-0,0879622399806976
54,457040	-0,0888209939002991
54,566955	-0,0890516042709351
54,678072	-0,0879265666007996
54,788430	-0,0852950513362885
54,898582	-0,0829876065254211
55,008627	-0,0797146856784821
55,120214	-0,0779970288276672
55,232084	-0,0771342813968658
55,340281	-0,0768534541130066
55,451313	-0,0783010423183441
55,560812	-0,080467164516449
55,669059	-0,082611620426178
55,778414	-0,0853719115257263
55,887528	-0,0871267318725586
55,996731	-0,0886750519275665
56,106614	-0,0886859893798828
56,218519	-0,0872150361537933
56,328657	-0,085469663143158
56,438535	-0,082678496837616
56,550341	-0,0801836252212524
56,659397	-0,0778827369213104
56,769139	-0,0766352415084839
56,880724	-0,0767847001552582
56,990571	-0,0775312781333923
57,099801	-0,0796554088592529
57,208188	-0,082899421453476
57,318181	-0,0852252840995789
57,428528	-0,0872767865657806
57,536697	-0,0889122784137726
57,646597	-0,0889555513858795
57,755456	-0,0882739424705505
57,864714	-0,0861084163188934
57,973240	-0,0836045742034912
58,083515	-0,0810973048210144
58,195020	-0,0788331627845764
58,307027	-0,0772097110748291
58,418530	-0,0764526128768921
58,526025	-0,0768473148345947
58,634715	-0,0787701010704041
58,742462	-0,0808711349964142
58,852157	-0,0840427577495575
58,962300	-0,0862237513065338
59,070541	-0,0879570245742798
59,179343	-0,0889208316802979
59,288673	-0,0883395075798035
59,397708	-0,086406022310257
59,507552	-0,0850877165794373
59,615587	-0,0817852020263672
59,725171	-0,0790925621986389
59,834447	-0,0776204466819763
59,944709	-0,076371043920517
60,055744	-0,0769791603088379
60,166156	-0,0781720578670502
60,277056	-0,0803723633289337
60,384884	-0,0827842056751251
60,493875	-0,0854634940624237
60,604002	-0,0876529812812805
60,711179	-0,0887839198112488
60,821537	-0,0885215401649475
60,929650	-0,0876814723014832
61,040284	-0,0854682326316833
61,149063	-0,0824959278106689
61,257639	-0,0805411338806152
61,366446	-0,0777466297149658
61,475789	-0,0768605768680573
61,587240	-0,0767282247543335
61,696961	-0,077582985162735
61,808465	-0,0802225172519684
61,917016	-0,0825087428092957
62,024003	-0,0853031277656555
62,133080	-0,0872587263584137
62,241181	-0,0885999500751495
62,349797	-0,0891381204128265
62,458046	-0,0883385539054871
62,569463	-0,0861496925354004
62,681070	-0,0834238529205322
62,792167	-0,0805368721485138
62,899117	-0,07884880900383
63,008944	-0,0770958662033081
63,118887	-0,0766357183456421
63,227730	-0,0774326324462891
63,336741	-0,0792063474655151
63,446324	-0,0816686153411865
63,556854	-0,0844435393810272
63,666874	-0,0865650475025177
63,777546	-0,0884098410606384
63,889186	-0,0889783501625061
63,998084	-0,0881931781768799
64,106673	-0,0870175063610077
64,215809	-0,084526538848877
64,325968	-0,0810389816761017
64,436077	-0,07872074842453
64,545656	-0,0769018530845642
64,654831	-0,0765242576599121
64,764764	-0,0768188238143921
64,874011	-0,0780752897262573
64,981287	-0,080577164888382
65,089573	-0,0833845138549805
65,199775	-0,0855963528156281
65,311118	-0,0877854824066162
65,421200	-0,0886926651000977
65,531453	-0,0887454152107239
65,641415	-0,087291032075882
65,751204	-0,0850729942321777
65,860649	-0,0827211439609528
65,969812	-0,0798678398132324
66,082002	-0,0777902603149414
66,190952	-0,0767187476158142
66,301876	-0,0766779482364655
66,410013	-0,078193873167038
66,519760	-0,0800262093544006
66,628326	-0,0827292203903198
66,736699	-0,0858691930770874
66,846061	-0,0877593755722046
66,955120	-0,0890625417232513
67,064738	-0,089116245508194
67,174877	-0,0882425606250763
67,286865	-0,0862683653831482
67,396873	-0,0834689140319824
67,506694	-0,0806539952754974
67,617544	-0,0788122713565826
67,727176	-0,0770963430404663
67,839117	-0,0771527886390686
67,949174	-0,0776840150356293
68,060473	-0,0793955624103546
68,171494	-0,0823731422424316
68,279887	-0,0851854383945465
68,388711	-0,0872368812561035
68,498728	-0,0888395309448242
68,609038	-0,0890601575374603
68,717339	-0,0884188711643219
68,827018	-0,0867620706558228
68,936934	-0,0844017863273621
69,047064	-0,0809910893440247
69,154735	-0,07858607172966
69,265364	-0,0775189697742462
69,375873	-0,0768136084079742
69,485887	-0,0774843394756317
69,595403	-0,079014778137207
69,706989	-0,0810816287994385
69,816202	-0,0842675566673279
69,924891	-0,086962878704071
70,037049	-0,088436484336853
70,148782	-0,0891856849193573
70,259338	-0,088381826877594
70,370609	-0,0865674018859863
70,481315	-0,0846071839332581
70,592450	-0,081781417131424
70,703391	-0,0795662701129913
70,813649	-0,0774388015270233
70,924048	-0,0767965316772461
71,033586	-0,0772742033004761
71,142935	-0,0787027478218079
71,252790	-0,0811029672622681
71,363012	-0,0837311744689941
71,472129	-0,0860813558101654
71,580132	-0,0881993472576141
71,688849	-0,0890525579452515
71,798267	-0,0888808965682983
71,908035	-0,0877988040447235
72,016721	-0,085109531879425
72,125732	-0,0826960206031799
72,234863	-0,0801727175712585
72,345434	-0,0781203508377075
72,454591	-0,0772599875926971
72,563047	-0,0771613121032715
72,672107	-0,0783105194568634
72,780430	-0,0804482102394104
72,891513	-0,083219975233078
73,002496	-0,0863485634326935
73,112577	-0,0876696109771729
73,222631	-0,0888865888118744
73,334156	-0,0892793536186218
73,443009	-0,0880634188652039
73,552322	-0,0861515998840332
73,661166	-0,0837193131446838
73,768854	-0,0804657340049744
73,878633	-0,0788013637065887
73,985306	-0,0772770643234253
74,095931	-0,0767424702644348
74,205673	-0,077861875295639
74,315818	-0,0794818699359894
74,425096	-0,0820540487766266
74,534663	-0,0847006142139435
74,645453	-0,0868560671806335
74,753849	-0,0886512994766235
74,865448	-0,0891034305095673
74,974759	-0,0883143246173859
75,084428	-0,0866837203502655
75,193868	-0,0840555429458618
75,303738	-0,0812177062034607
75,412740	-0,0791930854320526
75,521524	-0,0774136781692505
75,631031	-0,0769526064395905
75,739779	-0,0772443115711212
75,849614	-0,0791617929935455
75,958429	-0,0815595388412476
76,067910	-0,0836021900177002
76,179586	-0,0862844884395599
76,289580	-0,0884098410606384
76,398347	-0,0892803072929382
76,507741	-0,0891053080558777
76,618306	-0,0875185430049896
76,727886	-0,0846512913703918
76,835239	-0,0823850035667419
76,944721	-0,0797815322875977
77,054923	-0,0781075358390808
77,163254	-0,0769265294075012
77,272969	-0,0773581862449646
77,382249	-0,0785471796989441
77,492389	-0,0804027020931244
77,603948	-0,0831000208854675
77,715075	-0,085985004901886
77,822719	-0,0878558158874512
77,932144	-0,0891091227531433
78,042791	-0,0888281464576721
78,150712	-0,0875099897384644
78,261862	-0,085357666015625
78,370007	-0,0830611288547516
78,480423	-0,0803220868110657
78,592213	-0,0784955024719238
78,704147	-0,0770474672317505
78,812815	-0,0771542191505432
78,920478	-0,0782725811004639
79,029566	-0,0805539488792419
79,137272	-0,0822531878948212
79,248305	-0,0851574540138245
79,357433	-0,0876273214817047
79,467916	-0,0889503061771393
79,578266	-0,0893640220165253
79,689850	-0,0885196328163147
79,801297	-0,0864914357662201
79,911996	-0,0841798186302185
80,021007	-0,0815140306949615
80,128710	-0,079149454832077
80,236859	-0,0776351690292358
80,345940	-0,0771148502826691
80,454653	-0,0777783989906311
80,567164	-0,0797886550426483
80,676431	-0,0820626020431519
80,788157	-0,0848509967327118
80,900402	-0,0870987176895142
81,012268	-0,0891271829605103
81,124574	-0,0894714891910553
81,235338	-0,0888119637966156
81,344492	-0,0870564579963684
81,452875	-0,084619015455246
81,561927	-0,0814614295959473
81,671377	-0,0796388387680054
81,781171	-0,0777451992034912
81,891885	-0,0770963430404663
82,002726	-0,0776233077049255
82,111525	-0,0787226557731628
82,220864	-0,0815292000770569
82,330660	-0,0844781696796417
82,439094	-0,0865114033222198
82,547440	-0,0885533690452576
82,655830	-0,0892902910709381
82,764251	-0,0890330672264099
82,873154	-0,0878990292549133
82,982651	-0,0851584076881409
83,092814	-0,0827406048774719
83,201617	-0,080091655254364
83,311541	-0,0784077644348145
83,422064	-0,0774056017398834
83,530099	-0,0772044956684113
83,637664	-0,0785229802131653
83,748443	-0,0805842876434326
83,856389	-0,0829748213291168
83,963775	-0,0857714414596558
84,072393	-0,0877645909786224
84,181118	-0,0890563428401947
84,289439	-0,0894148945808411
84,396183	-0,0882990956306458
84,506664	-0,0865773856639862
84,618282	-0,0841039419174194
84,729794	-0,080964982509613
84,838604	-0,0786609947681427
84,947754	-0,077401340007782
85,059865	-0,0771584808826447
85,168963	-0,0780326128005981
85,278412	-0,0796179473400116
85,386184	-0,0826903581619263
85,495107	-0,0847912132740021
85,606063	-0,0874610841274261
85,716550	-0,0891115069389343
85,825350	-0,0893445014953613
85,934641	-0,0890059471130371
86,043685	-0,0871509611606598
86,153590	-0,0842163562774658
86,262417	-0,08214271068573
86,371090	-0,0795705318450928
86,481834	-0,0776066780090332
86,590685	-0,0770493745803833
86,699701	-0,0773752331733704
86,808405	-0,0787136554718018
86,916779	-0,0812504291534424
87,026924	-0,0842381715774536
87,134942	-0,0859869122505188
87,243078	-0,0880881249904633
87,352242	-0,0891333818435669
87,460767	-0,0887363851070404
87,569732	-0,0874753296375275
87,680152	-0,0854781866073608
87,790484	-0,081922709941864
87,899470	-0,0802329480648041
88,009146	-0,0783475339412689
88,118542	-0,0769184529781342
88,229778	-0,0770863592624664
88,339276	-0,0782792568206787
88,449700	-0,0801931023597717
88,558679	-0,083310067653656
88,669294	-0,085724949836731
88,780673	-0,0874501466751099
88,889995	-0,0890045166015625
88,999080	-0,0888828039169312
89,107540	-0,0879318118095398
89,215365	-0,0859451293945313
89,323369	-0,0837482511997223
89,433170	-0,0808806121349335
89,543514	-0,078554779291153
89,652449	-0,0771679580211639
89,764207	-0,0769174993038177
89,871674	-0,0777309834957123
89,981302	-0,0797531008720398
90,091754	-0,0817582011222839
90,204287	-0,0842713713645935
90,314254	-0,0874454081058502
90,423517	-0,0886574685573578
90,533571	-0,0890682339668274
90,644318	-0,0884787738323212
90,754373	-0,0859380066394806
90,864532	-0,0835623443126678
90,976134	-0,0807701349258423
91,084497	-0,0788710713386536
91,195501	-0,0773491561412811
91,303292	-0,0765555799007416
91,411951	-0,0771366357803345
91,521001	-0,0786467790603638
91,630567	-0,0816780924797058
91,740130	-0,0843998789787292
91,849653	-0,0858910381793976
91,960185	-0,0879883468151093
92,068859	-0,0887863039970398
92,177173	-0,0882226228713989
92,287607	-0,0866186916828156
92,398319	-0,084187388420105
92,508411	-0,0811532139778137
92,618950	-0,0788829326629639
92,729984	-0,0773116946220398
92,839386	-0,0765778720378876
92,948515	-0,0768904685974121
93,059144	-0,078465610742569
93,168649	-0,0804690718650818
93,276217	-0,0833906829357147
93,385309	-0,0859854817390442
93,495281	-0,0877498686313629
93,604315	-0,0889003872871399
93,713948	-0,0888143479824066
93,821793	-0,0873494744300842
93,930016	-0,0851365923881531
94,038880	-0,0835220515727997
94,147635	-0,0803898870944977
94,257010	-0,0782963037490845
94,368468	-0,0771039128303528
94,479972	-0,0768397152423859
94,590060	-0,0780572891235352
94,701594	-0,0803097486495972
94,811777	-0,0824423432350159
94,918673	-0,0851887762546539
95,027307	-0,0875632166862488
95,136397	-0,0887653827667236
95,246461	-0,0891628563404083
95,355590	-0,0880334973335266
95,465519	-0,0862863957881927
95,573563	-0,0841656029224396
95,681638	-0,0811119675636292
95,791008	-0,0789517164230347
95,900826	-0,0773040950298309
96,011621	-0,0770204365253448
96,121916	-0,0777850449085236
96,231802	-0,0795359313488007
96,343726	-0,0816358923912048
96,452921	-0,0841603875160217
96,563706	-0,086557924747467
96,673897	-0,0887563526630402
96,783763	-0,0890677571296692
96,892679	-0,0886560678482056
97,001944	-0,0866723358631134
97,110052	-0,0842675566673279
97,219927	-0,0821782946586609
97,329792	-0,0792647004127502
97,440423	-0,0778381526470184
97,550685	-0,0769089460372925
97,660941	-0,0772514343261719
97,770063	-0,0788113176822662
97,878251	-0,0809735357761383
97,988208	-0,0835334360599518
98,097352	-0,0861549377441406
98,206475	-0,0882097780704498
98,314586	-0,0891814231872559
98,423827	-0,0887073874473572
98,534752	-0,0871737599372864
98,645082	-0,0858246088027954
98,754961	-0,0827424824237823
98,865600	-0,0802376866340637
98,975773	-0,0780335664749146
99,087114	-0,0770465135574341
99,197813	-0,0772011876106262
99,309183	-0,0785855948925018
99,420365	-0,0803334712982178
99,530896	-0,0829852521419525
99,640435	-0,0857918560504913
99,749154	-0,0875655710697174
99,859201	-0,0889203548431396
99,968737	-0,0889075398445129
100,077356	-0,0878353714942932
100,186460	-0,0853349268436432
100,295424	-0,0832408368587494
100,404553	-0,0807417035102844
100,513946	-0,078169196844101
100,622594	-0,0770806670188904
100,734397	-0,0768800377845764
100,844719	-0,0775948464870453
100,955722	-0,0798085629940033
101,067651	-0,082589328289032
101,178117	-0,0847845673561096
101,289276	-0,0873427987098694
101,401587	-0,0886051952838898
101,511671	-0,0888965725898743
101,622052	-0,0880567729473114
101,732489	-0,0859066843986511
101,844390	-0,0834883451461792
101,955202	-0,081269383430481
102,063860	-0,0790711939334869
102,173334	-0,0773724019527435
102,283065	-0,0769843757152557
102,395034	-0,0778234601020813
102,505271	-0,0794406235218048
102,616231	-0,0818288624286652
102,727719	-0,0848827660083771
102,838702	-0,0874055027961731
102,948223	-0,0887259244918823
103,057678	-0,0892151594161987
103,165279	-0,0885800123214722
103,276475	-0,087077796459198
103,384761	-0,0846807062625885
103,493582	-0,0821806490421295
103,602436	-0,0794747471809387
103,709912	-0,0780150890350342
103,818867	-0,0773107409477234
103,929220	-0,0775626003742218
104,037803	-0,079168438911438
104,147352	-0,0814609229564667
104,256673	-0,0834978520870209
104,367117	-0,0864098072052002
104,475598	-0,0884512066841125
104,584325	-0,0890934467315674
104,692304	-0,0888695120811462
104,802056	-0,0873622894287109
104,910968	-0,0852153301239014
105,020796	-0,0831393599510193
105,130151	-0,0801423788070679
105,240413	-0,0780715048313141
105,350235	-0,0772538185119629
105,458966	-0,0773842334747314
105,568711	-0,0781914889812469
105,677095	-0,0807341039180756
105,787187	-0,082865297794342
105,896768	-0,0858611464500427
106,005542	-0,0875190198421478
106,115622	-0,0890544354915619
106,225242	-0,0890824794769287
106,333788	-0,0882843732833862
106,443686	-0,0865973234176636
106,553390	-0,0837022364139557
106,663200	-0,0808393955230713
106,771960	-0,0790854394435883
106,884052	-0,0774928629398346
106,995201	-0,0774155557155609
107,104796	-0,0782555043697357
107,212412	-0,0800921320915222
107,322105	-0,0825571119785309
107,432373	-0,0850269794464111
107,542823	-0,087657243013382
107,653512	-0,0888205170631409
107,763259	-0,0892246663570404
107,871047	-0,0884915888309479
107,980434	-0,0870099067687988
108,091492	-0,0842945873737335
108,201774	-0,0817572474479675
108,311733	-0,0793988704681396
108,420823	-0,0779367983341217
108,530105	-0,0773183107376099
108,640223	-0,077996551990509
108,750248	-0,0793799161911011
108,861831	-0,0819212794303894
108,971559	-0,084119588136673
109,081434	-0,086907833814621
109,189773	-0,0887373387813568
109,298649	-0,0893635451793671
109,409292	-0,0889222621917725
109,517486	-0,0875000357627869
109,628411	-0,0854321718215942
109,738621	-0,082794189453125
109,848851	-0,0801177322864532
109,957788	-0,0781113505363464
110,067137	-0,077473908662796
110,176318	-0,0779766440391541
110,285594	-0,0790233016014099
110,394487	-0,0811058282852173
110,505106	-0,0841010808944702
110,616932	-0,0860690176486969
110,727327	-0,088434100151062
110,836566	-0,0894153714179993
110,947422	-0,0892722308635712
111,057485	-0,0882059931755066
111,167447	-0,086124062538147
111,278055	-0,0832754671573639
111,390041	-0,0803984403610229
111,502021	-0,0787539482116699
111,612250	-0,0777072310447693
111,722350	-0,0776403844356537
111,831431	-0,0785244107246399
111,938512	-0,0804207026958466
112,048687	-0,083127498626709
112,156062	-0,0856703519821167
112,264654	-0,0874226093292236
112,374305	-0,0889056324958801
112,484878	-0,0892085134983063
112,594602	-0,0880149602890015
112,706091	-0,0861496925354004
112,818075	-0,0841712951660156
112,930083	-0,0811759829521179
113,039796	-0,0788440704345703
113,149927	-0,0775673389434814
113,259818	-0,0773605406284332
113,367968	-0,0782953500747681
113,475530	-0,0799498558044434
113,585661	-0,0819355249404907
113,696587	-0,0844767391681671
113,803870	-0,0869970917701721
113,913395	-0,0885961651802063
114,021749	-0,0890440046787262
114,130759	-0,0886166095733643
114,241226	-0,0867069959640503
114,350728	-0,0847324132919312
114,462078	-0,0819724798202515
114,573344	-0,0797602236270905
114,684979	-0,0781953036785126
114,794676	-0,0777451992034912
114,902261	-0,0780236124992371
115,013496	-0,0793652236461639
115,122467	-0,0819867253303528
115,230523	-0,0844563245773315
115,338503	-0,0870236754417419
115,445071	-0,0888894498348236
115,553463	-0,0898244678974152
115,664081	-0,0897997319698334
115,775636	-0,088478296995163
115,887577	-0,0860376954078674
115,999100	-0,0834124684333801
116,110590	-0,0804083943367004
116,222265	-0,0788359940052032
116,334263	-0,0775768160820007
116,445380	-0,0776090621948242
116,557223	-0,0788293480873108
116,667644	-0,0812253057956696
116,777660	-0,0835272669792175
116,886134	-0,0861962139606476
116,994059	-0,0888081789016724
117,101836	-0,0902156233787537
117,209213	-0,0903103351593018
117,318373	-0,0896061062812805
117,426383	-0,0878021121025085
117,535400	-0,0846498608589172
117,645381	-0,0814680457115173
117,755019	-0,0793196856975555
117,864125	-0,0774952173233032
117,973844	-0,0768411457538605
118,084298	-0,0772144496440887
118,192283	-0,0785367488861084
118,300505	-0,0812186598777771
118,410553	-0,0833726525306702
118,522246	-0,0864582359790802
118,631728	-0,088488757610321
118,739657	-0,0891985297203064
118,849941	-0,0890235304832458
118,958674	-0,0875850319862366
119,068702	-0,085491955280304
119,179693	-0,0828633904457092
119,287765	-0,0802334249019623
119,395407	-0,0779989361763
119,504628	-0,0770137906074524
119,614586	-0,0769241452217102
119,725097	-0,0782559812068939
119,832337	-0,0802319943904877
119,943713	-0,0828780829906464
120,053053	-0,085403710603714
120,162094	-0,08783158659935
120,271110	-0,0889835953712463
120,382096	-0,0889921486377716
120,491949	-0,0878767073154449
120,602567	-0,0858492851257324
120,711152	-0,0832560062408447
120,818742	-0,0811342597007751
120,928456	-0,0788198709487915
121,038183	-0,0771086812019348
121,148031	-0,0768340229988098
121,257368	-0,0775720775127411
121,366431	-0,0797715783119202
121,476969	-0,0818904638290405
121,588253	-0,084921658039093
121,700369	-0,0886484682559967
121,809738	-0,0914379358291626
121,919950	-0,095506876707077
122,029358	-0,0978949666023254
122,138945	-0,100495964288712
122,248711	-0,102977901697159
122,357866	-0,105669051408768
122,468143	-0,107322633266449
122,578239	-0,108902335166931
122,688729	-0,110569715499878
122,798575	-0,111075073480606
122,906683	-0,111092269420624
123,016714	-0,110418528318405
123,125630	-0,109192669391632
123,234815	-0,107749730348587
123,345613	-0,106107115745544
123,455505	-0,104826390743256
123,567313	-0,104445904493332
123,678612	-0,104462027549744
123,790178	-0,105351626873016
123,902173	-0,106957852840424
124,013088	-0,10856220126152
124,121406	-0,110159128904343
124,232915	-0,111252218484879
124,344968	-0,111739933490753
124,457102	-0,111548811197281
124,567375	-0,110404223203659
124,676942	-0,109078884124756
124,787195	-0,107715994119644
124,896182	-0,105917274951935
125,005231	-0,104905158281326
125,115334	-0,104258984327316
125,224274	-0,104728668928146
125,334376	-0,105648189783096
125,442649	-0,10739529132843
125,550686	-0,108607858419418
125,659609	-0,110185354948044
125,771103	-0,111911475658417
125,880830	-0,112449735403061
125,989430	-0,112235069274902
126,097590	-0,11164391040802
126,207799	-0,110362708568573
126,319344	-0,108721077442169
126,428113	-0,107282727956772
126,539644	-0,105870276689529
126,652176	-0,105071187019348
126,762588	-0,105047971010208
126,873431	-0,105627775192261
126,981630	-0,107153058052063
127,091198	-0,108628809452057
127,199731	-0,109932273626328
127,310184	-0,111329108476639
127,421164	-0,112049132585526
127,530131	-0,112217396497726
127,639682	-0,111597537994385
127,749901	-0,110069990158081
127,857628	-0,108619272708893
127,968685	-0,106904685497284
128,076564	-0,105674266815186
128,183858	-0,10497060418129
128,293108	-0,104624778032303
128,401330	-0,105396211147308
128,510145	-0,106311202049255
128,618003	-0,107755422592163
128,725943	-0,109457820653915
128,834585	-0,110799223184586
128,944226	-0,111971229314804
129,054423	-0,112261354923248
129,162625	-0,111864179372787
129,271484	-0,111087024211884
129,382810	-0,109641194343567
129,492338	-0,107883274555206
129,599964	-0,106315493583679
129,710679	-0,105607360601425
129,820788	-0,105110108852386
129,929870	-0,105296105146408
130,038875	-0,106316447257996
130,148889	-0,10777872800827
130,259939	-0,108954668045044
130,370076	-0,110648423433304
130,479055	-0,111733704805374
130,588501	-0,112108409404755
130,698506	-0,112106502056122
130,807736	-0,111239820718765
130,917844	-0,110002785921097
131,027383	-0,108623564243317
131,136984	-0,107201993465424
131,246948	-0,106019288301468
131,357915	-0,105658173561096
131,467698	-0,105600744485855
131,576947	-0,106544762849808
131,687240	-0,107682734727859
131,796876	-0,10936975479126
131,907614	-0,11058497428894
132,019166	-0,111603766679764
132,127974	-0,112288594245911
132,239821	-0,112147092819214
132,349077	-0,111502975225449
132,456103	-0,110423296689987
132,565590	-0,108696818351746
132,673696	-0,107232391834259
132,785408	-0,106004595756531
132,895770	-0,105357319116592
133,005956	-0,105456948280334
133,114436	-0,105894505977631
133,223368	-0,10690513253212
133,332036	-0,108370542526245
133,441444	-0,11015722155571
133,551934	-0,111315280199051
133,662324	-0,111907660961151
133,773162	-0,111929148435593
133,882604	-0,111519664525986
133,992697	-0,110482424497604
134,103817	-0,108867138624191
134,212471	-0,107763975858688
134,322435	-0,106218189001083
134,432935	-0,105578899383545
134,543429	-0,105381041765213
134,655451	-0,105791032314301
134,766995	-0,107052356004715
134,878386	-0,10834726691246
134,988512	-0,109794586896896
135,098707	-0,111090838909149
135,210785	-0,111796796321869
135,322289	-0,11213755607605
135,431513	-0,111553609371185
135,539618	-0,11055064201355
135,650522	-0,109015583992004
135,759053	-0,10748890042305
135,867815	-0,106402814388275
135,976145	-0,105701327323914
136,085075	-0,105351626873016
136,196439	-0,105864584445953
136,305864	-0,106561869382858
136,414402	-0,108056753873825
136,521791	-0,109554499387741
136,630202	-0,110686123371124
136,739776	-0,111564099788666
136,849386	-0,111965954303741
136,959075	-0,111533522605896
137,069664	-0,110646992921829
137,177817	-0,109466880559921
137,288169	-0,108050107955933
137,397088	-0,10646265745163
137,507617	-0,105430841445923
137,618917	-0,105114847421646
137,730877	-0,105221599340439
137,839164	-0,105981349945068
137,947749	-0,107516914606094
138,056464	-0,108380556106567
138,166247	-0,110122919082642
138,277099	-0,11121067404747
138,389585	-0,111775755882263
138,500229	-0,111793905496597
138,609327	-0,110995382070541
138,718555	-0,109851747751236
138,827120	-0,108452826738358
138,935912	-0,106937438249588
139,045610	-0,105840384960175
139,155978	-0,105066925287247
139,264532	-0,105077832937241
139,373456	-0,105801463127136
139,483783	-0,106823474168777
139,593956	-0,108331084251404
139,703824	-0,109557837247849
139,813657	-0,110929518938065
139,922782	-0,111783385276794
140,031989	-0,111931055784225
140,143573	-0,111440390348434
140,252426	-0,110341727733612
140,363055	-0,108846664428711
140,472675	-0,107496500015259
140,581492	-0,106457412242889
140,688918	-0,105368703603745
140,799381	-0,105303674936295
140,909091	-0,105673789978027
141,018989	-0,10653954744339
141,127806	-0,108137130737305
141,238995	-0,109747409820557
141,347990	-0,110674202442169
141,456765	-0,111638158559799
141,565809	-0,112000375986099
141,674437	-0,111828804016113
141,783994	-0,110841691493988
141,893923	-0,109655946493149
142,004560	-0,108280181884766
142,114015	-0,106875240802765
142,224883	-0,106032133102417
142,336410	-0,105491131544113
142,445639	-0,105786770582199
142,553782	-0,106831073760986
142,663768	-0,107808649539948
142,774917	-0,109288811683655
142,884166	-0,110641270875931
142,993592	-0,111699312925339
143,102046	-0,112176269292831
143,209942	-0,111865133047104
143,319205	-0,11098724603653
143,429795	-0,109668344259262
143,540253	-0,108662068843842
143,648991	-0,107129782438278
143,757266	-0,105840384960175
143,865925	-0,105386734008789
143,974204	-0,105476886034012
144,083628	-0,10600933432579
144,192297	-0,107129782438278
144,302614	-0,108555555343628
144,412164	-0,109853178262711
144,520433	-0,11133149266243
144,631781	-0,11187469959259
144,742816	-0,111931532621384
144,854949	-0,111292362213135
144,965919	-0,110090017318726
145,077904	-0,108790069818497
145,187800	-0,107367277145386
145,299295	-0,106328308582306
145,409639	-0,105563253164291
145,519726	-0,105352580547333
145,627102	-0,105999857187271
145,736726	-0,10687854886055
145,848263	-0,108336329460144
145,957535	-0,109874606132507
146,066988	-0,111002534627914
146,176382	-0,111682593822479
146,288028	-0,112050086259842
146,400120	-0,111578911542892
146,509241	-0,110688030719757
146,619152	-0,109439253807068
146,728953	-0,107519745826721
146,840935	-0,106454581022263
146,950904	-0,105727910995483
147,061605	-0,105485886335373
147,169529	-0,105875015258789
147,280941	-0,106655389070511
147,392456	-0,107965975999832
147,502959	-0,109338313341141
147,612891	-0,110769152641296
147,723639	-0,111689269542694
147,833922	-0,111936807632446
147,945502	-0,111594200134277
148,056040	-0,110694706439972
148,167925	-0,109136968851089
148,278770	-0,10786759853363
148,389529	-0,106764584779739
148,497737	-0,105861246585846
148,607870	-0,105644881725311
148,716593	-0,105929136276245
148,825480	-0,1068956553936
148,936236	-0,108108103275299
149,046821	-0,1094930768013
149,157223	-0,111061245203018
149,266350	-0,111748039722443
149,375585	-0,112225532531738
149,486114	-0,112036228179932
149,595992	-0,111182034015656
149,705457	-0,10985079407692
149,814554	-0,108084797859192
149,924412	-0,106832504272461
150,034801	-0,106024503707886
150,146805	-0,105436563491821
150,257556	-0,105658173561096
150,366583	-0,106406152248383
150,475169	-0,107315003871918
150,584694	-0,108987987041473
150,695215	-0,110474795103073
150,806726	-0,111355364322662
150,918730	-0,111947327852249
151,027042	-0,111766219139099
151,137475	-0,110916137695313
151,247773	-0,109874606132507
151,358113	-0,108680635690689
151,467874	-0,107081323862076
151,578807	-0,10575544834137
151,689947	-0,105236798524857
151,801250	-0,10522872209549
151,910211	-0,105775356292725
152,019182	-0,107124090194702
152,128474	-0,108178943395615
152,240223	-0,109769821166992
152,348746	-0,11068993806839
152,460945	-0,111297607421875
152,572490	-0,111387878656387
152,684590	-0,110779643058777
152,793115	-0,109690725803375
152,904283	-0,108386248350143
153,015770	-0,106751292943954
153,127706	-0,105836093425751
153,238376	-0,105035156011581
153,347731	-0,104984402656555
153,454598	-0,105618298053741
153,563307	-0,106417536735535
153,673787	-0,108228862285614
153,784196	-0,109431177377701
153,894176	-0,110607862472534
154,004626	-0,111451864242554
154,115122	-0,111683070659637
154,227215	-0,111182034015656
154,337761	-0,11009955406189
154,446655	-0,108931839466095
154,555462	-0,107367277145386
154,665826	-0,106396675109863
154,774089	-0,105508685112
154,883451	-0,105354011058807
154,995015	-0,105847984552383
155,104503	-0,106907993555069
155,214076	-0,108028262853622
155,325590	-0,109598785638809
155,436842	-0,110860288143158
155,547937	-0,111652016639709
155,657287	-0,111824035644531
155,767985	-0,111492931842804
155,879532	-0,110480517148972
155,990443	-0,109184086322784
156,100976	-0,107764929533005
156,211193	-0,106186836957932
156,321695	-0,105352103710175
156,430098	-0,104983896017075
156,540066	-0,105259567499161
156,650248	-0,106144607067108
156,759641	-0,107374399900436
156,869610	-0,108820021152496
156,979830	-0,110219687223434
157,087536	-0,111321955919266
157,197101	-0,111823558807373
157,307390	-0,111490070819855
157,418066	-0,110993474721909
157,528776	-0,109688818454742
157,640076	-0,108263552188873
157,751615	-0,106951236724854
157,860372	-0,105784863233566
157,969016	-0,105301320552826
158,079173	-0,105485886335373
158,189100	-0,106334447860718
158,298013	-0,107355386018753
158,407163	-0,108803868293762
158,517517	-0,1101233959198
158,626517	-0,111462354660034
158,736029	-0,111935377120972
158,846529	-0,111956417560577
158,958304	-0,111351549625397
159,067935	-0,110205382108688
159,176087	-0,109073638916016
159,284476	-0,107456564903259
159,394145	-0,106222927570343
159,504784	-0,105566114187241
159,613960	-0,105372488498688
159,724604	-0,105927228927612
159,834683	-0,106993943452835
159,945236	-0,108242154121399
160,054905	-0,109708815813065
160,164510	-0,110880345106125
160,274849	-0,111647248268127
160,385267	-0,111924856901169
160,495784	-0,111367791891098
160,605579	-0,110387057065964
160,715788	-0,109086513519287
160,824884	-0,10758438706398
160,936025	-0,10642796754837
161,047183	-0,105522453784943
161,156572	-0,105233937501907
161,266143	-0,10561591386795
161,375965	-0,106606483459473
161,485623	-0,107995927333832
161,597137	-0,109429270029068
161,708011	-0,110926628112793
161,818169	-0,111821174621582
161,927848	-0,112034797668457
162,038566	-0,111716985702515
162,149025	-0,111015409231186
162,260465	-0,109442114830017
162,367955	-0,108052939176559
162,475319	-0,106644481420517
162,587149	-0,105562299489975
162,699893	-0,105229198932648
162,809317	-0,105471193790436
162,921034	-0,106362462043762
163,032173	-0,107866168022156
163,144527	-0,109313070774078
163,256366	-0,110925674438477
163,367862	-0,111653923988342
163,478584	-0,11208114027977
163,590254	-0,111780047416687
163,700810	-0,110994905233383
163,812882	-0,109799325466156
163,923383	-0,108288288116455
164,030409	-0,106640189886093
164,139698	-0,105639636516571
164,250351	-0,105085909366608
164,360053	-0,105213046073914
164,469348	-0,105970442295074
164,581002	-0,107312172651291
164,688731	-0,108609288930893
164,796448	-0,110197752714157
164,906855	-0,111306667327881
165,017051	-0,111952602863312
165,126711	-0,111817359924316
165,238765	-0,111227869987488
165,350441	-0,109857469797134
165,462443	-0,108655422925949
165,573066	-0,107086539268494
165,682526	-0,105948090553284
165,794138	-0,105368226766586
165,906110	-0,105422794818878
166,017622	-0,105947613716125
166,128005	-0,107164919376373
166,239985	-0,108757704496384
166,350697	-0,110241621732712
166,462442	-0,111603289842606
166,572298	-0,112099319696426
166,683684	-0,112217396497726
166,793778	-0,111548334360123
166,906230	-0,110172480344772
167,016939	-0,109040319919586
167,126120	-0,107259929180145
167,238229	-0,106173574924469
167,349711	-0,105446040630341
167,458088	-0,105372965335846
167,566891	-0,106091439723969
167,676219	-0,107104122638702
167,787318	-0,10853698849678
167,898303	-0,110062837600708
168,005727	-0,111614257097244
168,116203	-0,112271875143051
168,225874	-0,112392365932465
168,335563	-0,111944943666458
168,445757	-0,110881775617599
168,557368	-0,109117418527603
168,667426	-0,107706487178802
168,777535	-0,106436997652054
168,888933	-0,105482578277588
168,999836	-0,105404764413834
169,108952	-0,105749279260635
169,220905	-0,106906563043594
169,330694	-0,108519852161407
169,441740	-0,109657853841782
169,552207	-0,110763430595398
169,663697	-0,111682593822479
169,775216	-0,111934900283813
169,886888	-0,111495345830917
169,998110	-0,11055064201355
170,107542	-0,109007477760315
170,215723	-0,107496976852417
170,325460	-0,106126576662064
170,435577	-0,10520926117897
170,543943	-0,104932188987732
170,652536	-0,105361104011536
170,760600	-0,106188744306564
170,867754	-0,107434242963791
170,975868	-0,108980357646942
171,083690	-0,110586881637573
171,192943	-0,111509650945663
171,301969	-0,111973136663437
171,410597	-0,111670643091202
171,521202	-0,11069518327713
171,633013	-0,10960927605629
171,744269	-0,108071506023407
171,854559	-0,106709033250809
171,965896	-0,105612128973007
172,076254	-0,104996711015701
172,188270	-0,10517418384552
172,297138	-0,106139838695526
172,406539	-0,107258021831512
172,514354	-0,108760565519333
172,624891	-0,11015248298645
172,733612	-0,111544042825699
172,842483	-0,111989855766296
172,953413	-0,112008482217789
173,064720	-0,111431777477264
173,175913	-0,110024243593216
173,287419	-0,108606904745102
173,397636	-0,107180595397949
173,506664	-0,105828523635864
173,617514	-0,105316996574402
173,728401	-0,105372488498688
173,839544	-0,106205821037292
173,950071	-0,107202440500259
174,060933	-0,108621656894684
174,172590	-0,110416620969772
174,283097	-0,111372590065002
174,392430	-0,112127035856247
174,503326	-0,112257540225983
174,614903	-0,111592292785645
174,725832	-0,11049148440361
174,835829	-0,109053671360016
174,946530	-0,107268929481506
175,057616	-0,105936706066132
175,169015	-0,10529562830925
175,277720	-0,105245798826218
175,389886	-0,105888307094574
175,501229	-0,106810659170151
175,612871	-0,108293503522873
175,724834	-0,10980361700058
175,834939	-0,111345827579498
175,946926	-0,112297683954239
176,057025	-0,11240816116333
176,166662	-0,11201423406601
176,276775	-0,110574960708618
176,388043	-0,109367847442627
176,497469	-0,107890397310257
176,608277	-0,106525301933289
176,718081	-0,105484008789063
176,827154	-0,105344980955124
176,936507	-0,105770140886307
177,046488	-0,106556177139282
177,156923	-0,108108580112457
177,265835	-0,109549254179001
177,376331	-0,111087024211884
177,488213	-0,11187756061554
177,599733	-0,112155258655548
177,710931	-0,111736118793488
177,820440	-0,110745757818222
177,928652	-0,10942068696022
178,039364	-0,107904672622681
178,146251	-0,106388568878174
178,256666	-0,105528146028519
178,365736	-0,105225414037704
178,477605	-0,105734080076218
178,586529	-0,106350123882294
178,694885	-0,107612878084183
178,805343	-0,109413057565689
178,916671	-0,110971510410309
179,028445	-0,111968368291855
179,139479	-0,112283825874329
179,250550	-0,111987471580505
179,360113	-0,111090838909149
179,471341	-0,109489262104034
179,581904	-0,107944130897522
179,692530	-0,106553792953491
179,802505	-0,105534315109253
179,912765	-0,105148553848267
180,023917	-0,105282336473465
180,133134	-0,106193006038666
180,243923	-0,107536852359772
180,352236	-0,109302133321762
180,461810	-0,110540151596069
180,570125	-0,111851274967194
180,678146	-0,112315386533737
180,788479	-0,11227285861969
180,898574	-0,111592292785645
181,007511	-0,110127687454224
181,116328	-0,108634024858475
181,226751	-0,107118368148804
181,337139	-0,105973273515701
181,445635	-0,105284243822098
181,554610	-0,10539385676384
181,666104	-0,106160283088684
181,774362	-0,107370585203171
181,882959	-0,109159350395203
181,995012	-0,110393732786179
182,105842	-0,11159086227417
182,216055	-0,112283825874329
182,327577	-0,112282395362854
182,436462	-0,111601382493973
182,546006	-0,110171049833298
182,655609	-0,108812868595123
182,763960	-0,106724232435226
182,874077	-0,105417102575302
182,983259	-0,104760438203812
183,094497	-0,104621917009354
183,203313	-0,105120539665222
183,312607	-0,106215327978134
183,423639	-0,107704102993011
183,534319	-0,109547346830368
183,646365	-0,110931903123856
183,757537	-0,111912906169891
183,869503	-0,11204195022583
183,980767	-0,111498206853867
184,092590	-0,110035210847855
184,203347	-0,108762949705124
184,314404	-0,107132136821747
184,425828	-0,10544890165329
184,537293	-0,104478657245636
184,648691	-0,104287445545197
184,757546	-0,104585379362106
184,866916	-0,105788171291351
184,977465	-0,107463717460632
185,086350	-0,109131723642349
185,196465	-0,110338866710663
185,306276	-0,111503928899765
185,414664	-0,111897140741348
185,523670	-0,111518234014511
185,635324	-0,110802561044693
185,747377	-0,109232157468796
185,855887	-0,107403844594955
185,967604	-0,106245219707489
186,079096	-0,105044186115265
186,190379	-0,104669362306595
186,301909	-0,104990065097809
186,413988	-0,10583421587944
186,524485	-0,107206255197525
186,633919	-0,10894849896431
186,741339	-0,110360324382782
186,849548	-0,111247450113297
186,959351	-0,111751854419708
187,068969	-0,111515372991562
187,180001	-0,110621720552444
187,291517	-0,109043657779694
187,403490	-0,107763528823853
187,514169	-0,106082439422607
187,624196	-0,104906111955643
187,735409	-0,104546964168549
187,845034	-0,104694038629532
187,954957	-0,10547736287117
188,066737	-0,106712371110916
188,178750	-0,108228862285614
188,288395	-0,109904646873474
188,400534	-0,11103355884552
188,510358	-0,111645817756653
188,619638	-0,111520618200302
188,728768	-0,110916614532471
188,839818	-0,109570235013962
188,948145	-0,107921302318573
189,059310	-0,106987774372101
189,169306	-0,105742156505585
189,280554	-0,105117231607437
189,390053	-0,105260998010635
189,498152	-0,105962812900543
189,607961	-0,106902778148651
189,717223	-0,108530342578888
189,828364	-0,109911292791367
189,938272	-0,111022591590881
190,048927	-0,111615717411041
190,160986	-0,111653923988342
190,271169	-0,111113280057907
190,381932	-0,110035210847855
190,491199	-0,108430922031403
190,601838	-0,106841534376144
190,709617	-0,105931043624878
190,822354	-0,105219215154648
190,933153	-0,105192184448242
191,044654	-0,105856031179428
191,155273	-0,106967836618423
191,265327	-0,108122378587723
191,375461	-0,109527826309204
191,487581	-0,110965311527252
191,597908	-0,111742794513702
191,707317	-0,111813515424728
191,817724	-0,111371159553528
191,929723	-0,110153883695602
192,040171	-0,108552217483521
192,149966	-0,107345402240753
192,257005	-0,106098085641861
192,366724	-0,105336904525757
192,477250	-0,105118185281754
192,586386	-0,10564249753952
192,694167	-0,106673419475555
192,805213	-0,108030140399933
192,917240	-0,109527826309204
193,028668	-0,110776782035828
193,138410	-0,111711740493774
193,250407	-0,112017095088959
193,361131	-0,111581295728683
193,471101	-0,110658437013626
193,581188	-0,109305948019028
193,692107	-0,1076280772686
193,802191	-0,106591284275055
193,911485	-0,105522453784943
194,020485	-0,10529088973999
194,130733	-0,105727910995483
194,239285	-0,106512010097504
194,346915	-0,107826709747314
194,455836	-0,10923358798027
194,567293	-0,110796838998795
194,679267	-0,111660122871399
194,790291	-0,111990332603455
194,900742	-0,111732751131058
195,010493	-0,110670387744904
195,121859	-0,109604507684708
195,233141	-0,108206510543823
195,342670	-0,10664114356041
195,453988	-0,105860769748688
195,565489	-0,10535541176796
195,675045	-0,105583190917969
195,786853	-0,106383830308914
195,896887	-0,107839554548264
196,008457	-0,109048426151276
196,117663	-0,110599279403687
196,228850	-0,111578434705734
196,340517	-0,112023770809174
196,450342	-0,111841708421707
196,561882	-0,110881775617599
196,673844	-0,109613090753555
196,786007	-0,108130931854248
196,896260	-0,106562793254852
197,007896	-0,105606436729431
197,117239	-0,105222553014755
197,225690	-0,105308443307877
197,337207	-0,106202989816666
197,448396	-0,107187241315842
197,558870	-0,10891854763031
197,668596	-0,110524863004684
197,778351	-0,111448049545288
197,887007	-0,112070620059967
197,997583	-0,111959278583527
198,106318	-0,111255556344986
198,215972	-0,110253542661667
198,326179	-0,108561247587204
198,436596	-0,107152581214905
198,548577	-0,105968534946442
198,659623	-0,105253398418427
198,770640	-0,105236798524857
198,882275	-0,105904459953308
198,992967	-0,107054740190506
199,104757	-0,108694911003113
199,215083	-0,11014199256897
199,324321	-0,111247450113297
199,436513	-0,111888527870178
199,548545	-0,111850798130035
199,658706	-0,111294269561768
199,769080	-0,10997611284256
199,877241	-0,108769595623016
199,986854	-0,107326418161392
200,098400	-0,106085747480392
200,210427	-0,105208784341812
200,319459	-0,105168461799622
200,430456	-0,105631113052368
200,541382	-0,10664826631546
200,651024	-0,108045339584351
200,762280	-0,109482109546661
200,874215	-0,110783457756042
200,986164	-0,111614763736725
201,097837	-0,111841231584549
201,206833	-0,11123263835907
201,318271	-0,110152959823608
201,430258	-0,108990848064423
201,541384	-0,10728794336319
201,649544	-0,105870753526688
201,756560	-0,105219721794128
201,866327	-0,104997187852859
201,975920	-0,105401426553726
202,085243	-0,10654428601265
202,194650	-0,107688426971436
202,304549	-0,109167903661728
202,416121	-0,110884159803391
202,524307	-0,111590385437012
202,633894	-0,111851751804352
202,741944	-0,111544519662857
202,850110	-0,110433310270309
202,960106	-0,109320223331451
203,069947	-0,107855230569839
203,181914	-0,106518656015396
203,292467	-0,105306059122086
203,401378	-0,105074524879456
203,513291	-0,105369180440903
203,623363	-0,106231451034546
203,734838	-0,107526898384094
203,845750	-0,108990371227264
203,955667	-0,110403269529343
204,066181	-0,111596584320068
204,178545	-0,11203145980835
204,290152	-0,111830234527588
204,399069	-0,111047387123108
204,510180	-0,109784096479416
204,620997	-0,108087182044983
204,729399	-0,106712371110916
204,837448	-0,105837047100067
204,945837	-0,105203568935394
205,055929	-0,105419933795929
205,164753	-0,106239527463913
205,275374	-0,107508838176727
205,385054	-0,108968466520309
205,493010	-0,110376089811325
205,602978	-0,111477196216583
205,711906	-0,112051993608475
205,821625	-0,111959278583527
205,931527	-0,11137592792511
206,043171	-0,110049515962601
206,152995	-0,108610719442368
206,262770	-0,107243299484253
206,371982	-0,106150776147842
206,479268	-0,105623513460159
206,587926	-0,105551391839981
206,695916	-0,106340646743774
206,804460	-0,107078969478607
206,913466	-0,108693480491638
207,021571	-0,110101938247681
207,131307	-0,111477196216583
207,243266	-0,112060129642487
207,354780	-0,112157642841339
207,465189	-0,111725121736526
207,576302	-0,110233515501022
207,687875	-0,108823359012604
207,799996	-0,107583433389664
207,911607	-0,106331139802933
208,020865	-0,105437994003296
208,131482	-0,105280458927155
208,243517	-0,105661958456039
208,353580	-0,106801629066467
208,465753	-0,108400017023087
208,575958	-0,109854131937027
208,684360	-0,111066967248917
208,796325	-0,111750900745392
208,905408	-0,112000852823257
209,016691	-0,111575096845627
209,126543	-0,1105797290802
209,237692	-0,108969897031784
209,347701	-0,107742607593536
209,457671	-0,106427013874054
209,568500	-0,105504423379898
209,680526	-0,105128616094589
209,792531	-0,105503469705582
209,902615	-0,10637241601944
210,014638	-0,107671797275543
210,124728	-0,109118849039078
210,232956	-0,110608369112015
210,343332	-0,111496299505234
210,452717	-0,111789137125015
210,564096	-0,111470490694046
210,675030	-0,110604524612427
210,783311	-0,109315931797028
210,894101	-0,107898473739624
211,005351	-0,106376707553864
211,115878	-0,105448424816132
211,225636	-0,10509729385376
211,336975	-0,105294197797775
211,448589	-0,106266111135483
211,560447	-0,107709348201752
211,671405	-0,108857154846191
211,780805	-0,110303580760956
211,892034	-0,111013978719711
212,004099	-0,111374020576477
212,113428	-0,111146718263626
212,223560	-0,110328376293182
212,332406	-0,108906626701355
212,440785	-0,107502192258835
212,552829	-0,10598748922348
212,660850	-0,105245321989059
212,772292	-0,104768037796021
212,883775	-0,105045586824417
212,995212	-0,105899721384048
213,105930	-0,107108414173126
213,216406	-0,108570277690887
213,325224	-0,110140085220337
213,436182	-0,110969126224518
213,547531	-0,111611872911453
213,656648	-0,111391216516495
213,765903	-0,110530614852905
213,874877	-0,109510213136673
213,984094	-0,108063399791718
214,093965	-0,106773138046265
214,204479	-0,105663359165192
214,314143	-0,105074048042297
214,426076	-0,105096340179443
214,537878	-0,105783432722092
214,650483	-0,106955021619797
214,761177	-0,108321100473404
214,871911	-0,109681665897369
214,983375	-0,111007779836655
215,094719	-0,111584186553955
215,206990	-0,111581772565842
215,319389	-0,110787272453308
215,427294	-0,109668344259262
215,537142	-0,108326315879822
215,646365	-0,106948375701904
215,757499	-0,10604065656662
215,867323	-0,105313181877136
215,979297	-0,105254352092743
216,088374	-0,105817139148712
216,199948	-0,107013404369354
216,309983	-0,108336806297302
216,419623	-0,109675973653793
216,530159	-0,110851228237152
216,640015	-0,111411243677139
216,747994	-0,111396938562393
216,859076	-0,110714733600616
216,969949	-0,109858423471451
217,079062	-0,10856220126152
217,188573	-0,107006758451462
217,298254	-0,105838000774384
217,409368	-0,105321258306503
217,521479	-0,105310320854187
217,631298	-0,105976581573486
217,741642	-0,107051879167557
217,853257	-0,108179420232773
217,965011	-0,109508782625198
218,074454	-0,110966265201569
218,181437	-0,111502975225449
218,289332	-0,111429393291473
218,397909	-0,110930949449539
218,505745	-0,109606891870499
218,613936	-0,108414769172668
218,724916	-0,106709986925125
218,836434	-0,105436563491821
218,947666	-0,104682147502899
219,054781	-0,104482918977737
219,163917	-0,104766130447388
219,276365	-0,105861723423004
219,386494	-0,107428073883057
219,495016	-0,108648777008057
219,606291	-0,109952747821808
219,715651	-0,110996812582016
219,827224	-0,111279428005219
219,937855	-0,110807329416275
220,048072	-0,109865069389343
220,158638	-0,108554124832153
220,266837	-0,107166826725006
220,375779	-0,105967104434967
220,483424	-0,10515946149826
220,593564	-0,104941666126251
220,702554	-0,105409026145935
220,813155	-0,106445074081421
220,920987	-0,107327371835709
221,028184	-0,109296441078186
221,138049	-0,110441416501999
221,248034	-0,11144757270813
221,357424	-0,111936807632446
221,468208	-0,111660122871399
221,578538	-0,110978662967682
221,687442	-0,109511643648148
221,796572	-0,108262598514557
221,908037	-0,106606483459473
222,020021	-0,105524331331253
222,128868	-0,104934573173523
222,240033	-0,105059832334518
222,350502	-0,106036871671677
222,459324	-0,107348740100861
222,571341	-0,108534157276154
222,680535	-0,109945148229599
222,791707	-0,111070305109024
222,902416	-0,111651062965393
223,012864	-0,111655831336975
223,121660	-0,111017346382141
223,231752	-0,109637379646301
223,341470	-0,10794934630394
223,450785	-0,106520086526871
223,562057	-0,105589359998703
223,673978	-0,104949742555618
223,785980	-0,104874312877655
223,896198	-0,105456948280334
224,005762	-0,10674986243248
224,116907	-0,1081822514534
224,228909	-0,109653562307358
224,339955	-0,111034989356995
224,451294	-0,11169022321701
224,562695	-0,11173802614212
224,673017	-0,110969126224518
224,785452	-0,109818875789642
224,894940	-0,108615458011627
225,002324	-0,106895178556442
225,111785	-0,105742156505585
225,223892	-0,105009526014328
225,335402	-0,104912281036377
225,447150	-0,105447947978973
225,557722	-0,10667484998703
225,666641	-0,107853829860687
225,774798	-0,109538316726685
225,886036	-0,110743850469589
225,996442	-0,111518234014511
226,107051	-0,111567914485931
226,215720	-0,111124753952026
226,325737	-0,109854131937027
226,434628	-0,108639270067215
226,546303	-0,106969714164734
226,657828	-0,1056809425354
226,767849	-0,10481783747673
226,877411	-0,104726314544678
226,989491	-0,105246752500534
227,100022	-0,106376230716705
227,210513	-0,107800602912903
227,322563	-0,109284043312073
227,433236	-0,110668003559113
227,541672	-0,111480057239532
227,649239	-0,111802995204926
227,758010	-0,111295700073242
227,866995	-0,110418051481247
227,979502	-0,108873784542084
228,089976	-0,107301235198975
228,199799	-0,105765879154205
228,308751	-0,105046063661575
228,419095	-0,104621440172195
228,527628	-0,104957818984985
228,636952	-0,105993658304214
228,745942	-0,107349216938019
228,854042	-0,108917117118835
228,963628	-0,110246390104294
229,072076	-0,111177742481232
229,180130	-0,111763805150986
229,288214	-0,111559331417084
229,399803	-0,110825926065445
229,507218	-0,109544962644577
229,618185	-0,108081012964249
229,725517	-0,106497287750244
229,836904	-0,105559468269348
229,948436	-0,104994833469391
230,059660	-0,105120062828064
230,170384	-0,105865508317947
230,282388	-0,107354432344437
230,392697	-0,108562678098679
230,501780	-0,110032349824905
230,611426	-0,111231684684753
230,721229	-0,111879467964172
230,831441	-0,11190190911293
230,941668	-0,111217379570007
231,051764	-0,109790772199631
231,162067	-0,108627378940582
231,271170	-0,107155442237854
231,380883	-0,105830878019333
231,489358	-0,105301320552826
231,601941	-0,105207860469818
231,713258	-0,105718433856964
231,824449	-0,106993466615677
231,932767	-0,108417153358459
232,043104	-0,109949439764023
232,153317	-0,111294746398926
232,264937	-0,112034320831299
232,374917	-0,112083524465561
232,484624	-0,111472398042679
232,596128	-0,110196799039841
232,707359	-0,10892853140831
232,816127	-0,107466578483582
232,926041	-0,10617783665657
233,038096	-0,105283290147781
233,147853	-0,105097770690918
233,255545	-0,105648666620255
233,366722	-0,106557577848434
233,475353	-0,108198434114456
233,584650	-0,109621167182922
233,693653	-0,110937148332596
233,802544	-0,111706972122192
233,910326	-0,111919581890106
234,020014	-0,111530661582947
234,130608	-0,110506743192673
234,242587	-0,109415918588638
234,352400	-0,107700318098068
234,461046	-0,106358200311661
234,570608	-0,105449855327606
234,682150	-0,105064570903778
234,794130	-0,105304181575775
234,903153	-0,10637241601944
235,014020	-0,107885181903839
235,125348	-0,109400689601898
235,236532	-0,110516279935837
235,347303	-0,111705541610718
235,456205	-0,111938238143921
235,568220	-0,111632436513901
235,677554	-0,110737651586533
235,788335	-0,109205961227417
235,897507	-0,107682734727859
236,007454	-0,106560915708542
236,118997	-0,105502516031265
236,230127	-0,104954481124878
236,340665	-0,105311274528503
236,449799	-0,106174051761627
236,558985	-0,107292681932449
236,667288	-0,10900416970253
236,775811	-0,110165804624557
236,884206	-0,111293286085129
236,992587	-0,111898571252823
237,103730	-0,1118383705616
237,212397	-0,111185371875763
237,320402	-0,109778374433517
237,429468	-0,108352482318878
237,537079	-0,10692510008812
237,646120	-0,105805277824402
237,755593	-0,105222076177597
237,864604	-0,105200737714767
237,974004	-0,105838477611542
238,083827	-0,107168734073639
238,193827	-0,108614504337311
238,303945	-0,11029788851738
238,412465	-0,111256033182144
238,523443	-0,11185747385025
238,633136	-0,112035274505615
238,743955	-0,111455678939819
238,851110	-0,110166281461716
238,961283	-0,10872820019722
239,070267	-0,107486039400101
239,180926	-0,106056809425354
239,290101	-0,105301320552826
239,401547	-0,105145215988159
239,512663	-0,105662405490875
239,622790	-0,106684327125549
239,732323	-0,108293056488037
239,840276	-0,109537839889526
239,951466	-0,111012071371078
240,063542	-0,111912429332733
240,171967	-0,112029045820236
240,282389	-0,111589431762695
240,393065	-0,110599756240845
240,500858	-0,108991324901581
240,609368	-0,107750207185745
240,717898	-0,10664114356041
240,826428	-0,105481147766113
240,935686	-0,10512101650238
241,043008	-0,105490177869797
241,153186	-0,106415182352066
241,263853	-0,108015894889832
241,373006	-0,109236419200897
241,483823	-0,11040660738945
241,594571	-0,11151060461998
241,706525	-0,112068712711334
241,817582	-0,111825942993164
241,927652	-0,111111849546432
242,037714	-0,109638810157776
242,147299	-0,107922732830048
242,255361	-0,1065414249897
242,364748	-0,105731695890427
242,473859	-0,105212569236755
242,584016	-0,105316042900085
242,691806	-0,106242388486862
242,801336	-0,107470840215683
242,910488	-0,108725339174271
243,020895	-0,110405653715134
243,132201	-0,111512035131454
243,244174	-0,112084478139877
243,355047	-0,112098842859268
243,465234	-0,111443251371384
243,574859	-0,110290259122849
243,685016	-0,108575522899628
243,796226	-0,107142120599747
243,907208	-0,105830430984497
244,017875	-0,10531747341156
244,127824	-0,105299413204193
244,237644	-0,106034487485886
244,347857	-0,107212901115417
244,456095	-0,108668267726898
244,566915	-0,109919875860214
244,677411	-0,111348211765289
244,787389	-0,11210361123085
244,897564	-0,112206846475601
245,007778	-0,111694067716599
245,118824	-0,110434263944626
245,229982	-0,109000831842422
245,338564	-0,107792496681213
245,448507	-0,106525778770447
245,559644	-0,10549920797348
245,668457	-0,105435132980347
245,777823	-0,105880260467529
245,888657	-0,107102692127228
246,000107	-0,10851463675499
246,111030	-0,109964191913605
246,221273	-0,111261785030365
246,331988	-0,112076848745346
246,440926	-0,11230343580246
246,551579	-0,111781477928162
246,660398	-0,11090612411499
246,770597	-0,10953688621521
246,879738	-0,10782054066658
246,991293	-0,106463134288788
247,101715	-0,105605006217957
247,213185	-0,105270475149155
247,322686	-0,105683773756027
247,431330	-0,10668671131134
247,540966	-0,107780128717422
247,650242	-0,109294056892395
247,759654	-0,110875099897385
247,868629	-0,111799657344818
247,979652	-0,112241744995117
248,090306	-0,111816376447678
248,199702	-0,111100405454636
248,309976	-0,109867453575134
248,419718	-0,108322978019714
248,530190	-0,106989651918411
248,641166	-0,105633944272995
248,752269	-0,105341643095016
248,862650	-0,10567569732666
248,973354	-0,106506794691086
249,084610	-0,107869029045105
249,196066	-0,109559744596481
249,308069	-0,110903739929199
249,419683	-0,111892372369766
249,531140	-0,112239837646484
249,640673	-0,111917674541473
249,752053	-0,110950976610184
249,862935	-0,109826505184174
249,974018	-0,108114749193192
250,083878	-0,106902778148651
250,193613	-0,1056809425354
250,305125	-0,105244845151901
250,416607	-0,105527192354202
250,528556	-0,106462180614471
250,639063	-0,107802957296371
250,751121	-0,109321177005768
250,862765	-0,110807329416275
250,974412	-0,111974567174911
251,084891	-0,112367510795593
251,193931	-0,112218827009201
251,302869	-0,11098724603653
251,412349	-0,110060930252075
251,522905	-0,108451873064041
251,632941	-0,106665372848511
251,744897	-0,105385303497314
251,845450	-0,104903727769852
251,945685	-0,105037987232208
252,046511	-0,10577917098999
252,147365	-0,106792122125626
252,249203	-0,108387172222137
252,349567	-0,109951347112656
252,449606	-0,111080348491669
252,549798	-0,112094044685364
