0,101757	-0,0112023055553436
0,203634	-0,0124838948249817
0,303893	-0,0116598308086395
0,404303	-0,0104362070560455
0,505795	-0,00771063566207886
0,606646	-0,00454282760620117
0,707274	-0,00162169337272644
0,809295	0,000825405120849609
0,910157	0,00301408767700195
1,018982	0,00348705053329468
1,127977	0,00291132926940918
1,238510	0,000964969396591187
1,347147	-0,00201311707496643
1,455031	-0,0053679347038269
1,565293	-0,00947859883308411
1,674435	-0,0114789307117462
1,784055	-0,011989563703537
1,894786	-0,0121092200279236
2,004358	-0,0100381672382355
2,115172	-0,00660565495491028
2,223565	-0,00413143634796143
2,333119	0,000667810440063477
2,442261	0,0021805465221405
2,552896	0,00340092182159424
2,662500	0,00370410084724426
2,772236	0,00134724378585815
2,882449	-0,000890582799911499
2,994141	-0,0042881965637207
3,105668	-0,0078766942024231
3,217077	-0,0104596316814423
3,320244	-0,0122480094432831
3,431229	-0,0119842886924744
3,545793	-0,0102462470531464
3,659921	-0,00754940509796143
3,774610	-0,00365850329399109
3,884233	-0,000794768333435059
3,987343	0,0018056333065033
4,092237	0,00364410877227783
4,197817	0,00319486856460571
4,305078	0,00245624780654907
4,406134	-0,000266671180725098
4,515669	-0,00324121117591858
4,626028	-0,0061776340007782
4,729621	-0,00979995727539063
4,834820	-0,0115751326084137
4,943721	-0,0117517113685608
5,048248	-0,0114377737045288
5,150950	-0,00919795036315918
5,263094	-0,00593492388725281
5,373641	-0,00305849313735962
5,485798	0,00104045867919922
5,586092	0,00282621383666992
5,694136	0,00355604290962219
5,805937	0,00343373417854309
5,918234	0,00107133388519287
6,020289	-0,00159180164337158
6,127283	-0,00419843196868896
6,232623	-0,00851604342460632
6,347311	-0,0102438628673553
6,450397	-0,0120862424373627
6,562608	-0,0122278928756714
6,676320	-0,0103854537010193
6,791776	-0,00786763429641724
6,905490	-0,00304993987083435
7,008651	-0,000970333814620972
7,122433	0,00171774625778198
7,227195	0,00354844331741333
7,330313	0,00321200489997864
7,431402	0,00180324912071228
7,534410	0,00012814998626709
7,648065	-0,0035041868686676
7,748261	-0,00615906715393066
7,851371	-0,00938630104064941
7,954521	-0,0115583837032318
8,056744	-0,0120163559913635
8,158098	-0,0115028619766235
8,265704	-0,0098530650138855
8,369715	-0,00707021355628967
8,483020	-0,00346148014068604
8,584352	-0,000892966985702515
8,697488	0,00244960188865662
8,807009	0,00315156579017639
8,915126	0,00333619117736816
9,024871	0,00221478939056396
9,133775	-0,00122746825218201
9,247592	-0,00398564338684082
9,357472	-0,00765767693519592
9,470165	-0,0105677545070648
9,582261	-0,0118445754051208
9,697358	-0,0122034847736359
9,806759	-0,0103510320186615
9,915741	-0,00746640563011169
10,025785	-0,00420460104942322
10,125966	-0,00110173225402832
10,238611	0,00151917338371277
10,352262	0,00309780240058899
10,463587	0,00347134470939636
10,568976	0,00191348791122437
10,681271	-0,000572264194488525
10,793955	-0,00352603197097778
10,902846	-0,00729379057884216
11,003666	-0,00940448045730591
11,116434	-0,0118412375450134
11,229733	-0,0119091868400574
11,342589	-0,0106433629989624
11,444045	-0,00795498490333557
11,556914	-0,00433474779129028
11,670890	-0,00193864107131958
11,783921	0,00202611088752747
11,885013	0,00323390960693359
11,985162	0,00352132320404053
12,087308	0,00285807251930237
12,196663	0,000445663928985596
12,297665	-0,0017085075378418
12,399065	-0,00465685129165649
12,508825	-0,00856667757034302
12,615782	-0,0106343030929565
12,717820	-0,0115344524383545
12,820523	-0,0118196904659271
12,934251	-0,0100395977497101
13,036323	-0,00727757811546326
13,150524	-0,00435563921928406
13,253015	-0,000187456607818604
13,357280	0,0014626681804657
13,471787	0,00305929780006409
13,573735	0,00385069847106934
13,686145	0,00239160656929016
13,799955	-0,000271916389465332
13,899962	-0,00221002101898193
14,006067	-0,00655138492584229
14,112616	-0,00878167152404785
14,212654	-0,010963499546051
14,315378	-0,0121876895427704
14,422719	-0,0110353231430054
14,524116	-0,00964835286140442
14,628526	-0,00683528184890747
14,735063	-0,00324216485023499
14,842938	-0,000849813222885132
14,944543	0,00174340605735779
15,051662	0,00356033444404602
15,158913	0,00319916009902954
15,268073	0,00228035449981689
15,377313	-0,000180333852767944
15,479343	-0,00356495380401611
15,594615	-0,00641375780105591
15,695814	-0,0095885694026947
15,805518	-0,0113329589366913
15,906324	-0,0115808844566345
16,013775	-0,0112391710281372
16,127549	-0,0085122287273407
16,229663	-0,00547918677330017
16,336836	-0,00188121199607849
16,447562	0,00139853358268738
16,559502	0,00271919369697571
16,672935	0,00375121831893921
16,779380	0,00308018922805786
16,884835	0,00107276439666748
16,999862	-0,00140106678009033
17,113644	-0,00604483485221863
17,221894	-0,00860011577606201
17,326558	-0,0105802118778229
17,436035	-0,011998176574707
17,546566	-0,0114549994468689
17,660984	-0,00956705212593079
17,769811	-0,00720462203025818
17,875228	-0,00351652503013611
17,979968	-0,000172257423400879
18,090007	0,00182512402534485
18,197485	0,00362744927406311
18,307063	0,00303691625595093
18,412923	0,00174909830093384
18,520523	-0,00034022331237793
18,627365	-0,00433948636054993
18,735963	-0,00720128417015076
18,847090	-0,0100438892841339
18,950506	-0,011523425579071
19,063932	-0,0115253329277039
19,172201	-0,0106079578399658
19,280360	-0,00731664896011353
19,389492	-0,00472715497016907
19,503478	-0,00172558426856995
19,610722	0,00145745277404785
19,713931	0,00318107008934021
19,826314	0,00355273485183716
19,939774	0,00268116593360901
20,049731	-0,000447958707809448
20,160375	-0,00274193286895752
20,273699	-0,0067085325717926
20,386752	-0,00928449630737305
20,497099	-0,011109471321106
20,605570	-0,011991947889328
20,707485	-0,0111817121505737
20,811594	-0,00859150290489197
20,913611	-0,00587782263755798
21,016304	-0,00346574187278748
21,125187	0,00017133355140686
21,238730	0,00216060876846313
21,353910	0,00367885828018188
21,456068	0,00274106860160828
21,556326	0,00134342908859253
21,656335	-0,00102582573890686
21,768493	-0,00410056114196777
21,870920	-0,00755989551544189
21,971777	-0,0101826190948486
22,083267	-0,0117675065994263
22,188379	-0,0115689039230347
22,297178	-0,010494589805603
22,407348	-0,00800654292106628
22,516447	-0,00455373525619507
22,626329	-0,00215402245521545
22,736815	0,00133299827575684
22,845368	0,00314062833786011
22,955372	0,00327292084693909
23,063611	0,00277674198150635
23,172447	-0,000242024660110474
23,282251	-0,00315290689468384
23,391063	-0,00631949305534363
23,501055	-0,00910043716430664
23,610268	-0,0111549496650696
23,719076	-0,0118842720985413
23,827999	-0,0115105211734772
23,937067	-0,00881797075271606
24,046684	-0,00568515062332153
24,158544	-0,00278323888778687
24,267670	0,000778883695602417
24,376823	0,00223711133003235
24,487029	0,00354892015457153
24,596254	0,0030055046081543
24,705306	0,0011344850063324
24,814963	-0,00184941291809082
24,924258	-0,00596439838409424
25,034773	-0,00837084650993347
25,143904	-0,0106194615364075
25,248648	-0,012073814868927
25,360279	-0,0114966630935669
25,471269	-0,0100017786026001
25,578403	-0,00742349028587341
25,683027	-0,00388211011886597
25,785019	-0,00146704912185669
25,891923	0,00127363204956055
26,002514	0,0032866895198822
26,112010	0,00315013527870178
26,222289	0,00217580795288086
26,324769	0,000236332416534424
26,432731	-0,0035625696182251
26,534739	-0,00647565722465515
26,638005	-0,0091286301612854
26,750518	-0,0112185776233673
26,865647	-0,0117278099060059
26,972836	-0,0109142065048218
27,075716	-0,00872719287872314
27,186889	-0,0058664083480835
27,288759	-0,0027395486831665
27,391800	0,000523954629898071
27,493533	0,00214159488677979
27,606284	0,00318631529808044
27,711604	0,00301170349121094
27,816471	0,00125226378440857
27,916800	-0,00114110112190247
28,017400	-0,00366988778114319
28,118081	-0,00675094127655029
28,233085	-0,00998938083648682
28,333165	-0,0115325152873993
28,438380	-0,0121158957481384
28,544713	-0,0109606385231018
28,656239	-0,00872576236724854
28,757975	-0,00558763742446899
28,873143	-0,00170424580574036
28,978886	-3,65376472473145E-5
29,079761	0,0026526153087616
29,183275	0,00328478217124939
29,283936	0,00262266397476196
29,395402	0,00127363204956055
29,497328	-0,00169429183006287
29,598001	-0,00442451238632202
29,706097	-0,00733762979507446
29,814453	-0,0102433860301971
29,926822	-0,0117009878158569
30,034544	-0,0117746889591217
30,135720	-0,010833352804184
30,242704	-0,00823283195495605
30,349119	-0,00467443466186523
30,451710	-0,00210419297218323
30,552453	0,000997275114059448
30,652835	0,00260412693023682
30,753910	0,0030992329120636
30,860523	0,00283569097518921
30,960888	0,000694841146469116
31,075473	-0,0015031099319458
31,182255	-0,004569411277771
31,282846	-0,00796690583229065
31,384071	-0,0103309452533722
31,494578	-0,0115368366241455
31,598542	-0,0119646787643433
31,698889	-0,0106720924377441
31,799366	-0,00844007730484009
31,900905	-0,00547775626182556
32,005836	-0,00247713923454285
32,107049	0,000619858503341675
32,211423	0,00237688422203064
32,327003	0,00339186191558838
32,427679	0,00242915749549866
32,541399	0,00102528929710388
32,656214	-0,00227358937263489
32,760696	-0,00566375255584717
32,862121	-0,00796929001808167
32,965014	-0,0105443298816681
33,065973	-0,0118354856967926
33,166471	-0,0114502310752869
33,267387	-0,0107974410057068
33,367918	-0,00799077749252319
33,482991	-0,00425350666046143
33,587504	-0,00228261947631836
33,693230	0,0011952817440033
33,794529	0,00273346900939941
33,897889	0,00323960185050964
34,000820	0,00296032428741455
34,107327	0,000245839357376099
34,207832	-0,00173509120941162
34,312059	-0,00522053241729736
34,424593	-0,00857287645339966
34,528354	-0,01071897149086
34,639698	-0,0116622149944305
34,746539	-0,0118622779846191
34,850012	-0,0098133385181427
34,956847	-0,00726756453514099
35,057529	-0,00468060374259949
35,172782	-0,00126731395721436
35,273165	0,00123566389083862
35,378184	0,00286424160003662
35,479272	0,00342375040054321
35,583987	0,00204083323478699
35,684923	0,000396758317947388
35,796048	-0,00187790393829346
35,907681	-0,00592255592346191
36,017149	-0,00868275761604309
36,118010	-0,010995090007782
36,219191	-0,0119771361351013
36,321817	-0,0115358829498291
36,427115	-0,0100874304771423
36,528054	-0,00798791646957397
36,631049	-0,0040682852268219
36,732421	-0,00114679336547852
36,833207	0,000715732574462891
36,933783	0,00300884246826172
37,035122	0,00319439172744751
37,136762	0,00263690948486328
37,251220	0,00108844041824341
37,351841	-0,00240597128868103
37,453706	-0,00542119145393372
37,558592	-0,00807097554206848
37,661604	-0,0108438730239868
37,774097	-0,0116574466228485
37,879647	-0,0116057693958282
37,985152	-0,0100491642951965
38,098018	-0,00680384039878845
38,198095	-0,0043599009513855
38,301483	-0,00149786472320557
38,412714	0,00160276889801025
38,514003	0,00303548574447632
38,618355	0,00351226329803467
38,718957	0,00249618291854858
38,819566	0,000321298837661743
38,934405	-0,00300103425979614
39,035622	-0,00593304634094238
39,148252	-0,00918504595756531
39,253137	-0,0111238360404968
39,360478	-0,0119732916355133
39,462036	-0,0111515820026398
39,573228	-0,00909802317619324
39,684558	-0,00669807195663452
39,790945	-0,00325688719749451
39,905514	-0,000465989112854004
40,020342	0,00235354900360107
40,127594	0,00326529145240784
40,232808	0,00274154543876648
40,332821	0,00161606073379517
40,447596	-0,00104767084121704
40,554306	-0,00430434942245483
40,660110	-0,00724563002586365
40,771635	-0,010527104139328
40,877084	-0,0115789771080017
40,987209	-0,0117742121219635
41,093513	-0,0107998549938202
41,197504	-0,00771254301071167
41,312384	-0,00527188181877136
41,413196	-0,00207525491714478
41,518248	0,00090181827545166
41,619268	0,00254613161087036
41,719745	0,00317725539207458
41,824431	0,00277292728424072
41,924975	0,000679671764373779
42,029070	-0,00191110372543335
42,141510	-0,00458842515945435
42,241670	-0,00886625051498413
42,346935	-0,0102792680263519
42,448916	-0,0116631984710693
42,549392	-0,0119665861129761
42,653307	-0,0104811787605286
42,755101	-0,00821706652641296
42,855199	-0,00561472773551941
42,964004	-0,00172987580299377
43,065337	-1,37686729431152E-5
43,173651	0,00244390964508057
43,278401	0,00311970710754395
43,390804	0,00242012739181519
43,496315	0,00089755654335022
43,604912	-0,00194811820983887
43,706703	-0,00572749972343445
43,820007	-0,00813111662864685
43,920512	-0,0107424259185791
44,023015	-0,0119842886924744
44,137667	-0,0115981101989746
44,238174	-0,010452926158905
44,350138	-0,00821849703788757
44,461129	-0,00407540798187256
44,567447	-0,000970333814620972
44,667972	0,00098729133605957
44,769617	0,00273916125297546
44,870625	0,00312018394470215
44,982569	0,00241583585739136
45,083027	0,000564306974411011
45,183183	-0,00265082716941833
45,289279	-0,00530707836151123
45,391608	-0,00805950164794922
45,496842	-0,0106783211231232
45,606952	-0,0118350088596344
45,718473	-0,0116962194442749
45,823324	-0,00983390212059021
45,930310	-0,00740107893943787
46,039955	-0,0035398006439209
46,152227	-0,000893443822860718
46,253634	0,00142133235931396
46,365304	0,00307068228721619
46,479082	0,00299364328384399
46,593017	0,00119337439537048
46,693916	-0,000833213329315186
46,794931	-0,0041300356388092
46,897073	-0,00675857067108154
46,998606	-0,00937291979789734
47,102161	-0,0114128887653351
47,203192	-0,0117402374744415
47,303598	-0,0110788345336914
47,404891	-0,00971770286560059
47,511285	-0,00680908560752869
47,612419	-0,00364518165588379
47,712435	-0,000666677951812744
47,813716	0,00155290961265564
47,916776	0,00299838185310364
48,022060	0,00307449698448181
48,130025	0,00175908207893372
48,230433	-0,000430852174758911
48,333279	-0,00293225049972534
48,434323	-0,00654184818267822
48,534699	-0,0086837112903595
48,639823	-0,0110491812229156
48,739855	-0,0117909610271454
48,840332	-0,0116139054298401
48,952692	-0,00973156094551086
49,054944	-0,00709402561187744
49,156497	-0,0045333206653595
49,262131	-0,00069040060043335
49,368517	0,00130355358123779
49,469389	0,00282001495361328
49,569694	0,00326341390609741
49,684699	0,0022314190864563
49,795751	-0,000202149152755737
49,896331	-0,00264227390289307
49,999859	-0,00658330321311951
50,103726	-0,00883996486663818
50,205620	-0,0112932324409485
50,316848	-0,0119742453098297
50,427493	-0,0112865269184113
50,528329	-0,00959575176239014
50,633349	-0,00680527091026306
50,748825	-0,00294220447540283
50,854174	-0,00104528665542603
50,956434	0,00192394852638245
51,060328	0,00310781598091125
51,171916	0,0029679536819458
51,283377	0,00158140063285828
51,394794	-0,00108084082603455
51,498575	-0,00416707992553711
51,598627	-0,00672808289527893
51,704687	-0,0100242793560028
51,816760	-0,0115105211734772
51,919443	-0,0117775499820709
52,024472	-0,0110343396663666
52,129912	-0,00825002789497375
52,230857	-0,00631806254386902
52,332660	-0,00322982668876648
52,437162	0,000397711992263794
52,539417	0,00205081701278687
52,640708	0,00314062833786011
52,746045	0,00294509530067444
52,847584	0,00120857357978821
52,958208	-0,000859290361404419
53,060883	-0,00332000851631165
53,173000	-0,0077020525932312
53,277086	-0,00972723960876465
53,380217	-0,0114009082317352
53,482421	-0,0118493735790253
53,587715	-0,010601282119751
53,700077	-0,0089135468006134
53,808683	-0,00602579116821289
53,909104	-0,00218769907951355
54,022339	0,000481724739074707
54,129464	0,0022423267364502
54,234035	0,00321677327156067
54,349065	0,00239920616149902
54,454024	0,00103098154067993
54,554314	-0,00119328498840332
54,656231	-0,00498950481414795
54,762785	-0,00790870189666748
54,877446	-0,010850578546524
54,982735	-0,0117335319519043
55,088584	-0,0116316080093384
55,197731	-0,0103596448898315
55,309505	-0,00767770409584045
55,416727	-0,00464305281639099
55,517750	-0,0010305643081665
55,620295	0,00122946500778198
55,726643	0,00251379609107971
55,832739	0,00305074453353882
55,939204	0,00207933783531189
56,050935	-0,000320285558700562
56,163945	-0,00308981537818909
56,268444	-0,00697582960128784
56,383580	-0,00929832458496094
56,495647	-0,0111396312713623
56,598224	-0,0120092034339905
56,701977	-0,0112166702747345
56,813971	-0,00885191559791565
56,926517	-0,0065256655216217
57,029827	-0,0031856894493103
57,134622	-0,000300854444503784
57,243060	0,00185886025428772
57,356808	0,00306212902069092
57,458829	0,00255563855171204
57,564418	0,00105375051498413
57,676604	-0,00209471583366394
57,786959	-0,00479844212532043
57,887331	-0,0082886815071106
58,002059	-0,0103883445262909
58,106196	-0,0119345486164093
58,210287	-0,0117101073265076
58,324985	-0,010298877954483
58,430693	-0,00818505883216858
58,544105	-0,00453805923461914
58,648503	-0,00150877237319946
58,753113	0,000774592161178589
58,855197	0,00244438648223877
58,956917	0,00284141302108765
59,059951	0,00199759006500244
59,172678	-0,000171303749084473
59,273584	-0,0025877058506012
59,386771	-0,00674855709075928
59,496915	-0,00924575328826904
59,599210	-0,0112492144107819
59,711596	-0,0120479762554169
59,815772	-0,0113430023193359
59,922844	-0,00958091020584106
60,034152	-0,00736862421035767
60,144985	-0,0036836564540863
60,258021	-0,000140458345413208
60,359625	0,00190967321395874
60,460548	0,00288277864456177
60,564125	0,00274914503097534
60,664530	0,0015110969543457
60,779660	-0,00076630711555481
60,886112	-0,00382420420646667
60,987600	-0,00706401467323303
61,088827	-0,00963687896728516
61,203907	-0,011281281709671
61,310887	-0,0118096470832825
61,423879	-0,0109151899814606
61,530113	-0,00886338949203491
61,634029	-0,00579693913459778
61,740505	-0,00264608860015869
61,851206	0,000176072120666504
61,960770	0,00228273868560791
62,073901	0,00300216674804688
62,185214	0,00227892398834229
62,286380	0,000324606895446777
62,387587	-0,00159844756126404
62,501615	-0,00515115261077881
62,604267	-0,00870424509048462
62,710715	-0,0108534693717957
62,817824	-0,0116861462593079
62,926820	-0,0115689039230347
63,033796	-0,00964164733886719
63,140521	-0,00740441679954529
63,248368	-0,00436180830001831
63,358027	-0,000708401203155518
63,458387	0,00133726000785828
63,573455	0,00275391340255737
63,680090	0,0030730664730072
63,781920	0,00149497389793396
63,885811	-0,000426590442657471
63,995293	-0,00336131453514099
64,096946	-0,00610622763633728
64,197229	-0,00893697142601013
64,302681	-0,0109395980834961
64,414009	-0,0118187367916107
64,529498	-0,0111477673053741
64,630729	-0,00889348983764648
64,744004	-0,006013423204422
64,846388	-0,00271013379096985
64,948014	-0,000773429870605469
65,054480	0,00166833400726318
65,157227	0,00323817133903503
65,259093	0,00304454565048218
65,362000	0,00211068987846375
65,467401	-0,000562280416488647
65,570103	-0,003671795129776
65,671042	-0,00626713037490845
65,777244	-0,00909373164176941
65,890163	-0,011080265045166
65,996828	-0,0116368532180786
66,103829	-0,01075679063797
66,210614	-0,00898954272270203
66,324633	-0,00556907057762146
66,437449	-0,00194811820983887
66,541360	2,9444694519043E-5
66,646744	0,00241491198539734
66,758069	0,00319200754165649
66,859580	0,00269827246665955
66,965901	0,000823020935058594
67,072349	-0,00190398097038269
67,175142	-0,00448012351989746
67,275457	-0,00769251585006714
67,378146	-0,00977364182472229
67,479059	-0,0113286674022675
67,579524	-0,0117550790309906
67,692101	-0,0105141699314117
67,792215	-0,008737713098526
67,898685	-0,00590303540229797
67,999447	-0,00266411900520325
68,112782	0,000550538301467896
68,224872	0,00217011570930481
68,330251	0,00309401750564575
68,441685	0,00250521302223206
68,545089	0,000790268182754517
68,649897	-0,00240549445152283
68,751609	-0,0051230788230896
68,864330	-0,0080561637878418
68,965940	-0,0104955434799194
69,080658	-0,011790007352829
69,194108	-0,0115349292755127
69,294767	-0,00978893041610718
69,408604	-0,00756895542144775
69,508841	-0,00389730930328369
69,618272	-0,00138971209526062
69,728808	0,00127410888671875
69,829182	0,00280338525772095
69,936658	0,00305739045143127
70,039244	0,00175434350967407
70,139255	-0,00026288628578186
70,245166	-0,00316527485847473
70,358686	-0,00576221942901611
70,464159	-0,00875347852706909
70,571759	-0,0107721090316772
70,682818	-0,0116273164749146
70,791226	-0,0109549164772034
70,896082	-0,00886052846908569
71,004528	-0,00658091902732849
71,113090	-0,00288334488868713
71,220219	0,000111520290374756
71,320699	0,00187167525291443
71,432574	0,00315585732460022
71,542003	0,0030331015586853
71,644351	0,00118863582611084
71,755677	-0,00134226679801941
71,866932	-0,00400415062904358
71,968063	-0,00763526558876038
72,068480	-0,0100218951702118
72,169161	-0,0111759901046753
72,274815	-0,0116119980812073
72,382381	-0,0107218325138092
72,488130	-0,00877305865287781
72,597599	-0,00524097681045532
72,703088	-0,00267264246940613
72,805656	0,000103920698165894
72,911434	0,00196099281311035
73,021082	0,00297367572784424
73,126820	0,00246909260749817
73,241574	0,000793606042861938
73,349985	-0,00250181555747986
73,459719	-0,00504085421562195
73,569846	-0,0089685320854187
73,676506	-0,0104562938213348
73,777955	-0,0115804076194763
73,882438	-0,011473685503006
73,985186	-0,00959718227386475
74,100661	-0,0069253146648407
74,201593	-0,00443306565284729
74,302451	-0,00178918242454529
74,409308	0,000872880220413208
74,522615	0,00247049331665039
74,623860	0,00296032428741455
74,735205	0,001792311668396
74,839373	-0,000455081462860107
74,940980	-0,0027751624584198
75,043592	-0,00654947757720947
75,154142	-0,0088227391242981
75,256332	-0,0105400383472443
75,370854	-0,011725902557373
75,478038	-0,0108132362365723
75,585794	-0,00885477662086487
75,692127	-0,00651803612709045
75,804685	-0,00326353311538696
75,906106	-0,000337868928909302
76,009017	0,00162890553474426
76,110273	0,00310352444648743
76,211391	0,00293892621994019
76,312867	0,00189399719238281
76,416718	-0,000426113605499268
76,520794	-0,00352460145950317
76,622232	-0,00605863332748413
76,722340	-0,00846779346466064
76,825712	-0,0108816623687744
76,926765	-0,0114909112453461
77,033336	-0,0112195312976837
77,145267	-0,00938057899475098
77,254282	-0,00661280751228333
77,361739	-0,00360247492790222
77,469700	-0,00106188654899597
77,570644	0,00177618861198425
77,673130	0,00288897752761841
77,780080	0,0029146671295166
77,881850	0,00146502256393433
77,993688	-0,000981688499450684
78,095435	-0,00394624471664429
78,197142	-0,00608053803443909
78,297773	-0,00893697142601013
78,404052	-0,0108170807361603
78,504300	-0,0116421282291412
78,605091	-0,0112123489379883
78,708439	-0,00905358791351318
78,811790	-0,0068967342376709
78,912642	-0,00367653369903564
79,024680	-0,000676155090332031
79,126935	0,00161513686180115
79,241165	0,0028747022151947
79,343182	0,00290516018867493
79,445265	0,00188401341438293
79,556033	-0,000265270471572876
79,658076	-0,00384700298309326
79,759448	-0,00690770149230957
79,861759	-0,00870952010154724
79,964668	-0,0108778476715088
80,072807	-0,0115880370140076
80,178065	-0,0108864605426788
80,280893	-0,00972485542297363
80,383314	-0,00597724318504333
80,487021	-0,00345480442047119
80,595499	-0,000474035739898682
80,697045	0,00153627991676331
80,803256	0,00288516283035278
80,904346	0,00288563966751099
81,009922	0,00168353319168091
81,110490	-0,000301331281661987
81,213717	-0,00313538312911987
81,319194	-0,00627234578132629
81,420248	-0,00913101434707642
81,522761	-0,0106692314147949
81,628094	-0,0116526484489441
81,734788	-0,0111358165740967
81,842258	-0,00929450988769531
81,953024	-0,0061785876750946
82,054286	-0,00349897146224976
82,167022	-6,31213188171387E-5
82,278088	0,00203180313110352
82,385420	0,00314110517501831
82,493844	0,002757728099823
82,595452	0,00116345286369324
82,695757	-0,000381022691726685
82,805026	-0,00397047400474548
82,911870	-0,00702443718910217
83,018004	-0,00958138704299927
83,118222	-0,0110520720481873
83,230292	-0,0114372968673706
83,330955	-0,0106285512447357
83,431337	-0,00904020667076111
83,538797	-0,00622332096099854
83,642559	-0,00258913636207581
83,757873	0,000646442174911499
83,859479	0,00234881043434143
83,972980	0,00307735800743103
84,077808	0,00270256400108337
84,178377	0,00100868940353394
84,292706	-0,00123646855354309
84,404584	-0,00422358512878418
84,505252	-0,00729426741600037
84,606842	-0,0101443529129028
84,712668	-0,0111884474754333
84,814236	-0,011283665895462
84,915171	-0,0104773640632629
85,028277	-0,00821325182914734
85,135294	-0,00490298867225647
85,241601	-0,00171896815299988
85,342497	0,000906586647033691
85,445817	0,00235214829444885
85,554848	0,0031525194644928
85,665562	0,00221717357635498
85,766188	0,000971615314483643
85,872440	-0,00205391645431519
85,984647	-0,00526568293571472
86,091890	-0,00819176435470581
86,207166	-0,0103840231895447
86,320253	-0,0116258561611176
86,420296	-0,0110338628292084
86,526757	-0,00971627235412598
86,629463	-0,00718650221824646
86,736321	-0,00402790307998657
86,838831	-0,00109320878982544
86,939683	0,00102481245994568
87,040176	0,00280100107192993
87,147518	0,00283950567245483
87,248930	0,00198191404342651
87,349390	0,000309914350509644
87,457696	-0,0025545060634613
87,562813	-0,00557288527488708
87,664441	-0,00847542285919189
87,765004	-0,0103610754013062
87,866808	-0,0114569067955017
87,969111	-0,0113693475723267
88,077447	-0,0093843936920166
88,178747	-0,00717410445213318
88,279770	-0,00522148609161377
88,385569	-0,00161838531494141
88,499052	0,00101864337921143
88,607020	0,00256466865539551
88,707551	0,0030326247215271
88,817867	0,00210118293762207
88,932886	-0,00047069787979126
89,043210	-0,00279414653778076
89,157116	-0,00652375817298889
89,258180	-0,00917452573776245
89,370103	-0,0109788179397583
89,483592	-0,0115593373775482
89,586185	-0,0109606385231018
89,695027	-0,00877305865287781
89,800371	-0,00545305013656616
89,907802	-0,00330623984336853
90,014512	-4,98294830322266E-5
90,121785	0,00203466415405273
90,223005	0,00292325019836426
90,331407	0,00261697173118591
90,437697	0,00124135613441467
90,548259	-0,00175455212593079
90,661965	-0,00432997941970825
90,769850	-0,00775834918022156
90,871970	-0,0101912319660187
90,978718	-0,0113080739974976
91,079038	-0,0113162100315094
91,181660	-0,01002237200737
91,297046	-0,00798648595809937
91,397060	-0,00501328706741333
91,504603	-0,00249803066253662
91,612702	0,00115346908569336
91,721973	0,00247001647949219
91,833108	0,00300884246826172
91,936634	0,00230699777603149
92,051891	-0,000151872634887695
92,158465	-0,00294029712677002
92,260009	-0,00554674863815308
92,361243	-0,00846397876739502
92,463146	-0,0101955533027649
92,564966	-0,0112296044826508
92,672361	-0,0111884474754333
92,776480	-0,00921034812927246
92,883635	-0,00714313983917236
92,984622	-0,00458794832229614
93,089981	-0,00144332647323608
93,201315	0,00138050317764282
93,302085	0,00289422273635864
93,405617	0,0030992329120636
93,511914	0,002093106508255
93,611941	0,000500231981277466
93,713660	-0,00230157375335693
93,828269	-0,0059610903263092
93,929684	-0,00869613885879517
94,033610	-0,0105213522911072
94,148601	-0,0114808678627014
94,250569	-0,0109132528305054
94,364260	-0,00954458117485046
94,470640	-0,0063437819480896
94,570889	-0,00333708524703979
94,683305	-0,000892013311386108
94,792852	0,00151681900024414
94,900748	0,00271540880203247
95,012115	0,00263026356697083
95,118491	0,00115442276000977
95,219590	-0,000497281551361084
95,332015	-0,00432145595550537
95,433723	-0,00743207335472107
95,535301	-0,00957614183425903
95,637128	-0,0111113786697388
95,739355	-0,0115732252597809
95,848107	-0,0108118057250977
95,948819	-0,00916829705238342
96,049813	-0,00605624914169312
96,159337	-0,00341400504112244
96,265265	-0,00041663646697998
96,370861	0,0017324686050415
96,477678	0,00306642055511475
96,579641	0,00263217091560364
96,681892	0,00163412094116211
96,785081	-0,00100970268249512
96,895358	-0,00359153747558594
97,002117	-0,00714457035064697
97,115335	-0,00965553522109985
97,222115	-0,0112621486186981
97,334073	-0,0114205479621887
97,436446	-0,0105936229228973
97,548609	-0,00814640522003174
97,650288	-0,00511690974235535
97,758224	-0,00210705399513245
97,860174	0,000159919261932373
97,972360	0,00259175896644592
98,073997	0,00289660692214966
98,176906	0,00259840488433838
98,277318	0,000691056251525879
98,386634	-0,00201737880706787
98,501452	-0,00552579760551453
98,602497	-0,00802037119865417
98,705538	-0,0103261470794678
98,810657	-0,0114234089851379
98,912830	-0,0114420652389526
99,026314	-0,00984203815460205
99,128437	-0,00731807947158813
99,233484	-0,00489777326583862
99,340457	-0,00175929069519043
99,451889	0,000810235738754272
99,552936	0,00238066911697388
99,667070	0,0029141902923584
99,777584	0,00194913148880005
99,882842	-0,000515788793563843
99,996449	-0,00286152958869934
100,108466	-0,00656899809837341
100,209802	-0,00919604301452637
100,311634	-0,0107888579368591
100,423143	-0,011681854724884
100,525191	-0,0109965205192566
100,628375	-0,00890445709228516
100,741240	-0,00604531168937683
100,845231	-0,0033968985080719
100,952390	-0,000570833683013916
101,053680	0,00171253085136414
101,165847	0,00285473465919495
101,273102	0,00272348523139954
101,384148	0,00126317143440247
101,486098	-0,00126206874847412
101,593687	-0,00380569696426392
101,694807	-0,00678476691246033
101,805285	-0,00989609956741333
101,910844	-0,0111668705940247
102,023996	-0,01151242852211
102,126492	-0,0107261538505554
102,240396	-0,00810438394546509
102,347798	-0,00573176145553589
102,456312	-0,00267550349235535
102,567242	0,000563830137252808
102,680962	0,00241109728813171
102,794842	0,00281432271003723
102,906573	0,00181514024734497
103,011044	-0,000343084335327148
103,119091	-0,00310876965522766
103,226036	-0,00576886534690857
103,337713	-0,00903826951980591
103,445981	-0,0111525654792786
103,546476	-0,0116918981075287
103,649705	-0,0110228657722473
103,759026	-0,00954648852348328
103,863572	-0,0064970850944519
103,966378	-0,00387024879455566
104,080693	-0,000963211059570313
104,183501	0,00161513686180115
104,297662	0,00264072418212891
104,406151	0,00252851843833923
104,511758	0,00124561786651611
104,618318	-0,00156241655349731
104,732134	-0,00410819053649902
104,838256	-0,00709164142608643
104,953166	-0,0100424587726593
105,069247	-0,0114516615867615
105,176541	-0,0114894807338715
105,279218	-0,0103452801704407
105,380852	-0,00798219442367554
105,482523	-0,00498664379119873
105,584279	-0,00247713923454285
105,687694	0,00034216046333313
105,790121	0,00196811556816101
105,896832	0,00282430648803711
106,004789	0,00251284241676331
106,105962	0,000426173210144043
106,212332	-0,00222232937812805
106,319584	-0,00474950671195984
106,427638	-0,00780704617500305
106,533675	-0,0101123154163361
106,636165	-0,0113865733146667
106,742038	-0,0115435421466827
106,850735	-0,00965362787246704
106,958261	-0,00767484307289124
107,070748	-0,00414475798606873
107,181157	-0,00207194685935974
107,289472	0,00118008255958557
107,394432	0,0026283860206604
107,508266	0,00270065665245056
107,611123	0,0017695426940918
107,716977	-0,000234425067901611
107,825409	-0,00311732292175293
107,931713	-0,00618717074394226
108,035610	-0,00923570990562439
108,138456	-0,0105725526809692
108,241181	-0,0114459097385406
108,341852	-0,0109759569168091
108,450859	-0,00898239016532898
108,551057	-0,00668713450431824
108,653085	-0,00419130921363831
108,762122	-0,000799506902694702
108,873384	0,00120192766189575
108,985690	0,00254231691360474
109,088710	0,00267544388771057
109,203091	0,00128406286239624
109,316504	-0,00115865468978882
109,430564	-0,00453996658325195
109,544905	-0,00710499286651611
109,650305	-0,00998982787132263
109,759143	-0,0113186240196228
109,871706	-0,0114851593971252
109,973548	-0,0102314352989197
110,074227	-0,00798076391220093
110,180794	-0,00562518835067749
110,282287	-0,00307270884513855
110,389393	6,97672367095947E-5
110,490614	0,00159755349159241
110,593013	0,00252851843833923
110,695417	0,00182083249092102
110,801410	2,1815299987793E-5
110,909223	-0,00262898206710815
111,023221	-0,005199134349823
111,129481	-0,00850984454154968
111,236544	-0,0103873908519745
111,342803	-0,0116584002971649
111,457327	-0,0115631520748138
111,568568	-0,00991761684417725
111,671905	-0,00787144899368286
111,778758	-0,00487685203552246
111,890799	-0,00146040320396423
112,002317	0,000952184200286865
112,114900	0,00231888890266418
112,217383	0,00248384475708008
112,326161	0,00133821368217468
112,434949	-0,000892490148544312
112,537072	-0,00376293063163757
112,638592	-0,00675809383392334
112,751589	-0,00979039072990417
112,860852	-0,0111410617828369
112,964856	-0,011633038520813
113,073495	-0,0108548998832703
113,187711	-0,00840190052986145
113,300968	-0,00560286641120911
113,409789	-0,0030437707901001
113,522915	0,00014379620552063
113,628350	0,00194674730300903
113,728939	0,00264120101928711
113,831483	0,00239872932434082
113,934000	0,000267177820205688
114,039223	-0,00139066576957703
114,141925	-0,00434091687202454
114,256188	-0,00776788592338562
114,358911	-0,0100410282611847
114,467184	-0,0113300979137421
114,568993	-0,0113736391067505
114,676659	-0,0102347731590271
114,785269	-0,00759756565093994
114,898848	-0,00461408495903015
115,006615	-0,00165015459060669
115,117621	0,000854849815368652
115,224876	0,00224947929382324
115,332999	0,00275582075119019
115,439483	0,00181987881660461
115,541673	-0,000226825475692749
115,650823	-0,00307366251945496
115,765811	-0,00609338283538818
115,873329	-0,00886577367782593
115,986923	-0,011041522026062
116,092579	-0,0115837454795837
116,199315	-0,011111855506897
116,307169	-0,00899335741996765
116,419764	-0,00631141662597656
116,520236	-0,00381231307983398
116,629554	-0,00102204084396362
116,734937	0,0010993480682373
116,849772	0,00218719244003296
116,962397	0,00202563405036926
117,070991	0,000581413507461548
117,184733	-0,00174269080162048
117,286418	-0,00406351685523987
117,388145	-0,00728949904441833
117,500810	-0,00956466794013977
117,608269	-0,0106567740440369
117,713964	-0,0108175575733185
117,827730	-0,00989320874214172
117,930827	-0,00743827223777771
118,043747	-0,00429770350456238
118,151161	-0,00191918015480042
118,264797	0,000448018312454224
118,371580	0,00203514099121094
118,481236	0,00236782431602478
118,588609	0,0015106201171875
118,696961	-0,000357329845428467
118,803611	-0,00285962224006653
118,904560	-0,00629094243049622
119,006944	-0,00831925868988037
119,115677	-0,0106008052825928
119,226984	-0,0127049386501312
119,334647	-0,0140554904937744
119,438430	-0,0164341926574707
119,543362	-0,0188386142253876
119,643578	-0,021213173866272
119,745334	-0,0248501002788544
119,855635	-0,0287350118160248
119,967405	-0,0339982807636261
120,078476	-0,0386929214000702
120,188805	-0,041619598865509
120,300477	-0,044728547334671
120,412266	-0,0452896654605865
120,515575	-0,0440818667411804
120,620494	-0,0413756370544434
120,722475	-0,0372746884822845
120,832597	-0,0331850349903107
120,940165	-0,0301667749881744
121,047915	-0,0266456007957458
121,157268	-0,0257608890533447
121,258525	-0,0265056192874908
121,365359	-0,0281917452812195
121,476828	-0,0318312048912048
121,587753	-0,0358268022537231
121,690284	-0,0405449271202087
121,794155	-0,0433516502380371
121,904145	-0,0449798405170441
122,015932	-0,0450972318649292
122,131188	-0,0430879592895508
122,240884	-0,0395488142967224
122,350648	-0,0356591939926147
122,462687	-0,031343549489975
122,564164	-0,0279723405838013
122,669521	-0,0261155366897583
122,780704	-0,0256831347942352
122,892184	-0,0276388227939606
123,006641	-0,0306767821311951
123,116822	-0,0354503989219666
123,227625	-0,0390754044055939
123,337381	-0,0424005389213562
123,450218	-0,0449869930744171
123,560402	-0,0451637506484985
123,671461	-0,0429831743240356
123,782051	-0,0404824316501617
123,883291	-0,0362932085990906
123,991763	-0,031522810459137
124,103187	-0,0282011926174164
124,209408	-0,0264900624752045
124,321848	-0,0257349610328674
124,429555	-0,0271975100040436
124,536733	-0,0295005440711975
124,642622	-0,0328220129013062
124,756015	-0,0376969575881958
124,859619	-0,0421777665615082
124,965855	-0,0448321402072906
125,072252	-0,0455130934715271
125,183741	-0,0447342395782471
125,289214	-0,0426200032234192
125,396100	-0,0381722450256348
125,501495	-0,0355029404163361
125,612144	-0,0307113230228424
125,719438	-0,0276530086994171
125,826619	-0,0263652205467224
125,933027	-0,0262531042098999
126,045198	-0,0282842516899109
126,150811	-0,0316547751426697
126,257273	-0,0348987579345703
126,364094	-0,0399909615516663
126,475547	-0,0433526039123535
126,582658	-0,0453980565071106
126,688150	-0,045972466468811
126,795878	-0,0437824428081512
126,909853	-0,0412851572036743
127,015864	-0,0365753769874573
127,121184	-0,0329654216766357
127,223895	-0,0295066833496094
127,336200	-0,0270084738731384
127,444444	-0,0261753797531128
127,551957	-0,0273417532444
127,656598	-0,0297717154026031
127,769757	-0,0336233377456665
127,876736	-0,0378791987895966
127,981842	-0,041637122631073
128,093439	-0,0446996092796326
128,204030	-0,0458858907222748
128,307957	-0,0452854037284851
128,417961	-0,0426138341426849
128,524144	-0,0394299626350403
128,624416	-0,0352908372879028
128,731202	-0,0306649804115295
128,839689	-0,0276063084602356
128,945209	-0,0265791416168213
129,053576	-0,0264208316802979
129,156024	-0,0285966992378235
129,257964	-0,0308597683906555
129,364631	-0,0347089171409607
129,466089	-0,0396008789539337
129,573241	-0,0426778197288513
129,683846	-0,0452198386192322
129,794354	-0,0458312034606934
129,908887	-0,0439580082893372
130,019168	-0,0413353741168976
130,127746	-0,0375544726848602
130,237722	-0,0339130461215973
130,337812	-0,0289871394634247
130,445631	-0,0270296931266785
130,556374	-0,0259789526462555
130,668330	-0,0269061923027039
130,780777	-0,0293465256690979
130,896150	-0,0329365432262421
131,004647	-0,0379937589168549
131,114785	-0,0416740775108337
131,215045	-0,0444811582565308
131,322363	-0,0457085072994232
131,432895	-0,0448245406150818
131,542847	-0,0426019728183746
131,658239	-0,0389040410518646
131,767752	-0,033971756696701
131,878447	-0,0308352112770081
131,987640	-0,0272276699542999
132,099460	-0,0260797441005707
132,206732	-0,0264142155647278
132,313115	-0,028148353099823
132,421083	-0,0329502820968628
132,525014	-0,0356473326683044
132,636447	-0,0403654873371124
132,743710	-0,0433075428009033
132,851662	-0,0454565286636353
132,955569	-0,0455710887908936
133,068791	-0,0436941683292389
133,176542	-0,040317177772522
133,280363	-0,0364362001419067
133,390039	-0,032866507768631
133,502079	-0,028678834438324
133,609121	-0,0264274179935455
133,714169	-0,0259940326213837
133,822927	-0,0269995033740997
133,936015	-0,030785083770752
134,042114	-0,0339305698871613
134,150284	-0,0390133857727051
134,255732	-0,0419744551181793
134,368192	-0,0445637702941895
134,474521	-0,0456875860691071
134,581304	-0,0446492731571198
134,688914	-0,0422043204307556
134,800536	-0,0378205180168152
134,906350	-0,0341739058494568
135,015300	-0,0298728346824646
135,121865	-0,0270315706729889
135,232592	-0,0258983969688416
135,340218	-0,0264773368835449
135,445738	-0,0283300280570984
135,552925	-0,0318160653114319
135,664863	-0,0373305380344391
135,771434	-0,0399242043495178
135,878600	-0,0438830256462097
135,986213	-0,045373797416687
136,098748	-0,045042097568512
136,206124	-0,0429215133190155
136,313797	-0,0398584008216858
136,419450	-0,0358992516994476
136,533374	-0,0317999720573425
136,644151	-0,0278605222702026
136,752884	-0,0264834761619568
136,865222	-0,0260665714740753
136,965710	-0,0278647840023041
137,072121	-0,0304976403713226
137,184189	-0,0341928601264954
137,294845	-0,039231151342392
137,395161	-0,0426877737045288
137,503266	-0,0445424020290375
137,612431	-0,0455587208271027
137,726022	-0,0440258979797363
137,826624	-0,0412245392799377
137,934200	-0,0381248891353607
138,044918	-0,0329990386962891
138,156635	-0,0294726490974426
138,257469	-0,0268006324768066
138,360008	-0,0257500410079956
138,474563	-0,0264335572719574
138,585578	-0,0284659266471863
138,686040	-0,0319021940231323
138,795055	-0,0361932814121246
138,904605	-0,0400340259075165
139,016352	-0,0433843731880188
139,118135	-0,0451789498329163
139,226506	-0,0448316633701324
139,333267	-0,0429803133010864
139,440737	-0,0400643348693848
139,551520	-0,035977840423584
139,660036	-0,0313529968261719
139,767701	-0,0278925895690918
139,873986	-0,0263421237468719
139,985888	-0,0259610414505005
140,092844	-0,0274021029472351
140,198130	-0,0300382375717163
140,303514	-0,0344186723232269
140,408912	-0,0379014611244202
140,517689	-0,0423654615879059
140,623660	-0,0445153117179871
140,731954	-0,0454042255878448
140,844915	-0,043817549943924
140,952374	-0,0413756370544434
141,057484	-0,0377892851829529
141,164774	-0,0334510207176208
141,278522	-0,0292284488677979
141,385707	-0,0275407433509827
141,492371	-0,0259487926959991
141,599019	-0,0266714990139008
141,712147	-0,0289115905761719
141,819421	-0,0323161482810974
141,927383	-0,0359579622745514
142,034062	-0,0404706001281738
142,135082	-0,0431434512138367
142,238768	-0,0452373921871185
142,344144	-0,0451818108558655
142,458349	-0,0432606041431427
142,559195	-0,0399488210678101
142,664650	-0,037135511636734
142,772876	-0,0325290858745575
142,881432	-0,0283989310264587
142,984344	-0,0268279612064362
143,097274	-0,0261927843093872
143,211711	-0,0278001427650452
143,311997	-0,0298888981342316
143,421514	-0,0343722701072693
143,531163	-0,0383880734443665
143,641285	-0,04226353764534
143,751989	-0,0445732772350311
143,857268	-0,0454137325286865
143,967575	-0,0445889532566071
144,068060	-0,0417456030845642
144,168742	-0,0388221442699432
144,270323	-0,0354934632778168
144,375649	-0,0312210321426392
144,485117	-0,0282167494297028
144,587583	-0,0263699293136597
144,697013	-0,0261179208755493
144,798476	-0,0279718637466431
144,906096	-0,0314168632030487
145,016238	-0,034823477268219
145,125460	-0,039754718542099
145,239304	-0,0424550175666809
145,343943	-0,0452245771884918
145,451485	-0,0455734729766846
145,566464	-0,0438967943191528
145,675530	-0,0405179262161255
145,787957	-0,0362685918807983
145,895519	-0,0329743921756744
146,004014	-0,0289134979248047
146,118595	-0,0266140103340149
146,233254	-0,0263449549674988
146,348869	-0,0277378857135773
146,451589	-0,0307912230491638
146,554561	-0,0347832441329956
146,658643	-0,0380127131938934
146,768691	-0,042444109916687
146,878503	-0,0446877479553223
146,984196	-0,0452559292316437
147,092086	-0,044879138469696
147,203894	-0,0419716238975525
147,312822	-0,0376813411712646
147,418183	-0,0343149900436401
147,533309	-0,0301998555660248
147,635549	-0,0271536409854889
147,745747	-0,0259426832199097
147,855922	-0,0264495611190796
147,968343	-0,0284593403339386
148,076931	-0,0322186946868896
148,182995	-0,0356762409210205
148,297570	-0,0405113101005554
148,400507	-0,0433829724788666
148,510340	-0,0452640056610107
148,624922	-0,0450544357299805
148,725086	-0,0430946052074432
148,825802	-0,0400851666927338
148,931984	-0,036612331867218
149,035014	-0,0319315195083618
149,137178	-0,0292463898658752
149,240962	-0,0267888307571411
149,356148	-0,0263473093509674
149,457101	-0,0272451043128967
149,561730	-0,0300141274929047
149,670961	-0,0340039432048798
149,782379	-0,0379947125911713
149,892069	-0,041741818189621
150,007067	-0,0449119210243225
150,122685	-0,0454726815223694
150,223034	-0,0449632406234741
150,333091	-0,0426877737045288
150,446031	-0,0382654666900635
150,554511	-0,0337336361408234
150,660794	-0,0310616791248322
150,770648	-0,0276911854743958
150,880626	-0,0266314446926117
150,989859	-0,0268548130989075
151,102657	-0,0291930437088013
151,210954	-0,0331921279430389
151,324366	-0,0372112393379211
151,429587	-0,0419048070907593
151,538140	-0,0440443754196167
151,643257	-0,0457379817962646
151,746894	-0,0456105470657349
151,850805	-0,0435499548912048
151,951448	-0,0405799746513367
152,060136	-0,0365877151489258
152,174277	-0,032315194606781
152,274986	-0,0296568870544434
152,380506	-0,026636153459549
152,483819	-0,0263251960277557
152,593283	-0,0278779864311218
152,702890	-0,029856264591217
152,817569	-0,0350597500801086
152,932426	-0,0384553074836731
153,040881	-0,0419014990329742
153,149683	-0,0447394847869873
153,258787	-0,0453362464904785
153,372863	-0,0443914234638214
153,482494	-0,0418328046798706
153,592587	-0,0378039479255676
153,703395	-0,0333151817321777
153,818210	-0,0295954942703247
153,922447	-0,0271593034267426
154,033021	-0,0266083478927612
154,142000	-0,0272469818592072
154,256796	-0,0304900705814362
154,361326	-0,0335793197154999
154,465881	-0,0374294817447662
154,573518	-0,0415381193161011
154,679279	-0,0442010462284088
154,780734	-0,045318216085434
154,882542	-0,0454451143741608
154,992060	-0,0433008968830109
155,096389	-0,0401306450366974
155,201558	-0,0363163948059082
155,310178	-0,0320578217506409
155,424710	-0,0286552309989929
155,533515	-0,0270701944828033
155,643753	-0,0267902612686157
155,744853	-0,0287543535232544
155,854790	-0,0310285687446594
155,962311	-0,0349172353744507
156,077336	-0,0403739809989929
156,182130	-0,0429936051368713
156,297567	-0,0454256236553192
156,412385	-0,0457945764064789
156,527905	-0,0440861582756042
156,638154	-0,0412302017211914
156,745772	-0,037049800157547
156,854821	-0,0325522720813751
156,968826	-0,0291448831558228
157,077983	-0,0270061194896698
157,188474	-0,0268816649913788
157,296995	-0,0276987552642822
157,403684	-0,0308975875377655
157,512206	-0,0348040759563446
157,615654	-0,03864985704422
157,719777	-0,0424545407295227
157,830934	-0,045076310634613
157,944798	-0,0455625355243683
158,048443	-0,0448482632637024
158,155871	-0,042093425989151
158,264338	-0,0378456115722656
158,369900	-0,0344982147216797
158,484491	-0,0304470360279083
158,593300	-0,0275633633136749
158,694933	-0,0264297723770142
158,808340	-0,0270598530769348
158,918744	-0,0295846462249756
159,033078	-0,0328716933727264
159,143136	-0,0370067358016968
159,251552	-0,0415120720863342
159,356840	-0,0433099269866943
159,465884	-0,0454127788543701
159,566002	-0,0452787578105927
159,671363	-0,0433805882930756
159,780919	-0,039898157119751
159,884635	-0,0356587171554565
159,994402	-0,0323312878608704
160,104515	-0,0291151106357574
160,218055	-0,0263543725013733
160,325797	-0,026502788066864
160,431480	-0,0276162028312683
160,540181	-0,0301176011562347
160,646321	-0,034808337688446
160,755126	-0,0386432409286499
160,858834	-0,0422265827655792
160,972199	-0,0447181165218353
161,080807	-0,045099139213562
161,191584	-0,0442959666252136
161,295069	-0,0421872437000275
161,410625	-0,0371236801147461
161,516692	-0,0339215695858002
161,627180	-0,0300226211547852
161,738178	-0,0271451771259308
161,841816	-0,0263699293136597
161,951987	-0,0269999802112579
162,054791	-0,0291444063186646
162,163801	-0,0325598418712616
162,278913	-0,0378702282905579
162,381092	-0,0412027537822723
162,481929	-0,0434882640838623
162,587265	-0,0451318919658661
162,697257	-0,0451908111572266
162,806252	-0,0431264042854309
162,920587	-0,0400899052619934
163,030838	-0,0354143977165222
163,134400	-0,0319580137729645
163,237990	-0,0289210379123688
163,352134	-0,0265456736087799
163,466956	-0,0265659391880035
163,572498	-0,0283158421516418
163,682662	-0,0311222076416016
163,790578	-0,0352553129196167
163,894029	-0,0392453670501709
164,003086	-0,0425882339477539
164,107765	-0,0450705885887146
164,216090	-0,0454047024250031
164,325771	-0,0442256927490234
164,430604	-0,0416229069232941
164,538608	-0,0375795364379883
164,653767	-0,0337184965610504
164,761934	-0,0294462144374847
164,870494	-0,0273148715496063
164,974882	-0,0265635848045349
165,082531	-0,0273280739784241
165,190591	-0,0294358134269714
165,299272	-0,0330828130245209
165,413557	-0,0375629961490631
165,528550	-0,0415722131729126
165,635043	-0,0441905856132507
165,745232	-0,0452858805656433
165,855479	-0,0449618101119995
165,964495	-0,0419484078884125
166,074693	-0,0385211110115051
166,184791	-0,0351786017417908
166,298491	-0,0305184423923492
166,405338	-0,027950644493103
166,509673	-0,0264561474323273
166,621777	-0,0268180668354034
166,732343	-0,0290428698062897
166,843202	-0,032095193862915
166,947978	-0,0362600684165955
167,053464	-0,0402721762657166
167,164503	-0,043250173330307
167,275706	-0,0455092787742615
167,377387	-0,0452820658683777
167,483889	-0,0436244308948517
167,590490	-0,0407873690128326
167,694187	-0,0366232097148895
167,798709	-0,0333407521247864
167,911441	-0,029408872127533
168,017516	-0,0270042419433594
168,131777	-0,0267044901847839
168,233025	-0,0277275145053864
168,347871	-0,0309396982192993
168,452833	-0,0349196195602417
168,561803	-0,038067638874054
168,668866	-0,0418854057788849
168,779215	-0,0448188185691833
168,894200	-0,045419454574585
169,006412	-0,044679194688797
169,108796	-0,0418906211853027
169,215468	-0,0376235842704773
169,317597	-0,0343538224697113
169,431612	-0,0309463143348694
169,542105	-0,0278496742248535
169,651222	-0,0265442728996277
169,763037	-0,0272347331047058
169,863489	-0,0293408632278442
169,977990	-0,0325025916099548
170,083277	-0,036502480506897
170,183991	-0,0405714511871338
170,292256	-0,0429902672767639
170,406385	-0,0452260076999664
170,515737	-0,0451675653457642
170,621029	-0,0432160198688507
170,731030	-0,0397357940673828
170,831904	-0,0355010330677032
170,936122	-0,0322484970092773
171,041561	-0,0291472375392914
171,145892	-0,0268604755401611
171,250843	-0,0265315473079681
171,360839	-0,0276563167572021
171,475172	-0,0305349826812744
171,586423	-0,0345332622528076
171,700256	-0,0390380024909973
171,800621	-0,0420024394989014
171,913092	-0,0446805953979492
172,016748	-0,0453391075134277
172,118073	-0,0445894002914429
172,227169	-0,042708158493042
172,340749	-0,0377372205257416
172,451788	-0,0345607101917267
172,558075	-0,0300684571266174
172,663304	-0,0278487503528595
172,765758	-0,0267143845558167
172,874616	-0,0271088480949402
172,985740	-0,0295288860797882
173,099064	-0,0323691368103027
173,201633	-0,0361502170562744
173,311475	-0,0403057932853699
173,419190	-0,0437278747558594
173,528304	-0,045251190662384
173,637997	-0,0453490912914276
173,749161	-0,0434935092926025
173,861438	-0,0399265885353088
173,966219	-0,0359650850296021
174,073214	-0,0318690538406372
174,177938	-0,0288634300231934
174,286101	-0,0268416404724121
174,395357	-0,0267285108566284
174,510691	-0,0281752347946167
174,615636	-0,0303071439266205
174,730102	-0,0347870290279388
174,845179	-0,039479672908783
174,951394	-0,0422317981719971
175,063785	-0,0450668036937714
175,175072	-0,045420378446579
175,284813	-0,0437378287315369
175,395485	-0,0407589673995972
175,510079	-0,0367278456687927
175,614441	-0,0329124331474304
175,725930	-0,0293786525726318
175,836506	-0,0269603729248047
175,948547	-0,0267629325389862
176,049249	-0,0275888442993164
176,164097	-0,0309103727340698
176,269885	-0,0346530377864838
176,380992	-0,0378886759281158
176,481566	-0,0417726337909698
176,593525	-0,0443197190761566
176,704521	-0,0453490912914276
176,811903	-0,0448696613311768
176,918787	-0,0418602824211121
177,029759	-0,0383842885494232
177,140178	-0,0343353450298309
177,240462	-0,0310474932193756
177,351642	-0,0279841423034668
177,460248	-0,0266116559505463
177,560258	-0,0270871818065643
177,671277	-0,0292955338954926
177,782500	-0,0324278473854065
177,892720	-0,0365370512008667
177,993851	-0,0398773550987244
178,105295	-0,0434038639068604
178,210913	-0,045123815536499
178,319418	-0,0452050864696503
178,427854	-0,043450802564621
178,536693	-0,0405051708221436
178,639666	-0,0364252924919128
178,745287	-0,032564103603363
178,846521	-0,0297769010066986
178,957651	-0,0270405113697052
179,068893	-0,0267506837844849
179,171138	-0,027362048625946
179,280829	-0,0299852788448334
179,396377	-0,0337412357330322
179,502157	-0,0382441878318787
179,614631	-0,0419304072856903
179,722359	-0,0446967482566833
179,831408	-0,045222669839859
179,943623	-0,0443054735660553
180,047181	-0,0426057577133179
180,157876	-0,037861704826355
180,268220	-0,0339329242706299
180,380256	-0,0306923985481262
180,485007	-0,0279690325260162
180,586516	-0,0266813933849335
180,698628	-0,0270947217941284
180,799264	-0,0285202264785767
180,905322	-0,032745361328125
181,016028	-0,0367302298545837
181,130768	-0,0400979518890381
181,232224	-0,0426844656467438
181,344214	-0,0451651811599731
181,449251	-0,0451732575893402
181,564199	-0,0434356331825256
181,670877	-0,0399895310401917
181,780792	-0,0359617471694946
181,888216	-0,0319982171058655
181,988716	-0,0293659269809723
182,092315	-0,0268053412437439
182,197324	-0,0264948010444641
182,299594	-0,0276808142662048
182,408326	-0,0301157236099243
182,517937	-0,0345659255981445
182,632651	-0,0378527045249939
182,741064	-0,0414310693740845
182,841968	-0,0441924929618835
182,942797	-0,0451599359512329
183,049543	-0,0447233319282532
183,159496	-0,0423023998737335
183,269280	-0,0387109220027924
183,380875	-0,0348277390003204
183,487297	-0,0316254496574402
183,596445	-0,0284305512905121
183,701746	-0,0267157852649689
183,817330	-0,0267907381057739
183,927963	-0,0286349356174469
184,042640	-0,0318444669246674
184,148022	-0,0369598567485809
184,255117	-0,0402461588382721
184,357238	-0,0432558655738831
184,464743	-0,0448881685733795
184,572722	-0,0450901091098785
184,682189	-0,0435414016246796
184,794177	-0,0406306385993958
184,900867	-0,036206066608429
185,002443	-0,0327742099761963
185,112673	-0,0294036865234375
185,215112	-0,027127742767334
185,320819	-0,0263270735740662
185,429569	-0,0273898541927338
185,530438	-0,0293247997760773
185,637681	-0,0340328514575958
185,749044	-0,0374593138694763
185,862905	-0,0410601794719696
185,963072	-0,0438393652439117
186,078320	-0,0450834333896637
186,180806	-0,044195830821991
186,282453	-0,0423891544342041
186,397728	-0,0389471054077148
186,500510	-0,0343083739280701
186,607327	-0,0312191545963287
186,716948	-0,0281606018543243
186,820480	-0,0266012847423553
186,926839	-0,0266799926757813
187,026965	-0,0283069014549255
187,128057	-0,0308592915534973
187,236591	-0,034618467092514
187,345570	-0,0385372042655945
187,445754	-0,0421204268932343
187,547743	-0,0441008806228638
187,657363	-0,045099139213562
187,759666	-0,0446649491786957
187,872408	-0,0419825315475464
187,981981	-0,0385414361953735
188,084536	-0,034552663564682
188,196172	-0,0307018756866455
188,297978	-0,0276100933551788
188,398810	-0,0264820456504822
188,506758	-0,0265310704708099
188,622096	-0,0286368131637573
188,728363	-0,0323388576507568
188,834427	-0,0363310575485229
188,944872	-0,040154755115509
189,050821	-0,0427043735980988
189,165736	-0,0448098182678223
189,275643	-0,0446649491786957
189,386396	-0,0432752966880798
189,500040	-0,0398356914520264
189,610580	-0,0358808040618896
189,716425	-0,0314130783081055
189,821878	-0,0287793874740601
189,928746	-0,026725709438324
190,029133	-0,0263548493385315
190,132304	-0,0273431837558746
190,233808	-0,0298222601413727
190,338873	-0,0334766209125519
190,444618	-0,0374119877815247
190,555374	-0,0405009090900421
190,659694	-0,0440780818462372
190,761121	-0,0448511242866516
190,861365	-0,0446829795837402
190,966869	-0,0425943732261658
191,077028	-0,0386664271354675
191,188243	-0,0354551076889038
191,300399	-0,0309482216835022
191,404842	-0,0284121632575989
191,510603	-0,0266724526882172
191,621152	-0,0264401435852051
191,734798	-0,0279501676559448
191,837459	-0,0308437049388885
191,948732	-0,0345569252967834
192,062913	-0,0392178893089294
192,173508	-0,0424336791038513
192,282970	-0,0444498062133789
192,388269	-0,0448767840862274
192,488328	-0,0438013970851898
192,595969	-0,0406950712203979
192,702519	-0,0369598567485809
192,815888	-0,0329639911651611
192,923430	-0,0300727188587189
193,032777	-0,0271942019462585
193,136729	-0,0264410972595215
193,244087	-0,0273228883743286
193,349940	-0,0291831195354462
193,457821	-0,0338439345359802
193,571254	-0,0371468663215637
193,672607	-0,0408020615577698
193,778916	-0,0435983240604401
193,880007	-0,0447390079498291
193,985051	-0,044370025396347
194,090745	-0,0431709289550781
194,200964	-0,0389390587806702
194,306120	-0,0357108116149902
194,414901	-0,0312423408031464
194,516762	-0,0286297202110291
194,630156	-0,0267794132232666
194,737256	-0,0264674425125122
194,847455	-0,027806282043457
194,961369	-0,0312224626541138
195,064631	-0,034989207983017
195,169464	-0,0383279621601105
195,276315	-0,0418342351913452
195,385581	-0,0441659092903137
195,488551	-0,0449675023555756
195,594544	-0,0442869663238525
195,700416	-0,0414817333221436
195,810068	-0,0372817814350128
195,912577	-0,0345995426177979
196,025104	-0,0308389663696289
196,131949	-0,0273257195949554
196,239231	-0,0263755917549133
196,344705	-0,026917040348053
196,450135	-0,0285258889198303
196,550841	-0,0316164493560791
196,651580	-0,0348376929759979
196,764104	-0,0393972992897034
196,875982	-0,0430467128753662
196,979175	-0,04458087682724
197,084445	-0,044846385717392
197,187597	-0,0434441566467285
197,298293	-0,0405941605567932
197,410258	-0,0361530482769012
197,521904	-0,0322802066802979
197,635046	-0,0294637084007263
197,746624	-0,0267822444438934
197,858824	-0,0265192985534668
197,965440	-0,0280572772026062
198,074520	-0,0303865373134613
198,179662	-0,0346558690071106
198,285543	-0,0379554331302643
198,394362	-0,0409839153289795
198,506030	-0,0439380705356598
198,612952	-0,0448772609233856
198,717901	-0,0440861582756042
198,826713	-0,0416896939277649
198,935510	-0,0382550656795502
199,049063	-0,0342842042446136
199,155695	-0,0306158065795898
199,262054	-0,027892142534256
199,374803	-0,0264971256256104
199,487281	-0,027408242225647
199,591562	-0,0293059349060059
199,692756	-0,0326525866985321
199,805025	-0,0365891456604004
199,911836	-0,0403261780738831
200,014868	-0,0428655743598938
200,126685	-0,0448843836784363
200,238514	-0,0446098446846008
200,354095	-0,0423739850521088
200,463747	-0,0396515130996704
200,569887	-0,035807877779007
200,676568	-0,0319627523422241
200,788350	-0,0287864506244659
200,895272	-0,026917964220047
200,996358	-0,0266163647174835
201,110659	-0,0283484160900116
201,212657	-0,0307628512382507
201,318208	-0,034425288438797
201,430892	-0,0390105545520782
201,545919	-0,0427588820457458
201,651970	-0,0441440641880035
201,756612	-0,0448962450027466
201,872057	-0,0436391532421112
201,982384	-0,0409332513809204
202,092033	-0,0372832119464874
202,192600	-0,0326743721961975
202,305803	-0,029336154460907
202,417103	-0,0271324515342712
202,526951	-0,0264641642570496
202,629500	-0,0272493362426758
202,734591	-0,0299956798553467
202,842320	-0,0335490107536316
202,955333	-0,0368594527244568
203,062838	-0,0410710573196411
203,164635	-0,0437107682228088
203,264960	-0,044634997844696
203,372205	-0,0444023311138153
203,483421	-0,042030394077301
203,593643	-0,0392515063285828
203,696914	-0,0360204577445984
203,797759	-0,0321813225746155
203,905241	-0,0289238691329956
204,015901	-0,0267450213432312
204,116278	-0,0265367329120636
204,230599	-0,0277166664600372
204,339285	-0,030970424413681
204,449989	-0,0340318977832794
204,551642	-0,0385821759700775
204,659202	-0,0415002107620239
204,764235	-0,0438920259475708
204,864379	-0,0447912812232971
204,966459	-0,044268935918808
205,069243	-0,0420905649662018
205,180974	-0,0388003885746002
205,281495	-0,0342539250850677
205,394527	-0,0311302542686462
205,503641	-0,027933657169342
205,614843	-0,0265791416168213
205,728449	-0,0271880626678467
205,843170	-0,0293739438056946
205,946156	-0,0320431590080261
206,056063	-0,0366203784942627
206,159911	-0,0397637188434601
206,260395	-0,0428143739700317
206,367941	-0,0446397662162781
206,479820	-0,0445390641689301
206,592171	-0,0427441895008087
206,703064	-0,0402414202690125
206,804250	-0,0364162921905518
206,917627	-0,0320039093494415
207,028294	-0,0288492739200592
207,143792	-0,0269792377948761
207,254857	-0,0268755555152893
207,365556	-0,0280813276767731
207,477247	-0,0308862626552582
207,577990	-0,0345938503742218
207,687221	-0,0384515225887299
207,795725	-0,0419450998306274
207,909840	-0,0442162156105042
208,019430	-0,0449119210243225
208,126894	-0,0437098145484924
208,227992	-0,0414774715900421
208,330143	-0,0379771888256073
208,436704	-0,0340763926506042
208,539471	-0,0304399728775024
208,645083	-0,0279020369052887
208,751700	-0,0268392562866211
208,857696	-0,0272229611873627
208,967865	-0,0293323695659637
209,079279	-0,0325480103492737
209,192751	-0,036425769329071
209,306846	-0,0408039689064026
209,420383	-0,0435328781604767
209,531368	-0,0449456572532654
209,635596	-0,044778436422348
209,751261	-0,0421412587165833
209,863303	-0,0388278365135193
209,973792	-0,034865140914917
210,085581	-0,0311808586120605
210,192321	-0,0283573865890503
210,293117	-0,026707798242569
210,404693	-0,026867538690567
210,514350	-0,0287137627601624
210,623384	-0,0317205190658569
210,738426	-0,0355720520019531
210,846926	-0,0399114489555359
210,956898	-0,0429893136024475
211,064300	-0,0447632372379303
211,168094	-0,0446264743804932
211,274478	-0,0430746674537659
211,381331	-0,0406117141246796
211,496473	-0,0356288850307465
211,598591	-0,0331078767776489
211,699844	-0,030164897441864
211,811510	-0,0272366106510162
211,922182	-0,0267506837844849
212,022920	-0,0279020369052887
212,132485	-0,0306210219860077
212,242717	-0,0335329473018646
212,349373	-0,0374247431755066
212,460100	-0,0416807234287262
212,564748	-0,0437473058700562
212,679662	-0,0450720191001892
212,780312	-0,0443239808082581
212,893874	-0,0419370532035828
212,994693	-0,0386309325695038
213,101075	-0,0353324711322784
213,201954	-0,0315365195274353
213,310606	-0,0290924310684204
213,413028	-0,0268774330615997
213,519787	-0,0269109010696411
213,634678	-0,028715193271637
213,734954	-0,031566321849823
213,847890	-0,0354011356830597
213,947964	-0,0392415523529053
214,052882	-0,0419588387012482
214,162741	-0,0446188747882843
214,271102	-0,0449746251106262
214,384818	-0,0440671741962433
214,494311	-0,0411639213562012
214,596595	-0,0367813408374786
214,706886	-0,0336650013923645
214,812103	-0,030732125043869
214,923785	-0,0277836322784424
215,031686	-0,0270471274852753
215,132294	-0,0276968479156494
215,246890	-0,0300074815750122
215,354820	-0,0334382653236389
215,455006	-0,0371885299682617
215,563801	-0,04035884141922
215,672455	-0,0436633229255676
215,778458	-0,044924259185791
215,885346	-0,0448620617389679
215,999178	-0,0430742204189301
216,109963	-0,0394607484340668
216,212595	-0,0350199639797211
216,324461	-0,0318217575550079
216,430346	-0,0293196141719818
216,530869	-0,0270249545574188
216,632694	-0,0269047617912292
216,746658	-0,0286174416542053
216,855587	-0,0308427512645721
216,967631	-0,0357723534107208
217,070804	-0,0390152931213379
217,171820	-0,0422152280807495
217,281927	-0,0444450378417969
217,387874	-0,0450449585914612
217,488474	-0,0441117882728577
217,604063	-0,0418275892734528
217,709647	-0,0383417010307312
217,810183	-0,0337866544723511
217,912789	-0,0308881402015686
218,021928	-0,0281204879283905
218,129777	-0,0268953442573547
218,239259	-0,0273158252239227
218,350023	-0,0287227630615234
218,459689	-0,0323899686336517
218,562648	-0,0361767113208771
218,670619	-0,0398882329463959
218,774760	-0,043027251958847
218,879561	-0,0445020198822021
218,980623	-0,0447632372379303
219,094556	-0,0436305999755859
219,205503	-0,0402144193649292
219,311779	-0,0372183620929718
219,418248	-0,0333648920059204
219,527137	-0,0298690497875214
219,634186	-0,0272441506385803
219,742116	-0,0268086194992065
219,856403	-0,0279364883899689
219,958270	-0,0305359363555908
220,060467	-0,0333341062068939
220,166050	-0,0372727811336517
220,276230	-0,0409048199653625
220,389564	-0,0438379645347595
220,498887	-0,044950395822525
220,600812	-0,0444222688674927
220,707933	-0,0423962771892548
220,815927	-0,0386669039726257
220,926060	-0,0353594720363617
221,036477	-0,031705379486084
221,145201	-0,0288020372390747
221,246563	-0,0269636809825897
221,358171	-0,0271451771259308
221,463009	-0,0286712646484375
221,564547	-0,0315246880054474
221,677703	-0,0353258550167084
221,788247	-0,0396448969841003
221,895730	-0,0428342819213867
222,002651	-0,0447917580604553
222,103090	-0,0447912812232971
222,208884	-0,0434645414352417
222,314731	-0,0411222279071808
222,424664	-0,0374967157840729
222,539293	-0,0337331593036652
222,651137	-0,0296923518180847
222,763370	-0,0275987684726715
222,863579	-0,026950478553772
222,968572	-0,0275695323944092
223,071831	-0,0299021005630493
223,176482	-0,0331963896751404
223,283374	-0,0376818180084229
223,395561	-0,0407935380935669
223,506517	-0,0434422791004181
223,607421	-0,0449793636798859
223,714956	-0,0446264743804932
223,814996	-0,0426067113876343
223,916519	-0,0395734012126923
224,016864	-0,0363897681236267
224,123680	-0,0330804288387299
224,224032	-0,0293895304203033
224,337511	-0,0270754098892212
224,449209	-0,0269542336463928
224,559981	-0,0280964374542236
224,669482	-0,0311108827590942
224,773773	-0,0348831415176392
224,878869	-0,0386773347854614
224,980089	-0,041468471288681
225,090975	-0,0439940989017487
225,193172	-0,0448321402072906
225,304320	-0,0440638661384583
225,412140	-0,0418427586555481
225,523313	-0,0383383929729462
225,623404	-0,0351786017417908
225,736161	-0,031529426574707
225,842867	-0,0281714498996735
225,955827	-0,0269697904586792
226,064019	-0,0273846685886383
226,171303	-0,0290532410144806
226,282011	-0,032238095998764
226,382526	-0,0358935594558716
226,488931	-0,0390943288803101
226,601995	-0,0427797734737396
226,706376	-0,0444469451904297
226,813859	-0,0445770621299744
226,927087	-0,0431320667266846
227,033091	-0,0396941304206848
227,141480	-0,0366677045822144
227,242536	-0,0327425003051758
227,344546	-0,0295817852020264
227,445748	-0,0275303721427917
227,546686	-0,0268859267234802
227,646985	-0,0274794399738312
227,747113	-0,0300056040287018
227,858847	-0,0333133041858673
227,969272	-0,0372718572616577
228,078551	-0,0407944917678833
228,184898	-0,0431434512138367
228,294586	-0,044804573059082
228,402818	-0,0445960760116577
228,513694	-0,0420948266983032
228,615534	-0,0393253564834595
228,715771	-0,0354626774787903
228,830613	-0,0324127078056335
228,936840	-0,0287831425666809
229,043887	-0,0271206498146057
229,155646	-0,0270786881446838
229,261474	-0,0284711420536041
229,368054	-0,0308139026165009
229,469827	-0,0350332260131836
229,570091	-0,0375308096408844
229,678669	-0,0416503846645355
229,793933	-0,0441768169403076
229,906732	-0,0447371006011963
230,018718	-0,0439584851264954
230,129191	-0,0409882068634033
230,235969	-0,0375099778175354
230,339170	-0,0343159437179565
230,440699	-0,0306786894798279
230,551696	-0,0278393030166626
230,663670	-0,0269024074077606
230,776182	-0,0274969041347504
230,885721	-0,029739111661911
230,997356	-0,0335826575756073
231,098531	-0,0368575751781464
231,210912	-0,0405264794826508
231,311370	-0,0432729125022888
231,422912	-0,0447969734668732
231,531874	-0,044314980506897
231,639161	-0,0426806807518005
231,754351	-0,0384349524974823
231,860920	-0,0351672172546387
231,962027	-0,0321150720119476
232,063821	-0,0291018784046173
232,169796	-0,0272370874881744
232,285260	-0,0271107256412506
232,391434	-0,0284635722637177
232,492162	-0,0317668616771698
232,598511	-0,0342591404914856
232,709356	-0,0380396842956543
232,814840	-0,0420161783695221
232,924867	-0,0442793369293213
233,030894	-0,0448644161224365
233,130940	-0,0442129075527191
233,234112	-0,0414381623268127
233,335501	-0,038505494594574
233,442587	-0,0353888273239136
233,553767	-0,03106689453125
233,663607	-0,028333306312561
233,763684	-0,027061253786087
233,866810	-0,0272243618965149
233,975647	-0,0286864042282104
234,085224	-0,0316311120986938
234,195456	-0,0352316200733185
234,295989	-0,0391421616077423
234,409342	-0,0427697896957397
234,514201	-0,0443676710128784
234,620877	-0,0448592007160187
234,730007	-0,0433028042316437
234,833360	-0,0405558347702026
234,945916	-0,0369035005569458
235,055061	-0,0330061316490173
235,167494	-0,029395192861557
235,271507	-0,0276298820972443
235,381609	-0,0269603729248047
235,492475	-0,0280501842498779
235,602311	-0,0308985412120819
235,710896	-0,0345626175403595
235,812569	-0,0377604067325592
235,916112	-0,0411998927593231
236,024948	-0,0441592633724213
236,129896	-0,0448378324508667
236,231447	-0,0443106889724731
236,335806	-0,0427119433879852
236,444679	-0,0394991040229797
236,553352	-0,035117506980896
236,662026	-0,0320559442043304
236,768295	-0,0289573967456818
236,882388	-0,0273073315620422
236,995305	-0,0271329283714294
237,099846	-0,0289125442504883
237,201439	-0,031966507434845
237,315850	-0,0349636375904083
237,424249	-0,0394507944583893
237,535725	-0,0430723130702972
237,637239	-0,0445528626441956
237,750606	-0,0450368821620941
237,858957	-0,0440500974655151
237,959210	-0,0410005152225494
238,065278	-0,0375170707702637
238,174201	-0,0336351990699768
238,281320	-0,0303539335727692
238,385251	-0,0284291207790375
238,489387	-0,0272743403911591
238,597707	-0,0278973281383514
238,706842	-0,0299323797225952
238,815856	-0,0336673557758331
238,923104	-0,0368821918964386
239,025765	-0,0404019355773926
239,126939	-0,0432046353816986
239,231818	-0,0445875227451324
239,343389	-0,0444483757019043
239,449212	-0,0427736043930054
239,563182	-0,039777934551239
239,671279	-0,0360242426395416
239,777575	-0,0330004394054413
239,878615	-0,0293739438056946
239,987370	-0,0277864933013916
240,102836	-0,0275327563285828
240,211733	-0,0287014842033386
240,320094	-0,0314716994762421
240,434941	-0,035051703453064
240,547510	-0,0393547117710114
240,657859	-0,0426043272018433
240,771287	-0,0444730818271637
240,881302	-0,0448150336742401
240,987911	-0,0433156192302704
241,091898	-0,0409185588359833
241,192427	-0,036838173866272
241,292464	-0,0335935354232788
241,393595	-0,0306678116321564
241,495469	-0,0279930830001831
241,595793	-0,0271225571632385
241,697457	-0,0274176597595215
241,798442	-0,0297485589981079
241,898546	-0,0322215259075165
241,999265	-0,0353163778781891
242,100331	-0,03917196393013
242,200456	-0,0422303676605225
242,300956	-0,044061005115509
242,401485	-0,0448112487792969
242,501871	-0,0440111756324768
242,602760	-0,041897714138031
242,703463	-0,0385684370994568
242,804619	-0,0353116393089294
242,905899	-0,0317223966121674
243,007728	-0,0287199020385742
243,107979	-0,0270131826400757
243,208325	-0,0269113779067993
243,309738	-0,0277548730373383
243,411373	-0,030121386051178
243,512266	-0,0336432456970215
243,613299	-0,0367084443569183
243,713647	-0,040302962064743
243,815105	-0,0430789589881897
243,916977	-0,0441848933696747
244,018819	-0,0442152619361877
244,118898	-0,0426071882247925
244,219362	-0,0401315689086914
244,320092	-0,0366213023662567
244,420116	-0,0328078269958496
244,520404	-0,0299196243286133
244,620735	-0,027621865272522
244,721481	-0,0266488790512085
244,821500	-0,0269288122653961
244,922303	-0,0289144217967987
245,023837	-0,0313189625740051
245,124822	-0,0348964035511017
245,225297	-0,0380794405937195
245,326085	-0,0411733984947205
245,426250	-0,0429864823818207
245,526888	-0,0439110398292542
245,628545	-0,0429997444152832
245,729273	-0,04122593998909
245,831061	-0,0381059646606445
245,931549	-0,034254401922226
246,031826	-0,0312891602516174
246,133758	-0,0283776819705963
246,235015	-0,0265720784664154
246,335900	-0,0264269709587097
246,436080	-0,0275789499282837
246,536518	-0,0300557315349579
246,638139	-0,0330009162425995
246,738861	-0,0367250144481659
246,839656	-0,0401864945888519
246,939902	-0,042528510093689
247,039955	-0,0437957048416138
247,140658	-0,0438431799411774
247,241290	-0,0424554944038391
247,342234	-0,0400927662849426
247,442994	-0,0365621447563171
247,544472	-0,032911479473114
247,646268	-0,0300264060497284
247,746732	-0,0276294052600861
247,847297	-0,0266663134098053
247,948369	-0,0269005298614502
248,048834	-0,0283634960651398
248,150014	-0,0318269431591034
248,250840	-0,0347709357738495
248,350916	-0,0379776656627655
248,451876	-0,0417148470878601
248,551979	-0,0433497726917267
248,652714	-0,0441597402095795
248,753080	-0,0434664487838745
248,853711	-0,0412145853042603
248,954290	-0,038689136505127
249,055082	-0,0348888337612152
249,157102	-0,0312437415122986
249,258996	-0,0288997888565063
249,359151	-0,0269528329372406
249,459511	-0,026676207780838
249,561469	-0,027729868888855
249,661947	-0,0300226211547852
249,762911	-0,0335026383399963
249,864025	-0,036698967218399
249,964917	-0,0395620465278625
250,065737	-0,0428911745548248
250,167124	-0,0440904200077057
250,269059	-0,0440320372581482
250,369881	-0,0423702001571655
250,470675	-0,0399436056613922
250,571459	-0,0368784070014954
250,672130	-0,0332157909870148
250,773111	-0,0297783315181732
250,873186	-0,0276544094085693
250,974604	-0,0266239047050476
251,074777	-0,0269523561000824
251,175122	-0,0284470617771149
251,275376	-0,031566321849823
251,376456	-0,035144031047821
251,477218	-0,0383322238922119
251,578455	-0,0417375564575195
