0,101749	0,00164401531219482
0,202155	0,000275164842605591
0,303971	-0,00120943784713745
0,404779	-0,0032370388507843
0,505512	-0,0050104558467865
0,606455	-0,00592935085296631
0,717016	-0,00644659996032715
0,825098	-0,00583732128143311
0,933980	-0,00466620922088623
1,043777	-0,00290966033935547
1,154029	-0,000332087278366089
1,264346	0,00130140781402588
1,373635	0,00274056196212769
1,483396	0,0036008358001709
1,593045	0,00325635075569153
1,702193	0,00215423107147217
1,812263	0,000417023897171021
1,922855	-0,00214073061943054
2,032415	-0,00403621792793274
2,143513	-0,00539299845695496
2,253675	-0,00633350014686584
2,363109	-0,00621989369392395
2,471838	-0,00519004464149475
2,581399	-0,00339099764823914
2,683850	-0,00130149722099304
2,791855	0,000697404146194458
2,899547	0,00245994329452515
3,000698	0,00336611270904541
3,116411	0,0034506618976593
3,218650	0,00269117951393127
3,325815	0,00104281306266785
3,429099	-0,000597327947616577
3,532838	-0,00271156430244446
3,637290	-0,00474381446838379
3,748303	-0,00602903962135315
3,857431	-0,00660222768783569
3,963072	-0,00621560215950012
4,066244	-0,00486665964126587
4,180510	-0,00271490216255188
4,292564	-0,000871092081069946
4,404140	0,00150546431541443
4,516221	0,00309345126152039
4,619978	0,00359609723091125
4,732046	0,00351816415786743
4,843371	0,00231990218162537
4,956155	0,000647604465484619
5,059455	-0,00146380066871643
5,159999	-0,00310778617858887
5,274813	-0,00495761632919312
5,375593	-0,00582873821258545
5,476095	-0,00578245520591736
5,580127	-0,00498569011688232
5,680771	-0,00348940491676331
5,781460	-0,00143060088157654
5,882194	0,000272303819656372
5,989074	0,00238543748855591
6,094067	0,00357899069786072
6,197501	0,00383704900741577
6,299803	0,00343310832977295
6,407332	0,00245329737663269
6,509951	0,000610083341598511
6,612952	-0,00146001577377319
6,717748	-0,00350034236907959
6,826715	-0,00516051054000854
6,929929	-0,0059131383895874
7,034696	-0,00607293844223022
7,138145	-0,0051119327545166
7,248745	-0,00345137715339661
7,358203	-0,00146475434303284
7,466274	0,000646650791168213
7,573281	0,00216421484947205
7,685067	0,00332573056221008
7,789901	0,0037514865398407
7,898637	0,00325018167495728
8,008590	0,00192070007324219
8,115096	9,48607921600342E-5
8,217085	-0,00240001082420349
8,326761	-0,00398436188697815
8,438813	-0,00552693009376526
8,546107	-0,00606673955917358
8,651593	-0,00558415055274963
8,751979	-0,00436067581176758
8,865488	-0,00253629684448242
8,980835	-0,000399947166442871
9,084574	0,00149738788604736
9,198941	0,00298705697059631
9,299195	0,00371915102005005
9,413887	0,00349727272987366
9,516460	0,00251930952072144
9,631808	0,000809848308563232
9,732065	-0,00127491354942322
9,846451	-0,00357213616371155
9,953062	-0,00517335534095764
10,057542	-0,00579199194908142
10,158084	-0,00591123104095459
10,260057	-0,00534772872924805
10,362905	-0,00385785102844238
10,463056	-0,00189957022666931
10,565047	0,000139504671096802
10,666946	0,00176218152046204
10,769912	0,00313904881477356
10,876672	0,00369304418563843
10,980548	0,00355949997901917
11,083650	0,00250601768493652
11,186651	0,000807493925094604
11,295182	-0,00156253576278687
11,397787	-0,00299564003944397
11,498738	-0,00475665926933289
11,601770	-0,00585734844207764
11,712361	-0,00618553161621094
11,819619	-0,0054888129234314
11,926464	-0,004069983959198
12,033936	-0,00215926766395569
12,142329	1,75535678863525E-5
12,243879	0,001851886510849
12,349204	0,00318369269371033
12,451721	0,00372818112373352
12,566764	0,00329771637916565
12,675110	0,00214284658432007
12,778015	0,000667035579681396
12,885615	-0,00146809220314026
12,996115	-0,00344139337539673
13,102739	-0,00529724359512329
13,209786	-0,00598326325416565
13,317290	-0,00591933727264404
13,429290	-0,00486093759536743
13,536660	-0,003072589635849
13,645580	-0,000977396965026855
13,753185	0,0010608434677124
13,867688	0,00283220410346985
13,978357	0,0038394033908844
14,081871	0,00389739871025085
14,193579	0,00317701697349548
14,294938	0,00128385424613953
14,404794	-0,000345855951309204
14,517414	-0,00281414389610291
14,628912	-0,00459149479866028
14,731532	-0,00573194026947021
14,841619	-0,00591170787811279
14,954090	-0,00496616959571838
15,066638	-0,00367718935012817
15,169314	-0,00141352415084839
15,276881	0,000422209501266479
15,390794	0,00249177217483521
15,503443	0,00366500020027161
15,606159	0,00401434302330017
15,706576	0,00351482629776001
15,818064	0,00200709700584412
15,921135	5,97834587097168E-5
16,025259	-0,00212031602859497
16,137214	-0,00402006506919861
16,238031	-0,00505617260932922
16,350213	-0,00603237748146057
16,452943	-0,00589454174041748
16,555535	-0,00480857491493225
16,666461	-0,00302368402481079
16,767906	-0,000898152589797974
16,868322	0,000815540552139282
16,980408	0,00265225768089294
17,092275	0,00376525521278381
17,202121	0,00401625037193298
17,305909	0,00326111912727356
17,415917	0,00200280547142029
17,520305	8,49068164825439E-5
17,621496	-0,00197312235832214
17,732396	-0,00390827655792236
17,833247	-0,00519052147865295
17,946446	-0,00571668148040771
18,059161	-0,00534963607788086
18,169145	-0,00382742285728455
18,269724	-0,00198927521705627
18,369753	-0,000263303518295288
18,481043	0,00139060616493225
18,595240	0,00310626626014709
18,698516	0,00385460257530212
18,809947	0,00351721048355103
18,911174	0,00257295370101929
19,023997	0,000921338796615601
19,126398	-0,00114253163337708
19,231461	-0,0031980574131012
19,346316	-0,0045953094959259
19,446378	-0,0058368444442749
19,549704	-0,00593268871307373
19,664939	-0,005311518907547
19,765222	-0,00363960862159729
19,866214	-0,00162991881370544
19,971004	-0,000235319137573242
20,074501	0,00189507007598877
20,183370	0,00335517525672913
20,293218	0,00365453958511353
20,403461	0,00336846709251404
20,514197	0,00207021832466125
20,623010	0,000218719244003296
20,730915	-0,00182265043258667
20,839680	-0,00377419590950012
20,948462	-0,00529581308364868
21,057825	-0,00602713227272034
21,167345	-0,00575050711631775
21,276671	-0,00484853982925415
21,385409	-0,00279754400253296
21,494899	-0,000427007675170898
21,604932	0,00123876333236694
21,714726	0,00275102257728577
21,823244	0,00357994437217712
21,934585	0,00348296761512756
22,045056	0,00250887870788574
22,153805	0,000859677791595459
22,262341	-0,00151744484901428
22,371598	-0,00362107157707214
22,480724	-0,00502902269363403
22,589390	-0,00623422861099243
22,698702	-0,00634494423866272
22,808645	-0,00549405813217163
22,917107	-0,00401243567466736
23,026380	-0,00200542807579041
23,136876	5,78761100769043E-5
23,246518	0,00176787376403809
23,356809	0,00295045971870422
23,467820	0,00320267677307129
23,577694	0,00249746441841125
23,685716	0,00109168887138367
23,794978	-0,000540375709533691
23,905054	-0,00286164879798889
24,012824	-0,00492379069328308
24,122006	-0,00588595867156982
24,232043	-0,00620892643928528
24,342158	-0,00558510422706604
24,453347	-0,00412896275520325
24,553785	-0,00253725051879883
24,662243	-0,000511914491653442
24,776188	0,00198954343795776
24,886176	0,0031190812587738
24,997125	0,00348582863807678
25,109715	0,00297659635543823
25,210076	0,00161507725715637
25,319767	0,000120013952255249
25,424329	-0,001932293176651
25,534745	-0,00391730666160583
25,635760	-0,00554075837135315
25,743354	-0,00606721639633179
25,854568	-0,00601664185523987
25,966670	-0,00477856397628784
26,067485	-0,00340145826339722
26,176640	-0,00138026475906372
26,288162	0,000613898038864136
26,400305	0,00219458341598511
26,512033	0,00317561626434326
26,614171	0,00318416953086853
26,722346	0,00231611728668213
26,835284	0,000777095556259155
26,947054	-0,0012151300907135
27,049614	-0,00318047404289246
27,158019	-0,00484094023704529
27,270937	-0,00586926937103271
27,375275	-0,00605529546737671
27,477215	-0,00550070405006409
27,586103	-0,00388404726982117
27,696049	-0,00227275490760803
27,809604	6,59525394439697E-5
27,911567	0,00188368558883667
28,021415	0,00321930646896362
28,133387	0,00348156690597534
28,245027	0,00305402278900146
28,355791	0,00148692727088928
28,465366	-5,7905912399292E-5
28,573344	-0,00209420919418335
28,679634	-0,00406047701835632
28,789062	-0,00563561916351318
28,901258	-0,00618362426757813
29,003180	-0,00584542751312256
29,109120	-0,00461101531982422
29,218850	-0,00254103541374207
29,323539	-0,000791877508163452
29,429586	0,000879108905792236
29,535841	0,00242340564727783
29,646769	0,00334379076957703
29,754300	0,00329533219337463
29,858857	0,00232276320457458
29,963494	0,00103238224983215
30,073926	-0,000970751047134399
30,179482	-0,00333112478256226
30,283969	-0,00448057055473328
30,390612	-0,00601282715797424
30,501628	-0,00609773397445679
30,601865	-0,00568616390228271
30,707885	-0,00418511033058167
30,813356	-0,00257855653762817
30,923790	-0,000199258327484131
31,029566	0,00165301561355591
31,135413	0,0029965341091156
31,241670	0,0034891664981842
31,353449	0,00328299403190613
31,458666	0,00203698873519897
31,565710	0,000229150056838989
31,674094	-0,00176426768302917
31,782892	-0,00374898314476013
31,891525	-0,00526437163352966
31,997570	-0,00592410564422607
32,112438	-0,00594985485076904
32,223961	-0,00472524762153625
32,329412	-0,00334063172340393
32,435205	-0,00141066312789917
32,541312	0,00031551718711853
32,652518	0,00223824381828308
32,758278	0,00318795442581177
32,864586	0,00339272618293762
32,971111	0,00280278921127319
33,080756	0,00121551752090454
33,189325	-0,00102722644805908
33,295616	-0,00275334715843201
33,401451	-0,00420555472373962
33,511409	-0,00568187236785889
33,614504	-0,00606054067611694
33,716105	-0,00550499558448792
33,817155	-0,00453436374664307
33,923689	-0,00276666879653931
34,025013	-0,000730186700820923
34,125189	0,000827401876449585
34,241130	0,00262945890426636
34,351086	0,00334283709526062
34,458018	0,00319984555244446
34,562392	0,00229665637016296
34,665133	0,000928014516830444
34,776400	-0,00136983394622803
34,882987	-0,00303223729133606
34,989763	-0,00506523251533508
35,096813	-0,00590789318084717
35,207687	-0,00620511174201965
35,312700	-0,00566422939300537
35,419986	-0,00398436188697815
35,526113	-0,00244984030723572
35,638081	-0,000411331653594971
35,742872	0,0016990602016449
35,849142	0,00269830226898193
35,954770	0,00328299403190613
36,056941	0,00305542349815369
36,163784	0,00176692008972168
36,269892	8,39531421661377E-5
36,373921	-0,00161191821098328
36,478412	-0,00386640429496765
36,590536	-0,0053272545337677
36,696546	-0,00605243444442749
36,802740	-0,0060686469078064
36,908644	-0,00504142045974731
37,020583	-0,00375467538833618
37,125436	-0,00143533945083618
37,231474	0,00051426887512207
37,338971	0,00190553069114685
37,448993	0,00300651788711548
37,557943	0,00321552157402039
37,662921	0,00249177217483521
37,769927	0,00104424357414246
37,881260	-0,000556051731109619
37,988350	-0,00256335735321045
38,092993	-0,00467333197593689
38,196207	-0,00588500499725342
38,309044	-0,0062451958656311
38,423730	-0,00591742992401123
38,525880	-0,00450342893600464
38,632296	-0,0026792585849762
38,742107	-0,00101962685585022
38,844103	0,00117376446723938
38,945108	0,00233414769172668
39,046138	0,00297421216964722
39,158475	0,00302457809448242
39,264139	0,00174131989479065
39,370167	0,000362932682037354
39,475194	-0,00125262141227722
39,587747	-0,00361537933349609
39,692492	-0,00543257594108582
39,800813	-0,00607913732528687
39,904774	-0,00637787580490112
40,018947	-0,00536680221557617
40,123475	-0,00412848591804504
40,230767	-0,00254911184310913
40,331843	-0,000508576631546021
40,443802	0,00177308917045593
40,549690	0,00255396962165833
40,656388	0,00304073095321655
40,763487	0,00250649452209473
40,874056	0,00149643421173096
40,981047	-0,000273734331130981
41,085126	-0,00263461470603943
41,192860	-0,00451627373695374
41,304285	-0,00590217113494873
41,413789	-0,00647857785224915
41,519430	-0,00636833906173706
41,625952	-0,00540301203727722
41,735862	-0,00378748774528503
41,841918	-0,00180792808532715
41,947742	0,000450700521469116
42,056435	0,00175079703330994
42,166436	0,00269025564193726
42,272441	0,00280040502548218
42,378841	0,00165775418281555
42,483023	0,000337779521942139
42,593526	-0,00127395987510681
42,697925	-0,00325793027877808
42,806471	-0,0050104558467865
42,911712	-0,00627192854881287
43,022026	-0,00646236538887024
43,128708	-0,00597181916236877
43,235717	-0,0046481192111969
43,341419	-0,00282034277915955
43,449811	-0,0004844069480896
43,552764	0,00130948424339294
43,653962	0,00218698382377625
43,755964	0,00290676951408386
43,862870	0,00278615951538086
43,963984	0,00182625651359558
44,067329	0,000536084175109863
44,170395	-0,00173056125640869
44,271634	-0,00338625907897949
44,372480	-0,00504809617996216
44,475934	-0,00598469376564026
44,584979	-0,00635066628456116
44,697380	-0,00570905208587646
44,798933	-0,00434544682502747
44,902427	-0,00279754400253296
45,007598	-0,000772863626480103
45,119722	0,00109168887138367
45,224310	0,00244620442390442
45,331169	0,00307205319404602
45,438669	0,00282320380210876
45,543842	0,0019938051700592
45,657023	9,29832458496094E-5
45,763947	-0,00224947929382324
45,869057	-0,00416797399520874
45,974572	-0,00542828440666199
46,085875	-0,00631868839263916
46,190319	-0,00633493065834045
46,296918	-0,0054892897605896
46,404564	-0,00397059321403503
46,515149	-0,00201016664505005
46,621847	0,000273734331130981
46,728448	0,00164780020713806
46,834459	0,0027182400226593
46,947830	0,00294715166091919
47,055441	0,00219079852104187
47,160735	0,000730603933334351
47,267627	-0,00083884596824646
47,378483	-0,00315386056900024
47,484259	-0,00492331385612488
47,591119	-0,00592362880706787
47,691583	-0,00640222430229187
47,804339	-0,0060371458530426
47,909850	-0,00507906079292297
48,016699	-0,0030730664730072
48,123501	-0,000717371702194214
48,235967	0,000872939825057983
48,342503	0,00210675597190857
48,448821	0,00303500890731812
48,553096	0,00292673707008362
48,661179	0,00194966793060303
48,762452	0,000360101461410522
48,863999	-0,00127017498016357
48,965881	-0,00329074263572693
49,071932	-0,00496712327003479
49,175418	-0,0060848593711853
49,278837	-0,00634732842445374
49,382619	-0,00601473450660706
49,491559	-0,0046481192111969
49,598691	-0,00283220410346985
49,706293	-0,000801354646682739
49,813264	0,000761955976486206
49,924514	0,00245282053947449
50,028533	0,00308346748352051
50,133696	0,00295332074165344
50,238873	0,00186613202095032
50,349010	0,000178396701812744
50,454996	-0,00179180502891541
50,560511	-0,00341904163360596
50,665979	-0,005311518907547
50,778669	-0,00623327493667603
50,885068	-0,00620892643928528
50,991694	-0,00558224320411682
51,098321	-0,0038597583770752
51,208949	-0,00194987654685974
51,314435	-0,000285595655441284
51,421693	0,00170382857322693
51,527194	0,00273248553276062
51,638919	0,00298705697059631
51,745517	0,00237593054771423
51,850260	0,00101575255393982
51,955945	-0,000825077295303345
52,068379	-0,00284028053283691
52,173671	-0,00463956594467163
52,282590	-0,00605672597885132
52,389651	-0,00640508532524109
52,500430	-0,00601616501808167
52,609940	-0,00482141971588135
52,715848	-0,00306406617164612
52,822731	-0,000699341297149658
52,936649	0,000867277383804321
53,042684	0,00231325626373291
53,149450	0,00304690003395081
53,257778	0,00283128023147583
53,364030	0,00200045108795166
53,464596	9,25064086914063E-5
53,567479	-0,00155588984489441
53,671375	-0,00349700450897217
53,773648	-0,00511050224304199
53,882567	-0,00596991181373596
53,982721	-0,00621798634529114
54,084978	-0,00578770041465759
54,186452	-0,00455528497695923
54,297689	-0,00273627042770386
54,403659	-0,000764340162277222
54,510584	0,00110307335853577
54,614735	0,00264084339141846
54,728079	0,00310578942298889
54,834037	0,00290915369987488
54,937965	0,00188225507736206
55,046879	-7,92145729064941E-5
55,158851	-0,00172153115272522
55,264503	-0,00368764996528625
55,368914	-0,00523579120635986
55,477563	-0,00610920786857605
55,588594	-0,00608915090560913
55,693709	-0,00535011291503906
55,798362	-0,00386974215507507
55,903181	-0,00229978561401367
56,013942	1,32620334625244E-5
56,121179	0,001665860414505
56,225896	0,00272205471992493
56,333176	0,00301411747932434
56,443866	0,00239396095275879
56,550019	0,000834524631500244
56,656574	-0,000703126192092896
56,763447	-0,00268259644508362
56,875763	-0,00444203615188599
56,982738	-0,00585591793060303
57,088425	-0,00620606541633606
57,194364	-0,00593745708465576
57,307417	-0,0044301450252533
57,412423	-0,00293815135955811
57,517660	-0,00129106640815735
57,624049	0,000878632068634033
57,735202	0,00232893228530884
57,841685	0,00302883982658386
57,948213	0,00299748778343201
58,055055	0,00203698873519897
58,155188	0,000443577766418457
58,259282	-0,00143107771873474
58,363451	-0,00305408239364624
58,471861	-0,00474095344543457
58,583446	-0,00576338171958923
58,685240	-0,0060543417930603
58,788638	-0,00527435541152954
58,889097	-0,00436258316040039
58,995831	-0,00265932083129883
59,098700	-0,00067371129989624
59,200589	0,00115999579429626
59,302713	0,0024656355381012
59,413153	0,00308677554130554
59,516741	0,00300699472427368
59,622859	0,00190788507461548
59,729348	0,000324040651321411
59,841300	-0,00165271759033203
59,946490	-0,00322750210762024
60,053624	-0,0048142671585083
60,159389	-0,00583207607269287
60,270323	-0,00590217113494873
60,376860	-0,00513428449630737
60,483487	-0,00365009903907776
60,588890	-0,00207617878913879
60,700279	0,000121444463729858
60,807367	0,00151824951171875
60,913852	0,0026584267616272
61,019939	0,00298941135406494
61,132169	0,00258103013038635
61,238795	0,00137114524841309
61,344381	-0,000373363494873047
61,451024	-0,00230881571769714
61,561903	-0,00412800908088684
61,668970	-0,00559318065643311
61,771813	-0,00601902604103088
61,877256	-0,00578197836875916
61,990460	-0,00472524762153625
62,095986	-0,00307974219322205
62,202885	-0,00115391612052917
62,308850	0,00104328989982605
62,420136	0,00224441289901733
62,526419	0,0029851496219635
62,633825	0,00309771299362183
62,738854	0,00227668881416321
62,846587	0,0010831356048584
62,957803	-0,00107371807098389
63,064876	-0,00303554534912109
63,171969	-0,00466954708099365
63,278782	-0,00560557842254639
63,387178	-0,00596609711647034
63,489362	-0,00540634989738464
63,593407	-0,00410899519920349
63,693644	-0,00262987613677979
63,802830	-0,000355839729309082
63,904200	0,00136262178421021
64,004311	0,00244095921516418
64,105211	0,0030103325843811
64,216202	0,00290629267692566
64,322282	0,00204741954803467
64,428432	0,00051000714302063
64,537417	-0,00172296166419983
64,647125	-0,00329881906509399
64,754298	-0,00511288642883301
64,860732	-0,00592362880706787
64,966739	-0,00598564743995667
65,079066	-0,00510716438293457
65,185532	-0,00359302759170532
65,288826	-0,00204291939735413
65,399065	0,000212550163269043
65,510628	0,00184854865074158
65,618110	0,00273817777633667
65,722433	0,00309962034225464
65,829344	0,00265556573867798
65,940913	0,00116711854934692
66,048276	-0,000631004571914673
66,154069	-0,00227084755897522
66,259352	-0,00434067845344543
66,372246	-0,00555840134620667
66,478266	-0,00602570176124573
66,585705	-0,00575956702232361
66,692386	-0,00448247790336609
66,804505	-0,00275859236717224
66,910698	-0,000473499298095703
67,019647	0,00104233622550964
67,124603	0,00223585963249207
67,234722	0,00308725237846375
67,344390	0,00282320380210876
67,449541	0,00217273831367493
67,555404	0,000669896602630615
67,667510	-0,0018862783908844
67,773932	-0,00380176305770874
67,879914	-0,00507667660713196
67,985306	-0,00601902604103088
68,096711	-0,00614258646965027
68,203703	-0,0054154098033905
68,311364	-0,00401291251182556
68,416171	-0,00215831398963928
68,524741	6,40451908111572E-5
68,627731	0,00140866637229919
68,729308	0,00221738219261169
68,831114	0,00281134247779846
68,940400	0,00229617953300476
69,044006	0,00154531002044678
69,144972	-8,49068164825439E-5
69,247614	-0,00198975205421448
69,355348	-0,00356689095497131
69,460177	-0,0053558349609375
69,568338	-0,00613686442375183
69,669371	-0,00613543391227722
69,780749	-0,00530102849006653
69,887214	-0,00379464030265808
69,994265	-0,00192898511886597
70,100953	2,38418579101563E-6
70,213406	0,00160560011863708
70,320213	0,00260904431343079
70,427833	0,00280752778053284
70,534526	0,00223541259765625
70,639741	0,000927537679672241
70,752171	-0,000840723514556885
70,857690	-0,00246837735176086
70,964717	-0,00424647331237793
71,076910	-0,00570142269134521
71,182343	-0,00613734126091003
71,288015	-0,00585496425628662
71,393042	-0,00481286644935608
71,504544	-0,0028739869594574
71,610185	-0,000920921564102173
71,717499	0,000868231058120728
71,822756	0,00205597281455994
71,929092	0,002899169921875
72,041446	0,0027296245098114
72,147451	0,00199618935585022
72,254342	0,000178396701812744
72,361448	-0,00173911452293396
72,473251	-0,0036405622959137
72,580384	-0,00520530343055725
72,686057	-0,00617170333862305
72,795566	-0,00613400340080261
72,901754	-0,0054587721824646
73,009409	-0,00402957201004028
73,113883	-0,00218915939331055
73,220367	-0,00025525689125061
73,330351	0,00140532851219177
73,430565	0,00247704982757568
73,533490	0,00278854370117188
73,634750	0,00239965319633484
73,743676	0,00123876333236694
73,845401	-0,000463992357254028
73,948398	-0,00239241123199463
74,050497	-0,00365909934043884
74,165499	-0,00542446970939636
74,271662	-0,00623089075088501
74,379392	-0,00620701909065247
74,486250	-0,0053272545337677
74,598053	-0,00354266166687012
74,703933	-0,00160667300224304
74,811497	0,000305533409118652
74,911968	0,00179588794708252
75,023539	0,00269404053688049
75,129524	0,00280943512916565
75,234660	0,00217843055725098
75,340653	0,000865370035171509
75,455267	-0,000954121351242065
75,561322	-0,00321134924888611
75,667976	-0,00461196899414063
75,774591	-0,00583064556121826
75,885652	-0,00623279809951782
75,991133	-0,00583302974700928
76,097094	-0,00439348816871643
76,202991	-0,00259804725646973
76,315260	-0,000678926706314087
76,421402	0,000547975301742554
76,528899	0,00234174728393555
76,636567	0,00282654166221619
76,748994	0,00264275074005127
76,855834	0,00139534473419189
76,963459	-0,00027039647102356
77,069856	-0,00220149755477905
77,181987	-0,0040833055973053
77,286168	-0,00530293583869934
77,392474	-0,00617074966430664
77,499540	-0,00623184442520142
77,613748	-0,00521481037139893
77,721090	-0,0036672055721283
77,827116	-0,00173577666282654
77,935207	0,000213980674743652
78,045908	0,0015590488910675
78,152503	0,00274199247360229
78,256931	0,00290250778198242
78,366303	0,00221738219261169
78,474720	0,000865370035171509
78,578724	-0,000643819570541382
78,679654	-0,00292056798934937
78,783719	-0,00435450673103333
78,891407	-0,005788654088974
78,993348	-0,0061640739440918
79,097169	-0,00582253932952881
79,200045	-0,00474143028259277
79,310553	-0,00336533784866333
79,411705	-0,00175666809082031
79,520024	0,000111013650894165
79,622626	0,00194349884986877
79,734810	0,00279566645622253
79,840873	0,00287970900535583
79,945766	0,00210154056549072
80,051364	0,000626713037490845
80,160083	-0,00120612978935242
80,271196	-0,00279706716537476
80,376605	-0,00479096174240112
80,484130	-0,00568473339080811
80,590441	-0,00609248876571655
80,701011	-0,00553503632545471
80,808376	-0,0042022168636322
80,913554	-0,00277426838874817
81,019707	-0,000825077295303345
81,130425	0,00125157833099365
81,237003	0,00244763493537903
81,343138	0,00295901298522949
81,451277	0,00259527564048767
81,562120	0,00121834874153137
81,669056	-0,0001850426197052
81,775933	-0,00184258818626404
81,881561	-0,00374183058738708
81,994088	-0,00563991069793701
82,100124	-0,00623518228530884
82,206748	-0,00618886947631836
82,314154	-0,00522768497467041
82,424915	-0,00367861986160278
82,531349	-0,00206667184829712
82,638343	0,000121444463729858
82,744075	0,0017227828502655
82,856230	0,0027429461479187
82,963179	0,00278285145759583
83,070203	0,00230282545089722
83,172813	0,000723034143447876
83,280935	-0,000796586275100708
83,384872	-0,00271394848823547
83,486390	-0,004524827003479
83,587409	-0,00561654567718506
83,697929	-0,00625425577163696
83,800622	-0,0059904158115387
83,904340	-0,00510096549987793
84,006254	-0,00318095088005066
84,118083	-0,00158530473709106
84,225670	0,00034680962562561
84,330653	0,00184714794158936
84,437842	0,0027790367603302
84,551041	0,00271347165107727
84,656064	0,00181201100349426
84,763176	0,00030362606048584
84,870696	-0,00159099698066711
84,983446	-0,00322419404983521
85,085118	-0,0050957202911377
85,190885	-0,00596559047698975
85,298511	-0,00628289580345154
85,409956	-0,00569093227386475
85,516422	-0,00443345308303833
85,625182	-0,00264459848403931
85,733626	-0,000670880079269409
85,845304	0,00155052542686462
85,951452	0,00233840942382813
86,059617	0,0028635561466217
86,164946	0,00253304839134216
86,277880	0,000984460115432739
86,385493	-0,000198781490325928
86,493595	-0,00211840867996216
86,596059	-0,00421839952468872
86,707881	-0,00558224320411682
86,812800	-0,00610873103141785
86,920234	-0,00603285431861877
87,026917	-0,00493571162223816
87,138083	-0,00327742099761963
87,244552	-0,0017319917678833
87,353537	0,000155597925186157
87,459180	0,00190553069114685
87,571331	0,00268787145614624
87,676205	0,00263896584510803
87,785295	0,00177404284477234
87,893117	-2,8461217880249E-5
88,004716	-0,00159004330635071
88,110538	-0,00324463844299316
88,218069	-0,00516143441200256
88,325356	-0,00627622008323669
88,435979	-0,00638359785079956
88,538265	-0,0059279203414917
88,640953	-0,00442108511924744
88,745059	-0,00293388962745667
88,847052	-0,00125688314437866
88,952657	0,000838309526443481
89,060235	0,00232893228530884
89,163864	0,00274959206581116
89,267594	0,00260761380195618
89,376817	0,001524418592453
89,484732	-8,29994678497314E-5
89,591459	-0,00205147266387939
89,699264	-0,00388354063034058
89,810344	-0,00539538264274597
89,915864	-0,00612971186637878
90,021715	-0,00621464848518372
90,128174	-0,00537490844726563
90,239347	-0,00412279367446899
90,346345	-0,00225898623466492
90,453453	-0,00034254789352417
90,559944	0,00163549184799194
90,673084	0,00262376666069031
90,781613	0,0028749406337738
90,885481	0,00227764248847961
90,993693	0,000921338796615601
91,105121	-0,000851660966873169
91,209606	-0,00249448418617249
91,318793	-0,00461241602897644
91,426433	-0,00593793392181396
91,538757	-0,00630629062652588
91,645950	-0,00604909658432007
91,752407	-0,00449010729789734
91,860038	-0,00304791331291199
91,973795	-0,00105759501457214
92,080476	0,000813156366348267
92,187386	0,00221073627471924
92,296007	0,00295853614807129
92,404382	0,00282749533653259
92,511257	0,00166773796081543
92,618292	0,000334948301315308
92,723940	-0,0016247034072876
92,837663	-0,00383979082107544
92,944140	-0,00534394383430481
93,050749	-0,00611254572868347
93,158775	-0,00615453720092773
93,271364	-0,00553122162818909
93,379079	-0,00353410840034485
93,484538	-0,00224661827087402
93,591472	-0,000330209732055664
93,700709	0,00163310766220093
93,802987	0,0026460587978363
93,907735	0,00287637114524841
94,009174	0,00243479013442993
94,121363	0,00120460987091064
94,228791	-0,000550359487533569
94,334846	-0,0027899444103241
94,441894	-0,00428453087806702
94,548722	-0,00558984279632568
94,655139	-0,0061640739440918
94,758440	-0,00602999329566956
94,867114	-0,00487330555915833
94,978159	-0,00322419404983521
95,084998	-0,00163230299949646
95,191360	0,000594466924667358
95,297268	0,00223159790039063
95,409074	0,00283601880073547
95,515006	0,00289157032966614
95,622887	0,00196626782417297
95,730751	0,000486284494400024
95,842335	-0,00139406323432922
95,949817	-0,00334396958351135
96,057505	-0,00493615865707397
96,162965	-0,0059761106967926
96,275915	-0,00617647171020508
96,383954	-0,00553408265113831
96,490071	-0,00420507788658142
96,592270	-0,00201350450515747
96,692555	-0,000388085842132568
96,796670	0,00108221173286438
96,902351	0,002419114112854
97,011415	0,00298988819122314
97,123112	0,00261661410331726
97,231716	0,00121220946311951
97,337907	-0,000259995460510254
97,444199	-0,0021720826625824
97,551491	-0,00403335690498352
97,664882	-0,00544780492782593
97,772069	-0,00606340169906616
97,879538	-0,00609201192855835
97,987659	-0,00504952669143677
98,096640	-0,00347182154655457
98,206506	-0,00127920508384705
98,314149	-3,30805778503418E-6
98,421401	0,00176551938056946
98,529861	0,00270351767539978
98,634820	0,00276479125022888
98,736802	0,00212952494621277
98,839179	0,000572651624679565
98,948733	-0,000929921865463257
99,052083	-0,00314956903457642
99,154687	-0,00449579954147339
99,258140	-0,00551596283912659
99,369403	-0,0060686469078064
99,476990	-0,00562703609466553
99,584848	-0,0044710636138916
99,691316	-0,00307071208953857
99,804848	-0,000532805919647217
99,911112	0,000918030738830566
100,019749	0,00223776698112488
100,125764	0,00283268094062805
100,235043	0,00261613726615906
100,341422	0,00139203667640686
100,448271	3,36766242980957E-5
100,554298	-0,00153926014900208
100,667036	-0,00372281670570374
100,771543	-0,00521337985992432
100,880843	-0,00604623556137085
100,987269	-0,00607341527938843
101,100566	-0,00508999824523926
101,207000	-0,00384408235549927
101,312155	-0,00199449062347412
101,412737	-0,000100582838058472
101,518360	0,0015125572681427
101,625670	0,00241959095001221
101,734489	0,0027908980846405
101,846640	0,00237402319908142
101,953865	0,000936061143875122
102,062397	-0,000829815864562988
102,170434	-0,00303128361701965
102,283968	-0,00446915626525879
102,392000	-0,00565993785858154
102,499635	-0,00613781809806824
102,604443	-0,00581586360931396
102,704751	-0,00440537929534912
102,810151	-0,00300133228302002
102,918826	-0,0014021098613739
103,024960	0,000482946634292603
103,137713	0,00209727883338928
103,244967	0,00282654166221619
103,352862	0,00278615951538086
103,460138	0,00176504254341125
103,571137	0,000277549028396606
103,673919	-0,00163707137107849
103,778468	-0,00321182608604431
103,883303	-0,00502666831016541
103,990513	-0,00587975978851318
104,094084	-0,00606817007064819
104,197747	-0,00554266571998596
104,302460	-0,00429120659828186
104,405015	-0,00247788429260254
104,517231	-0,000601112842559814
104,619193	0,00134697556495667
104,722289	0,00217369198799133
104,824589	0,00271585583686829
104,934245	0,00251787900924683
105,043713	0,00154483318328857
105,153499	-8,39531421661377E-5
105,265709	-0,00192517042160034
105,372281	-0,00409850478172302
105,481226	-0,00564038753509521
105,587763	-0,00613638758659363
105,699731	-0,00612732768058777
105,809266	-0,0048566460609436
105,915979	-0,00354218482971191
106,030393	-0,00169685482978821
106,137577	0,000211119651794434
106,244261	0,00169432163238525
106,353463	0,00258389115333557
106,465689	0,00264322757720947
106,572895	0,00197720527648926
106,680776	0,000360578298568726
106,787762	-0,00116100907325745
106,901130	-0,00310683250427246
107,009208	-0,00494807958602905
107,116143	-0,0059589147567749
107,223130	-0,00614973902702332
107,336329	-0,00531533360481262
107,443275	-0,00391921401023865
107,551499	-0,00205668807029724
107,658923	-0,000169843435287476
107,771089	0,00119084119796753
107,879539	0,00252500176429749
107,987221	0,00279518961906433
108,094204	0,00240868330001831
108,203654	0,00105801224708557
108,309138	-0,000403732061386108
108,419219	-0,00227084755897522
108,527116	-0,00404477119445801
108,637660	-0,00558415055274963
108,742029	-0,0060371458530426
108,845332	-0,0057881772518158
108,948764	-0,00515621900558472
109,058135	-0,00305882096290588
109,162575	-0,00150841474533081
109,268504	0,000355809926986694
109,372539	0,00183477997779846
109,482121	0,00270542502403259
109,593163	0,0026593804359436
109,700995	0,00216040015220642
109,810756	0,000538945198059082
109,923038	-0,00155636668205261
110,030523	-0,00347229838371277
110,138048	-0,00478857755661011
110,245038	-0,00591886043548584
110,358460	-0,00602808594703674
110,465375	-0,00552979111671448
110,570524	-0,00426027178764343
110,678321	-0,00220340490341187
110,793470	-0,000236749649047852
110,901331	0,00136736035346985
111,008955	0,00250792503356934
111,119403	0,00284931063652039
111,231768	0,00220978260040283
111,338534	0,00096595287322998
111,446764	-0,000879168510437012
111,558904	-0,00311776995658875
111,667486	-0,00453957915306091
111,774717	-0,00567090511322021
111,884220	-0,00626760721206665
111,998326	-0,00582492351531982
112,105488	-0,00461909174919128
112,210642	-0,00317239761352539
112,322511	-0,00135701894760132
112,434834	0,00042840838432312
112,542842	0,00192448496818542
112,651701	0,00241675972938538
112,757768	0,00207069516181946
112,869969	0,000891953706741333
112,976068	-0,000453561544418335
113,083258	-0,00196269154548645
113,189887	-0,00438731908798218
113,304972	-0,00562798976898193
113,411266	-0,00618743896484375
113,518465	-0,00616216659545898
113,626892	-0,00526246428489685
113,736671	-0,00355690717697144
113,839373	-0,0020395815372467
113,944823	-0,000210165977478027
114,047959	0,00120556354522705
114,160611	0,00199049711227417
114,268957	0,0022297203540802
114,376356	0,0012805163860321
114,485078	0,00016370415687561
114,598749	-0,00162282586097717
114,706009	-0,00347134470939636
114,813449	-0,0050252377986908
114,920576	-0,00621798634529114
115,035042	-0,00635495781898499
115,138464	-0,00579962134361267
115,251603	-0,00398200750350952
115,358333	-0,00240001082420349
115,471396	-0,000508576631546021
115,577958	0,00121456384658813
115,686015	0,0023953914642334
115,794016	0,00277426838874817
115,906618	0,00243431329727173
116,014380	0,00127625465393066
116,121810	-0,000416070222854614
116,228469	-0,00259330868721008
116,342742	-0,00439730286598206
116,450574	-0,00558796525001526
116,558968	-0,00607150793075562
116,672689	-0,00596657395362854
116,780319	-0,00472524762153625
116,887982	-0,0031609833240509
116,988833	-0,00160858035087585
117,091920	0,000277996063232422
117,199406	0,00165826082229614
117,307147	0,00249367952346802
117,414145	0,00251218676567078
117,526780	0,0014670193195343
117,634289	1,89840793609619E-5
117,742331	-0,00159576535224915
117,850787	-0,00353410840034485
117,963118	-0,00538110733032227
118,069796	-0,00653970241546631
118,178293	-0,00649005174636841
118,287318	-0,00606244802474976
118,399165	-0,00451770424842834
118,502295	-0,00239810347557068
118,617302	-0,001016765832901
118,723215	0,000585436820983887
118,831255	0,0012107789516449
118,937763	0,00121790170669556
119,042225	0,00065043568611145
119,146388	-0,000376224517822266
119,260949	-0,00255197286605835
119,367666	-0,00425168871879578
119,475116	-0,00569283962249756
119,583647	-0,0074181854724884
119,695976	-0,00987264513969421
119,803144	-0,0126723945140839
119,912184	-0,0164547264575958
120,019886	-0,0214571058750153
120,131669	-0,0273363888263702
120,239874	-0,0336298942565918
120,348880	-0,0391681492328644
120,454956	-0,0465019643306732
120,560168	-0,0506611764431
120,661841	-0,0538758337497711
120,761975	-0,0546060502529144
120,862935	-0,053322821855545
120,975912	-0,0487114489078522
121,085619	-0,0428902804851532
121,194078	-0,0359849333763123
121,303730	-0,0317716896533966
121,418819	-0,0275956392288208
121,529520	-0,026651918888092
121,639268	-0,0282144546508789
121,747122	-0,0320017635822296
121,847240	-0,0363736152648926
121,956636	-0,0421545505523682
122,068252	-0,0486837327480316
122,177539	-0,0531431436538696
122,277777	-0,0543183982372284
122,384429	-0,0535372197628021
122,494612	-0,0503462553024292
122,605519	-0,0462224185466766
122,719986	-0,0387088358402252
122,830891	-0,0341071784496307
122,940354	-0,0299665033817291
123,050801	-0,0277864634990692
123,151491	-0,0279045403003693
123,259751	-0,0305540561676025
123,369170	-0,0350091755390167
123,479219	-0,0405717492103577
123,580450	-0,0463865101337433
123,687231	-0,0511246919631958
123,796893	-0,0540966987609863
123,907418	-0,0546550452709198
124,021946	-0,052561342716217
124,131276	-0,046856552362442
124,240919	-0,042068213224411
124,349809	-0,03641477227211
124,452446	-0,0317082703113556
124,559413	-0,0283665955066681
124,673048	-0,0280023515224457
124,786251	-0,0301798284053802
124,888557	-0,0342852175235748
124,999512	-0,0397999584674835
125,113522	-0,0454678237438202
125,225475	-0,0497784018516541
125,328872	-0,0539458096027374
125,438752	-0,0548522472381592
125,548315	-0,0538420379161835
125,657981	-0,0503921210765839
125,758786	-0,0433975160121918
125,866827	-0,0395943820476532
125,975972	-0,0341478884220123
126,087543	-0,0296325981616974
126,201230	-0,0280958712100983
126,312531	-0,0288042426109314
126,421868	-0,0319591462612152
126,530851	-0,0367347598075867
126,631034	-0,0433295965194702
126,739555	-0,0479826629161835
126,848947	-0,0521925091743469
126,958900	-0,0547001957893372
127,059519	-0,0540800392627716
127,165241	-0,0509913861751556
127,275746	-0,0471300780773163
127,386059	-0,0414772033691406
127,486077	-0,0357804298400879
127,593584	-0,0312491953372955
127,704239	-0,0283571481704712
127,814475	-0,0278884768486023
127,929024	-0,0298752188682556
128,039434	-0,0337179899215698
128,151530	-0,0401453077793121
128,262426	-0,046695202589035
128,377192	-0,0514065325260162
128,486294	-0,053947240114212
128,590602	-0,0545157492160797
128,691265	-0,0524592399597168
128,801753	-0,0482302010059357
128,908607	-0,0426424443721771
129,014796	-0,0379598438739777
129,122203	-0,0327828824520111
129,222661	-0,0291588008403778
129,333445	-0,0278563499450684
129,448554	-0,029137521982193
129,564054	-0,0327975451946259
129,678753	-0,0378779470920563
129,792772	-0,0435804724693298
129,907037	-0,0505230724811554
130,022280	-0,0536734759807587
130,123151	-0,054650753736496
130,236726	-0,0534900724887848
130,351337	-0,0491478741168976
130,466488	-0,0439611971378326
130,570058	-0,0381227135658264
130,681245	-0,0330105721950531
130,796250	-0,0289734601974487
130,908702	-0,0278081893920898
131,010620	-0,0292018353939056
131,122047	-0,0326749384403229
131,228718	-0,0386676490306854
131,341781	-0,0435495674610138
131,442386	-0,048866331577301
131,550282	-0,0529157221317291
131,660352	-0,054833710193634
131,770535	-0,054021030664444
131,884926	-0,0510716438293457
131,996294	-0,0452173054218292
132,106999	-0,0385705530643463
132,218709	-0,0341895520687103
132,319622	-0,0301287770271301
132,426615	-0,0281983911991119
132,537020	-0,0286449790000916
132,647682	-0,0307319462299347
132,758080	-0,0351398885250092
132,871989	-0,0416094958782196
132,982454	-0,0472642481327057
133,090985	-0,0519781410694122
133,192013	-0,0546008348464966
133,301119	-0,054907351732254
133,412141	-0,0526829957962036
133,522789	-0,0483534634113312
133,635018	-0,0419159233570099
133,747409	-0,0353770554065704
133,853865	-0,0316183269023895
133,961000	-0,0288794040679932
134,068804	-0,028301864862442
134,182872	-0,030240386724472
134,291926	-0,034196674823761
134,402842	-0,0394608080387115
134,513821	-0,0461799800395966
134,613947	-0,0510023832321167
134,722754	-0,0541556775569916
134,834452	-0,0549201667308807
134,946336	-0,0531097650527954
135,048933	-0,049232006072998
135,159397	-0,0438960492610931
135,273121	-0,0381227135658264
135,386018	-0,0324159562587738
135,490560	-0,0295238196849823
135,604781	-0,0282423198223114
135,719644	-0,029671847820282
135,829341	-0,034030944108963
135,934538	-0,0393982827663422
136,049352	-0,0441613495349884
136,163139	-0,0495149791240692
136,277844	-0,0538953542709351
136,380414	-0,0551243722438812
136,494227	-0,0539686381816864
136,594289	-0,0504432618618011
136,705995	-0,0443648993968964
136,807332	-0,039655476808548
136,908520	-0,0342885255813599
137,021615	-0,0304277539253235
137,132660	-0,0285655558109283
137,233412	-0,029061883687973
137,343175	-0,0313230156898499
137,454288	-0,0365511178970337
137,568078	-0,042132705450058
137,682499	-0,0486182570457458
137,792237	-0,0522058606147766
137,903757	-0,0549372732639313
138,013980	-0,0546060502529144
138,129248	-0,051805317401886
138,238959	-0,0472107827663422
138,349691	-0,0405234396457672
138,461208	-0,0350707471370697
138,562621	-0,0307934582233429
138,669275	-0,0286723971366882
138,780677	-0,0285239815711975
138,891916	-0,03092360496521
139,005121	-0,0360725224018097
139,113242	-0,0417328178882599
139,220266	-0,0463936626911163
139,327637	-0,05123171210289
139,442163	-0,0545333325862885
139,554565	-0,0548208951950073
139,664516	-0,0524678528308868
139,777245	-0,0480906665325165
139,877646	-0,0425698161125183
139,984653	-0,0369264781475067
140,097030	-0,0314020216464996
140,207901	-0,0289857685565948
140,308399	-0,0281610786914825
140,417902	-0,0301325619220734
140,528754	-0,034223198890686
140,639772	-0,0385549664497375
140,740789	-0,0442892909049988
140,845605	-0,0503524541854858
140,959860	-0,0533047318458557
141,071548	-0,0548987984657288
141,186968	-0,0535448491573334
141,295643	-0,049120157957077
141,407914	-0,0447674095630646
141,519096	-0,0390118658542633
141,620823	-0,0337714850902557
141,730201	-0,0295725464820862
141,840234	-0,0282385349273682
141,953893	-0,0289706289768219
142,067606	-0,0319240987300873
142,182822	-0,0384242832660675
142,295894	-0,0441860854625702
142,407769	-0,0494222342967987
142,509209	-0,0527535974979401
142,609744	-0,0549344122409821
142,713295	-0,0540229380130768
142,813339	-0,0515383780002594
142,913842	-0,0468656122684479
143,022914	-0,0421293973922729
143,136579	-0,0366268455982208
143,248772	-0,0313192307949066
143,350570	-0,0288042426109314
143,461374	-0,0288552939891815
143,570979	-0,0302446484565735
143,685677	-0,0357851684093475
143,801173	-0,042233794927597
143,910147	-0,0468689501285553
144,017395	-0,0516577661037445
144,126225	-0,0544377565383911
144,228030	-0,0549272894859314
144,336701	-0,0534786283969879
144,450125	-0,0495752394199371
144,563194	-0,0434702038764954
144,665298	-0,0368427038192749
144,775290	-0,0328245460987091
144,886336	-0,0296084880828857
144,998460	-0,0284885466098785
145,113791	-0,0302238166332245
145,230085	-0,0340110659599304
145,342543	-0,0391577184200287
145,454033	-0,0458728969097137
145,556133	-0,0514466762542725
145,665647	-0,0536839365959167
145,779421	-0,0551001727581024
145,891376	-0,0530520975589752
145,994863	-0,0490947961807251
146,103522	-0,0446237027645111
146,215655	-0,038916677236557
146,327142	-0,0330750048160553
146,428449	-0,0296306908130646
146,537011	-0,0284960865974426
146,650670	-0,0293413102626801
146,764961	-0,0329968631267548
146,865845	-0,0380346477031708
146,975672	-0,0427065193653107
147,086589	-0,048974335193634
147,202038	-0,0538920164108276
147,303655	-0,0549154281616211
147,411683	-0,0539667308330536
147,524906	-0,0513496994972229
147,638505	-0,0447402894496918
147,740159	-0,0400619208812714
147,849380	-0,0347104370594025
147,949579	-0,0306666791439056
148,061973	-0,0287125408649445
148,163926	-0,0289559960365295
148,277388	-0,0310418903827667
148,392113	-0,0360914468765259
148,494308	-0,0415597259998322
148,596210	-0,0472002625465393
148,706364	-0,0517628490924835
148,806706	-0,0544620156288147
148,918747	-0,0549633800983429
149,019045	-0,0532079637050629
149,126552	-0,0485255420207977
149,239557	-0,0441085696220398
149,351019	-0,0374642312526703
149,452752	-0,0341507494449615
149,554503	-0,029910683631897
149,664605	-0,0285395681858063
149,778503	-0,029631644487381
149,880916	-0,0328079462051392
149,990190	-0,0385904610157013
150,102969	-0,0442769229412079
150,216296	-0,0486479103565216
150,318111	-0,0533161461353302
150,433002	-0,0549268126487732
150,534169	-0,054051011800766
150,647400	-0,0516558587551117
150,749967	-0,0460130572319031
150,850843	-0,0404096841812134
150,963990	-0,0350764095783234
151,078474	-0,031435638666153
151,179377	-0,0287598073482513
151,287874	-0,028730034828186
151,399492	-0,0313343703746796
151,509924	-0,0357624292373657
151,610914	-0,0411372184753418
151,719976	-0,0458204746246338
151,833855	-0,0508131682872772
151,947677	-0,0542503595352173
152,050548	-0,0548208951950073
152,159816	-0,0528194010257721
152,272888	-0,0487406253814697
152,386421	-0,0425019264221191
152,488396	-0,0368540585041046
152,597932	-0,0328946113586426
152,711569	-0,0296377837657928
152,824438	-0,0284720063209534
152,927460	-0,0302105844020844
153,035720	-0,0331602096557617
153,148567	-0,0390213429927826
153,261527	-0,0447450578212738
153,361746	-0,0505183041095734
153,474029	-0,0538924932479858
153,587067	-0,0548346638679504
153,698310	-0,0533633232116699
153,812228	-0,0489595234394073
153,918472	-0,0435642898082733
154,022780	-0,0388807058334351
154,126575	-0,0330413579940796
154,241041	-0,0300275087356567
154,350453	-0,0285121500492096
154,460434	-0,0292495787143707
154,569904	-0,0322209298610687
154,683605	-0,036999374628067
154,797446	-0,0434417128562927
154,907755	-0,048833817243576
155,018343	-0,0532904267311096
155,131161	-0,0547719299793243
155,239018	-0,0541785061359406
155,347804	-0,0505412518978119
155,456600	-0,0456122159957886
155,570328	-0,0391070544719696
155,679784	-0,0338746905326843
155,788525	-0,0302082300186157
155,896504	-0,028513103723526
156,010618	-0,0288883745670319
156,118772	-0,0315132737159729
156,227986	-0,0367451608181
156,335938	-0,0423087477684021
156,450591	-0,0477910935878754
156,561092	-0,0520536005496979
156,669259	-0,0546673834323883
156,779292	-0,0544287264347076
156,893635	-0,0512876212596893
157,002511	-0,0467338860034943
157,112365	-0,0401377379894257
157,224677	-0,0348993241786957
157,337359	-0,0313840508460999
157,446460	-0,02884441614151
157,555787	-0,0289517343044281
157,662422	-0,031997948884964
157,771360	-0,0357609987258911
157,885546	-0,0422143340110779
157,995759	-0,0475985705852509
158,102649	-0,0520884394645691
158,212367	-0,0542665421962738
158,327747	-0,0546602606773376
158,436171	-0,052243560552597
158,545184	-0,0477987229824066
158,653741	-0,0424127280712128
158,763657	-0,0360081493854523
158,866910	-0,0321844816207886
158,973256	-0,0293578505516052
159,077715	-0,0286581814289093
159,184992	-0,0308081209659576
159,290652	-0,0333846509456635
159,399386	-0,0382727682590485
159,508845	-0,0439112484455109
159,622131	-0,0499671995639801
159,732015	-0,0538782179355621
159,840579	-0,0548940598964691
159,951429	-0,0533194839954376
160,065749	-0,0488644242286682
160,174323	-0,0435581207275391
160,282717	-0,0388205647468567
160,391836	-0,0337620079517365
160,505565	-0,030135840177536
160,615154	-0,0285182893276215
160,720105	-0,0294122397899628
160,820664	-0,0324017703533173
160,933829	-0,0380403101444244
161,042487	-0,0427340567111969
161,157974	-0,048103541135788
161,269122	-0,0529347956180573
161,383489	-0,0547800362110138
161,492279	-0,0541632771492004
161,601642	-0,0512976348400116
161,708802	-0,0456765294075012
161,817655	-0,0400988757610321
161,926902	-0,0356990098953247
162,037032	-0,0314006209373474
162,142863	-0,0289342403411865
162,243250	-0,029222160577774
162,350503	-0,0312416255474091
162,457537	-0,0354703366756439
162,566735	-0,0407746136188507
162,680929	-0,0472441911697388
162,789316	-0,051158607006073
162,897512	-0,0544306337833405
163,006969	-0,0547966361045837
163,120898	-0,0526710748672485
163,221806	-0,0485054552555084
163,330750	-0,0432312786579132
163,445429	-0,0375934541225433
163,548478	-0,0328605175018311
163,656483	-0,0297437310218811
163,765725	-0,028847724199295
163,874648	-0,030237078666687
163,985617	-0,0344831347465515
164,091462	-0,038726806640625
164,197437	-0,0443882048130035
164,301604	-0,0495021045207977
164,404057	-0,0527855455875397
164,518235	-0,0549429655075073
164,633102	-0,0532670617103577
164,733255	-0,0503175854682922
164,844559	-0,0461475253105164
164,952334	-0,0396493375301361
165,062222	-0,0353088974952698
165,172952	-0,0311360657215118
165,273162	-0,0290009081363678
165,378306	-0,0291621088981628
165,489673	-0,0315208435058594
165,598913	-0,0358684957027435
165,714277	-0,0412230491638184
165,822959	-0,0475804209709167
165,932609	-0,052549421787262
166,042463	-0,0543920993804932
166,157778	-0,054547131061554
166,269203	-0,0516066551208496
166,381491	-0,047081857919693
166,489964	-0,0416393876075745
166,604056	-0,0361691117286682
166,713974	-0,031230241060257
166,828062	-0,02899569272995
166,937123	-0,0292736887931824
167,051818	-0,0314559936523438
167,158336	-0,0364592671394348
167,268663	-0,0419771075248718
167,377161	-0,0465878546237946
167,491099	-0,0518229901790619
167,602280	-0,0546488463878632
167,711290	-0,0543626248836517
167,819966	-0,0523552298545837
167,933760	-0,0473425686359406
168,041450	-0,040867954492569
168,154661	-0,0355640649795532
168,265552	-0,0313135385513306
168,381142	-0,0291947424411774
168,491551	-0,0292098820209503
168,600987	-0,0317442417144775
168,709560	-0,0345655381679535
168,820898	-0,0406921207904816
168,925176	-0,047050803899765
169,029059	-0,0502439439296722
169,135537	-0,0535596311092377
169,250002	-0,0545571148395538
169,359089	-0,0528723299503326
169,469793	-0,0489700436592102
169,582300	-0,0437914729118347
169,697027	-0,037373811006546
169,807472	-0,0326176285743713
169,915052	-0,0296288132667542
170,023802	-0,0286945998668671
170,138141	-0,0306524634361267
170,246339	-0,034496396780014
170,354772	-0,0386988818645477
170,464445	-0,0452382564544678
170,564585	-0,0501746535301208
170,671704	-0,0531169176101685
170,782873	-0,0547491610050201
170,891788	-0,0534457564353943
171,005924	-0,0492649674415588
171,114454	-0,0450030267238617
171,226573	-0,0393821895122528
171,339594	-0,0335882306098938
171,454661	-0,0300890207290649
171,564078	-0,0287659764289856
171,673918	-0,0301481187343597
171,783518	-0,0328747034072876
171,898043	-0,038578599691391
172,006231	-0,0450382828712463
172,113104	-0,0484867990016937
172,221835	-0,0526195466518402
172,337483	-0,0547586381435394
172,446441	-0,0539691150188446
172,555627	-0,0509330928325653
172,664747	-0,0461189150810242
172,779956	-0,0397160947322845
172,895312	-0,0345461070537567
173,003817	-0,0307286381721497
173,112189	-0,028966873884201
173,212484	-0,029733806848526
173,317762	-0,0321929752826691
173,427296	-0,0358812808990479
173,535970	-0,0420876443386078
173,650915	-0,0475818514823914
173,760062	-0,0519328117370605
173,868373	-0,0544125735759735
173,977817	-0,0543445646762848
174,088723	-0,0516649186611176
174,193419	-0,0480452477931976
174,297519	-0,0417479872703552
174,401938	-0,0363186895847321
174,515176	-0,0319733321666718
174,623649	-0,0293294787406921
174,732741	-0,0289791524410248
174,842865	-0,0314872562885284
174,955884	-0,0356303453445435
175,064486	-0,0410078167915344
175,173568	-0,0464785695075989
175,282625	-0,0511356592178345
175,384688	-0,0540904998779297
175,494196	-0,0546697676181793
175,602178	-0,0528770983219147
175,712107	-0,0497716963291168
175,826653	-0,0428342521190643
175,936273	-0,0391562879085541
176,046342	-0,0326829850673676
176,154350	-0,0300298929214478
176,268388	-0,0288746654987335
176,379079	-0,0299253463745117
176,488116	-0,0339087843894958
176,598786	-0,0397895276546478
176,713727	-0,0444101095199585
176,823407	-0,0495025813579559
176,932118	-0,053526759147644
177,042977	-0,0545547306537628
177,157012	-0,0532703995704651
177,257279	-0,0497358441352844
177,364921	-0,0438261926174164
177,474360	-0,0382704138755798
177,589557	-0,0341052711009979
177,699223	-0,0304154455661774
177,810169	-0,0286851525306702
177,919383	-0,0293838679790497
178,033886	-0,0335981845855713
178,144287	-0,0376687347888947
178,254631	-0,0441095232963562
178,364927	-0,0484514534473419
178,465134	-0,052960067987442
178,573121	-0,054475337266922
178,683777	-0,0540429055690765
178,797602	-0,051327258348465
178,910460	-0,0467820763587952
179,015636	-0,0404030382633209
179,120413	-0,0351881682872772
179,228613	-0,0317049622535706
179,341855	-0,0292231142520905
179,451539	-0,0292065441608429
179,562360	-0,0321944057941437
179,672384	-0,036710649728775
179,787337	-0,0421137511730194
179,897448	-0,0474748611450195
180,007149	-0,0523704886436462
180,117198	-0,0543721318244934
180,231289	-0,0542698502540588
180,340863	-0,0513759851455688
180,452241	-0,0460020899772644
180,560903	-0,0405191481113434
180,661874	-0,0360867083072662
180,768826	-0,0317347645759583
180,878924	-0,0294930934906006
180,989623	-0,0288000106811523
181,089739	-0,0304187536239624
181,196870	-0,0340986549854279
181,300640	-0,0400150120258331
181,402826	-0,0446394085884094
181,517526	-0,0496363937854767
181,627908	-0,053524374961853
181,734501	-0,0545109808444977
181,848716	-0,0530339777469635
181,948981	-0,0494341850280762
182,056813	-0,0453263819217682
182,165748	-0,0397847890853882
182,273176	-0,0346848368644714
182,387626	-0,0303733348846436
182,497398	-0,0288174748420715
182,608428	-0,0300346314907074
182,718566	-0,0325991809368134
182,818720	-0,0381293296813965
182,926562	-0,0427108108997345
183,036427	-0,0471281707286835
183,147986	-0,052174836397171
183,249873	-0,0544891357421875
183,359682	-0,0539277195930481
183,469124	-0,0517303645610809
183,579552	-0,0464365780353546
183,694621	-0,040153831243515
183,804524	-0,0366017520427704
183,914180	-0,0315696001052856
184,023850	-0,0291304290294647
184,138073	-0,0293824374675751
184,247876	-0,031979501247406
184,356146	-0,0354920923709869
184,464180	-0,042538970708847
184,577691	-0,0470660924911499
184,692087	-0,0520473718643188
184,799223	-0,054108589887619
184,913710	-0,0542608201503754
185,025858	-0,0517638027667999
185,140014	-0,0466470122337341
185,248519	-0,0420719981193542
185,355956	-0,0358452796936035
185,467694	-0,0322166681289673
185,567940	-0,0291550159454346
185,675321	-0,0288808047771454
185,784437	-0,0311133563518524
185,892937	-0,0343325436115265
186,008768	-0,040351390838623
186,118815	-0,0449054539203644
186,226790	-0,0505464971065521
186,336311	-0,0536182224750519
186,436671	-0,0543911755084991
186,543171	-0,0528461039066315
186,653528	-0,0483314990997314
186,763069	-0,0449387729167938
186,878052	-0,03766730427742
186,988573	-0,0329225361347198
187,096864	-0,0301831364631653
187,201772	-0,0287820398807526
187,311388	-0,0296765863895416
187,413501	-0,0334703326225281
187,522307	-0,0383134782314301
187,632682	-0,0429002344608307
187,732731	-0,0481857359409332
187,840305	-0,0522053837776184
187,949494	-0,0543335974216461
188,058953	-0,0540143549442291
188,173405	-0,0507605969905853
188,283444	-0,0469882786273956
188,393237	-0,041565865278244
188,502671	-0,0362235307693481
188,603333	-0,0313466787338257
188,710417	-0,0293172001838684
188,821789	-0,0289971232414246
188,932136	-0,0309410989284515
189,043776	-0,035589188337326
189,149388	-0,040896862745285
189,254772	-0,0454278290271759
189,360713	-0,0509111285209656
189,460811	-0,0534810125827789
189,570076	-0,0544515550136566
189,679561	-0,0530654489994049
189,790421	-0,0487783551216125
189,905291	-0,0436051785945892
190,017679	-0,0381960868835449
190,128370	-0,033360481262207
190,236882	-0,0297347605228424
190,352075	-0,02904012799263
190,461842	-0,0303856432437897
190,571175	-0,0339745879173279
190,681406	-0,0389020144939423
190,782571	-0,045270174741745
190,889171	-0,0486665368080139
190,999012	-0,052530825138092
191,109237	-0,0544610619544983
191,222959	-0,0531789064407349
191,332809	-0,0503577291965485
191,444946	-0,0456455647945404
191,556817	-0,0392334759235382
191,670829	-0,0342137217521667
191,781167	-0,0305843353271484
191,891200	-0,0288141667842865
192,001260	-0,0298756659030914
192,115043	-0,0329826772212982
192,226069	-0,0376800894737244
192,335736	-0,0431381464004517
192,445041	-0,0497731268405914
192,559050	-0,0527473986148834
192,669524	-0,0543045997619629
192,780276	-0,0531040728092194
192,891253	-0,0490336120128632
193,002558	-0,044822633266449
193,117406	-0,0385317504405975
193,226787	-0,0336672961711884
193,338391	-0,0302507877349854
193,452741	-0,0289465188980103
193,564348	-0,0302238166332245
193,673187	-0,0329315364360809
193,782885	-0,0376114547252655
193,895998	-0,0429605543613434
194,000610	-0,0482029616832733
194,111036	-0,0521953701972961
194,217043	-0,054267942905426
194,330204	-0,0535648763179779
194,440658	-0,0511519014835358
194,549562	-0,0458485782146454
194,659738	-0,0404300689697266
194,760970	-0,0344149470329285
194,869349	-0,031751811504364
194,978921	-0,0290273725986481
195,090001	-0,0290859937667847
195,204296	-0,0314858257770538
195,314690	-0,0355863273143768
195,425604	-0,0417973101139069
195,534951	-0,0471592247486115
195,649679	-0,051429957151413
195,762727	-0,0539943873882294
195,872246	-0,0538944005966187
195,982183	-0,0507763624191284
196,083443	-0,0470403134822845
196,192532	-0,0416261255741119
196,303328	-0,0363882780075073
196,415220	-0,0320202112197876
196,529994	-0,0293885767459869
196,643043	-0,0290968716144562
196,754764	-0,0314067900180817
196,864988	-0,0355669260025024
196,965829	-0,0407731831073761
197,072366	-0,0452592074871063
197,182923	-0,050849974155426
197,294458	-0,0536991655826569
197,394704	-0,0543749928474426
197,501911	-0,0531569719314575
197,612950	-0,0488863885402679
197,714871	-0,0438556373119354
197,827013	-0,0393220484256744
197,938036	-0,0335910618305206
198,048399	-0,0299844741821289
198,162259	-0,0290415585041046
198,276843	-0,0305077135562897
198,387950	-0,0339594483375549
198,498741	-0,0387874245643616
198,609725	-0,0442593395709991
198,723735	-0,0492300987243652
198,837359	-0,0532480180263519
198,948221	-0,0543949604034424
199,058592	-0,0531145334243774
199,159149	-0,0490197539329529
199,266983	-0,044852614402771
199,367206	-0,0385170876979828
199,475825	-0,0352070927619934
199,590995	-0,0303208231925964
199,701102	-0,02907794713974
199,812509	-0,0299811661243439
199,924050	-0,0323875546455383
200,025026	-0,0376814901828766
200,132631	-0,0430460274219513
200,243589	-0,0473802983760834
200,353857	-0,0516228973865509
200,454394	-0,0539500713348389
200,562236	-0,0539681613445282
200,672251	-0,0511089265346527
200,783895	-0,0474829971790314
200,893466	-0,0413605570793152
201,003673	-0,0353012979030609
201,114806	-0,0313575565814972
201,224959	-0,0294775068759918
201,325763	-0,02941033244133
201,433497	-0,031790167093277
201,543286	-0,035959392786026
201,654644	-0,0411822497844696
201,754847	-0,0465754270553589
201,863221	-0,0510625839233398
201,964895	-0,0535320043563843
202,072034	-0,0544482171535492
202,185185	-0,05249884724617
202,299414	-0,0494084060192108
202,410159	-0,0435148775577545
202,520984	-0,038118451833725
202,622425	-0,0333926975727081
202,728318	-0,0302039682865143
202,838331	-0,0291224122047424
202,948637	-0,0302829742431641
203,048651	-0,0335077345371246
203,155497	-0,0373969972133636
203,266551	-0,0427658557891846
203,377620	-0,0479563772678375
203,478261	-0,0525365471839905
203,587325	-0,053974837064743
203,697396	-0,0539439022541046
203,808769	-0,0514801144599915
203,918178	-0,0471639931201935
204,031276	-0,0418438017368317
204,140180	-0,0357903838157654
204,249836	-0,0316424965858459
204,363845	-0,0292685031890869
204,474897	-0,0295715928077698
204,585604	-0,032078891992569
204,695934	-0,0364199876785278
204,796888	-0,0416237413883209
204,901537	-0,0461065173149109
205,015779	-0,0519313514232635
205,126055	-0,0540971755981445
205,226323	-0,0542232692241669
205,334479	-0,0526577234268188
205,446264	-0,0481150150299072
205,550339	-0,0447959899902344
205,660416	-0,0375925004482269
205,770035	-0,0330295264720917
205,880257	-0,0300431251525879
205,992095	-0,0291081964969635
206,092797	-0,030539870262146
206,199182	-0,0346649587154388
206,309869	-0,038770854473114
206,421515	-0,044241726398468
206,532008	-0,0499174892902374
206,633241	-0,0532570779323578
206,741128	-0,054416835308075
206,851283	-0,0535453259944916
206,963583	-0,0505675375461578
207,065555	-0,0450087487697601
207,173779	-0,0395877659320831
207,283562	-0,0354064106941223
207,394100	-0,0309188663959503
207,495723	-0,0292131900787354
207,603260	-0,0295356512069702
207,713060	-0,0318616330623627
207,824161	-0,0360426902770996
207,926478	-0,042184442281723
208,034100	-0,0465816557407379
208,135095	-0,0510988831520081
208,242386	-0,05379918217659
208,344844	-0,0542560517787933
208,457356	-0,0528832972049713
208,567534	-0,0485040247440338
208,677278	-0,0433880090713501
208,790532	-0,0380318164825439
208,896521	-0,0333041548728943
209,000104	-0,0301836133003235
209,110639	-0,0291261970996857
209,225545	-0,0303018987178802
209,336397	-0,0343193113803864
209,448664	-0,0400827825069427
209,559199	-0,0454873740673065
209,659793	-0,0495197772979736
209,768035	-0,0529209673404694
209,879141	-0,0542727112770081
209,990231	-0,0532203614711761
210,091439	-0,0499671995639801
210,200316	-0,0452501773834229
210,307645	-0,0398108661174774
210,411805	-0,0355337560176849
210,512998	-0,0315298140048981
210,620932	-0,029080331325531
210,732562	-0,0292732119560242
210,843039	-0,0320675671100616
210,944948	-0,0363343060016632
211,052757	-0,0416645109653473
211,162361	-0,0469147861003876
211,273415	-0,0506244003772736
211,375444	-0,0538234710693359
211,482708	-0,0541437864303589
211,593474	-0,0524506568908691
211,704451	-0,0487301051616669
211,804471	-0,0427165031433105
211,912777	-0,0382817685604095
212,027011	-0,0335101187229156
212,135955	-0,029877096414566
212,236980	-0,0290713310241699
212,344628	-0,0300809741020203
212,454338	-0,0332212746143341
212,565838	-0,0387845933437347
212,666139	-0,0441413819789886
212,773374	-0,0483916997909546
212,883998	-0,0527254641056061
212,995271	-0,0541994571685791
213,108685	-0,0533924102783203
213,220359	-0,0502779185771942
213,331533	-0,045613169670105
213,444663	-0,0393660962581635
213,546139	-0,0343652367591858
213,653735	-0,0312553346157074
213,764251	-0,0290959179401398
213,877235	-0,0299844741821289
213,988987	-0,0324642658233643
214,097210	-0,0368048250675201
214,202381	-0,0421483814716339
214,307546	-0,0481752455234528
214,408121	-0,0515307188034058
214,518139	-0,0536920130252838
214,628295	-0,0539191663265228
214,743780	-0,0516300797462463
214,859145	-0,0475359857082367
214,968721	-0,0413344502449036
215,080070	-0,0353941023349762
215,189587	-0,0319695472717285
215,292503	-0,0294874012470245
215,401075	-0,0293025374412537
215,512948	-0,0317357182502747
215,624051	-0,0351010262966156
215,725456	-0,041092187166214
215,833163	-0,0454988181591034
215,945040	-0,0502367913722992
216,056804	-0,0533170998096466
216,171300	-0,0541604459285736
216,283133	-0,0523060858249664
216,393763	-0,0484094023704529
216,505034	-0,0433310270309448
216,605821	-0,0371385514736176
216,719230	-0,0325849652290344
216,828584	-0,0295262038707733
216,939278	-0,0290202796459198
217,040246	-0,030545562505722
217,146683	-0,0334016978740692
217,258515	-0,0389128923416138
217,369443	-0,0443259179592133
217,470134	-0,0492339134216309
217,579380	-0,0521968007087708
217,690060	-0,0540129244327545
217,800886	-0,0530616343021393
217,901588	-0,0499041080474854
218,009309	-0,0461141467094421
218,119121	-0,0398046970367432
218,231059	-0,0355977118015289
218,333345	-0,0310461521148682
218,445909	-0,0291039645671844
218,549148	-0,0295176804065704
218,658023	-0,0314545631408691
218,770037	-0,0370907485485077
218,877956	-0,0424397587776184
218,984543	-0,046759158372879
219,092492	-0,0511686503887177
219,192615	-0,0537320375442505
219,300625	-0,0540938377380371
219,412177	-0,0525026619434357
219,524688	-0,0480199456214905
219,625390	-0,0428917109966278
219,733668	-0,0376209020614624
219,845250	-0,0336914658546448
219,955605	-0,0297858119010925
220,057047	-0,0292084515094757
220,167339	-0,030172735452652
220,277457	-0,0333249866962433
220,388663	-0,0387793779373169
220,490965	-0,0441556572914124
220,598867	-0,0484084486961365
220,710393	-0,0526915788650513
220,822469	-0,0542979538440704
220,937346	-0,0530659258365631
221,042233	-0,0503835082054138
221,149333	-0,0449188053607941
221,256419	-0,0403959453105927
221,358775	-0,0353079438209534
221,469490	-0,0314242839813232
221,580693	-0,0291748940944672
221,692272	-0,0300876200199127
221,792842	-0,0324490964412689
221,901518	-0,0359754860401154
222,014168	-0,0421313047409058
222,126516	-0,0473072230815887
222,228415	-0,0515412390232086
222,336738	-0,0539258122444153
222,449285	-0,0537225008010864
222,560310	-0,0517551898956299
222,662263	-0,048427551984787
222,773552	-0,0424288511276245
222,884110	-0,0371995866298676
222,995897	-0,0321200788021088
223,101052	-0,0296917259693146
223,211852	-0,0294075012207031
223,323042	-0,0313007533550262
223,433532	-0,0351777374744415
223,534588	-0,0401780009269714
223,639509	-0,0455045402050018
223,747362	-0,0502210259437561
223,855240	-0,0532832741737366
223,967887	-0,0542422831058502
224,075112	-0,0523953139781952
224,183167	-0,050025999546051
224,291531	-0,0453602075576782
224,396108	-0,03912553191185
224,511006	-0,0336052775382996
224,612185	-0,0308833718299866
224,727150	-0,0293678045272827
224,827333	-0,0301646888256073
224,937245	-0,033045619726181
225,048058	-0,0374812483787537
225,159376	-0,0418950319290161
225,274562	-0,0486861169338226
225,375118	-0,051933765411377
225,475418	-0,0539039075374603
225,584724	-0,0538839399814606
225,685746	-0,0514528751373291
225,794314	-0,0480141937732697
225,905129	-0,0428332984447479
226,016222	-0,0367518067359924
226,117457	-0,032433956861496
226,225424	-0,0298231840133667
226,337374	-0,0294179022312164
226,448936	-0,0316500663757324
226,549510	-0,0348623991012573
226,658724	-0,0389654636383057
226,769637	-0,0451292097568512
226,880566	-0,0505579710006714
226,990522	-0,0534314811229706
227,098000	-0,0541513860225677
227,209460	-0,0525074303150177
227,320610	-0,048792690038681
227,420806	-0,0438371002674103
227,528133	-0,0385166108608246
227,640205	-0,0330745279788971
227,748701	-0,0309164822101593
227,849467	-0,0292292535305023
227,957966	-0,0298804044723511
228,069078	-0,0326536297798157
228,180339	-0,0378244817256927
228,296319	-0,0431680679321289
228,406542	-0,0489667057991028
228,517578	-0,0525498986244202
228,629644	-0,0540376603603363
228,743355	-0,0533185303211212
228,849710	-0,0503777861595154
228,956977	-0,0458056926727295
229,063587	-0,0395849049091339
229,164347	-0,03545942902565
229,273544	-0,0315369367599487
229,383234	-0,0294883549213409
229,495584	-0,0296647548675537
229,600046	-0,0314309298992157
229,711996	-0,0360791385173798
229,824268	-0,0412031412124634
229,934393	-0,0464384853839874
230,036587	-0,0508829355239868
230,145479	-0,0537910759449005
230,257849	-0,0538758337497711
230,369289	-0,0522001385688782
230,470858	-0,0475732386112213
230,578825	-0,0424430966377258
230,690683	-0,0380303859710693
230,799652	-0,033380389213562
230,901430	-0,0299821197986603
231,011873	-0,0292670726776123
231,124254	-0,030820906162262
231,234984	-0,0343534052371979
231,338089	-0,0400372743606567
231,446874	-0,0445147454738617
231,555872	-0,0493486523628235
231,660699	-0,0522869825363159
231,762686	-0,0540805160999298
231,871802	-0,0533719062805176
231,983742	-0,0505149662494659
232,093941	-0,0451896786689758
232,194864	-0,0398108661174774
232,304808	-0,0356161594390869
232,416480	-0,0316031873226166
232,527485	-0,0291257202625275
232,629579	-0,0298799276351929
232,736577	-0,0315478146076202
232,849320	-0,0355266630649567
232,961972	-0,0415606498718262
233,063010	-0,0475579798221588
233,171501	-0,0510826408863068
233,274606	-0,0536029636859894
233,387739	-0,053836315870285
233,502370	-0,0512813925743103
233,615211	-0,04782834649086
233,724531	-0,0418352782726288
233,838234	-0,0366211533546448
233,951430	-0,0323018729686737
234,059071	-0,0297328531742096
234,166147	-0,0293857455253601
234,274155	-0,0309997797012329
234,389213	-0,0362732410430908
234,499954	-0,0405480563640594
234,611383	-0,0467773079872131
234,723953	-0,0511476099491119
234,825754	-0,0537668168544769
234,933884	-0,0541699528694153
235,046538	-0,052209198474884
235,158184	-0,0475450754165649
235,273620	-0,0423586070537567
235,384649	-0,0370888411998749
235,495525	-0,0327104330062866
235,606556	-0,029692679643631
235,709131	-0,0293280482292175
235,816747	-0,030539870262146
235,928857	-0,0344670414924622
236,031117	-0,0384645164012909
236,132311	-0,0437406301498413
236,241185	-0,0486335456371307
236,353678	-0,0522511899471283
236,464033	-0,0538353621959686
236,565306	-0,052779346704483
236,674551	-0,0495962798595428
236,786797	-0,0448711812496185
236,897796	-0,0396237373352051
237,000781	-0,0347809493541718
237,108793	-0,0311469733715057
237,221892	-0,0294150710105896
237,333283	-0,0302465260028839
237,434429	-0,0325603485107422
237,544359	-0,0368644893169403
237,657286	-0,0419942140579224
237,768000	-0,0471539497375488
237,868277	-0,0513091087341309
237,975649	-0,0536015331745148
238,083674	-0,0537391602993011
238,194972	-0,0509947240352631
238,295645	-0,0475188195705414
238,404158	-0,0416004955768585
238,515280	-0,0372322797775269
238,626928	-0,032291442155838
238,740128	-0,029835969209671
238,847373	-0,0293734669685364
238,954994	-0,0314015746116638
239,063304	-0,0343912839889526
239,172466	-0,0400273501873016
239,287137	-0,0461394190788269
239,397624	-0,0505039691925049
239,509204	-0,0529676973819733
239,621054	-0,0538429915904999
239,722976	-0,0520822107791901
239,832145	-0,0491526424884796
239,938704	-0,0443216264247894
240,045115	-0,0382055640220642
240,146612	-0,0335986316204071
240,255279	-0,0312770903110504
240,366174	-0,0293673276901245
240,478970	-0,0304054915904999
240,579620	-0,0334916412830353
240,687970	-0,0372635126113892
240,799588	-0,0433091819286346
240,911541	-0,0482622087001801
241,014329	-0,0520039200782776
241,124121	-0,0535939335823059
241,233621	-0,0529500544071198
241,346096	-0,0498797297477722
241,446227	-0,0461170077323914
241,555545	-0,0409457087516785
241,667660	-0,035872757434845
241,780246	-0,0318606793880463
241,894885	-0,0296108424663544
242,000383	-0,0294628441333771
242,109285	-0,031526505947113
242,210078	-0,0353685319423676
242,312460	-0,0394480228424072
242,413384	-0,0455459654331207
242,518856	-0,0500045120716095
242,624052	-0,0525484681129456
242,726204	-0,053604394197464
242,837745	-0,0524272918701172
242,953185	-0,0484710335731506
243,053316	-0,044449120759964
243,154442	-0,0391761958599091
243,264936	-0,034363329410553
243,373354	-0,0308062434196472
243,476314	-0,0291493237018585
243,579465	-0,0294699370861053
243,679863	-0,0317712128162384
243,786203	-0,0350352227687836
243,897202	-0,0408428311347961
243,999294	-0,0459968447685242
244,109477	-0,0502960383892059
244,219430	-0,052924782037735
244,329170	-0,0533642768859863
244,443569	-0,0515264272689819
244,547738	-0,0470030903816223
244,650799	-0,0419320464134216
244,751185	-0,0367948710918427
244,852137	-0,0331100225448608
244,952870	-0,0304580330848694
245,054749	-0,0291238129138947
245,155240	-0,0299825966358185
245,256369	-0,032269686460495
245,356690	-0,0365236401557922
245,457651	-0,0416531264781952
245,558240	-0,0459544360637665
245,660104	-0,0503644049167633
245,760650	-0,0530554354190826
245,861002	-0,0536658465862274
245,962999	-0,0522860288619995
246,063710	-0,0488404929637909
246,163722	-0,0449173748493195
246,263900	-0,0396768152713776
246,365845	-0,0355375707149506
246,466206	-0,0316263735294342
246,567651	-0,0294618904590607
246,669142	-0,0293143689632416
246,771536	-0,0311460196971893
246,872615	-0,0347890257835388
246,973390	-0,0396791696548462
247,074351	-0,0440448522567749
247,175205	-0,0480634272098541
247,275523	-0,0517823994159698
247,376313	-0,0534934103488922
247,476372	-0,0531774759292603
247,577768	-0,0508423149585724
247,677880	-0,0466565489768982
247,778020	-0,0424392819404602
247,878918	-0,0373136699199677
247,980309	-0,0335176885128021
248,080635	-0,0303662419319153
248,180816	-0,0292122364044189
248,281524	-0,0298709571361542
248,382168	-0,0326332747936249
248,483114	-0,0369704961776733
248,584992	-0,0412093102931976
248,685740	-0,0463898479938507
248,785950	-0,0506114959716797
248,886576	-0,0528351366519928
248,987401	-0,0536234676837921
249,087673	-0,052394837141037
249,187857	-0,0491220653057098
249,288096	-0,0453168451786041
249,389193	-0,0401026606559753
249,490089	-0,0351753532886505
249,591837	-0,031961977481842
249,693535	-0,0296619236469269
249,793930	-0,0295091569423676
249,894258	-0,0310575067996979
249,995590	-0,0345712006092072
250,095830	-0,0393892824649811
250,196169	-0,0437615215778351
250,297211	-0,0478293001651764
250,397251	-0,0520960688591003
250,498829	-0,0535291433334351
250,599198	-0,053348571062088
250,701156	-0,0505751669406891
250,801271	-0,0471276938915253
250,902885	-0,0429258644580841
251,003763	-0,0377880036830902
251,104705	-0,0333107709884644
251,205581	-0,0306567251682281
