0,100107	0,0360438115894794
0,202040	0,0361717604100704
0,302727	0,0350424163043499
0,404131	0,0330430679023266
0,505104	0,0302075929939747
0,605940	0,0273082815110683
0,706961	0,0238677076995373
0,807236	0,0217580981552601
0,909079	0,020185936242342
1,009141	0,0198446102440357
1,110974	0,0206203572452068
1,212358	0,0220411382615566
1,313301	0,0249590687453747
1,415013	0,028102207928896
1,515983	0,0301096253097057
1,627738	0,033131692558527
1,746099	0,035535890609026
1,846151	0,036042857915163
1,961202	0,0355225317180157
2,061728	0,0338818989694119
2,177217	0,0313388891518116
2,277596	0,0283165164291859
2,391075	0,0249396003782749
2,505653	0,0223607532680035
2,607986	0,0202994085848331
2,710731	0,0197700820863247
2,811684	0,0204394645988941
2,926497	0,0228613279759884
3,046233	0,026329267770052
3,146312	0,0286054573953152
3,261449	0,0315730534493923
3,361794	0,0345767550170422
3,477109	0,0360567010939121
3,592220	0,036137867718935
3,708071	0,0353091768920422
3,826209	0,0326633863151073
3,926537	0,0296978317201138
4,046418	0,0266014374792576
4,161875	0,0229696147143841
4,262483	0,0212523601949215
4,377130	0,0200325958430767
4,491476	0,0204570330679417
4,594045	0,0220387689769268
4,708527	0,0245074220001698
4,826276	0,0281597040593624
4,928767	0,0314069427549839
5,046270	0,0338451825082302
5,161364	0,0358604900538921
5,277088	0,0361330918967724
5,392347	0,0348925851285458
5,507236	0,0328553579747677
5,608355	0,0297596417367458
5,710513	0,0271206386387348
5,826378	0,0236554183065891
5,946526	0,0211664102971554
6,061858	0,0200017355382442
6,161896	0,0201731212437153
6,277278	0,0216336809098721
6,378961	0,0243203081190586
6,496491	0,0272826366126537
6,608225	0,0305310226976871
6,711430	0,0334185622632504
6,826076	0,035442341119051
6,926525	0,0361884720623493
7,027986	0,0357869751751423
7,146258	0,0340997986495495
7,246310	0,0312627516686916
7,346513	0,0291021429002285
7,461414	0,0253166891634464
7,562118	0,023085493594408
7,677160	0,0205880738794804
7,792712	0,0199642442166805
7,894197	0,0207656510174274
8,008216	0,0225972644984722
8,108494	0,0250412337481976
8,226134	0,0281901173293591
8,328843	0,0317153669893742
8,446148	0,0346611849963665
8,561147	0,0357230119407177
8,662282	0,0361111275851727
8,777116	0,0350032858550549
8,877984	0,0331440754234791
8,992815	0,0304696597158909
9,108175	0,0267083160579205
9,215762	0,0232417397201061
9,326323	0,0215002410113811
9,426390	0,0202732942998409
9,538451	0,0201902128756046
9,646190	0,0215852372348309
9,746568	0,0237993188202381
9,861315	0,0269277729094028
9,961606	0,0301357842981815
10,061745	0,0324438251554966
10,162271	0,0348162464797497
10,278194	0,0360089652240276
10,393221	0,0358437858521938
10,493554	0,0348859019577503
10,609196	0,0320671685039997
10,711237	0,0296032093465328
10,811562	0,0265088193118572
10,926083	0,0234117768704891
11,028314	0,0212618596851826
11,132848	0,020158875733614
11,246148	0,0201835669577122
11,346219	0,0217120386660099
11,456222	0,024557288736105
11,562251	0,0270840637385845
11,671346	0,0308897159993649
11,781239	0,0334614552557468
11,889137	0,0350925214588642
11,996518	0,0361225865781307
12,111996	0,0353072695434093
12,220680	0,0339519865810871
12,324337	0,0318591259419918
12,433164	0,0281896404922009
12,539940	0,0256600640714169
12,644467	0,0228000618517399
12,754063	0,0205762051045895
12,855033	0,0200767479836941
12,956036	0,0203155539929867
13,063808	0,0217770896852016
13,172279	0,0248474664986134
13,283187	0,0283630900084972
13,392833	0,0310257934033871
13,502012	0,0336783342063427
13,610976	0,0355220474302769
13,721157	0,0360514484345913
13,831787	0,0353769548237324
13,942472	0,0335815660655499
14,048578	0,0305519513785839
14,162677	0,027287382632494
14,278663	0,0242780409753323
14,389254	0,0217932425439358
14,498383	0,0200501643121243
14,599979	0,0200159810483456
14,710438	0,02099784091115
14,819409	0,0235395319759846
14,934256	0,0266209132969379
15,047728	0,0297120995819569
15,157013	0,0326571948826313
15,269242	0,0351283140480518
15,379073	0,0359597913920879
15,489099	0,0357521288096905
15,598050	0,0342118702828884
15,708463	0,0317377410829067
15,818224	0,0282390601933002
15,928187	0,0244827307760715
16,037281	0,022737842053175
16,147011	0,0208254866302013
16,257022	0,0199006237089634
16,367914	0,0207129456102848
16,475818	0,0229382626712322
16,578007	0,0247306413948536
16,688229	0,0284961573779583
16,797867	0,0314816646277905
16,907825	0,0339991860091686
17,016879	0,0356428138911724
17,126984	0,0358757711946964
17,236248	0,0351788960397244
17,344755	0,0332608185708523
17,453173	0,0304344706237316
17,560108	0,0268778912723064
17,672011	0,0238031186163425
17,781963	0,0214622430503368
17,892338	0,020239595323801
18,005957	0,0201959125697613
18,110359	0,0213815234601498
18,218388	0,023707177489996
18,321793	0,0265795849263668
18,434022	0,0298542641103268
18,544447	0,0330887995660305
18,660342	0,0353020243346691
18,763153	0,0359745882451534
18,872892	0,0356108359992504
18,976057	0,0344679914414883
19,087028	0,0317463018000126
19,197428	0,0291282944381237
19,305934	0,025529932230711
19,418563	0,0227007977664471
19,521203	0,0206830389797688
19,631020	0,0200031660497189
19,741184	0,0205932967364788
19,847523	0,0221133194863796
19,957195	0,0248165987432003
20,067939	0,0283402763307095
20,171198	0,0314945168793201
20,279665	0,0339572317898273
20,389164	0,0354490242898464
20,491800	0,0359593145549297
20,595811	0,0352710001170635
20,706937	0,0331135801970959
20,817021	0,0309587009251118
20,927225	0,0272199176251888
21,037267	0,0242500193417072
21,148243	0,0218022651970387
21,260062	0,0202376954257488
21,371789	0,0200981087982655
21,472522	0,0210937596857548
21,580483	0,022759210318327
21,693901	0,0261696837842464
21,807891	0,0297458507120609
21,918519	0,0330759398639202
22,027964	0,0347818918526173
22,138116	0,035766925662756
22,248048	0,0357144214212894
22,359412	0,0343706868588924
22,469285	0,0320228971540928
22,571251	0,0291501618921757
22,679190	0,0254059694707394
22,792416	0,0226917751133442
22,903334	0,0210709683597088
23,014342	0,020025473088026
23,124408	0,0205842740833759
23,234866	0,022304717451334
23,345942	0,0248754881322384
23,458817	0,0280575416982174
23,568498	0,031562577933073
23,678388	0,0340425781905651
23,788508	0,0357535593211651
23,899592	0,0358485542237759
24,010113	0,0351187698543072
24,112469	0,0331788621842861
24,221753	0,029882799834013
24,325529	0,0278560779988766
24,435286	0,0242614187300205
24,548006	0,0217861197888851
24,656109	0,0202680788934231
24,766067	0,0200971625745296
24,869911	0,021149318665266
24,980020	0,0233281813561916
25,088633	0,026109840720892
25,198734	0,0292937271296978
25,307059	0,0326157622039318
25,416935	0,0349274165928364
25,517084	0,0357712246477604
25,626863	0,035671453922987
25,737235	0,0339076407253742
25,847313	0,0319457687437534
25,958144	0,0288987047970295
26,065187	0,0258129946887493
26,175906	0,0225592739880085
26,285910	0,0208492241799831
26,389642	0,0199528448283672
26,491785	0,0202690251171589
26,601023	0,0221674628555775
26,702943	0,0239085517823696
26,812767	0,0268569998443127
26,923807	0,0304986797273159
27,031879	0,0332389064133167
27,142428	0,0350142605602741
27,248654	0,0358261205255985
27,357566	0,0351750813424587
27,464312	0,033724095672369
27,571286	0,0313003472983837
27,671688	0,0287575460970402
27,781741	0,0251043997704983
27,889358	0,0225117839872837
27,999623	0,0206388793885708
28,101935	0,0200363956391811
28,211642	0,0207238681614399
28,320946	0,0220857821404934
28,430826	0,0251856036484241
28,533199	0,0282642431557178
28,643843	0,0312427692115307
28,759025	0,0338075272738934
28,866268	0,0353344790637493
28,973111	0,0357740856707096
29,086024	0,0350719951093197
29,186026	0,0327448360621929
29,286707	0,0309886746108532
29,395267	0,0274503342807293
29,503374	0,0243630520999432
29,613029	0,0219513811171055
29,720098	0,020398635417223
29,833325	0,0201360918581486
29,943426	0,0213468559086323
30,055895	0,0230660252273083
30,166211	0,0258657075464725
30,277247	0,0295299924910069
30,388223	0,0323052443563938
30,497960	0,034483727067709
30,607917	0,0356404297053814
30,721925	0,035188440233469
30,831845	0,0339700989425182
30,936128	0,0319924242794514
31,049820	0,0291021429002285
31,160329	0,0250307880342007
31,268242	0,0227240733802319
31,373540	0,020838301628828
31,488302	0,0200306959450245
31,597350	0,0206398330628872
31,704256	0,0221574865281582
31,816137	0,024679820984602
31,927035	0,0277068875730038
32,041423	0,0312946401536465
32,150997	0,0337031222879887
32,257877	0,0353091768920422
32,364550	0,0357516519725323
32,464865	0,034705076366663
32,575172	0,0331493206322193
32,683698	0,0299479477107525
32,786022	0,027368139475584
32,897665	0,0239769406616688
33,007829	0,021605659276247
33,116989	0,0203630290925503
33,220865	0,0203165002167225
33,333642	0,0214309059083462
33,443607	0,0232749916613102
33,559103	0,026086088269949
33,667474	0,0296545661985874
33,776156	0,0325419344007969
33,878347	0,0343291871249676
33,987937	0,0355888716876507
34,097205	0,0356356538832188
34,207689	0,0343110673129559
34,316132	0,0321028791368008
34,421048	0,0292072035372257
34,529075	0,0255626998841763
34,637971	0,0232916139066219
34,747203	0,0211778096854687
34,857939	0,0201256461441517
34,963275	0,0206322334706783
35,076240	0,0218891762197018
35,186188	0,0243264846503735
35,290126	0,0273458175361156
35,401386	0,0308307223021984
35,501438	0,0330535508692265
35,611126	0,0349298007786274
35,721504	0,0357034392654896
35,831919	0,0351617150008678
35,934030	0,0337736718356609
36,043789	0,031317476183176
36,154604	0,0278660617768764
36,264870	0,0247814543545246
36,375190	0,0222776420414448
36,486141	0,020471278578043
36,601337	0,0201265923678875
36,717243	0,021213423460722
36,827998	0,0232436470687389
36,932933	0,0260466672480106
37,042721	0,0291743986308575
37,153119	0,032416682690382
37,263507	0,0342519246041775
37,373872	0,0355172790586948
37,483754	0,0355492569506168
37,595813	0,0342433415353298
37,707764	0,0319743268191814
37,810033	0,0290878899395466
37,921229	0,0260628126561642
38,030262	0,023225124925375
38,140533	0,0212053470313549
38,247354	0,0202704481780529
38,355236	0,0206740163266659
38,460524	0,0220335386693478
38,566932	0,0244513861835003
38,670290	0,027394276112318
38,770617	0,0304977260529995
38,879281	0,0331002436578274
38,989888	0,0349298007786274
39,100336	0,0356876812875271
39,212024	0,0352595485746861
39,321727	0,0337398238480091
39,430981	0,0313193760812283
39,542265	0,028305109590292
39,653311	0,0248384438455105
39,763100	0,02193808183074
39,878267	0,0206611938774586
39,989387	0,0203174464404583
40,099166	0,0212817974388599
40,209162	0,023395624011755
40,317116	0,0262043587863445
40,427342	0,0287271253764629
40,532327	0,0321376360952854
40,641439	0,034306775778532
40,756250	0,035507258027792
40,864933	0,0356213338673115
40,971320	0,0341732390224934
41,080667	0,0323652438819408
41,190350	0,0295827724039555
41,296915	0,026457991451025
41,401114	0,0232161022722721
41,516106	0,021170686930418
41,617167	0,0202756710350513
41,723751	0,020421426743269
41,828026	0,0216958858072758
41,938919	0,0239769406616688
42,050016	0,0269429720938206
42,159560	0,0304325632750988
42,269923	0,0330854691565037
42,385203	0,0349164418876171
42,489479	0,0356179960072041
42,598107	0,0352199412882328
42,703521	0,0336382947862148
42,817441	0,0307184420526028
42,920954	0,028256643563509
43,031619	0,0246940664947033
43,147049	0,0222244523465633
43,256858	0,0206350795924664
43,366829	0,0201697982847691
43,475156	0,0210467539727688
43,585005	0,0229544155299664
43,695112	0,0256382115185261
43,803863	0,0287285558879375
43,914417	0,0315944664180279
44,024927	0,0342252217233181
44,134653	0,0354452021420002
44,244977	0,0354566611349583
44,354549	0,0343826077878475
44,464686	0,0318167619407177
44,574356	0,0294391922652721
44,682873	0,0264333002269268
44,789032	0,023572776466608
44,899235	0,021431852132082
45,008932	0,0203644447028637
45,119601	0,0205866508185863
45,220435	0,0221337489783764
45,329879	0,0241170413792133
45,432493	0,0269814543426037
45,543347	0,0300639756023884
45,654188	0,0331278778612614
45,763825	0,0349111966788769
45,874417	0,0356638170778751
45,983069	0,0353196822106838
46,090724	0,0332546271383762
46,191397	0,0316282622516155
46,302390	0,0281796641647816
46,409759	0,0256828628480434
46,520199	0,0222320519387722
46,630888	0,0206645168364048
46,741065	0,0202913396060467
46,850347	0,0209118984639645
46,961818	0,0230835936963558
47,070339	0,0258053950965405
47,170631	0,0282922796905041
47,279930	0,0312427692115307
47,391419	0,0339863114058971
47,499349	0,0351679213345051
47,607464	0,0355783738195896
47,717273	0,0346020348370075
47,828249	0,0326162315905094
47,938603	0,0294330082833767
48,046122	0,0268636457622051
48,153958	0,0240078084170818
48,263956	0,0217599980533123
48,371998	0,0203478299081326
48,476991	0,0204019583761692
48,581148	0,0215258859097958
48,684819	0,023664440959692
48,789796	0,0260214917361736
48,902455	0,0295190624892712
49,011798	0,032276201993227
49,127167	0,034613486379385
49,237757	0,0353950895369053
49,341547	0,0353316180408001
49,442930	0,0341050438582897
49,552078	0,0318881683051586
49,660639	0,0290950201451778
49,762170	0,0260419212281704
49,873038	0,0232621692121029
49,980106	0,02102205529809
50,090794	0,020258579403162
50,195802	0,0205049850046635
50,296172	0,0216450728476048
50,408463	0,0242889635264874
50,519017	0,0267173387110233
50,620972	0,030243743211031
50,731633	0,0328372530639172
50,834297	0,0344689451158047
50,945259	0,035442341119051
51,057287	0,0350815467536449
51,159157	0,0339348204433918
51,269757	0,0316530130803585
51,377782	0,0282989330589771
51,484660	0,0253223814070225
51,594478	0,0223085172474384
51,704923	0,0209194980561733
51,814475	0,0202505104243755
51,924023	0,0207836963236332
52,031530	0,0225260220468044
52,144984	0,0255418010056019
52,251091	0,0285517536103725
52,360986	0,0319062583148479
52,470777	0,0337593741714954
52,579488	0,0350271426141262
52,690729	0,0354962758719921
52,799837	0,0343539901077747
52,909985	0,0327448360621929
53,021191	0,0295860953629017
53,134528	0,0265724621713161
53,242886	0,023369025439024
53,348228	0,0215914137661457
53,455126	0,0205752588808537
53,569937	0,0205486677587032
53,677618	0,0220943279564381
53,783923	0,0240652747452259
53,898251	0,0274137519299984
54,001535	0,0299132280051708
54,104823	0,0326457656919956
54,218046	0,034589160233736
54,328794	0,0355955623090267
54,439235	0,0352056212723255
54,550438	0,0333294458687305
54,660168	0,0313160456717014
54,771209	0,0283868499100208
54,882326	0,0249087326228619
54,991585	0,022452887147665
55,101429	0,0208240561187267
55,215861	0,020381074398756
55,327278	0,0212072469294071
55,437608	0,0230437032878399
55,547495	0,0262100584805012
55,656919	0,0292010195553303
55,766018	0,0315511487424374
55,875953	0,0344641767442226
55,985856	0,0353635959327221
56,094633	0,0354342274367809
56,204235	0,0343683026731014
56,311337	0,0318376980721951
56,426394	0,0290607921779156
56,530850	0,0260419212281704
56,641205	0,0237185768783092
56,748025	0,0216218046844006
56,857535	0,0204774551093578
56,963685	0,0206944309175014
57,069972	0,0221755392849445
57,184802	0,024977121502161
57,292808	0,0274584107100964
57,402455	0,0299550779163837
57,513048	0,0329830311238766
57,622280	0,0348038338124752
57,734115	0,0355320759117603
57,842881	0,0349269397556782
57,943313	0,0336087383329868
58,048822	0,030722726136446
58,157414	0,0282913334667683
58,263212	0,0253252349793911
58,373126	0,0223503075540066
58,484355	0,0207860730588436
58,585800	0,0203160233795643
58,688046	0,02085966989398
58,796977	0,0229149870574474
58,907229	0,0250360108911991
59,014035	0,0274683870375156
59,128847	0,0308868624269962
59,241588	0,0335858575999737
59,346989	0,0349918343126774
59,454341	0,0353067927062511
59,564473	0,0343878529965878
59,673892	0,0321404971182346
59,782027	0,0299179814755917
59,892137	0,027464110404253
60,002297	0,0241502858698368
60,117286	0,0218777768313885
60,232429	0,0204171501100063
60,342868	0,0204632021486759
60,452979	0,0215125866234303
60,561611	0,0244813077151775
60,670829	0,0273543708026409
60,780924	0,0298257432878017
60,891593	0,032501932233572
60,999441	0,0348582305014133
61,108825	0,0354113169014454
61,217883	0,0351559929549694
61,332446	0,0338194407522678
61,443657	0,0311590172350407
61,559136	0,027270283550024
61,664015	0,0248612426221371
61,771485	0,022792462259531
61,884618	0,020854439586401
61,999458	0,0204503871500492
62,100242	0,0212518833577633
62,209840	0,0227321423590183
62,322331	0,0257678739726543
62,431023	0,0292471311986446
62,542022	0,0316106490790844
62,655986	0,0342428646981716
62,758322	0,0354619137942791
62,863559	0,0356375686824322
62,972381	0,0347981117665768
63,080692	0,0325024090707302
63,189996	0,0298181287944317
63,301417	0,0268284939229488
63,403276	0,0240301303565502
63,504461	0,0221940614283085
63,614281	0,0208349786698818
63,723949	0,0206460021436214
63,833355	0,0216702483594418
63,943273	0,0241037495434284
64,053530	0,0268921442329884
64,163154	0,0298323966562748
64,275757	0,0324647836387157
64,380674	0,0344131402671337
64,489031	0,0353803001344204
64,598506	0,035001378506422
64,699526	0,0338642559945583
64,802177	0,031636830419302
64,917156	0,0283455066382885
65,025507	0,0258904062211514
65,133816	0,0232208482921124
65,247087	0,0210804603993893
65,357212	0,0204380415380001
65,466201	0,0207471363246441
65,574674	0,0225568972527981
65,684327	0,0254463441669941
65,793857	0,028329823166132
65,903497	0,0311028696596622
66,013982	0,0333051346242428
66,117261	0,0345009081065655
66,225264	0,0349426828324795
66,330018	0,0342252217233181
66,440477	0,032523836940527
66,545264	0,0295599512755871
66,657161	0,0266475193202496
66,757829	0,0247752778232098
66,860216	0,0223465077579021
66,964134	0,0206099115312099
67,067590	0,0203293152153492
67,177371	0,0210510231554508
67,287066	0,022885549813509
67,390005	0,0259796939790249
67,499912	0,0289324559271336
67,610837	0,0313017778098583
67,718345	0,0335911028087139
67,828071	0,0349660702049732
67,935068	0,0352075286209583
68,044227	0,0341422446072102
68,154746	0,0317096523940563
68,263106	0,0294230319559574
68,371233	0,0264214240014553
68,479356	0,0236501954495907
68,587201	0,0212423913180828
68,689469	0,0203596986830235
68,794149	0,0203411839902401
68,897230	0,0213943459093571
69,006145	0,0238833837211132
69,116172	0,0267306379973888
69,226130	0,0292019732296467
69,332352	0,0319405309855938
69,443052	0,0342910401523113
69,556205	0,0351970307528973
69,659421	0,0349961258471012
69,764377	0,0336721353232861
69,873942	0,0318443663418293
69,982959	0,029114980250597
70,084247	0,0256391577422619
70,195230	0,0229819528758526
70,301168	0,0213425792753696
70,409371	0,0203093774616718
70,518028	0,0208269022405148
70,629257	0,0221812389791012
70,730024	0,024130817502737
70,844183	0,0275092460215092
70,949738	0,0304439775645733
71,057925	0,0325700305402279
71,173300	0,0348553694784641
71,282515	0,0353082232177258
71,390910	0,0348057486116886
71,505113	0,0328887067735195
71,614361	0,0303498022258282
71,719913	0,0279354266822338
71,830978	0,0241080187261105
71,932759	0,0221722088754177
72,047730	0,0209023989737034
72,157067	0,0204128809273243
72,266164	0,0215676687657833
72,376661	0,023271668702364
72,484195	0,02641287073493
72,599400	0,0289058424532413
72,710913	0,0321090705692768
72,820391	0,0344040803611279
72,925205	0,0351502634584904
73,034915	0,0351812802255154
73,144312	0,0340072922408581
73,254075	0,0314750038087368
73,354281	0,0296046398580074
73,464033	0,0261473618447781
73,574849	0,0230194739997387
73,684983	0,0213701240718365
73,785204	0,0204822011291981
73,885812	0,0204741321504116
73,994128	0,0216336809098721
74,104795	0,0238173715770245
74,211177	0,0270693339407444
74,320263	0,0304901115596294
74,420351	0,0326228998601437
74,526192	0,0339438803493977
74,635987	0,0352333001792431
74,740314	0,0349651090800762
74,841888	0,03383993729949
74,942142	0,0321004949510098
75,051557	0,0294021107256413
75,160288	0,025969248265028
75,270623	0,0237404294312
75,377621	0,0216626487672329
75,487099	0,0204950161278248
75,587471	0,0207115225493908
75,696637	0,0222785882651806
75,806009	0,0246494226157665
75,911510	0,0270346514880657
76,021891	0,0299645848572254
76,133309	0,0329758860170841
76,242904	0,0346984006464481
76,352436	0,0353912748396397
76,459463	0,0347718708217144
76,571147	0,0334161780774593
76,676023	0,0310552902519703
76,785704	0,0282086469233036
76,885918	0,0257479213178158
76,995235	0,023157212883234
77,106229	0,0209327898919582
77,216966	0,0205310992896557
77,320988	0,0211692564189434
77,429559	0,0228727273643017
77,542849	0,0253983698785305
77,645521	0,0283269695937634
77,747388	0,0311475954949856
77,861030	0,0334762297570705
77,969250	0,0349445976316929
78,077248	0,0352638475596905
78,186928	0,034581046551466
78,294366	0,0328086726367474
78,401387	0,0302708558738232
78,512312	0,0268835984170437
78,621503	0,0245121754705906
78,722166	0,0219000913202763
78,831505	0,0208145566284657
78,937128	0,020620834082365
79,046161	0,0214973948895931
79,146437	0,023468766361475
79,247865	0,0256448648869991
79,356925	0,0285935811698437
79,465730	0,031824853271246
79,569455	0,0336635522544384
79,675034	0,0352080054581165
79,783349	0,0353044085204601
79,893641	0,0342867486178875
80,002796	0,0326948277652264
80,112832	0,0296170003712177
80,216109	0,0271790660917759
80,317643	0,0243815742433071
80,427164	0,021847378462553
80,537020	0,0208558700978756
80,638911	0,0207058228552341
80,749219	0,0220036171376705
80,856987	0,02378174290061
80,964053	0,0269572250545025
81,067598	0,0298894606530666
81,169704	0,0317048989236355
81,277018	0,0338757000863552
81,386130	0,035157423466444
81,489995	0,0353320948779583
81,602229	0,0340902619063854
81,716414	0,0320190899074078
81,826015	0,0297672562301159
81,936956	0,0258590616285801
82,047048	0,0236387960612774
82,156029	0,0215771682560444
82,259014	0,0205054618418217
82,369001	0,0207110457122326
82,470522	0,0220017172396183
82,584307	0,0242637954652309
82,685069	0,027066957205534
82,785848	0,0299826599657536
82,892439	0,0321838222444057
83,000016	0,0341603644192219
83,114079	0,0352824591100216
83,222006	0,0349689312279224
83,330126	0,0332627259194851
83,434100	0,0317548774182796
83,543276	0,028534647077322
83,650077	0,0251471363008022
83,759684	0,0230584256350994
83,870013	0,021265659481287
83,981102	0,0205363221466541
84,086001	0,0212048776447773
84,195193	0,022573996335268
84,299631	0,0249851904809475
84,409248	0,0278655849397182
84,518829	0,0307179652154446
84,627341	0,0331312157213688
84,737619	0,0348921082913876
84,838114	0,0352471359074116
84,945798	0,0344746671617031
85,059576	0,0326814912259579
85,164647	0,0301443450152874
85,273173	0,0277515463531017
85,380259	0,024441409856081
85,490293	0,0221698395907879
85,600234	0,020689208060503
85,709435	0,020664993673563
85,816002	0,0213193111121655
85,928485	0,0231519900262356
86,030198	0,0266741178929806
86,142555	0,0291259177029133
86,253393	0,0318372212350369
86,356830	0,0339372046291828
86,470605	0,0352046675980091
86,580067	0,0351674444973469
86,687219	0,0338547192513943
86,801966	0,0317101292312145
86,916789	0,028960969299078
87,028281	0,0260637663304806
87,134065	0,0230351500213146
87,243282	0,0214897952973843
87,347119	0,0205738358199596
87,457170	0,0208862535655499
87,563203	0,0223194397985935
87,674932	0,0246356539428234
87,784464	0,0279330499470234
87,893013	0,0303345881402493
88,004802	0,0331598035991192
88,110975	0,0347251184284687
88,219642	0,0352270938456059
88,331828	0,0346306525170803
88,438554	0,0333294458687305
88,553921	0,0305490978062153
88,664452	0,027192372828722
88,767579	0,0244190953671932
88,879716	0,0224870853126049
88,989781	0,0209888182580471
89,096994	0,0206592939794064
89,205983	0,0216275043785572
89,312599	0,0232213251292706
89,421671	0,026265624910593
89,531274	0,0291539616882801
89,639023	0,0322361998260021
89,741708	0,0338909514248371
89,843307	0,0348906777799129
89,958612	0,0350323878228664
90,064004	0,0339596159756184
90,172256	0,0319476760923862
90,278680	0,0288164801895618
90,387078	0,0263881646096706
90,493051	0,0237204842269421
90,599879	0,0219817720353603
90,713672	0,0205999426543713
90,822041	0,0209384895861149
90,929986	0,0217846892774105
91,032190	0,0242547653615475
91,145062	0,0275144688785076
91,260463	0,0299094282090664
91,361447	0,0328434519469738
91,465201	0,0343363471329212
91,569949	0,0351841412484646
91,673373	0,0350557751953602
91,783903	0,033629234880209
91,896224	0,0310029499232769
92,006159	0,0282243303954601
92,113066	0,0258343629539013
92,221899	0,0236772559583187
92,332801	0,0215235091745853
92,434934	0,0207779966294765
92,537773	0,0210571996867657
92,649101	0,0227506645023823
92,757623	0,0255626998841763
92,859491	0,0274588875472546
92,972197	0,0303231664001942
93,083570	0,0331578962504864
93,186961	0,0349360071122646
93,294375	0,0353139527142048
93,405863	0,0345853380858898
93,514229	0,0332141183316708
93,614764	0,0308202542364597
93,725055	0,0279986225068569
93,835799	0,0256263352930546
93,939408	0,0227720402181149
94,048771	0,0212295688688755
94,151050	0,0207799039781094
94,260228	0,0212860740721226
94,367412	0,0232488699257374
94,482844	0,0257536210119724
94,598195	0,0286068879067898
94,708725	0,0313584022223949
94,818312	0,0338442288339138
94,927839	0,0350247584283352
95,043338	0,0351178161799908
95,150661	0,0341007523238659
95,259458	0,031751062721014
95,365958	0,0290565155446529
95,480710	0,0261901132762432
95,590450	0,0239930860698223
95,697044	0,0214465819299221
95,807518	0,0207680277526379
95,917613	0,0211763791739941
96,024886	0,0227088741958141
96,134236	0,0250934772193432
96,237293	0,0274251513183117
96,348306	0,030254203826189
96,458529	0,0327181704342365
96,570430	0,0346168242394924
96,684180	0,0351488254964352
96,785798	0,0347585193812847
96,886949	0,0333108566701412
96,997917	0,0305985696613789
97,100798	0,028263296931982
97,215995	0,0254168920218945
97,317030	0,0229824297130108
97,424121	0,0211393423378468
97,533388	0,020713422447443
97,643075	0,0212960503995419
97,745939	0,0229159407317638
97,853406	0,0253428034484386
97,960136	0,0281825177371502
98,065203	0,0309558473527431
98,174002	0,0332598648965359
98,282501	0,0347227342426777
98,383070	0,035126406699419
98,491225	0,0344522558152676
98,601130	0,032382395118475
98,710609	0,0298452340066433
98,820488	0,0270047299563885
98,929290	0,0246926434338093
99,042146	0,0221080966293812
99,145228	0,0210059098899364
99,247893	0,0206678472459316
99,358112	0,0218188874423504
99,468599	0,0238320864737034
99,569964	0,0260091461241245
99,670913	0,0284006260335445
99,781701	0,0319600515067577
99,884615	0,033367570489645
99,999763	0,0348873324692249
100,107426	0,0350190363824368
100,216074	0,0340697579085827
100,316173	0,0325514636933804
100,430901	0,0295965559780598
100,538212	0,0267515443265438
100,646138	0,0240752510726452
100,760615	0,0219912715256214
100,865371	0,0207960419356823
100,974841	0,0209878720343113
101,087176	0,0222985409200191
101,189126	0,02409852668643
101,297744	0,0272417776286602
101,408111	0,0300820507109165
101,514255	0,032194297760725
101,623339	0,0340816788375378
101,732782	0,035086315125227
101,841827	0,0347504056990147
101,943966	0,0333656631410122
102,044188	0,0319795720279217
102,157939	0,0289105959236622
102,266858	0,0260670892894268
102,373200	0,0235295556485653
102,475089	0,0219072140753269
102,584975	0,0208064876496792
102,696999	0,0211075358092785
102,805947	0,0224771089851856
102,912970	0,0247458331286907
103,022484	0,0279610864818096
103,131267	0,0302775092422962
103,233900	0,0327176935970783
103,341756	0,0343816541135311
103,457307	0,0350619815289974
103,562323	0,0344703756272793
103,664028	0,0331769548356533
103,773236	0,0309230200946331
103,882761	0,027683611959219
103,989562	0,0248887799680233
104,091982	0,0225763730704784
104,203482	0,0212509296834469
104,317710	0,0206792391836643
104,429198	0,0217053852975369
104,538022	0,0232626460492611
104,648106	0,0258196406066418
104,756991	0,0286838747560978
104,864460	0,0318162851035595
104,965443	0,0335958637297153
105,070163	0,034897830337286
105,180057	0,0351306982338428
105,290925	0,0342767275869846
105,399624	0,032416682690382
105,507015	0,0293983034789562
105,608993	0,0269971303641796
105,719358	0,024242427200079
105,829809	0,0223963670432568
105,931564	0,0208572931587696
106,041667	0,0207476131618023
106,145116	0,0218112878501415
106,255138	0,023443590849638
106,370560	0,0265102423727512
106,472687	0,029396403580904
106,587186	0,0320162288844585
106,694929	0,0340163521468639
106,799975	0,0350605510175228
106,905975	0,0350051932036877
107,011468	0,034151304513216
107,126958	0,0314416848123074
107,237170	0,0282419137656689
107,346206	0,0263349674642086
107,458460	0,0233258120715618
107,565279	0,0215311087667942
107,673373	0,0207442902028561
107,783310	0,0213240645825863
107,884059	0,0226381085813046
107,996900	0,0249562226235867
108,106433	0,0277244709432125
108,215774	0,0305139012634754
108,322867	0,033186960965395
108,436114	0,0346096716821194
108,543462	0,0349975563585758
108,651706	0,0342719592154026
108,760723	0,0325686000287533
108,867866	0,030113909393549
108,972190	0,0277558229863644
109,080998	0,0245335511863232
109,183685	0,0226134099066257
109,293766	0,0210818909108639
109,402853	0,0206569172441959
109,503067	0,0211759097874165
109,603294	0,0231391601264477
109,713400	0,0261502079665661
109,822884	0,0280637256801128
109,932793	0,0308844856917858
110,039079	0,0335739441215992
110,143391	0,0349402986466885
110,253333	0,0352967716753483
110,367929	0,0344842113554478
110,470358	0,0327014960348606
110,582451	0,0302156768739223
110,682756	0,0278285183012486
110,793270	0,0245900638401508
110,903024	0,022083405405283
111,015843	0,0209399126470089
111,129358	0,0209394358098507
111,238264	0,0217927657067776
111,347678	0,0244993530213833
111,454911	0,0267206616699696
111,561768	0,0290379785001278
111,663001	0,0319895707070827
111,772853	0,0338242091238499
111,878946	0,0346941016614437
111,989364	0,0344808660447598
112,103514	0,0332012586295605
112,212539	0,0306261591613293
112,322031	0,0283673666417599
112,431824	0,0255631767213345
112,540825	0,022716473788023
112,645663	0,0210866369307041
112,753598	0,0204850472509861
112,862898	0,0210386775434017
112,972047	0,0226613767445087
113,081847	0,0251062922179699
113,187208	0,027493093162775
113,297348	0,0308292917907238
113,410696	0,0332112573087215
113,521064	0,0347771234810352
113,630074	0,035314429551363
113,735975	0,0349326618015766
113,848169	0,033194113522768
113,954930	0,0308421365916729
114,057544	0,0280727483332157
114,158626	0,0257346220314503
114,267938	0,0229482389986515
114,372467	0,02145179733634
114,483454	0,0210211090743542
114,593512	0,0217709206044674
114,701172	0,0235495083034039
114,811998	0,0260818116366863
114,921906	0,0289524234831333
115,031503	0,0321190692484379
115,140494	0,0339033491909504
115,248848	0,0353540442883968
115,359014	0,035474319010973
115,464236	0,034356851130724
115,574943	0,0323585830628872
115,683371	0,0297044925391674
115,785864	0,0272892825305462
115,895061	0,0241203643381596
116,005204	0,0218331329524517
116,116035	0,0211535878479481
116,219076	0,0210975594818592
116,327318	0,0225198529660702
116,435901	0,0243640057742596
116,544780	0,0276474989950657
116,645868	0,030151005834341
116,755263	0,0328872762620449
116,862671	0,03519082441926
116,968152	0,0360791347920895
117,069329	0,0359335280954838
117,178421	0,0344222001731396
117,288043	0,0325524173676968
117,399942	0,029730636626482
117,511103	0,0262171737849712
117,621061	0,0235357321798801
117,733978	0,0213520787656307
117,845912	0,0205591134727001
117,959780	0,020448487251997
118,069256	0,0215282551944256
118,174474	0,0226167403161526
118,283107	0,0240415297448635
118,388942	0,0252915136516094
118,497592	0,0260547436773777
118,606941	0,0261739604175091
118,714910	0,0256980620324612
118,827923	0,0242937169969082
118,937686	0,0226324088871479
119,039384	0,0210894905030727
119,149246	0,0191321484744549
119,257124	0,0177860222756863
119,358708	0,0173534415662289
119,467591	0,0174796022474766
119,575844	0,0184559114277363
119,681842	0,0201906822621822
119,795748	0,0220378153026104
119,903899	0,0238862298429012
120,017040	0,0255014337599277
120,119475	0,026463221758604
120,229559	0,0270204059779644
120,338862	0,0267372839152813
120,440536	0,0259502567350864
120,547393	0,0242039524018764
120,657011	0,0226865522563457
120,757849	0,0207680277526379
120,859188	0,0190633349120617
120,962540	0,0178348831832409
121,064646	0,017300795763731
121,167763	0,0173738412559032
121,270278	0,0181916318833828
121,374354	0,0193224661052227
121,483788	0,0210567228496075
121,590152	0,0232094489037991
121,699951	0,0248085223138332
121,806882	0,0258049182593822
121,916008	0,0263881646096706
122,024882	0,0262366496026516
122,133929	0,0251813344657421
122,244383	0,0239128209650517
122,352379	0,0217419527471066
122,460590	0,0195009373128414
122,562696	0,018102440983057
122,671903	0,016935657709837
122,781399	0,0164487473666668
122,885786	0,0166127793490887
122,991247	0,0177124924957752
123,106059	0,018956545740366
123,209837	0,0210382007062435
123,319406	0,0228442288935184
123,428053	0,0241141952574253
123,538466	0,025312889367342
123,642753	0,0256144665181637
123,757381	0,0252250246703625
123,857675	0,0241906605660915
123,964939	0,0226528309285641
124,072419	0,0208696387708187
124,185868	0,0191487558186054
124,298464	0,0177219770848751
124,408828	0,0168735422194004
124,518525	0,0168166421353817
124,625881	0,0172419957816601
124,729219	0,0184312425553799
124,839894	0,0200321190059185
124,945329	0,0220777057111263
125,054106	0,0237010084092617
125,155741	0,0245454199612141
125,259215	0,0254216454923153
125,364659	0,0254667587578297
125,471066	0,024805199354887
125,580214	0,0238140411674976
125,688109	0,0219547040760517
125,797511	0,0198854319751263
125,907326	0,0183088220655918
126,011700	0,0174829177558422
126,114376	0,0166587643325329
126,224062	0,0167270414531231
126,333145	0,0173045955598354
126,441192	0,0187795348465443
126,544226	0,0204636789858341
126,654195	0,0219323895871639
126,764501	0,0235438011586666
126,874097	0,0249172784388065
126,983953	0,0254548899829388
127,085794	0,0252881906926632
127,193186	0,0246522761881351
127,304366	0,0228394754230976
127,414859	0,0214366056025028
127,525796	0,0193742029368877
127,635971	0,0180939026176929
127,744766	0,0168882422149181
127,855801	0,0165288634598255
127,959760	0,0167943574488163
128,060214	0,0175294019281864
128,164242	0,0194026790559292
128,274725	0,0211521647870541
128,384070	0,0228280760347843
128,495828	0,0242125056684017
128,605988	0,0249937362968922
128,710379	0,0253176353871822
128,819923	0,0248403437435627
128,928765	0,0237665437161922
129,038841	0,0222244523465633
129,148102	0,0205007158219814
129,257299	0,0190884806215763
129,368157	0,0174729637801647
129,478193	0,0166331641376019
129,589313	0,0165753252804279
129,699242	0,0171670727431774
129,802115	0,0183852128684521
129,903865	0,0202861167490482
130,014033	0,0217880196869373
130,117092	0,0232004262506962
130,221698	0,0247330106794834
130,330618	0,0253869704902172
130,441691	0,025551300495863
130,550625	0,0250255577266216
130,657198	0,0236957781016827
130,759047	0,0221004970371723
130,869144	0,020645048469305
130,974322	0,0187738351523876
131,082154	0,0177143923938274
131,192864	0,0169773884117603
131,302542	0,0169569961726665
131,412792	0,0177736841142178
131,521368	0,019124548882246
131,631953	0,0208079107105732
131,741204	0,0225682966411114
131,845194	0,0243825204670429
131,953937	0,0252720452845097
132,064502	0,025818694382906
132,173793	0,0256386883556843
132,281480	0,0245834104716778
132,390181	0,0231434367597103
132,499492	0,0216939859092236
132,605841	0,019876416772604
132,714636	0,0180668570101261
132,824902	0,016892034560442
132,935020	0,016623679548502
133,035065	0,0168778114020824
133,143988	0,0179776735603809
133,255184	0,019494291394949
133,366073	0,0212585292756557
133,475058	0,0229724608361721
133,584926	0,0244238413870335
133,693440	0,0254320912063122
133,803988	0,0256049744784832
133,918088	0,0250673554837704
134,022326	0,0236696638166904
134,133064	0,0220558606088161
134,242474	0,0208762846887112
134,345479	0,0188749246299267
134,453540	0,0175540708005428
134,564743	0,0167844034731388
134,670586	0,0166639797389507
134,780232	0,017363402992487
134,885157	0,0188326798379421
134,994883	0,020208727568388
135,103026	0,0216878168284893
135,216098	0,0235585309565067
135,325887	0,0247767083346844
135,439597	0,0254187993705273
135,548680	0,0252919904887676
135,650694	0,0244922302663326
135,760229	0,0231272913515568
135,874951	0,0211597643792629
135,983792	0,0197183378040791
136,094149	0,0181693322956562
136,204319	0,0171087421476841
136,313375	0,0166649259626865
136,421872	0,0170409269630909
136,529536	0,0180991180241108
136,640035	0,0193405039608479
136,750651	0,0210823602974415
136,859904	0,0231139920651913
136,966124	0,0246973894536495
137,067620	0,0254111997783184
137,172786	0,0256557874381542
137,283088	0,0251955799758434
137,393559	0,0241403095424175
137,502241	0,0228760503232479
137,605772	0,0208188332617283
137,716046	0,0191169567406178
137,825008	0,0175379402935505
137,934775	0,016899149864912
138,048996	0,0167592726647854
138,153059	0,0173098109662533
138,262959	0,018512848764658
138,370553	0,020421426743269
138,485998	0,0219110138714314
138,593904	0,0235965214669704
138,695058	0,0248873569071293
138,797662	0,0256016440689564
138,911809	0,0256500877439976
139,020981	0,0248260907828808
139,130350	0,0235162563621998
139,240855	0,0221247188746929
139,350050	0,0203136540949345
139,458298	0,0183970741927624
139,567066	0,0172121189534664
139,677609	0,0166578106582165
139,784249	0,0168484188616276
139,893893	0,0177087001502514
140,004223	0,0191264487802982
140,118012	0,0208696387708187
140,227841	0,0226409621536732
140,337899	0,024418618530035
140,447125	0,0254078693687916
140,558212	0,0257384218275547
140,667294	0,0253826938569546
140,776790	0,0243635289371014
140,887085	0,0228542052209377
140,996777	0,0210994593799114
141,107293	0,0193348042666912
141,217466	0,0176778621971607
141,328025	0,0168460421264172
141,441575	0,0166924260556698
141,551881	0,0172732882201672
141,659500	0,0187069289386272
141,764605	0,0200743786990643
141,865897	0,0218597240746021
141,980735	0,0235091336071491
142,091035	0,024978544563055
142,197433	0,0255475006997585
142,301456	0,025529932230711
142,411980	0,0247961767017841
142,523030	0,023227971047163
142,629697	0,022106196731329
142,739882	0,0203278921544552
142,849921	0,018673237413168
142,960311	0,0171054191887379
143,069332	0,0166943185031414
143,178772	0,0168389342725277
143,280550	0,0174985714256763
143,391444	0,0190832577645779
143,500186	0,0207822732627392
143,610151	0,0225511975586414
143,721230	0,0240875966846943
143,824779	0,0251604430377483
143,935889	0,0256377346813679
144,046967	0,0252981670200825
144,147388	0,024518821388483
144,257572	0,0228451751172543
144,359519	0,0213957689702511
144,463312	0,0196599550545216
144,563378	0,0181731320917606
144,672089	0,0172742418944836
144,781806	0,0168109573423862
144,882060	0,017050888389349
144,989304	0,017943512648344
145,099223	0,0196561552584171
145,209314	0,0210994593799114
145,314882	0,0231063924729824
145,424597	0,0245340205729008
145,535141	0,0253090895712376
145,643159	0,0256690867245197
145,752994	0,0252316780388355
145,864490	0,0241583622992039
145,974807	0,0226447619497776
146,086074	0,0205947197973728
146,196751	0,0189185775816441
146,300155	0,0176209472119808
146,410012	0,0169536732137203
146,514656	0,0167900957167149
146,624191	0,0175023712217808
146,733961	0,0187273360788822
146,838979	0,0200705789029598
146,949520	0,0218302868306637
147,060914	0,0237043313682079
147,171401	0,0250711552798748
147,281600	0,0255570001900196
147,392471	0,0253713019192219
147,495908	0,0247230418026447
147,601483	0,0231605283915997
147,712994	0,0217747204005718
147,820080	0,0200264267623425
147,930371	0,0184227041900158
148,036965	0,0172818265855312
148,149369	0,016741257160902
148,260120	0,0169043652713299
148,369300	0,0181897394359112
148,483149	0,0194202475249767
148,593187	0,0214432515203953
148,703586	0,0228717736899853
148,813860	0,0244931764900684
148,923498	0,0253651328384876
149,032564	0,0255617462098598
149,142289	0,0251913033425808
149,251761	0,0237627439200878
149,361834	0,0224319957196712
149,471384	0,0206920616328716
149,582005	0,0190210901200771
149,690156	0,0173197723925114
149,800752	0,0168872959911823
149,903889	0,0168223343789577
150,014590	0,0173477493226528
150,124406	0,0190557353198528
150,235149	0,0204095579683781
150,336171	0,0218564011156559
150,446338	0,0234920419752598
150,556126	0,0249937362968922
150,664870	0,0254691354930401
150,775116	0,0253138355910778
150,876210	0,0245207212865353
150,978199	0,0234782658517361
151,080621	0,0218625776469707
151,185996	0,0204100273549557
151,288905	0,0185807012021542
151,398690	0,0172405727207661
151,512946	0,0167972035706043
151,619198	0,0169631578028202
151,729318	0,0179382972419262
151,834530	0,0191107876598835
151,944600	0,0207889191806316
152,054074	0,0227777399122715
152,165067	0,024245273321867
152,276124	0,0252022258937359
152,386135	0,0255370549857616
152,495981	0,0252236016094685
152,602708	0,0242391042411327
152,712419	0,0225174762308598
152,823010	0,0207832269370556
152,932866	0,0190937034785748
153,042799	0,0179444588720798
153,153056	0,0169389806687832
153,261475	0,0167720802128315
153,363440	0,017388541251421
153,468994	0,0185536555945873
153,574475	0,019853625446558
153,689788	0,0218977145850658
153,800599	0,0235005877912045
153,910525	0,0247482024133205
154,020978	0,0254244916141033
154,131956	0,0253603793680668
154,238715	0,0246176086366177
154,348921	0,0232868678867817
154,455842	0,0216294042766094
154,561718	0,0198863856494427
154,672027	0,0185422711074352
154,781654	0,01721116527915
154,891326	0,0167526341974735
154,996042	0,0168356113135815
155,107126	0,0178211219608784
155,217797	0,019478153437376
155,323514	0,0206232108175755
155,433512	0,0223901979625225
155,544289	0,0241474397480488
155,654190	0,0252919904887676
155,763217	0,0255579464137554
155,866418	0,0252525694668293
155,977569	0,0243150852620602
156,087733	0,0228632278740406
156,191000	0,021149318665266
156,301886	0,0194145478308201
156,410694	0,0179302282631397
156,522421	0,0168654806911945
156,629110	0,0166525952517986
156,737668	0,017048042267561
156,848126	0,0185778550803661
156,953934	0,0196428634226322
157,063696	0,0213971920311451
157,174714	0,0233733020722866
157,282498	0,0248626582324505
157,393096	0,0255242325365543
157,503702	0,0255104564130306
157,611504	0,0248089991509914
157,722680	0,0235499776899815
157,831719	0,0219162367284298
157,941774	0,0204337649047375
158,043335	0,0185327790677547
158,146023	0,0174928866326809
158,256121	0,0167147032916546
158,366158	0,0167682878673077
158,477078	0,0176190473139286
158,587003	0,0189726836979389
158,695796	0,0203739441931248
158,806164	0,022402074187994
158,910962	0,0241730846464634
159,019631	0,0251713655889034
159,129490	0,0255247093737125
159,239531	0,0253532566130161
159,349632	0,0242894403636456
159,460273	0,0228428058326244
159,571768	0,0214190371334553
159,681403	0,0196357406675816
159,791686	0,0176845081150532
159,901440	0,0169157423079014
160,010823	0,0166175179183483
160,115559	0,0170077346265316
160,225705	0,0182590000331402
160,334418	0,0195398591458797
160,444487	0,0212874971330166
160,554075	0,0232313014566898
160,663823	0,0245454199612141
160,773694	0,0253024436533451
160,888365	0,0253323577344418
160,998876	0,0248075686395168
161,111720	0,0233861319720745
161,221592	0,0217547751963139
161,336996	0,0200292728841305
161,447271	0,0184397734701633
161,548010	0,0172865726053715
161,656677	0,0167569033801556
161,760733	0,0168313421308994
161,864940	0,0175654552876949
161,970438	0,0191297717392445
162,084657	0,0208216868340969
162,193850	0,0223042406141758
162,304082	0,0238881297409534
162,414191	0,0251832343637943
162,523505	0,0256377346813679
162,635160	0,0253770016133785
162,745813	0,0244813077151775
162,851982	0,0227957852184772
162,961253	0,0210315547883511
163,071497	0,0195764116942883
163,181859	0,0178377293050289
163,291675	0,016803365200758
163,397473	0,0166416950523853
163,511250	0,0170693807303905
163,619986	0,0181484557688236
163,729317	0,019975159317255
163,839282	0,0214256830513477
163,948822	0,0233737789094448
164,058707	0,0244689546525478
164,168768	0,0253390036523342
164,277048	0,0253285579383373
164,388209	0,0245648883283138
164,496864	0,0232726149260998
164,606300	0,0216118358075619
164,717834	0,0201204232871532
164,828134	0,0184995643794537
164,938790	0,0171125344932079
165,049057	0,0165829099714756
165,153050	0,0168944038450718
165,258382	0,0174644254148006
165,364934	0,0190685503184795
165,473971	0,0208050571382046
165,583794	0,0228280760347843
165,693791	0,0243179313838482
165,803979	0,0251656658947468
165,905971	0,025585975497961
166,017598	0,0253375805914402
166,126766	0,0244124419987202
166,231556	0,0229867063462734
166,341208	0,0209717266261578
166,444922	0,0192270688712597
166,554939	0,0180165730416775
166,664808	0,0170238576829433
166,770220	0,0166739337146282
166,879584	0,0171808190643787
166,987564	0,018072072416544
167,098731	0,0198569484055042
167,210441	0,0216298811137676
167,320555	0,0232901908457279
167,429600	0,0244271717965603
167,539385	0,0254900343716145
167,648559	0,025538008660078
167,756227	0,0249956361949444
167,867052	0,0238529853522778
167,976126	0,0219945944845676
168,086879	0,0205586440861225
168,195801	0,0189128778874874
168,305139	0,0174857638776302
168,415968	0,0168939344584942
168,524065	0,0170238576829433
168,633866	0,0178344063460827
168,744072	0,0191933698952198
168,853811	0,0211478881537914
168,963056	0,0228888727724552
169,075666	0,0241360403597355
169,186097	0,0252160020172596
169,299965	0,0257023312151432
169,409349	0,0252478234469891
169,518788	0,0244119726121426
169,632912	0,0226751528680325
169,743545	0,0209204442799091
169,845343	0,0192460529506207
169,945988	0,018055472522974
170,056426	0,0171101652085781
170,165844	0,0168664269149303
170,279487	0,0175455324351788
170,390040	0,018796619027853
170,490792	0,020144160836935
170,600167	0,0218810997903347
170,710082	0,0235319323837757
170,815674	0,0247961767017841
170,927101	0,0254995338618755
171,033764	0,0255626998841763
171,148287	0,0247657783329487
171,252193	0,0237247534096241
171,360272	0,0218359790742397
171,470890	0,0200553871691227
171,583683	0,0187107287347317
171,693788	0,0173031724989414
171,804000	0,0167393647134304
171,914197	0,0170001499354839
172,023342	0,0177200846374035
172,133260	0,0190837346017361
172,243104	0,0208069644868374
172,350024	0,0225435979664326
172,459623	0,0240785740315914
172,570438	0,0251656658947468
172,671981	0,0256054438650608
172,782889	0,0252753682434559
172,888542	0,024486530572176
172,999285	0,0227967388927937
173,107822	0,0210614688694477
173,220324	0,0192868672311306
173,329922	0,0178301371634007
173,436817	0,0169977732002735
173,545800	0,0165686868131161
173,654037	0,0170139037072659
173,758718	0,018305029720068
173,869604	0,0193229429423809
173,979119	0,0213933922350407
174,089040	0,0230916701257229
174,200120	0,0244798846542835
174,309783	0,025342334061861
174,411146	0,025479581207037
174,520252	0,0249054096639156
174,627108	0,023960318416357
174,732948	0,0224186964333057
174,841262	0,0207020305097103
174,951449	0,019026305526495
175,062009	0,0175208635628223
175,172104	0,0168730728328228
175,281214	0,0169702731072903
175,390573	0,0178405754268169
175,500961	0,0189731605350971
175,610021	0,0206122882664204
175,718618	0,0226784758269787
175,827062	0,0241830609738827
175,937086	0,0250939540565014
176,048929	0,0256904624402523
176,158066	0,0254349447786808
176,266776	0,0245473198592663
176,366847	0,0234032236039639
176,476131	0,0213829465210438
176,585056	0,0196461863815784
176,696043	0,0181252099573612
176,805998	0,0172168575227261
176,916457	0,0167493186891079
177,030666	0,0170774422585964
177,136105	0,0180744491517544
177,246013	0,0195716582238674
177,355319	0,0215823911130428
177,465752	0,0235243327915668
177,575162	0,0246047861874104
177,686144	0,0253033898770809
177,797017	0,0254900343716145
177,907231	0,0249699987471104
178,014110	0,0235822759568691
178,128598	0,0219656266272068
178,234320	0,0201811902225018
178,340915	0,0185631476342678
178,450008	0,0175028406083584
178,559461	0,0167526341974735
178,668058	0,0168688036501408
178,774406	0,0175426863133907
178,885141	0,0188701786100864
178,990039	0,0202685482800007
179,100007	0,0223056636750698
179,208679	0,0241018496453762
179,318132	0,0251433365046978
179,428048	0,0255213789641857
179,536882	0,0253703556954861
179,645742	0,0245454199612141
179,747943	0,0231728814542294
179,861745	0,0212039239704609
179,968030	0,01973020657897
180,078063	0,0181840471923351
180,187492	0,0171035192906857
180,296001	0,016629371792078
180,405843	0,0170148499310017
180,519917	0,0180350728332996
180,620698	0,0192607678472996
180,729987	0,0212946198880672
180,840286	0,022985752671957
180,945283	0,0243758745491505
181,045793	0,0251556895673275
181,156029	0,0254715122282505
181,257103	0,0251428671181202
181,366564	0,0241716615855694
181,475304	0,022697951644659
181,579914	0,0209821723401546
181,689059	0,0189921371638775
181,793064	0,0176138319075108
181,901938	0,0169024653732777
182,011919	0,0166412256658077
182,121577	0,0172367803752422
182,222950	0,0179757736623287
182,328598	0,0200026892125607
182,434793	0,0217680670320988
182,544264	0,0231686048209667
182,644911	0,024314608424902
182,754482	0,0254192687571049
182,864850	0,0254539363086224
182,974101	0,0249514691531658
183,083967	0,0238301865756512
183,195793	0,0222406052052975
183,297819	0,0204807780683041
183,407446	0,0188127569854259
183,517141	0,0174649022519588
183,620531	0,016627948731184
183,721783	0,016599502414465
183,827448	0,0170485191047192
183,931264	0,0181930549442768
184,042147	0,0197577364742756
184,144611	0,0214988179504871
184,254480	0,0234331451356411
184,364155	0,0246546529233456
184,473198	0,0253162123262882
184,581499	0,0253076665103436
184,686694	0,024778600782156
184,800127	0,0233823321759701
184,903087	0,0220439918339252
185,013607	0,0202709250152111
185,115053	0,0183890126645565
185,224750	0,0173358954489231
185,336160	0,0166137255728245
185,445727	0,016608040779829
185,552493	0,0174483023583889
185,656855	0,0185465402901173
185,766516	0,0204907469451427
185,868104	0,0219390355050564
185,977744	0,0239916630089283
186,082733	0,0248740576207638
186,191218	0,0253257118165493
186,303769	0,025269191712141
186,412885	0,0243583060801029
186,520663	0,0227411650121212
186,630037	0,0213373564183712
186,743611	0,0195944495499134
186,849752	0,0180834643542767
186,960107	0,0170414038002491
187,071623	0,0166137255728245
187,173830	0,0169034190475941
187,284234	0,018049780279398
187,394263	0,0192664600908756
187,504514	0,0209769494831562
187,613888	0,0229192636907101
187,723705	0,0244580321013927
187,836293	0,025114368647337
187,943311	0,0252592228353024
188,052867	0,0248246677219868
188,162668	0,0235043875873089
188,272345	0,021919559687376
188,376904	0,0204703323543072
188,487147	0,018537525087595
188,598201	0,0171272270381451
188,708755	0,0166075639426708
188,818011	0,0165682099759579
188,928139	0,0173079185187817
189,033670	0,0185669474303722
189,143866	0,0201840363442898
189,257098	0,0219157598912716
189,367087	0,0237090848386288
189,477724	0,024775754660368
189,588381	0,0252639688551426
189,690074	0,025123868137598
189,800011	0,0242025293409824
189,911177	0,0228456519544125
190,020996	0,0208834074437618
190,130610	0,0194610692560673
190,241193	0,0179809890687466
190,351781	0,0169465653598309
190,461099	0,0165672637522221
190,570041	0,0168645344674587
190,679395	0,0180165730416775
190,785078	0,0195199213922024
190,893121	0,0209403894841671
191,003096	0,0228940956294537
191,112005	0,0244124419987202
191,221609	0,0250545255839825
191,328851	0,0252060256898403
191,433084	0,0248697809875011
191,534870	0,0236511416733265
191,644977	0,0224101431667805
191,745883	0,0206963308155537
191,854710	0,01900589838624
191,964619	0,0174312256276608
192,069471	0,0167450495064259
192,178771	0,0165501944720745
192,287964	0,0171846114099026
192,397885	0,0183728747069836
192,507506	0,0199718363583088
192,616825	0,0214199833571911
192,726059	0,0233020670711994
192,834773	0,0246945433318615
192,944752	0,0251970030367374
193,055128	0,0251955799758434
193,170124	0,0243592523038387
193,283790	0,0230508260428905
193,393900	0,021118450909853
193,502822	0,0196713469922543
193,613716	0,0181328020989895
193,714622	0,0169190652668476
193,824107	0,0165601558983326
193,929948	0,016691479831934
194,039724	0,0176517777144909
194,150255	0,0190239362418652
194,260155	0,0209935717284679
194,368403	0,0224044434726238
194,479002	0,0240695513784885
194,588906	0,0249804444611073
194,698023	0,0252141021192074
194,801254	0,0249400697648525
194,901999	0,0240220613777637
195,010031	0,0225991643965244
195,110902	0,0209190212190151
195,221446	0,0192370377480984
195,334843	0,017797876149416
195,447825	0,0167730264365673
195,554859	0,0165672637522221
195,658212	0,0170826576650143
195,766161	0,0179866813123226
195,877369	0,0194686613976955
195,987290	0,0211744867265224
196,097584	0,0230921395123005
196,206968	0,024362575262785
196,321422	0,0251067690551281
196,428747	0,0251832343637943
196,538135	0,0244423560798168
196,644184	0,0232104025781155
196,752898	0,0218787230551243
196,861617	0,0198707170784473
196,974234	0,0183045528829098
197,082880	0,0171291269361973
197,192456	0,0165520943701267
197,303049	0,0166597105562687
197,412525	0,0174392871558666
197,518528	0,0190320052206516
197,628045	0,0206963308155537
197,731077	0,0218421556055546
197,840745	0,0236174203455448
197,940856	0,0246745981276035
198,042266	0,0251091383397579
198,151159	0,0250208117067814
198,260192	0,0241089724004269
198,368984	0,0230175815522671
198,477193	0,0213943459093571
198,589877	0,0194188170135021
198,701767	0,0179544202983379
198,816694	0,016945619136095
198,925791	0,0165720023214817
199,036330	0,0170015729963779
199,145832	0,0180597417056561
199,252784	0,0198673941195011
199,359770	0,0213188417255878
199,465943	0,0230000056326389
199,575286	0,0245406739413738
199,688697	0,0252017565071583
199,797344	0,0253760553896427
199,907724	0,0249495767056942
200,010947	0,0238852836191654
200,119426	0,0223802290856838
200,228902	0,0203815437853336
200,337966	0,0187738351523876
200,449886	0,0175412632524967
200,560085	0,0168797113001347
200,669044	0,0168384574353695
200,779734	0,0175692476332188
200,889312	0,0188042111694813
200,992208	0,0206844620406628
201,101408	0,0218198336660862
201,210605	0,023620743304491
201,320271	0,024735864251852
201,422274	0,0252801142632961
201,531882	0,0252259783446789
201,647506	0,0242053754627705
201,755164	0,0228408984839916
201,862082	0,0214693658053875
201,971069	0,0197586826980114
202,079429	0,0180179961025715
202,190193	0,0169053114950657
202,300632	0,0166398026049137
202,409320	0,016937080770731
202,518336	0,0180910564959049
202,627780	0,0195740349590778
202,736994	0,0209774188697338
202,844215	0,0228860266506672
202,954158	0,0240030623972416
203,061800	0,0249799676239491
203,171139	0,0251480899751186
203,279356	0,0247795544564724
203,388962	0,0235670767724514
203,497753	0,0220620296895504
203,606083	0,0206573940813541
203,709928	0,0187577046453953
203,819810	0,0174800790846348
203,920255	0,0168289728462696
204,035679	0,0166402719914913
204,142535	0,0172685496509075
204,251012	0,0184402503073215
204,360168	0,0200060121715069
204,470547	0,0214271061122417
204,579938	0,0232711918652058
204,689570	0,0246185548603535
204,798697	0,0251419134438038
204,905686	0,0250849239528179
205,013937	0,0244285874068737
205,122354	0,0232232250273228
205,232056	0,0213782005012035
205,347375	0,0196950770914555
205,457682	0,0181887857615948
205,567035	0,0171277038753033
205,676796	0,0166644491255283
205,785170	0,0169901885092258
205,896982	0,0179563127458096
206,001812	0,0191212259232998
206,110904	0,0207665972411633
206,218080	0,0226737223565578
206,328002	0,0240168385207653
206,437471	0,0249747447669506
206,548233	0,0251219682395458
206,658441	0,024823721498251
206,767021	0,023707177489996
206,877335	0,0222486741840839
206,985964	0,0205875970423222
207,092954	0,0189612917602062
207,203173	0,0174729637801647
207,309285	0,0168621651828289
207,418326	0,0167521648108959
207,528107	0,017233457416296
207,637929	0,018819872289896
207,747743	0,0201446376740932
207,856764	0,0215619690716267
207,967033	0,0231496132910252
208,077949	0,0246883668005466
208,188378	0,0251561664044857
208,299483	0,0250445567071438
208,414943	0,0244323872029781
208,525014	0,0229767374694347
208,636102	0,0213611014187336
208,745704	0,0194136016070843
208,856750	0,0181992165744305
208,966196	0,0170290730893612
209,077200	0,0166971646249294
209,182105	0,0170432962477207
209,292766	0,0178083144128323
209,402899	0,0197050459682941
209,510913	0,0211013592779636
209,619045	0,0229848064482212
209,728255	0,0240823738276958
209,831058	0,025026511400938
209,940639	0,0251746885478497
210,050186	0,0246271006762981
210,162892	0,0235328786075115
210,272041	0,0220316462218761
210,383542	0,020354475826025
210,493955	0,0185285098850727
210,594520	0,0175256095826626
210,704771	0,0168327651917934
210,814201	0,0168000496923923
210,923924	0,0174383409321308
211,032766	0,0183970741927624
211,140492	0,0201892592012882
211,251116	0,0218635238707066
211,360399	0,0233837552368641
211,469948	0,0245306976139545
211,580964	0,0251718424260616
211,691889	0,0249818675220013
211,792211	0,024349283427
211,902736	0,0228636972606182
212,012210	0,0212419144809246
212,122948	0,0195597968995571
212,232096	0,0180844105780125
212,341195	0,0170636884868145
212,446827	0,0166350565850735
212,557334	0,0168825574219227
212,666530	0,0177646689116955
212,780586	0,0193898715078831
212,888932	0,0213416330516338
212,999209	0,0226889215409756
213,113090	0,0241911299526691
213,222901	0,0248479433357716
213,333068	0,0250132121145725
213,444224	0,024461355060339
213,554089	0,0235675536096096
213,664126	0,0221071504056454
213,773960	0,0199082233011723
213,879701	0,0183842666447163
213,989745	0,0174037180840969
214,094154	0,0167592726647854
214,200846	0,0167616419494152
214,301929	0,0172761343419552
214,409980	0,0184345580637455
214,519027	0,0202357955276966
214,629862	0,0221997611224651
214,740237	0,0232151560485363
214,850118	0,0245544426143169
214,959161	0,0251219682395458
215,074429	0,0250307880342007
215,184983	0,0241303406655788
215,300006	0,0230702944099903
215,411052	0,0211892016232014
215,521017	0,0192716829478741
215,631769	0,0180891565978527
215,742053	0,0169825963675976
215,852307	0,0167222954332829
215,961369	0,0172419957816601
216,070749	0,0183467827737331
216,179727	0,019592072814703
216,287094	0,0212428607046604
216,397220	0,0228679738938808
216,507107	0,0241749845445156
216,617984	0,0249661989510059
216,733071	0,0251162685453892
216,842343	0,024542573839426
216,951807	0,0234169997274876
217,057672	0,0219053141772747
217,159350	0,0202277190983295
217,270646	0,0186832062900066
217,379376	0,017342533916235
217,489881	0,0168142728507519
217,596181	0,0169641114771366
217,706037	0,017572570592165
217,812164	0,0187975727021694
217,912960	0,0200981087982655
218,018150	0,0222852416336536
218,127462	0,0237285532057285
218,234882	0,024609062820673
218,344056	0,0251229144632816
218,458071	0,0249272473156452
218,563770	0,024268064647913
218,675889	0,0229966752231121
218,791049	0,0211364962160587
218,899588	0,0192204229533672
219,009005	0,0180545262992382
219,117266	0,0170888192951679
219,227084	0,0167094878852367
219,335806	0,0170167498290539
219,446858	0,0179373435676098
219,557325	0,0193205662071705
219,667093	0,0209669806063175
219,775956	0,0228290297091007
219,885696	0,0241032727062702
219,993961	0,024882610887289
220,102892	0,0250497795641422
220,211953	0,0245511196553707
220,321660	0,0232754684984684
220,426103	0,0220245160162449
220,536611	0,0203782208263874
220,646152	0,0187932960689068
220,756015	0,0175365172326565
220,866054	0,0167583264410496
220,976111	0,0167896188795567
221,086084	0,0174796022474766
221,186946	0,0184772573411465
221,298503	0,0200041122734547
221,409986	0,0219347588717937
221,515663	0,0234117768704891
221,624323	0,0243473760783672
221,734984	0,0249714218080044
221,843988	0,0248940102756023
221,950123	0,0241602621972561
222,057484	0,0229088179767132
222,163092	0,0216004364192486
222,273745	0,0194050557911396
222,383487	0,0182101391255856
222,494137	0,017048042267561
222,595461	0,0167294107377529
222,704757	0,0169404037296772
222,815038	0,017778430134058
222,924470	0,0193637646734715
223,034084	0,0207077227532864
223,136526	0,0223389081656933
223,241624	0,0237423293292522
223,350980	0,0247890539467335
223,466002	0,0250436030328274
223,576947	0,0246460996568203
223,687525	0,0236687175929546
223,788189	0,0225174762308598
223,895657	0,020640779286623
224,005785	0,0190661810338497
224,115840	0,017964381724596
224,228231	0,0169944576919079
224,337295	0,0168431960046291
224,446693	0,0173406414687634
224,557502	0,0184141583740711
224,667049	0,0198996774852276
224,776839	0,0218041650950909
224,887022	0,0235186330974102
224,996155	0,024421464651823
225,105839	0,0249448232352734
225,215063	0,024951945990324
225,326032	0,0242837406694889
225,437424	0,0230949930846691
225,548173	0,0215633921325207
225,658000	0,0199200920760632
225,768261	0,0182262696325779
225,878837	0,0171201191842556
225,987772	0,016825657337904
226,097213	0,0171955190598965
226,207207	0,0179596357047558
226,317421	0,0192987360060215
226,429667	0,0209185443818569
226,540185	0,0227834396064281
226,643812	0,0240966193377972
226,751224	0,0248275212943554
226,860905	0,0251428671181202
226,972229	0,0247163884341717
227,081865	0,023713830858469
227,192784	0,0222819186747074
227,307747	0,0206616707146168
227,416615	0,0190690271556377
227,527018	0,0174710638821125
227,632285	0,0169432498514652
227,742583	0,0169057883322239
227,851221	0,0175322480499744
227,961249	0,018915731459856
228,068705	0,0201954357326031
228,179210	0,0218222104012966
228,287137	0,0232873372733593
228,395717	0,0243996195495129
228,501636	0,0249595455825329
228,610924	0,024899709969759
228,719214	0,024057675153017
228,828913	0,0225345753133297
228,931848	0,0214940719306469
229,040398	0,0198683403432369
229,150343	0,0181930549442768
229,260367	0,0172211267054081
229,370446	0,0168251805007458
229,479406	0,0170025192201138
229,588979	0,0179767198860645
229,698936	0,0193248353898525
229,810076	0,0209285132586956
229,920133	0,0225264988839626
230,029098	0,0240624211728573
230,138943	0,0249358005821705
230,249715	0,0250578485429287
230,359506	0,0247068889439106
230,464547	0,0233438573777676
230,579269	0,0221147499978542
230,688944	0,0204703323543072
230,798152	0,0188820399343967
230,908093	0,0174421332776546
231,018106	0,0167284570634365
231,127977	0,0167592726647854
231,238324	0,01725148037076
231,347653	0,0185745321214199
231,457808	0,0203668214380741
231,565676	0,0217224843800068
231,675979	0,02319710329175
231,785595	0,0244333408772945
231,887988	0,0248512662947178
232,003705	0,0247102193534374
232,112957	0,024104218930006
232,220298	0,0226656533777714
232,327091	0,0211108587682247
232,433643	0,0197700820863247
232,541005	0,0183221064507961
232,643830	0,017161849886179
232,751319	0,016784880310297
232,861093	0,0170689038932323
232,964787	0,0179496742784977
233,071099	0,0190386511385441
233,177702	0,0206141881644726
233,279997	0,0222173295915127
233,390446	0,0236026905477047
233,500106	0,0245729647576809
233,603853	0,0249348469078541
233,712736	0,0247805081307888
233,826982	0,0236710868775845
233,934655	0,0222937874495983
234,043330	0,0209688805043697
234,149717	0,0193732567131519
234,258640	0,0178144760429859
234,368109	0,017095934599638
234,476692	0,0167995728552341
234,586992	0,0171362422406673
234,696009	0,0183007605373859
234,805656	0,0197387523949146
234,918205	0,0213701240718365
235,026853	0,0229202173650265
235,134246	0,0241384170949459
235,234857	0,0248697809875011
235,342560	0,0249737985432148
235,450880	0,0244376100599766
235,562159	0,0233619026839733
235,670859	0,0216123126447201
235,779982	0,0202481411397457
235,890393	0,0184872262179852
236,000611	0,0173501260578632
236,112018	0,0167853496968746
236,221059	0,016804788261652
236,334074	0,0175645016133785
236,443961	0,0188013650476933
236,544072	0,0203378610312939
236,654266	0,0216925628483295
236,764129	0,0235974676907063
236,874786	0,0245254747569561
236,979959	0,0248807109892368
237,090353	0,0247235111892223
237,194777	0,0239636413753033
237,305008	0,0227354653179646
237,417169	0,0211906246840954
237,527049	0,0195968188345432
237,630090	0,0178339295089245
237,739805	0,0172405727207661
237,850103	0,0168583728373051
237,958886	0,0171277038753033
238,061738	0,0181812010705471
238,169631	0,0193196199834347
238,279128	0,0211588107049465
238,389782	0,022713627666235
238,491585	0,0239935629069805
238,600021	0,0246883668005466
238,709850	0,0249813906848431
238,818509	0,0245596654713154
238,927932	0,0235656537115574
239,037195	0,0221760086715221
239,146290	0,0205738358199596
239,255713	0,0190353281795979
239,365776	0,0178130529820919
239,475625	0,0170745961368084
239,577747	0,016966950148344
239,688550	0,0174957253038883
239,795865	0,0187814347445965
239,904001	0,0200155042111874
240,019910	0,0218744464218616
240,126835	0,023318212479353
240,237137	0,024518821388483
240,340374	0,0248707346618176
240,449835	0,0248802341520786
240,558878	0,0241298638284206
240,664851	0,0226917751133442
240,772263	0,0216797403991222
240,881781	0,0198161266744137
240,992135	0,0181731320917606
241,100828	0,017348226159811
241,210304	0,0168787650763988
241,317986	0,017052311450243
241,428633	0,0178457908332348
241,537036	0,0193561725318432
241,644960	0,0206692703068256
241,754364	0,0222600735723972
241,864427	0,0238202176988125
241,974362	0,024679820984602
242,084753	0,0249462462961674
242,193666	0,0245848409831524
242,305845	0,0236525647342205
242,421697	0,0220192931592464
242,532913	0,0204119347035885
242,642322	0,0191098414361477
242,750807	0,0174743868410587
242,860696	0,0169223807752132
242,972013	0,0168209113180637
243,080026	0,017366249114275
243,190242	0,018699336796999
243,295945	0,019946675747633
243,406048	0,0215643458068371
243,513836	0,0230740942060947
243,625703	0,0245050452649593
243,735701	0,0249106325209141
243,835801	0,0248849801719189
243,944117	0,0241379402577877
244,056815	0,0229548923671246
244,164807	0,0211854018270969
244,267908	0,0201265923678875
244,377147	0,0184540115296841
244,485742	0,0174293331801891
244,591689	0,0170034654438496
244,694175	0,0171523652970791
244,808425	0,0179306976497173
244,922728	0,0191995389759541
245,037906	0,0210097096860409
245,142514	0,0223013870418072
245,245941	0,0236435420811176
245,361299	0,0245610885322094
245,462003	0,0249172784388065
245,578023	0,0246589295566082
245,678098	0,0236221663653851
245,791604	0,0222747884690762
245,902878	0,0209717266261578
246,006819	0,0193917639553547
246,108707	0,0180640108883381
246,209093	0,0171812884509563
246,324732	0,0168858729302883
246,425777	0,0172163881361485
246,545725	0,0181332789361477
246,645770	0,0194852761924267
246,761073	0,0210586227476597
246,861126	0,0225777961313725
246,961404	0,0238230638206005
247,075410	0,0245952866971493
247,177807	0,0247871540486813
247,291495	0,0243564061820507
247,394235	0,0231738276779652
247,494792	0,0222486741840839
247,608952	0,0204427875578403
247,726079	0,0186898522078991
247,846052	0,0175569169223309
247,964131	0,0169522576034069
248,078024	0,0169636346399784
248,191226	0,0177717842161655
248,294078	0,019004475325346
248,394548	0,0205353684723377
248,495666	0,0221332721412182
248,597113	0,0235229097306728
248,697576	0,0243901200592518
248,798641	0,0249367468059063
248,898793	0,0248507969081402
248,999755	0,024322684854269
249,101501	0,0232246480882168
249,201728	0,0217500291764736
249,302782	0,0204252265393734
249,402895	0,0189228542149067
249,504821	0,0178965516388416
249,604969	0,0171262808144093
249,705619	0,0169517807662487
249,806877	0,0173207186162472
249,906920	0,0182808302342892
250,008347	0,019408855587244
250,110269	0,0209560580551624
250,212129	0,0225170068442822
250,314023	0,0238154642283916
250,415870	0,0245582424104214
250,515933	0,0249495767056942
250,617847	0,0247002430260181
250,718082	0,0240424834191799
250,819093	0,0230555795133114
250,920473	0,0212984196841717
251,020842	0,0199689902365208
