0,100861	0,0281877480447292
0,201448	0,026942502707243
0,302787	0,0261483155190945
0,404734	0,025527086108923
0,506489	0,0254786349833012
0,607573	0,0258676074445248
0,708568	0,0265225879848003
0,808619	0,0278893373906612
0,908858	0,0290146879851818
1,013375	0,0302523039281368
1,131047	0,0311661548912525
1,232409	0,0319105423986912
1,333086	0,0321176387369633
1,448366	0,0318691246211529
1,563626	0,0307284407317638
1,665514	0,0299241654574871
1,780650	0,0286268405616283
1,883051	0,027069803327322
2,001554	0,0260404907166958
2,121661	0,0253770016133785
2,232901	0,0253399573266506
2,333279	0,0257730968296528
2,438799	0,0268484465777874
2,548298	0,0280988775193691
2,648558	0,0294648669660091
2,763105	0,0304758436977863
2,863185	0,031450729817152
2,964097	0,0319567210972309
3,072564	0,0320371799170971
3,182832	0,0315097458660603
3,301418	0,0305614657700062
3,401597	0,0292751826345921
3,509459	0,0279216505587101
3,621554	0,0264589451253414
3,732835	0,0255546234548092
3,847643	0,0251457132399082
3,948275	0,0251989029347897
4,049397	0,0257631205022335
4,163730	0,0271880961954594
4,275563	0,0282865799963474
4,384429	0,0298961140215397
4,501902	0,0310638509690762
4,621460	0,0318453200161457
4,731685	0,0321662090718746
4,832706	0,031917680054903
4,932775	0,0311751924455166
5,048230	0,0300649218261242
5,162328	0,0287133418023586
5,277037	0,0271752662956715
5,380269	0,0262618251144886
5,501864	0,0254344679415226
5,616954	0,0253299809992313
5,717468	0,025751244276762
5,832658	0,0268408469855785
5,947890	0,0283782966434956
6,048255	0,0293060801923275
6,148869	0,0304192490875721
6,251445	0,0316844247281551
6,363564	0,0322752483189106
6,468659	0,0323833487927914
6,582535	0,0319057814776897
6,683501	0,0305552817881107
6,801538	0,0297068618237972
6,911344	0,0280708484351635
7,022170	0,0267795659601688
7,131410	0,0257199071347713
7,232667	0,0253266580402851
7,337259	0,0253352038562298
7,451961	0,0259948931634426
7,563657	0,0271990261971951
7,678455	0,0285617373883724
7,780950	0,0296964086592197
7,884215	0,0308835320174694
8,001691	0,0318957827985287
8,116693	0,0321833454072475
8,217126	0,031968142837286
8,317535	0,0314150340855122
8,421828	0,0301115326583385
8,533483	0,0290284715592861
8,634055	0,0274555645883083
8,742783	0,0262884236872196
8,850801	0,0256619565188885
8,963970	0,0253105126321316
9,067810	0,025435421615839
9,180814	0,0264413692057133
9,301903	0,027582410722971
9,417185	0,028963353484869
9,517304	0,0302941612899303
9,625600	0,0315097458660603
9,737150	0,0321462117135525
9,848624	0,0321990586817265
9,963562	0,0317539237439632
10,064421	0,0308616422116756
10,172215	0,0293640829622746
10,278967	0,0282442830502987
10,386805	0,027164813131094
10,487015	0,0259326808154583
10,600097	0,0254092924296856
10,715336	0,0253846012055874
10,821524	0,0257811732590199
10,932543	0,0273258648812771
11,048600	0,0284072868525982
11,159209	0,0300264023244381
11,272944	0,0310234092175961
11,382511	0,0319771878421307
11,492252	0,0323138199746609
11,594295	0,0320600308477879
11,704516	0,0313184298574924
11,815231	0,0302114002406597
11,924574	0,028608787804842
12,035077	0,0273035280406475
12,145298	0,0262167043983936
12,250885	0,0256068669259548
12,360581	0,0253960005939007
12,471484	0,0256928317248821
12,582482	0,0264950431883335
12,688902	0,027930673211813
12,798654	0,0290555618703365
12,908807	0,0303935594856739
13,018522	0,031633023172617
13,127607	0,0322452522814274
13,237460	0,0322862006723881
13,347269	0,0316815711557865
13,455119	0,0306913293898106
13,556353	0,0294268317520618
13,666337	0,0280242823064327
13,775733	0,0267729200422764
13,886748	0,0258372090756893
13,993072	0,0253931470215321
14,103208	0,0254472903907299
14,210607	0,0259193815290928
14,312969	0,026894997805357
14,424163	0,0281858406960964
14,534132	0,0297667793929577
14,644322	0,0307931415736675
14,754305	0,0318500809371471
14,860312	0,0322295315563679
14,970239	0,0321047864854336
15,079438	0,0316035114228725
15,190072	0,0303930826485157
15,300050	0,0290926434099674
15,409424	0,0275263451039791
15,510409	0,0265577398240566
15,613647	0,0256614871323109
15,722596	0,0254187993705273
15,831429	0,0255498699843884
15,941795	0,026357289403677
16,051716	0,0276565290987492
16,160622	0,0287589691579342
16,269956	0,0302879773080349
16,379035	0,0311766229569912
16,489177	0,0319919474422932
16,598377	0,0321519188582897
16,708968	0,0317358337342739
16,817671	0,0310733653604984
16,921570	0,0297002084553242
17,023950	0,028578843921423
17,133113	0,0270854867994785
17,243680	0,0260324142873287
17,352413	0,0253993235528469
17,461634	0,0253480337560177
17,571542	0,0256890319287777
17,677701	0,0267387144267559
17,792085	0,0281696878373623
17,893013	0,0292808823287487
17,996586	0,0305524282157421
18,107828	0,0314897634088993
18,218291	0,0320133753120899
18,324763	0,0320719294250011
18,435257	0,0314840488135815
18,544843	0,030541967600584
18,654746	0,029291819781065
18,763658	0,0277040340006351
18,873522	0,0265211649239063
18,984749	0,0256239660084248
19,086347	0,0252573154866695
19,191596	0,0253860242664814
19,293948	0,0258714072406292
19,403244	0,0270978398621082
19,513346	0,0283854268491268
19,623902	0,02946962043643
19,734103	0,0306780152022839
19,841489	0,031612079590559
19,951297	0,0318976901471615
20,057211	0,0317120365798473
20,162556	0,0309824906289577
20,272379	0,0299118049442768
20,372941	0,0286073572933674
20,477051	0,0277064107358456
20,586957	0,0261886827647686
20,693330	0,0254363678395748
20,800755	0,025188934057951
20,902864	0,0254078693687916
21,012398	0,026097010821104
21,119296	0,0269762240350246
21,228829	0,0284757204353809
21,339735	0,0297572650015354
21,449482	0,0308597423136234
21,558820	0,0316644348204136
21,670538	0,0318272300064564
21,779524	0,0314826183021069
21,881640	0,0308235846459866
21,993145	0,0297111459076405
22,105808	0,0284348465502262
22,213523	0,0269586481153965
22,322945	0,0259545259177685
22,430434	0,0253746248781681
22,541777	0,0252810679376125
22,653811	0,0258604846894741
22,762776	0,0266408659517765
22,872955	0,0278437249362469
22,977398	0,0291843898594379
23,086504	0,0306014232337475
23,195514	0,0313707776367664
23,307769	0,0319214873015881
23,418249	0,0319000668823719
23,528499	0,0312108881771564
23,639043	0,0303688310086727
23,749939	0,0288982354104519
23,864169	0,0276028402149677
23,974290	0,0264589451253414
24,085346	0,0255802683532238
24,195975	0,0253627561032772
24,306192	0,0256391577422619
24,416356	0,02641287073493
24,526661	0,027536328881979
24,636977	0,0288122035562992
24,748046	0,0302665717899799
24,856476	0,0310928784310818
24,969758	0,0317648686468601
25,078414	0,0318353213369846
25,187897	0,0313641168177128
25,298485	0,0304791741073132
25,406655	0,0292937271296978
25,514768	0,0279701165854931
25,624654	0,0269501022994518
25,728458	0,0258291400969028
25,834888	0,0253071896731853
25,944973	0,0253494568169117
26,054027	0,0257445983588696
26,158662	0,0268080644309521
26,270225	0,0282751731574535
26,373408	0,0291378013789654
26,475387	0,03035693988204
26,580278	0,0313032083213329
26,689580	0,0318238995969296
26,798920	0,0318158082664013
26,908840	0,0311942286789417
27,018564	0,0302080698311329
27,122467	0,0292162336409092
27,231528	0,0278936140239239
27,341598	0,0265377871692181
27,451413	0,0256391577422619
27,562608	0,0253428034484386
27,671458	0,0256177894771099
27,776575	0,0261820368468761
27,887237	0,0272099487483501
27,999674	0,0287309251725674
28,109923	0,0299907438457012
28,219446	0,0310824103653431
28,327904	0,0318586491048336
28,442865	0,0319690965116024
28,551797	0,0316211171448231
28,662847	0,0307817198336124
28,772168	0,0296441055834293
28,880802	0,0285883508622646
28,988869	0,0271272845566273
29,100286	0,0261673144996166
29,209826	0,0256082974374294
29,315191	0,0255304090678692
29,425254	0,02589325979352
29,532465	0,0269030667841434
29,642920	0,0283174701035023
29,747777	0,0296364985406399
29,858257	0,0306190215051174
29,972650	0,0316634811460972
30,078240	0,0320881195366383
30,187541	0,0320424176752567
30,293118	0,0315425880253315
30,402902	0,0304259024560452
30,512477	0,0291667990386486
30,614620	0,0280751250684261
30,724679	0,0268631689250469
30,832945	0,0257436446845531
30,941267	0,0254667587578297
31,049679	0,0255356319248676
31,158953	0,0262247733771801
31,269345	0,0272612534463406
31,377913	0,0287200026214123
31,487830	0,0297862701117992
31,600532	0,0308958999812603
31,709491	0,0316239707171917
31,819747	0,0319224409759045
31,928982	0,0316944234073162
32,040100	0,0309777297079563
32,141642	0,0297177992761135
32,251313	0,0286244712769985
32,361433	0,0271253846585751
32,471361	0,0260908417403698
32,578194	0,0253603793680668
32,686539	0,0253162123262882
32,795558	0,025560799986124
32,906005	0,0264731906354427
33,015925	0,0278722308576107
33,124914	0,0291615687310696
33,227343	0,0301909558475018
33,335032	0,0313355587422848
33,441322	0,0317662991583347
33,547628	0,0318586491048336
33,657345	0,0314526297152042
33,767427	0,0305714569985867
33,873011	0,0294268317520618
33,984480	0,0281221680343151
34,093834	0,0267102159559727
34,200811	0,0258462391793728
34,312322	0,0253741554915905
34,422407	0,0254691354930401
34,525295	0,0259312577545643
34,633876	0,0272070951759815
34,744146	0,0282780267298222
34,854852	0,029545683413744
34,965292	0,0304972492158413
35,074908	0,0314969010651112
35,182339	0,0318158082664013
35,289515	0,0316777639091015
35,399868	0,0310462452471256
35,509227	0,0299921669065952
35,614624	0,0287684760987759
35,725012	0,027462687343359
35,831560	0,0263297446072102
35,940471	0,0255831219255924
36,044887	0,0252620689570904
36,156244	0,0254881344735622
36,261666	0,0263620428740978
36,371321	0,0274679102003574
36,474362	0,0287855826318264
36,584690	0,0300292633473873
36,694302	0,0310372076928616
36,804386	0,0316887088119984
36,915310	0,0318310372531414
37,025063	0,0314631052315235
37,127225	0,0306580327451229
37,237816	0,0294900648295879
37,348245	0,0282058008015156
37,458926	0,0271595902740955
37,568522	0,025828193873167
37,678413	0,0253960005939007
37,788301	0,0252986438572407
37,897050	0,0257251299917698
38,006706	0,0269790776073933
38,115868	0,0279943458735943
38,224341	0,0290859900414944
38,329817	0,0304815508425236
38,439575	0,0313341282308102
38,542853	0,0317367874085903
38,651672	0,0317444019019604
38,760908	0,0312456227838993
38,870698	0,0301590897142887
38,979042	0,0289248488843441
39,088457	0,0278484784066677
39,197257	0,0264798440039158
39,298863	0,0256334654986858
39,408854	0,0252520926296711
39,519387	0,025391723960638
39,624938	0,0260138921439648
39,734876	0,0272441543638706
39,840762	0,0282913334667683
39,950131	0,0293559990823269
40,059553	0,0306713543832302
40,169426	0,0315111763775349
40,275314	0,0317234583199024
40,384599	0,0315249748528004
40,497417	0,0306865759193897
40,608377	0,0293878428637981
40,718279	0,0280965082347393
40,825477	0,027049858123064
40,933253	0,0258785299956799
41,041610	0,0253076665103436
41,150073	0,0252117328345776
41,259331	0,0255759991705418
41,370003	0,0263919644057751
41,473285	0,0275434516370296
41,575267	0,0286301709711552
41,685800	0,030085850507021
41,796059	0,0310809798538685
41,898843	0,0316068418323994
42,008702	0,031780581921339
42,120058	0,0313612557947636
42,230702	0,0303493328392506
42,340452	0,0291515849530697
42,449513	0,028087954968214
42,559459	0,0266840867698193
42,668740	0,0257996954023838
42,783424	0,025360856205225
42,894173	0,0254734121263027
43,003800	0,025987770408392
43,113276	0,0271443910896778
43,222493	0,0283744968473911
43,332718	0,0296464823186398
43,438270	0,0307193957269192
43,549912	0,0315440110862255
43,659942	0,0317448787391186
43,770211	0,0314316935837269
43,881249	0,0308359526097775
43,987964	0,0297705791890621
44,096256	0,0282880030572414
44,205260	0,0270565114915371
44,310637	0,0261772833764553
44,419849	0,0254012234508991
44,529718	0,0252478234469891
44,639857	0,0255147330462933
44,749466	0,0264351926743984
44,859834	0,0275710038840771
44,971247	0,0290688760578632
45,075038	0,0300768129527569
45,184716	0,0310224555432796
45,287763	0,0315887592732906
45,397235	0,0316587202250957
45,500199	0,0313384123146534
45,611228	0,0302052162587643
45,716097	0,029425885528326
45,826848	0,0281483046710491
45,941635	0,0265425406396389
46,051518	0,0256595872342587
46,158576	0,0252577923238277
46,266684	0,0252782218158245
46,373476	0,0257094614207745
46,475290	0,0266057141125202
46,583838	0,0280000455677509
46,689047	0,0290508083999157
46,793686	0,0302052162587643
46,907359	0,031068604439497
47,016764	0,0315216444432735
47,124154	0,0313936211168766
47,233822	0,0307893343269825
47,343753	0,0298000611364841
47,449134	0,0288003198802471
47,556889	0,0275353752076626
47,664640	0,026404794305563
47,774310	0,0255797989666462
47,883001	0,0252036564052105
47,992568	0,0253318808972836
48,102490	0,0260894112288952
48,213416	0,0271420143544674
48,316590	0,0281772874295712
48,425170	0,0294434688985348
48,526117	0,0305486209690571
48,635189	0,0314178876578808
48,747551	0,0316677652299404
48,856854	0,0314345471560955
48,962391	0,0307479463517666
49,073349	0,0297063924372196
49,182030	0,0284761972725391
49,291431	0,0272512771189213
49,392695	0,0262219272553921
49,502901	0,0255698226392269
49,617056	0,0253812782466412
49,727393	0,0257550440728664
49,841387	0,0265582166612148
49,951551	0,0276474989950657
50,054500	0,0288716144859791
50,161249	0,0300240330398083
50,270131	0,031047198921442
50,379961	0,0314545370638371
50,489733	0,0315026082098484
50,598708	0,0310981087386608
50,708399	0,0301267467439175
50,818568	0,0292029194533825
50,928772	0,0280223749577999
51,042961	0,0267567671835423
51,151483	0,0259730480611324
51,261333	0,0256263352930546
51,371285	0,0257407985627651
51,474337	0,0263159684836864
51,583747	0,0272522233426571
51,688568	0,0281977243721485
51,795898	0,0293902270495892
51,904480	0,0306161679327488
52,014583	0,0313255675137043
52,124457	0,0316306389868259
52,234357	0,0313612557947636
52,344626	0,030674684792757
52,454496	0,0298566482961178
52,566668	0,0284742973744869
52,676480	0,0273101888597012
52,787361	0,0263344906270504
52,899856	0,02570566162467
53,010687	0,0255574695765972
53,111292	0,0258552618324757
53,213306	0,0265895612537861
53,320708	0,0278251953423023
53,428624	0,0285973809659481
53,533272	0,0299351029098034
53,642444	0,0309558473527431
53,748316	0,0313112922012806
53,857837	0,0314983241260052
53,959264	0,03109335526824
54,066218	0,0303179360926151
54,177271	0,0292575918138027
54,287888	0,0282618664205074
54,394473	0,0269515253603458
54,503274	0,0260723195970058
54,610099	0,0256334654986858
54,720249	0,025538008660078
54,829888	0,0261169634759426
54,940390	0,0270151756703854
55,049467	0,0281464047729969
55,160326	0,0293346010148525
55,270742	0,030404981225729
55,379638	0,0311866141855717
55,488637	0,0315145067870617
55,598039	0,0314335934817791
55,712588	0,0308854319155216
55,818247	0,029775332659483
55,921637	0,0290146879851818
56,031259	0,0276118628680706
56,145431	0,0265453867614269
56,255264	0,0256966315209866
56,369678	0,0254330448806286
56,479275	0,0255731455981731
56,585326	0,0262879468500614
56,696675	0,0272541306912899
56,806983	0,0286249406635761
56,912717	0,0293883197009563
57,021562	0,0306765846908092
57,126069	0,0311856679618359
57,235558	0,0313817225396633
57,343083	0,0311357043683529
57,452255	0,0303141288459301
57,561503	0,0294691435992718
57,668920	0,0281392745673656
57,779057	0,0272042490541935
57,887677	0,0262718014419079
57,995416	0,0256367884576321
58,096813	0,0255645997822285
58,205355	0,0258619077503681
58,310770	0,0265924148261547
58,421528	0,0276004634797573
58,524943	0,0285612605512142
58,635010	0,0298590175807476
58,745322	0,0307412855327129
58,854670	0,0312832184135914
58,959563	0,0313631631433964
59,069950	0,0309192128479481
59,179386	0,0302946381270885
59,289415	0,0292747057974339
59,392889	0,0279767625033855
59,497926	0,0269420258700848
59,607584	0,0262499488890171
59,715375	0,0257379524409771
59,825707	0,025772150605917
59,928669	0,0262570716440678
60,039385	0,0270964168012142
60,148193	0,0281459279358387
60,258366	0,0292618684470654
60,360245	0,0301053486764431
60,469825	0,0308602191507816
60,580460	0,0312903560698032
60,690636	0,03111856803298
60,793180	0,0306318663060665
60,897387	0,0297615490853786
61,007550	0,0288678146898746
61,109980	0,0277382470667362
61,211275	0,0265776924788952
61,321514	0,0259683020412922
61,431612	0,025604497641325
61,541223	0,025777842849493
61,646874	0,0262314267456532
61,754898	0,0272992588579655
61,864335	0,0284110866487026
61,971599	0,0295228622853756
62,081334	0,0304920189082623
62,191856	0,0311376042664051
62,297640	0,0313812457025051
62,412075	0,0311856679618359
62,527312	0,0304320938885212
62,635986	0,0296493358910084
62,742367	0,0285569839179516
62,850440	0,0274555645883083
62,955210	0,0265453867614269
63,065012	0,0259445570409298
63,175344	0,0257920958101749
63,285322	0,026111263781786
63,391483	0,0268280170857906
63,494513	0,0278280489146709
63,603325	0,0289429165422916
63,711669	0,0299688689410686
63,820401	0,0307879038155079
63,929481	0,0311999432742596
64,039489	0,0312451459467411
64,142332	0,0309082679450512
64,245955	0,0302936844527721
64,355605	0,0291054733097553
64,465628	0,0281829945743084
64,575056	0,0271154157817364
64,684740	0,0262675248086452
64,791456	0,0257493518292904
64,894363	0,0257574208080769
65,005459	0,0262186042964458
65,112531	0,0268807448446751
65,221252	0,0282537899911404
65,325692	0,0291919894516468
65,434654	0,0300430469214916
65,544015	0,0309287272393703
65,653602	0,0313079617917538
65,761563	0,0312242023646832
65,872637	0,030834998935461
65,981259	0,0298794694244862
66,091253	0,0286073572933674
66,194023	0,0276888348162174
66,303132	0,0267011933028698
66,409741	0,0259939469397068
66,519973	0,0256871320307255
66,625459	0,02587616071105
66,736023	0,0262466259300709
66,840356	0,0274270586669445
66,941662	0,0283255465328693
67,048607	0,0294382460415363
67,158257	0,0303878523409367
67,259939	0,0310357771813869
67,370576	0,0312946401536465
67,480223	0,0311661548912525
67,590648	0,0306290127336979
67,702724	0,0296112932264805
67,809411	0,0285241864621639
67,919666	0,0274370275437832
68,029583	0,0265225879848003
68,140203	0,0259108357131481
68,250497	0,0257293991744518
68,361694	0,0260571204125881
68,471705	0,0267605669796467
68,579550	0,0279430262744427
68,685609	0,0288663841784
68,790359	0,0297463275492191
68,891297	0,0306342430412769
68,997264	0,0312213487923145
69,107593	0,0313027314841747
69,214562	0,0309972427785397
69,324450	0,0301500521600246
69,428304	0,0293270014226437
69,539425	0,0280247591435909
69,648846	0,0269800238311291
69,759377	0,026191059499979
69,870501	0,0257569514214993
69,974226	0,0257308296859264
70,079904	0,0262162275612354
70,189376	0,0270204059779644
70,295522	0,0280760712921619
70,406557	0,0290232412517071
70,516790	0,0302266217768192
70,626234	0,031094778329134
70,741216	0,0313831530511379
70,853184	0,0312775038182735
70,964446	0,030746515840292
71,074547	0,02985854819417
71,184992	0,028787013143301
71,296295	0,0276783816516399
71,399122	0,0267040394246578
71,508796	0,0259716250002384
71,615386	0,0257716737687588
71,724679	0,0259474031627178
71,830408	0,0265468172729015
71,935541	0,0274527110159397
72,041245	0,0285408236086369
72,151702	0,0298029147088528
72,256706	0,0306699238717556
72,361573	0,0311575867235661
72,470546	0,0313574485480785
72,573917	0,0311119072139263
72,681574	0,030478697270155
72,791348	0,0293526686728001
72,891439	0,0286092571914196
73,002969	0,0273524709045887
73,112692	0,0264351926743984
73,223219	0,0258676074445248
73,326604	0,0257199071347713
73,427811	0,0259189046919346
73,529972	0,026558693498373
73,639469	0,0274968929588795
73,744345	0,0284044332802296
73,854387	0,0296888016164303
73,963165	0,0307032279670238
74,071716	0,0312270633876324
74,181640	0,0313431732356548
74,291457	0,0309020839631557
74,403464	0,0302884541451931
74,513886	0,0293032266199589
74,624592	0,0283825732767582
74,732876	0,0271557904779911
74,839740	0,0263311676681042
74,948498	0,0258652381598949
75,058274	0,0258699841797352
75,168761	0,0263349674642086
75,278729	0,0271586440503597
75,387930	0,0282248072326183
75,496838	0,0293369852006435
75,605594	0,0303512327373028
75,715351	0,0310838334262371
75,825549	0,0314126573503017
75,939837	0,0313165225088596
76,049945	0,030648048967123
76,159861	0,0297144763171673
76,269336	0,0285973809659481
76,377746	0,0276280157268047
76,486798	0,026329267770052
76,594852	0,0257863961160183
76,704416	0,0255237556993961
76,814005	0,0257336758077145
76,924354	0,0264888666570187
77,034503	0,0273035280406475
77,143694	0,0284310467541218
77,247577	0,0297073386609554
77,357143	0,0305980928242207
77,465938	0,0311466492712498
77,574702	0,0312651358544827
77,683585	0,0309596545994282
77,795621	0,030270379036665
77,901127	0,0292856432497501
78,009826	0,0281910710036755
78,118818	0,0271363072097301
78,228466	0,026182983070612
78,329130	0,0258642844855785
78,438710	0,0257213301956654
78,548727	0,0262195505201817
78,658815	0,0270213522017002
78,770247	0,0280523188412189
78,873589	0,0289856903254986
78,983284	0,0300126187503338
79,089001	0,0308055095374584
79,194767	0,0313027314841747
79,303440	0,0313108153641224
79,413556	0,0307622142136097
79,525646	0,0301039181649685
79,634788	0,0289015583693981
79,744016	0,0279810465872288
79,854218	0,0266660414636135
79,962901	0,0260841883718967
80,074206	0,025756474584341
80,183485	0,0258087180554867
80,291308	0,0263786651194096
80,405876	0,0274075753986835
80,511648	0,028464313596487
80,618497	0,0293669365346432
80,725392	0,0303069986402988
80,835306	0,0310134179890156
80,941356	0,0312032736837864
81,051324	0,0309463255107403
81,161263	0,0301486290991306
81,271296	0,0295271389186382
81,373116	0,0282476134598255
81,478444	0,0271847657859325
81,587588	0,0264351926743984
81,692659	0,0258125178515911
81,796912	0,0256139896810055
81,905792	0,0259436033666134
82,009462	0,0266418196260929
82,118578	0,027465533465147
82,226640	0,028563167899847
82,336136	0,0297995842993259
82,444259	0,0306599400937557
82,552832	0,031156163662672
82,663265	0,0312441922724247
82,778451	0,0308012254536152
82,888300	0,0300168953835964
82,994706	0,0291824899613857
83,095545	0,0280722714960575
83,205420	0,0268831215798855
83,312136	0,0263492204248905
83,421244	0,025776419788599
83,525537	0,0257412753999233
83,635181	0,0261435620486736
83,744466	0,0267610438168049
83,849446	0,027930673211813
83,954855	0,0290275253355503
84,063984	0,0300302095711231
84,173559	0,0307926647365093
84,278829	0,0311813838779926
84,388780	0,0311376042664051
84,489382	0,0306894294917583
84,604378	0,0300421006977558
84,712263	0,0290446318686008
84,819978	0,0277829058468342
84,931256	0,0268071182072163
85,041532	0,0260167457163334
85,155435	0,0257730968296528
85,263454	0,0259345807135105
85,373252	0,0265420638024807
85,482897	0,027287382632494
85,591305	0,028536070138216
85,699157	0,0297948308289051
85,809817	0,0305224619805813
85,919385	0,03111856803298
86,027460	0,0313203297555447
86,136444	0,0310895480215549
86,247671	0,0304720364511013
86,357167	0,0295318923890591
86,464770	0,0284391306340694
86,574375	0,0272075720131397
86,684989	0,0264698676764965
86,793371	0,0259079821407795
86,903684	0,0257892422378063
87,005719	0,0261435620486736
87,115654	0,0267344377934933
87,225540	0,0276988111436367
87,335412	0,0289690531790257
87,443175	0,0299983508884907
87,552889	0,0307845734059811
87,653821	0,0311804302036762
87,758179	0,0312484763562679
87,867191	0,0308345220983028
87,973575	0,0302128307521343
88,081643	0,0292238406836987
88,191400	0,0279302038252354
88,297087	0,0270778797566891
88,399750	0,0262532718479633
88,510428	0,0257502980530262
88,616077	0,0257612206041813
88,725002	0,0261544845998287
88,834591	0,026920173317194
88,946626	0,0281278677284718
89,056836	0,0294116176664829
89,165798	0,0303802452981472
89,275187	0,0310495756566525
89,389284	0,0313155688345432
89,500081	0,0311475954949856
89,608555	0,0304121114313602
89,718480	0,029631745070219
89,824970	0,0285427235066891
89,934558	0,0272403545677662
90,044376	0,0264598987996578
90,157145	0,0257958956062794
90,267325	0,025538008660078
90,373365	0,0257493518292904
90,484331	0,026508342474699
90,593889	0,027320634573698
90,702664	0,0286349318921566
90,810344	0,0298751853406429
90,910741	0,0304663293063641
91,018488	0,0311195217072964
91,126556	0,0311956591904163
91,234821	0,0309753529727459
91,344521	0,0303041450679302
91,448576	0,0291454084217548
91,558728	0,0280204825103283
91,669108	0,0267862193286419
91,778033	0,0262356959283352
91,887520	0,0256557874381542
91,997402	0,0256334654986858
92,107203	0,0260685198009014
92,217493	0,026871245354414
92,318403	0,0279321037232876
92,428413	0,0292808823287487
92,538452	0,0301362611353397
92,649386	0,0309244431555271
92,757330	0,0313550718128681
92,863595	0,0312679894268513
92,974560	0,0307674445211887
93,084600	0,0299037210643291
93,190438	0,028615441173315
93,292717	0,0274717099964619
93,397489	0,0264541916549206
93,508600	0,0258343629539013
93,611269	0,0254757814109325
93,719342	0,025630135089159
93,825467	0,0262518487870693
93,936047	0,0270384587347507
94,045166	0,0281620807945728
94,155486	0,0293179638683796
94,265394	0,0304806046187878
94,375436	0,0311257056891918
94,485244	0,0313703007996082
94,595597	0,0311399810016155
94,705412	0,0304986797273159
94,811520	0,0295414067804813
94,919034	0,0281991474330425
95,024375	0,0272607766091824
95,134499	0,0263216681778431
95,243205	0,0256904624402523
95,351671	0,0255408547818661
95,461574	0,0258913598954678
95,571387	0,0264955200254917
95,671539	0,0276931039988995
95,778406	0,0288331173360348
95,889617	0,0297487042844296
95,994651	0,0305353067815304
96,105445	0,0312127880752087
96,214529	0,0313484109938145
96,324173	0,031039584428072
96,428790	0,0303260199725628
96,538567	0,029346015304327
96,649372	0,0280347354710102
96,759343	0,0271643437445164
96,866953	0,0262409262359142
96,977161	0,0258011184632778
97,085737	0,0259317271411419
97,193698	0,026267047971487
97,297042	0,0272132717072964
97,406286	0,0284909270703793
97,515236	0,0294391922652721
97,625848	0,0304454080760479
97,735614	0,0311847142875195
97,844738	0,0315097458660603
97,954409	0,0313726775348186
98,064967	0,0306822918355465
98,177690	0,0297082923352718
98,287380	0,028563167899847
98,397504	0,027217548340559
98,508907	0,0264019407331944
98,623429	0,0257493518292904
98,733643	0,0255185328423977
98,838294	0,0258395858108997
98,948217	0,0265791155397892
99,056161	0,0275914333760738
99,163551	0,0289462395012379
99,274536	0,0300273559987545
99,389584	0,0307365320622921
99,503978	0,0312736965715885
99,613494	0,0312851183116436
99,724550	0,0307855270802975
99,835059	0,0299298800528049
99,945129	0,0288316942751408
100,047675	0,0278845839202404
100,157862	0,0268375165760517
100,272692	0,0259540565311909
100,382469	0,0256377346813679
100,490625	0,0257574208080769
100,599571	0,0263235680758953
100,701964	0,0270740799605846
100,812696	0,0283493064343929
100,924106	0,0294976644217968
101,034892	0,0306323431432247
101,143972	0,0312437154352665
101,252899	0,0314435921609402
101,356586	0,0312660820782185
101,464591	0,0306613631546497
101,568706	0,0297334901988506
101,678354	0,028604980558157
101,788844	0,0272783599793911
101,901195	0,0264741443097591
102,008418	0,0257968418300152
102,116022	0,0255783759057522
102,218401	0,0258766375482082
102,328449	0,0265843383967876
102,440356	0,0274303816258907
102,550587	0,0287603996694088
102,660496	0,0298666320741177
102,770242	0,0307726822793484
102,876633	0,0312465690076351
102,982845	0,0314255021512508
103,092303	0,0310890711843967
103,197076	0,0303440950810909
103,312427	0,0293360315263271
103,422550	0,0279938690364361
103,531225	0,0269296728074551
103,642415	0,0261312089860439
103,751571	0,0257422216236591
103,861602	0,0257417522370815
103,967610	0,0262228734791279
104,077706	0,0270688571035862
104,187983	0,0281663574278355
104,289627	0,0294867418706417
104,398589	0,0304758436977863
104,508921	0,0310895480215549
104,619407	0,0314355008304119
104,724833	0,0312760807573795
104,837497	0,0306784920394421
104,947076	0,0297387205064297
105,057611	0,0286064110696316
105,165670	0,0272764600813389
105,276027	0,02647889778018
105,384378	0,0259084589779377
105,487778	0,0255968980491161
105,592389	0,0258353166282177
105,702356	0,0263677425682545
105,811611	0,0273040048778057
105,914160	0,0284424535930157
106,025222	0,0295879952609539
106,128275	0,030696090310812
106,239258	0,0312965400516987
106,346257	0,0314502529799938
106,456200	0,0312251560389996
106,558475	0,0305847711861134
106,668352	0,0296131931245327
106,778186	0,0282761268317699
106,887234	0,0273258648812771
106,995995	0,0263473205268383
107,102618	0,0256515108048916
107,212718	0,0255242325365543
107,315863	0,0257711969316006
107,429084	0,0266090370714664
107,538656	0,0276303924620152
107,649075	0,0287584997713566
107,759640	0,0298309735953808
107,870502	0,0306718312203884
107,975308	0,0311556868255138
108,087058	0,031208511441946
108,188562	0,0307041741907597
108,298530	0,0300321094691753
108,409206	0,0287808291614056
108,518723	0,0278023891150951
108,628422	0,0267301611602306
108,737665	0,0258823297917843
108,837906	0,0253779552876949
108,940632	0,025410246104002
109,051241	0,0259407572448254
109,158736	0,0266399197280407
109,269586	0,0280922316014767
109,379378	0,0288535542786121
109,488421	0,0299317799508572
109,592657	0,0307393781840801
109,698466	0,0312056504189968
109,808231	0,0311380811035633
109,917240	0,0306242518126965
110,029307	0,0297805704176426
110,131397	0,0289177261292934
110,239698	0,0276289694011211
110,349287	0,0266684181988239
110,458313	0,0259801708161831
110,562892	0,0256847552955151
110,672745	0,0258391089737415
110,785699	0,0262808240950108
110,895108	0,0272864364087582
111,004943	0,0283550135791302
111,115479	0,029420655220747
111,225460	0,0304634757339954
111,336791	0,0310124643146992
111,447591	0,0311613939702511
111,559147	0,0308940000832081
111,674305	0,0302289985120296
111,783384	0,0291030965745449
111,894075	0,028013352304697
112,001944	0,0269833542406559
112,111380	0,0262974463403225
112,211600	0,0257398448884487
112,321209	0,0257431752979755
112,425824	0,0260110460221767
112,536451	0,0268508233129978
112,645475	0,0278480015695095
112,754433	0,0291073732078075
112,864205	0,0299189351499081
112,971465	0,0305690802633762
113,078762	0,0310567133128643
113,188172	0,0310205556452274
113,290728	0,0305814407765865
113,399417	0,0299341566860676
113,510087	0,0285964272916317
113,620378	0,0275258682668209
113,731350	0,026725884526968
113,841643	0,0260105691850185
113,952600	0,0256268121302128
114,062631	0,0258395858108997
114,173804	0,0264318697154522
114,283514	0,0271505676209927
114,388932	0,0281635113060474
114,489086	0,0291615687310696
114,603302	0,0300168953835964
114,709151	0,0305890552699566
114,823803	0,0307860039174557
114,935948	0,0305990464985371
115,049799	0,0299246422946453
115,163577	0,0289082191884518
115,266598	0,0279178507626057
115,371371	0,0269961766898632
115,481652	0,0264978967607021
115,587765	0,0259293578565121
115,692538	0,0258248709142208
115,802359	0,0260832421481609
115,913207	0,0265287645161152
116,022270	0,0274422578513622
116,133360	0,0285108871757984
116,243461	0,029236201196909
116,347258	0,0300806201994419
116,457255	0,0304977260529995
116,560160	0,0305938087403774
116,668374	0,0303721539676189
116,778629	0,0298690088093281
116,888705	0,0291877128183842
116,999494	0,0282932333648205
117,113323	0,0275800339877605
117,220514	0,0272137485444546
117,330513	0,0268056951463223
117,440581	0,0268161408603191
117,555927	0,0271310843527317
117,665619	0,0277848057448864
117,776143	0,0285341702401638
117,883635	0,0293336547911167
117,992256	0,0300254561007023
118,103246	0,0306052304804325
118,213509	0,0307774357497692
118,328521	0,030648048967123
118,439015	0,0302613340318203
118,548970	0,0296298451721668
118,657490	0,0288958512246609
118,761654	0,028038065880537
118,872499	0,0274242050945759
118,981658	0,0270645804703236
119,091585	0,0269776545464993
119,201489	0,0271543674170971
119,312495	0,0276109166443348
119,421613	0,0283564366400242
119,526002	0,0290793292224407
119,635368	0,0295138321816921
119,743967	0,0293659828603268
119,851561	0,0285812206566334
119,955379	0,0267558209598064
120,069352	0,0245473198592663
120,183658	0,0223764292895794
120,294634	0,0195773579180241
120,405403	0,0164255164563656
120,513850	0,0138180293142796
120,623027	0,0127158053219318
120,725779	0,0124666057527065
120,840127	0,0134205706417561
120,950015	0,0159055776894093
121,059543	0,0182699151337147
121,170555	0,0218530781567097
121,275224	0,0242310278117657
121,385758	0,0267235152423382
121,491379	0,0276698283851147
121,602876	0,0277173407375813
121,711235	0,0265330411493778
121,814886	0,0238601081073284
121,924532	0,0213587246835232
122,034521	0,0176000781357288
122,141308	0,0151612423360348
122,254795	0,0123985223472118
122,365811	0,0117693208158016
122,475498	0,0119125358760357
122,586615	0,0136491023004055
122,694816	0,0162155292928219
122,807910	0,0193143971264362
122,918239	0,0229278169572353
123,028827	0,0254738889634609
123,139552	0,0270854867994785
123,249881	0,0274883396923542
123,351473	0,0269819311797619
123,461295	0,0248892568051815
123,571188	0,0221517942845821
123,681300	0,0184279195964336
123,791336	0,0158212222158909
123,896508	0,0128860585391521
124,006069	0,0114616416394711
124,115134	0,0112414248287678
124,224205	0,0124850533902645
124,334340	0,0147463567554951
124,443159	0,0177494995296001
124,553616	0,0204788781702518
124,663940	0,0239949859678745
124,773795	0,0265629626810551
124,876251	0,0275909565389156
124,987639	0,0274878703057766
125,095323	0,0262584947049618
125,205194	0,0239498727023602
125,315774	0,0209033451974392
125,424294	0,0170708037912846
125,535463	0,0140920542180538
125,640456	0,0117078758776188
125,751502	0,0109942965209484
125,861446	0,0112159065902233
125,972455	0,0130388252437115
126,078427	0,0156937502324581
126,186191	0,0194757767021656
126,296511	0,0221950076520443
126,398200	0,0249885134398937
126,508393	0,0271249078214169
126,618662	0,0276897810399532
126,728092	0,0269557945430279
126,836894	0,0250797010958195
126,945317	0,0228171534836292
127,056403	0,0190490894019604
127,166532	0,0158368609845638
127,276552	0,0128089673817158
127,387515	0,0115103162825108
127,498601	0,0112012587487698
127,608908	0,0123621188104153
127,720227	0,0146871618926525
127,824442	0,0177556611597538
127,935538	0,0210690684616566
128,045381	0,0236573182046413
128,155905	0,0264247469604015
128,266395	0,0276513062417507
128,375921	0,0275173224508762
128,483394	0,0266684181988239
128,592887	0,0240553058683872
128,702700	0,0210049636662006
128,812862	0,0171338729560375
128,920272	0,0141772590577602
129,028274	0,0120458342134953
129,138364	0,0111062787473202
129,249381	0,0113732628524303
129,359399	0,0128520093858242
129,474744	0,0163956619799137
129,585239	0,0196580551564693
129,692054	0,0228380523622036
129,792681	0,0250911004841328
129,901439	0,0269443951547146
130,012772	0,0276037864387035
130,118717	0,0270531810820103
130,229771	0,0248944871127605
130,340198	0,0215719453990459
130,450279	0,0188450179994106
130,560406	0,0156316794455051
130,665675	0,0130147002637386
130,773776	0,0112636275589466
130,875699	0,0110401250422001
130,985211	0,0118515677750111
131,094220	0,0142970345914364
131,203821	0,0178306065499783
131,313630	0,0206027887761593
131,423646	0,0236891321837902
131,533272	0,0264119170606136
131,643573	0,0274859629571438
131,756850	0,0276322923600674
131,867656	0,0262466259300709
131,977537	0,0238962061703205
132,092512	0,0208345018327236
132,202624	0,0175512246787548
132,312785	0,0145351700484753
132,413639	0,012040164321661
132,523532	0,0111814104020596
132,633775	0,0114720351994038
132,748309	0,0133765749633312
132,862246	0,0165895409882069
132,972761	0,0198460333049297
133,083735	0,0235176794230938
133,194268	0,0252468697726727
133,304925	0,0272503308951855
133,414566	0,0276403687894344
133,524590	0,0268569998443127
133,637807	0,0249049328267574
133,745065	0,0215515233576298
133,855456	0,0177177153527737
133,965692	0,0151399336755276
134,067113	0,0130099691450596
134,177347	0,0112721361219883
134,287101	0,0111960582435131
134,397221	0,0124207474291325
134,499311	0,0147743038833141
134,609437	0,0178391449153423
134,716011	0,0211179740726948
134,823547	0,0236478187143803
134,933040	0,0260333679616451
135,041409	0,0274878703057766
135,146714	0,027411375194788
135,255492	0,0260879881680012
135,365885	0,0241840146481991
135,473334	0,0206901542842388
135,576761	0,017395656555891
135,685792	0,0148590691387653
135,798178	0,0124850533902645
135,908257	0,0110443793237209
136,015170	0,0113519988954067
136,126064	0,0128756500780582
136,236354	0,0154099427163601
136,345049	0,0196328945457935
136,454966	0,0222538970410824
136,564179	0,0249244011938572
136,674537	0,02647889778018
136,785100	0,0272949822247028
136,894515	0,0266665183007717
136,996636	0,024873111397028
137,099030	0,0221684090793133
137,208075	0,0184378810226917
137,309364	0,0162918455898762
137,410005	0,0134901218116283
137,512959	0,0113964192569256
137,624028	0,0109068788588047
137,733163	0,0118033476173878
137,842472	0,0134551040828228
137,953336	0,0167588032782078
138,064904	0,0195018909871578
138,172033	0,0226917751133442
138,276908	0,0256866626441479
138,385634	0,0270370282232761
138,486418	0,0275320447981358
138,591307	0,0269847773015499
138,701411	0,0248778574168682
138,809962	0,0220862589776516
138,914436	0,0188554637134075
139,025535	0,0156634263694286
139,136169	0,0130151771008968
139,243893	0,0113775171339512
139,352968	0,0109980739653111
139,462605	0,0119465701282024
139,571433	0,0149907283484936
139,683833	0,0175360403954983
139,793935	0,0213226415216923
139,903018	0,0233148895204067
140,013242	0,0262779705226421
140,123688	0,0271933190524578
140,233771	0,0271553210914135
140,344325	0,0255655460059643
140,454326	0,0226324088871479
140,564106	0,0200140811502934
140,667508	0,0167640186846256
140,777035	0,0143211744725704
140,885474	0,0115887708961964
140,996022	0,0109583847224712
141,107001	0,0114129669964314
141,217024	0,0131045691668987
141,326499	0,0163051150739193
141,435858	0,019000206142664
141,541559	0,0227183736860752
141,651534	0,0253299809992313
141,761535	0,0271301381289959
141,871391	0,0273980759084225
141,986757	0,0264176242053509
142,097352	0,0247434563934803
142,207980	0,0209399126470089
142,318062	0,0176754929125309
142,431818	0,0146516524255276
142,541631	0,0123701505362988
142,651244	0,011184249073267
142,761335	0,0113269500434399
142,865747	0,0127493850886822
142,974270	0,014741625636816
143,089486	0,0183311216533184
143,199246	0,0220720060169697
143,309606	0,0244081728160381
143,414534	0,026452299207449
143,529342	0,0274056755006313
143,639552	0,0270603112876415
143,749518	0,0255470238626003
143,857638	0,0225502513349056
143,967691	0,0193832255899906
144,077344	0,0156364180147648
144,187362	0,0129976756870747
144,287509	0,0115471817553043
144,397632	0,01093665137887
144,508685	0,0119144283235073
144,619065	0,0136126615107059
144,731570	0,0164278857409954
144,841598	0,0207846499979496
144,955427	0,0237874425947666
145,066045	0,0257474444806576
145,176623	0,0271643437445164
145,286463	0,0272598303854465
145,393483	0,0263059996068478
145,503592	0,0241716615855694
145,607751	0,0207124762237072
145,716759	0,0174644254148006
145,829984	0,0140196420252323
145,940512	0,0122023187577724
146,051192	0,011089738458395
146,161684	0,0114436782896519
146,263247	0,0131201781332493
146,374278	0,0157719366252422
146,482159	0,0178600214421749
146,593240	0,0216426961123943
146,705770	0,0244770310819149
146,811219	0,0266988165676594
146,918835	0,0273562707006931
147,025743	0,027000930160284
147,135379	0,0250868238508701
147,244755	0,022937785834074
147,354631	0,0198156572878361
147,461220	0,0160719193518162
147,567668	0,0133524499833584
147,677189	0,0115580521523952
147,786465	0,011012714356184
147,894573	0,0117858611047268
148,004841	0,0137423165142536
148,109559	0,0165890716016293
148,219515	0,0198104344308376
148,328375	0,0229235403239727
148,438436	0,0254520438611507
148,547679	0,0271415375173092
148,658352	0,0272987820208073
148,768211	0,0262157507240772
148,871231	0,0244737081229687
148,981351	0,0211383961141109
149,091319	0,0178870595991611
149,202356	0,0143860317766666
149,311629	0,0124760679900646
149,422511	0,0111823566257954
149,524119	0,0111998356878757
149,631347	0,0125067941844463
149,740486	0,0144224874675274
149,848369	0,0174041949212551
149,961342	0,0216906629502773
150,071303	0,0244765542447567
150,179568	0,0261858366429806
150,290414	0,0272194482386112
150,394562	0,0268736220896244
150,494608	0,025647234171629
150,602526	0,0232502929866314
150,711485	0,0202092044055462
150,817726	0,0164672397077084
150,928383	0,0136675499379635
151,037279	0,0117697902023792
151,145289	0,0110557191073895
151,249419	0,0114673115313053
151,358383	0,0134948454797268
151,461258	0,0157089121639729
151,570536	0,0188507176935673
151,677129	0,0220430381596088
151,785416	0,0243416838347912
151,894776	0,0265966914594173
152,003938	0,0273006819188595
152,107857	0,0267591439187527
152,216832	0,0254335217177868
152,326086	0,0224647633731365
152,426470	0,0193262659013271
152,535627	0,0166611336171627
152,645709	0,0134201012551785
152,756216	0,0116298831999302
152,866617	0,0110533498227596
152,976801	0,0120217315852642
153,079840	0,0137110836803913
153,190242	0,0165051631629467
153,291496	0,0202452875673771
153,398166	0,0223218090832233
153,507775	0,0249638222157955
153,615738	0,0270251519978046
153,724251	0,0272579304873943
153,833814	0,0263933949172497
153,943068	0,024439986795187
154,052588	0,0211360193789005
154,161379	0,0184393040835857
154,271447	0,0153317861258984
154,381365	0,0128122754395008
154,490475	0,0111606158316135
154,596199	0,011052880436182
154,697223	0,0123890675604343
154,798744	0,014722678810358
154,901597	0,0172144882380962
155,011289	0,0204071812331676
155,115579	0,023391354829073
155,224991	0,0259777940809727
155,333829	0,0270588807761669
155,440465	0,0270574577152729
155,548007	0,0259350575506687
155,662934	0,0237670205533504
155,772741	0,0208739154040813
155,882872	0,0176783390343189
155,992489	0,0147259943187237
156,102522	0,0121961645781994
156,211214	0,0112201534211636
156,321652	0,0114044584333897
156,429191	0,0130922757089138
156,538809	0,0156117789447308
156,654223	0,0187050364911556
156,764873	0,021844532340765
156,865912	0,0245492197573185
156,974563	0,0264095403254032
157,084414	0,0271553210914135
157,191188	0,0266902633011341
157,298976	0,0247068889439106
157,409308	0,0220544300973415
157,513635	0,0189451538026333
157,622635	0,0158349610865116
157,723889	0,0132597275078297
157,824793	0,0118274502456188
157,935124	0,0112111829221249
158,048726	0,0121389739215374
158,158780	0,0137707106769085
158,264988	0,0170148499310017
158,374671	0,0196718238294125
158,483305	0,0227468647062778
158,587337	0,0255978442728519
158,693526	0,0268550924956799
158,802796	0,0272750370204449
158,911217	0,0262356959283352
159,018924	0,024581041187048
159,131148	0,0218492783606052
159,239279	0,018702182918787
159,350264	0,0151645578444004
159,454878	0,0127999819815159
159,557167	0,0116213820874691
159,666294	0,0113501064479351
159,774453	0,0126495994627476
159,884247	0,014928687363863
159,993209	0,0173709951341152
160,103282	0,020545344799757
160,212990	0,0239451192319393
160,313305	0,0260799191892147
160,424404	0,027075033634901
160,527178	0,027164813131094
160,634101	0,0260428674519062
160,743387	0,0238890834152699
160,851546	0,0210002176463604
160,958548	0,0173026956617832
161,067803	0,0144186951220036
161,175654	0,0125748924911022
161,285296	0,0113642923533916
161,390122	0,0115604139864445
161,497345	0,0130742974579334
161,606901	0,0151119790971279
161,718155	0,0181228406727314
161,828771	0,0217956192791462
161,939458	0,0245164446532726
162,041437	0,0266161598265171
162,150567	0,0271904729306698
162,258662	0,0265767388045788
162,368478	0,0251822806894779
162,477323	0,0221969075500965
162,584523	0,0196105875074863
162,685728	0,015968132764101
162,791172	0,0137489400804043
162,898791	0,0121262036263943
163,009687	0,0112244077026844
163,113245	0,0120789296925068
163,223115	0,0136613957583904
163,335086	0,0168626345694065
163,445125	0,0194900147616863
163,554486	0,0225568972527981
163,663346	0,0250740014016628
163,774162	0,026825163513422
163,884248	0,0270807333290577
163,992467	0,0261326394975185
164,099613	0,0245131216943264
164,209673	0,0218136571347713
164,319294	0,0181475095450878
164,427843	0,0151257179677486
164,539602	0,0127432383596897
164,649419	0,0112882070243359
164,759936	0,0114124901592731
164,865592	0,0124760679900646
164,975821	0,014721255749464
165,077843	0,0176679007709026
165,192389	0,0213511325418949
165,302878	0,0241474397480488
165,411542	0,0261673144996166
165,525941	0,0271472446620464
165,639231	0,0266755409538746
165,748528	0,0250635556876659
165,858411	0,0225407443940639
165,963204	0,0200112350285053
166,073548	0,0163672156631947
166,183026	0,0133183859288692
166,293089	0,0118969418108463
166,403099	0,0112867914140224
166,511641	0,0119602791965008
166,612751	0,0138085670769215
166,722626	0,0170219577848911
166,831531	0,0191093645989895
166,939468	0,0231439135968685
167,049905	0,0254947803914547
167,161159	0,0267178155481815
167,270417	0,0270816870033741
167,371278	0,0263406671583652
167,481291	0,0244627855718136
167,591421	0,0212590061128139
167,694298	0,0186442844569683
167,804750	0,015599463135004
167,917630	0,0131197087466717
168,024466	0,0116119273006916
168,133229	0,0114266686141491
168,243501	0,0129366628825665
168,346692	0,0144456885755062
168,455343	0,0173022262752056
168,565763	0,0209579579532146
168,672394	0,0242143981158733
168,779908	0,0256367884576321
168,890503	0,0270032994449139
169,000331	0,0267762430012226
169,108853	0,0253185890614986
169,218181	0,0229225866496563
169,328698	0,0199357606470585
169,439268	0,0168232880532742
169,547644	0,0140901617705822
169,655673	0,0121843554079533
169,766385	0,0114611648023129
169,874385	0,0121455900371075
169,987165	0,0136301703751087
170,096321	0,0162216909229755
170,204557	0,0193001590669155
170,312562	0,0228247530758381
170,415049	0,0252601690590382
170,515550	0,026389118283987
170,626334	0,0271633900702
170,735361	0,0263207219541073
170,844880	0,0244181416928768
170,955598	0,0222178064286709
171,059350	0,0191720090806484
171,167772	0,0161221586167812
171,278041	0,0132195167243481
171,386327	0,0119375921785831
171,496051	0,0115500204265118
171,609514	0,0128704495728016
171,711460	0,0146956853568554
171,821332	0,0175284557044506
171,930144	0,0206146650016308
172,038594	0,023029450327158
172,149211	0,0253461338579655
172,256046	0,0268341936171055
172,371440	0,0268512926995754
172,486596	0,0254054926335812
172,596184	0,0235381089150906
172,698782	0,0206749700009823
172,806624	0,0170504115521908
172,916370	0,0146743841469288
173,031334	0,0119910053908825
173,140321	0,0113756246864796
173,249515	0,0116615556180477
173,357443	0,0135819129645824
173,470067	0,0161942057311535
173,577765	0,0187477357685566
173,686756	0,0223137401044369
173,794238	0,0244675315916538
173,903535	0,026483166962862
174,010141	0,0270137526094913
174,119498	0,0263487435877323
174,229396	0,0242006294429302
174,338280	0,0224562101066113
174,448065	0,0194392316043377
174,559050	0,015894677489996
174,660950	0,0133798830211163
174,765528	0,0118009857833385
174,865679	0,0114002041518688
174,974237	0,0123011283576488
175,083541	0,0142875574529171
175,190175	0,0170556269586086
175,292380	0,0196319483220577
175,403411	0,0230764709413052
175,513421	0,0253755785524845
175,622984	0,0267187617719173
175,726397	0,0269120968878269
175,835804	0,0261606611311436
175,945178	0,0238881297409534
176,055469	0,0216156356036663
176,165657	0,0180170498788357
176,274615	0,0150935091078281
176,386771	0,0128037668764591
176,496066	0,0114323385059834
176,610243	0,0116034187376499
176,719300	0,012987744063139
176,829809	0,0149106942117214
176,941143	0,0183230526745319
177,050586	0,0213910154998302
177,161138	0,0244765542447567
177,268113	0,0262247733771801
177,378471	0,0268593691289425
177,487441	0,0263715423643589
177,593558	0,0250844471156597
177,702500	0,0227159969508648
177,813083	0,0197719745337963
177,921571	0,016210313886404
178,029842	0,0136320628225803
178,139607	0,0121337734162807
178,249893	0,0113855488598347
178,359967	0,0121139101684093
178,460276	0,0139600150287151
178,570734	0,0161496438086033
178,680429	0,0191815011203289
178,792692	0,0226395390927792
178,902524	0,0250383876264095
179,010584	0,0265149883925915
179,121527	0,0268636457622051
179,232150	0,025512833148241
179,342748	0,0237356834113598
179,453244	0,0204703323543072
179,564730	0,0179008208215237
179,675262	0,0145820491015911
179,786013	0,0125011242926121
179,896900	0,011569868773222
180,007168	0,0115845166146755
180,117923	0,0131461955606937
180,228132	0,0155449770390987
180,338211	0,018512848764658
180,448595	0,0215719453990459
180,559237	0,0246185548603535
180,669837	0,0263335444033146
180,780175	0,0269557945430279
180,891123	0,0263948179781437
181,002066	0,0243668518960476
181,112281	0,0217357762157917
181,222243	0,0192052312195301
181,331299	0,0161818824708462
181,442432	0,013268705457449
181,544250	0,011788222938776
181,656720	0,0115060620009899
181,770007	0,0124595202505589
181,875231	0,0145119689404964
181,988126	0,0178045146167278
182,094436	0,0203815437853336
182,209120	0,0232768915593624
182,310800	0,0258006416261196
182,424958	0,0268973670899868
182,534952	0,0268142409622669
182,642444	0,0255869217216969
182,755202	0,0234051309525967
182,858840	0,0205553136765957
182,961248	0,0180018655955791
183,077318	0,0147231556475163
183,192131	0,0124136544764042
183,302766	0,0116440616548061
183,412445	0,012315783649683
183,521159	0,0137636102735996
183,624001	0,0167716033756733
183,734094	0,0197895430028439
183,844334	0,022258173674345
183,953674	0,0247539095580578
184,062649	0,0263957642018795
184,171520	0,0269624479115009
184,281147	0,0261316858232021
184,392567	0,0246441997587681
184,502741	0,0211426727473736
184,611366	0,0185935162007809
184,721304	0,0156501643359661
184,829081	0,013617392629385
184,938032	0,011865746229887
185,049373	0,0116469003260136
185,154256	0,0129314549267292
185,264225	0,0147278867661953
185,374201	0,0175237096846104
185,474943	0,0205686055123806
185,584119	0,0233923010528088
185,686278	0,0255560465157032
185,799730	0,0267496444284916
185,901585	0,026872668415308
186,004684	0,0259554795920849
186,119834	0,0235979445278645
186,230021	0,0208069644868374
186,340498	0,0177528150379658
186,445368	0,0149206332862377
186,555509	0,0125200413167477
186,665700	0,0116837657988071
186,776158	0,0118009857833385
186,885409	0,0131234936416149
186,996134	0,0158596076071262
187,098576	0,0188023112714291
187,211948	0,02179941162467
187,312468	0,0243602059781551
187,421338	0,0261240862309933
187,529911	0,0267857424914837
187,639019	0,0263511203229427
187,749220	0,0251191146671772
187,859164	0,0218782462179661
187,968496	0,0188976936042309
188,078970	0,0164188854396343
188,190130	0,0138544701039791
188,305429	0,0119810812175274
188,411085	0,0116114504635334
188,519684	0,0122424997389317
188,629485	0,0140300579369068
188,738143	0,0176152549684048
188,849308	0,0201550833880901
188,960441	0,023028027266264
189,069349	0,0255745761096478
189,179649	0,0268009416759014
189,287558	0,0267130620777607
189,396673	0,0258300937712193
189,511350	0,0238515548408031
189,626302	0,0201370380818844
189,736125	0,0171082653105259
189,844898	0,014382716268301
189,953729	0,0126756094396114
190,063688	0,0115528516471386
190,170226	0,0120898075401783
190,281206	0,01343097910285
190,388434	0,0154146812856197
190,497906	0,0188046880066395
190,606930	0,0222462974488735
190,717018	0,0243231542408466
190,827285	0,0260495208203793
190,935730	0,026720192283392
191,045369	0,0258106179535389
191,156767	0,0242842175066471
191,267853	0,0222106762230396
191,376995	0,0187795348465443
191,487353	0,0158539228141308
191,597464	0,013111662119627
191,707471	0,0119234062731266
191,816373	0,0116511546075344
191,927383	0,0127158053219318
192,037517	0,0147984512150288
192,146648	0,0175706706941128
192,256540	0,0205562673509121
192,359968	0,0236896090209484
192,463715	0,0253584794700146
192,575240	0,026457991451025
192,685786	0,0263188220560551
192,796618	0,0249899365007877
192,897458	0,0231757275760174
193,008600	0,0204332955181599
193,117166	0,017462532967329
193,227137	0,0143524147570133
193,338565	0,0127375610172749
193,443326	0,0117064528167248
193,554238	0,0123105831444263
193,654548	0,0133604817092419
193,763907	0,0156752727925777
193,873971	0,0190457664430141
193,987506	0,0219732262194157
194,089725	0,0240814201533794
194,196427	0,0258937291800976
194,308582	0,0266907401382923
194,421469	0,025946456938982
194,531516	0,0245444737374783
194,642707	0,0216246582567692
194,744863	0,0191672630608082
194,851550	0,0157776214182377
194,955447	0,013739001005888
195,059515	0,012119110673666
195,171252	0,0116535164415836
195,281198	0,0123242922127247
195,391425	0,0145195461809635
195,501545	0,0171907730400562
195,611299	0,0201579295098782
195,722704	0,0225245989859104
195,832465	0,0251134149730206
195,942220	0,0262271501123905
196,051514	0,026406217366457
196,162274	0,0252392776310444
196,271325	0,023541908711195
196,382026	0,0208663158118725
196,492496	0,0174188949167728
196,602835	0,0147250480949879
196,712370	0,0129863284528255
196,822971	0,0118317045271397
196,931370	0,0119829662144184
197,041288	0,0133548118174076
197,150345	0,015660110861063
197,256977	0,0185019336640835
197,368457	0,0214218832552433
197,474310	0,0243355073034763
197,574516	0,0255266092717648
197,690344	0,0265088193118572
197,801457	0,0259749479591846
197,912953	0,024684090167284
198,016102	0,0223626531660557
198,125471	0,0190229825675488
198,234987	0,0161065198481083
198,345080	0,0136694423854351
198,454574	0,0122637785971165
198,563733	0,0116090886294842
198,668879	0,0123531334102154
198,778311	0,0141517035663128
198,887840	0,0167464725673199
198,998303	0,019682738929987
199,107619	0,022468563169241
199,217555	0,0247273109853268
199,326507	0,0260765887796879
199,435445	0,0262736938893795
199,546106	0,0252312012016773
199,647732	0,0236121974885464
199,757536	0,0210144631564617
199,872549	0,0175777859985828
199,982995	0,0144097022712231
200,092997	0,0127176977694035
200,203027	0,0116015337407589
200,309149	0,0118104331195354
200,418862	0,012932401150465
200,527074	0,0151356719434261
200,630177	0,0179340206086636
200,741272	0,0213473327457905
200,851207	0,0234920419752598
200,961044	0,0254007466137409
201,063496	0,026310745626688
201,176315	0,0259445570409298
201,286046	0,0244689546525478
201,397830	0,0216806940734386
201,508021	0,0192901901900768
201,619245	0,0159254781901836
201,732242	0,0131996534764767
201,842085	0,0119980983436108
201,951249	0,0115745924413204
202,062936	0,0123862288892269
202,172272	0,0142558477818966
202,282498	0,0168740190565586
202,383534	0,0193305350840092
202,489493	0,0226352624595165
202,600343	0,0248602889478207
202,710122	0,026192482560873
202,821383	0,0264413692057133
202,936017	0,0253133662045002
203,049703	0,0232897140085697
203,160020	0,0206023193895817
203,269774	0,0171808190643787
203,381242	0,0145304314792156
203,491555	0,0123833902180195
203,592656	0,0117343403398991
203,697384	0,0120406411588192
203,808435	0,0134778134524822
203,918846	0,0162657760083675
204,028353	0,0181679092347622
204,137712	0,0215425007045269
204,246972	0,024369228631258
204,357079	0,0257113538682461
204,466847	0,0263772420585155
204,582697	0,0259208045899868
204,691220	0,0240557752549648
204,800642	0,0211303196847439
204,915002	0,0182101391255856
205,029582	0,015837337821722
205,139787	0,0131490342319012
205,250484	0,0117144919931889
205,360480	0,0116667561233044
205,469253	0,0126789174973965
205,574704	0,0151148252189159
205,684704	0,0174051411449909
205,794809	0,0203345380723476
205,899669	0,0234350450336933
206,003636	0,0251010693609715
206,115379	0,0262870006263256
206,225255	0,0262114815413952
206,334404	0,0251181684434414
206,444315	0,0226518847048283
206,552842	0,0198897086083889
206,662494	0,0174445025622845
206,772991	0,0143415294587612
206,882118	0,0122363530099392
206,988316	0,0116147585213184
207,096978	0,0119668953120708
207,206750	0,0131376795470715
207,317595	0,0158055834472179
207,432603	0,0191520787775517
207,542621	0,0215415470302105
207,650565	0,0239964090287685
207,761593	0,0258628614246845
207,871410	0,0262912698090076
207,982287	0,0256614871323109
208,092459	0,0239707715809345
208,201485	0,0210239551961422
208,311488	0,0181124024093151
208,421507	0,0157553516328335
208,532242	0,0134054310619831
208,634326	0,0118269808590412
208,749331	0,0116984210908413
208,856526	0,0127413459122181
208,962537	0,0147922970354557
209,072560	0,0174962021410465
209,179645	0,020900022238493
209,289804	0,0235043875873089
209,399989	0,0251404903829098
209,510054	0,0262984000146389
209,620466	0,0260751657187939
209,731093	0,0250573791563511
209,841367	0,0229957289993763
209,955529	0,019308228045702
210,058151	0,0168868191540241
210,168412	0,0139283053576946
210,270490	0,0124443881213665
210,373790	0,0116450078785419
210,483743	0,0120321325957775
210,592921	0,0135379023849964
210,701265	0,0159103088080883
210,809390	0,0192479528486729
210,925345	0,0216317810118198
211,034682	0,0240657515823841
211,139485	0,0258780606091022
211,241526	0,0263131223618984
211,352568	0,0258091948926449
211,463465	0,0239052288234234
211,573016	0,0214356519281864
211,682226	0,018566470593214
211,793047	0,0157567746937275
211,900500	0,0137972123920918
212,011116	0,0120628587901592
212,120274	0,0117778219282627
212,234258	0,0126685164868832
212,335087	0,0145782567560673
212,435716	0,0176906697452068
212,538780	0,0196414403617382
212,647305	0,0228361524641514
212,752317	0,0249543227255344
212,862794	0,0261388085782528
212,972889	0,0263012461364269
213,083176	0,0254990570247173
213,192867	0,0233110897243023
213,302699	0,0206930078566074
213,404802	0,0182784609496593
213,514950	0,0154843293130398
213,625294	0,0129645653069019
213,736194	0,0118350125849247
213,848820	0,0119914822280407
213,963632	0,0130700431764126
214,065419	0,0156278870999813
214,166265	0,0179411433637142
214,275685	0,0208430476486683
214,384743	0,0234188996255398
214,499757	0,0255432315170765
214,609549	0,0262984000146389
214,717640	0,0259079821407795
214,828777	0,0244912765920162
214,938519	0,0217637978494167
215,047791	0,0194098018109798
215,156962	0,0165459327399731
215,266458	0,0140461511909962
215,377118	0,0121734850108624
215,488085	0,0117433182895184
215,598368	0,012493085116148
215,709013	0,0146881155669689
215,818527	0,0173240415751934
215,927117	0,0202281959354877
216,035421	0,0225174762308598
216,146558	0,0250146351754665
216,256258	0,0261782370507717
216,366205	0,0262475721538067
216,474979	0,0252107791602612
216,584935	0,0232322476804256
216,695684	0,0205790512263775
216,809744	0,0171978883445263
216,919909	0,0145782567560673
217,029861	0,0129045061767101
217,138561	0,0117466263473034
217,252272	0,0120151154696941
217,362573	0,0137281231582165
217,472360	0,0161278508603573
217,582684	0,0189612917602062
217,693747	0,0217818431556225
217,802657	0,0244841538369656
217,911101	0,0258747301995754
218,019811	0,0262461490929127
218,129733	0,0254691354930401
218,240514	0,0240643285214901
218,351094	0,0216849707067013
218,461267	0,0183799974620342
218,571180	0,0156179405748844
218,681174	0,0134044848382473
218,790402	0,0120756216347218
218,900326	0,0119583867490292
219,004192	0,0128335617482662
219,113263	0,0147875584661961
219,222481	0,0174245871603489
219,326773	0,0207647047936916
219,437186	0,0229468159377575
219,547553	0,0249880366027355
219,656832	0,0261777602136135
219,767402	0,026017215102911
219,879175	0,0244931764900684
219,985170	0,0226547308266163
220,093801	0,0204114578664303
220,195798	0,0170561037957668
220,305375	0,0144613049924374
220,416133	0,0128387622535229
220,521061	0,0117381252348423
220,630148	0,0120444186031818
220,739962	0,0138052515685558
220,841432	0,0157648287713528
220,942277	0,0185598246753216
221,043265	0,021409060806036
221,143512	0,0234720893204212
221,245099	0,0250412337481976
221,346127	0,0261278860270977
221,447342	0,0259777940809727
221,549079	0,025091577321291
221,649199	0,0227687172591686
221,751241	0,0205519907176495
221,851495	0,0181669630110264
221,953156	0,0150044672191143
222,053367	0,0132228247821331
222,154419	0,0120935924351215
222,254574	0,0117494650185108
222,354615	0,0125503055751324
222,455783	0,014029111713171
222,556433	0,0164871476590633
222,656595	0,0193229429423809
222,756644	0,0216645486652851
222,857097	0,0236820094287395
222,958483	0,0253926701843739
223,060986	0,0261183865368366
223,161382	0,0258737839758396
223,262731	0,0243279077112675
223,362841	0,0225018076598644
223,463144	0,0202747248113155
223,564890	0,0174274332821369
223,665034	0,0148131363093853
223,765287	0,0131064616143703
223,867099	0,0119470469653606
223,968646	0,011922936886549
224,068908	0,0127654634416103
224,170990	0,0146885849535465
224,272983	0,0172936879098415
224,373321	0,0196713469922543
224,474737	0,021959450095892
224,576165	0,0245549194514751
224,677199	0,0257132612168789
224,778503	0,0261516384780407
224,878665	0,0254886113107204
224,979417	0,0241683386266232
225,081083	0,0222757421433926
225,181279	0,01907804235816
225,282260	0,0167189799249172
225,383905	0,0146024040877819
225,485213	0,0127356685698032
225,585752	0,0118543989956379
225,687021	0,0120023526251316
225,787502	0,0132308714091778
225,889153	0,0153568871319294
225,990417	0,0175958089530468
226,091186	0,0204613022506237
226,192552	0,0230551026761532
226,293636	0,0247657783329487
226,394962	0,0259839706122875
226,495352	0,0261093638837337
226,596313	0,025411669164896
226,696937	0,02366728708148
226,797000	0,0211844556033611
226,898338	0,0188450179994106
226,998995	0,0165018476545811
227,101180	0,0140750221908092
227,201304	0,012457150965929
227,301336	0,0119002424180508
227,403216	0,0122945122420788
227,504496	0,0137849040329456
227,604928	0,0156710110604763
227,706242	0,0184141583740711
227,806597	0,021247137337923
227,906864	0,0233452804386616
228,008402	0,0252231322228909
228,108506	0,0261601842939854
228,209583	0,0261012874543667
228,311290	0,0250436030328274
228,413086	0,0234583131968975
228,514515	0,0209332667291164
228,614842	0,0180905796587467
228,715062	0,0158136375248432
228,816428	0,0135615654289722
228,917967	0,0121871866285801
229,019231	0,0118926875293255
229,121217	0,0125715844333172
229,223102	0,0143003426492214
229,324383	0,0163321383297443
229,425215	0,019104141741991
229,526298	0,0218592472374439
229,626499	0,0238116644322872
229,726734	0,0254301987588406
229,827157	0,0260732658207417
229,928471	0,025777842849493
230,030099	0,0247396640479565
230,130517	0,0223051868379116
230,231206	0,0200677253305912
230,331608	0,0176987387239933
230,432073	0,0150679312646389
230,533555	0,0130388252437115
230,634100	0,0120656974613667
230,735335	0,0120335482060909
230,835586	0,0129428096115589
230,935749	0,0145247541368008
231,036397	0,0170712731778622
231,138373	0,0199129693210125
231,240142	0,0221755392849445
231,340317	0,0244100652635098
231,442483	0,0257992185652256
231,544176	0,0261787138879299
231,644442	0,0258020721375942
231,746191	0,0240809507668018
231,846630	0,0221655629575253
231,947086	0,0199148692190647
232,048968	0,0166317410767078
232,150002	0,0145578943192959
232,251123	0,012992475181818
232,353119	0,011960756033659
232,454294	0,012177262455225
232,556219	0,0131717436015606
232,656866	0,0152076669037342
232,758212	0,0178524293005466
232,858474	0,0202191732823849
232,960171	0,0228413753211498
233,060438	0,024875957518816
233,161003	0,0258942060172558
233,261129	0,026139285415411
233,361453	0,0253214351832867
233,463228	0,0238943062722683
233,564644	0,0214893184602261
233,666530	0,0187083519995213
233,767060	0,0164023004472256
233,867145	0,014381293207407
233,969145	0,0126713551580906
234,069400	0,0119872204959393
234,171051	0,0124462805688381
234,272778	0,0136642418801785
234,373394	0,0158951543271542
234,474944	0,0186162926256657
234,575742	0,020953681319952
234,676797	0,0234573669731617
234,776885	0,0250227116048336
234,878322	0,0260523669421673
234,979176	0,0260162688791752
235,080526	0,0251628123223782
235,181162	0,0233001671731472
235,281239	0,0207647047936916
235,381549	0,0184217505156994
235,483541	0,0157316587865353
235,585396	0,0138715095818043
235,685939	0,0124122388660908
235,787206	0,0120505653321743
235,889090	0,0126051567494869
235,990504	0,0142336003482342
236,092552	0,0166544951498508
236,194528	0,0189717374742031
236,295911	0,022183608263731
236,397164	0,0241023264825344
236,497710	0,0254696123301983
236,598708	0,0262167043983936
236,701166	0,02589325979352
236,802537	0,0248146913945675
236,904339	0,0227326191961765
237,005314	0,0200720019638538
237,106660	0,0177087001502514
237,207510	0,0150930322706699
237,309214	0,0131031535565853
237,410440	0,0121715925633907
237,511487	0,01208271458745
237,612574	0,0131220705807209
237,712704	0,0147269405424595
237,814693	0,0172676034271717
237,915201	0,0200895629823208
238,016450	0,0223137401044369
238,117425	0,0244798846542835
238,219018	0,0256448648869991
238,321135	0,0261093638837337
238,421229	0,0254947803914547
238,521817	0,0242229513823986
238,623283	0,0219608806073666
238,724580	0,0192308612167835
238,825125	0,0168981961905956
238,926737	0,0144182257354259
239,027433	0,0126855336129665
239,127907	0,0120151154696941
239,229044	0,0122505389153957
239,331369	0,0135861672461033
239,433169	0,0153838880360126
239,534683	0,0180412419140339
239,637088	0,0208549164235592
239,737141	0,0229952521622181
239,839068	0,0246988199651241
239,941517	0,026043813675642
240,042180	0,026117917150259
240,143918	0,0254406444728374
240,245350	0,0233889780938625
240,347225	0,0213212184607983
240,448286	0,0185384713113308
240,549387	0,01583306863904
240,651261	0,013944860547781
240,751324	0,0124476961791515
240,853213	0,0120103918015957
240,954259	0,0125257112085819
241,054468	0,0141038931906223
241,154867	0,0160425342619419
241,255248	0,018771942704916
241,356258	0,0210947133600712
241,457661	0,0235390551388264
241,558735	0,0252782218158245
241,659147	0,0260058157145977
241,761422	0,0258908830583096
241,861527	0,0247344337403774
241,963492	0,0230892933905125
242,064683	0,0205458216369152
242,164697	0,0177461765706539
242,265571	0,0155468694865704
242,365597	0,01343097910285
242,467413	0,0123455636203289
242,568625	0,0120420567691326
242,670362	0,0128676109015942
242,771519	0,0143225900828838
242,872575	0,0167483724653721
242,973875	0,0195203982293606
243,074893	0,0217742435634136
243,175939	0,0240543521940708
243,277174	0,0255494005978107
243,377990	0,0260314680635929
243,478832	0,0256363116204739
243,581316	0,0242110751569271
243,682595	0,0223916210234165
243,784450	0,020210150629282
243,885504	0,0169522576034069
243,987119	0,014846283942461
244,087527	0,0132072232663631
244,189086	0,0120240934193134
244,291166	0,0121285729110241
244,391206	0,0130028761923313
244,493098	0,0153028778731823
244,594642	0,0174824483692646
244,694729	0,0198265723884106
244,795179	0,0224737860262394
244,895851	0,0245943330228329
244,997700	0,0257156305015087
245,099091	0,0261117406189442
245,201203	0,0254439674317837
245,301240	0,0241175182163715
245,401314	0,0218198336660862
245,503268	0,0190960727632046
245,605121	0,0167886726558208
245,705420	0,0143666230142117
245,805591	0,0126997269690037
245,906648	0,0120718441903591
246,007182	0,0123625956475735
246,107298	0,013740424066782
246,208841	0,0155364461243153
246,311357	0,0181721858680248
246,411394	0,0204874239861965
246,512824	0,0230095051229
246,614459	0,0249006561934948
246,715500	0,0257944725453854
246,817032	0,0259027592837811
246,917432	0,0249571762979031
247,018521	0,0234568901360035
247,120360	0,0210163556039333
247,221479	0,0182547308504581
247,323151	0,0160193108022213
247,423212	0,0137650333344936
247,524962	0,0123616419732571
247,626921	0,0120075531303883
247,727415	0,0126075185835361
247,827958	0,0142440088093281
247,929048	0,0162022598087788
248,031083	0,0184516347944736
248,131234	0,0216507725417614
248,231317	0,023612666875124
248,332792	0,0250607021152973
248,432847	0,0259445570409298
248,532900	0,0257697738707066
248,632933	0,0248156450688839
248,733456	0,0228784270584583
248,835072	0,0203264690935612
248,935083	0,018009927123785
249,035262	0,0154108963906765
249,135508	0,0136609263718128
249,235553	0,0123569183051586
249,337212	0,0121512599289417
249,437300	0,0128278844058514
249,537412	0,0145503170788288
249,637503	0,0165776945650578
249,737534	0,019312497228384
249,839296	0,0219808258116245
249,939364	0,023881483823061
250,041284	0,0254534669220448
250,141299	0,02602244541049
250,241979	0,0257379524409771
250,343233	0,0244148187339306
250,444688	0,0226722992956638
250,544852	0,0200762711465359
250,644884	0,0172913186252117
250,745463	0,0151560343801975
250,845560	0,0132005922496319
250,947351	0,0122600011527538
251,048879	0,0121399126946926
251,150465	0,0131372027099133
251,251152	0,0146942622959614
251,351238	0,0171637497842312
251,451318	0,0194634385406971
251,553276	0,0221085734665394
251,655143	0,0242571420967579
251,755297	0,0254311449825764
251,857160	0,0259065590798855
251,957220	0,0253361575305462
252,057304	0,0241008959710598
252,158003	0,0218901224434376
252,259129	0,0192180536687374
252,359173	0,016935657709837
252,461334	0,0144916139543056
252,562174	0,0129986219108105
252,662355	0,0120916999876499
252,762449	0,0122784338891506
252,862564	0,0132791213691235
252,963970	0,0152953006327152
253,065494	0,0178837440907955
253,167428	0,0201916359364986
253,267512	0,0227397419512272
253,369125	0,024681244045496
253,469398	0,0256386883556843
253,571069	0,0258395858108997
253,673037	0,0249870903789997
253,773047	0,0235694535076618
253,874620	0,0212077237665653
253,974638	0,018937561661005
254,075060	0,0162444449961185
254,176661	0,0142904035747051
254,277228	0,0126391984522343
254,377700	0,0120231471955776
254,478002	0,0123450942337513
254,579339	0,01369783654809
254,680198	0,015902254730463
254,781333	0,018103864043951
254,882442	0,0208340249955654
254,982532	0,0232631154358387
255,083067	0,0247605554759502
255,183247	0,0257303528487682
255,284497	0,0257536210119724
255,384567	0,0247923769056797
255,485384	0,0229434929788113
255,586680	0,0209090523421764
255,687217	0,0181607939302921
255,787345	0,0159510709345341
255,888878	0,0137371085584164
255,989446	0,0123294927179813
256,089516	0,0119796581566334
256,190313	0,0125834010541439
256,291362	0,0138535238802433
256,391745	0,0161164738237858
256,492530	0,0188070572912693
256,592551	0,0210595689713955
256,694239	0,023443590849638
256,794519	0,0251015461981297
256,895365	0,0257588438689709
256,995998	0,0255892984569073
257,097668	0,024653222411871
257,199664	0,0227207504212856
257,300018	0,0202058814466
257,401344	0,0179197899997234
257,501363	0,0153298862278461
