0,100507	0,0399697758257389
0,200776	0,0399998389184475
0,303057	0,0392701290547848
0,403384	0,036868404597044
0,505187	0,0333990193903446
0,605523	0,0303531400859356
0,707220	0,0257260762155056
0,809042	0,0230327807366848
0,919438	0,0213354639708996
1,028481	0,0202476643025875
1,135721	0,0209532044827938
1,246435	0,0233220122754574
1,359458	0,0264423228800297
1,478162	0,0317843891680241
1,578454	0,0348715893924236
1,688727	0,0377422831952572
1,803850	0,0397731773555279
1,908634	0,039959754794836
2,019855	0,03865572437644
2,124134	0,0366707108914852
2,235398	0,0330621264874935
2,350258	0,0280090756714344
2,473365	0,0243663750588894
2,583780	0,0215994901955128
2,698999	0,0205121077597141
2,810851	0,0206773392856121
2,928139	0,022985752671957
3,030926	0,0269040204584599
3,131687	0,0293331779539585
3,245504	0,0339634232223034
3,356059	0,0372103117406368
3,463018	0,039243396371603
3,566380	0,0401964001357555
3,668541	0,0393598712980747
3,781376	0,0372198633849621
3,888929	0,0341575033962727
3,989471	0,0308407060801983
4,104571	0,0264009945094585
4,212298	0,0232075564563274
4,318826	0,0209076218307018
4,430217	0,0204418413341045
4,538497	0,0216398499906063
4,651113	0,0241806842386723
4,773162	0,0278712846338749
4,873701	0,030988197773695
4,978242	0,0352757759392262
5,078575	0,0377909801900387
5,179485	0,0394276492297649
5,280413	0,0398819781839848
5,393182	0,0388166271150112
5,505319	0,0362371765077114
5,623300	0,0329797007143497
5,734199	0,0290565155446529
5,835970	0,0247116424143314
5,941928	0,0220496915280819
6,051808	0,0204152576625347
6,160635	0,0205800049006939
6,268716	0,0222975872457027
6,384094	0,0250687785446644
6,495471	0,0289177261292934
6,602499	0,0328153409063816
6,712101	0,0367218144237995
6,818093	0,0389140136539936
6,926966	0,0400561355054379
7,035291	0,039631437510252
7,142711	0,0377866886556149
7,246031	0,0351521708071232
7,350031	0,0315373502671719
7,458202	0,027666974812746
7,561103	0,0240040086209774
7,674183	0,0215975902974606
7,781948	0,0204071812331676
7,889963	0,021004494279623
8,004340	0,0228694044053555
8,114129	0,0258904062211514
8,224727	0,0296636037528515
8,325421	0,0347585193812847
8,433584	0,0367595292627811
8,542245	0,0390830151736736
8,650280	0,0399797968566418
8,759022	0,0390410013496876
8,873220	0,0369624756276608
8,981241	0,0335882417857647
9,093489	0,0297615490853786
9,196620	0,025484811514616
9,300337	0,0227976851165295
9,400603	0,02088388428092
9,510960	0,0204556100070477
9,616234	0,0211531184613705
9,725198	0,0235357321798801
9,830933	0,0269187502563
9,940611	0,0313032083213329
10,049359	0,0350925214588642
10,153448	0,0375059060752392
10,273426	0,0393589101731777
10,383727	0,0399153791368008
10,500975	0,0382045172154903
10,614130	0,0355845801532269
10,724903	0,0319829024374485
10,835402	0,0273866690695286
10,951153	0,0240291841328144
11,063110	0,0214047841727734
11,174989	0,0203131772577763
11,284620	0,0210614688694477
11,393601	0,0231334678828716
11,502933	0,0265339873731136
11,613229	0,0296978317201138
11,723158	0,0340168289840221
11,838225	0,0376816354691982
11,949183	0,0391737036406994
12,058991	0,0397932194173336
12,162077	0,0390042401850224
12,272137	0,0356595180928707
12,381120	0,0328820310533047
12,492241	0,0296659804880619
12,600052	0,0252297781407833
12,711124	0,0220216698944569
12,821036	0,0204304419457912
12,931869	0,0204029120504856
13,033165	0,0218782462179661
13,143087	0,0250070355832577
13,251960	0,0287670530378819
13,361829	0,0326129011809826
13,470301	0,0359655134379864
13,579004	0,0385874472558498
13,689475	0,0396381206810474
13,800116	0,0395526923239231
13,905540	0,0378134287893772
14,019080	0,0348119474947453
14,129320	0,0306037999689579
14,239081	0,0267767198383808
14,349588	0,0233737789094448
14,459871	0,0209987945854664
14,570936	0,0203207693994045
14,680893	0,0210353545844555
14,788570	0,0233462266623974
14,899244	0,0265240184962749
15,008804	0,0303769148886204
15,111967	0,0347208194434643
15,215275	0,0375374220311642
15,324767	0,0393727533519268
15,434168	0,0396366901695728
15,543095	0,0384542383253574
15,650549	0,0365823768079281
15,760925	0,0332312770187855
15,870958	0,0294130407273769
15,980621	0,0257593207061291
16,089374	0,0217970423400402
16,199066	0,0206175111234188
16,309241	0,0204579792916775
16,418149	0,0215781144797802
16,528153	0,0253931470215321
16,643237	0,0284319929778576
16,754948	0,0323138199746609
16,864917	0,0359898619353771
16,974967	0,0389078073203564
17,088315	0,0401444025337696
17,198069	0,0396476648747921
17,309077	0,0376286320388317
17,420199	0,0346215926110744
17,530429	0,0301001183688641
17,641271	0,0263126455247402
17,749697	0,023160059005022
17,859710	0,0210097096860409
17,969137	0,0205272994935513
18,078935	0,0215387009084225
18,188258	0,0238852836191654
18,290315	0,0273914225399494
18,398954	0,0311775766313076
18,509985	0,0342252217233181
18,620231	0,0373898632824421
18,721761	0,0395966060459614
18,827570	0,039828535169363
18,934385	0,0389927886426449
19,043121	0,0366473160684109
19,153236	0,0328386835753918
19,258156	0,0296426825225353
19,367883	0,0252421237528324
19,476908	0,0228242762386799
19,586962	0,0206901542842388
19,697706	0,0206854157149792
19,799606	0,0220240466296673
19,913001	0,0246460996568203
20,022164	0,0289001353085041
20,131631	0,0321209691464901
20,241032	0,0360624305903912
20,348056	0,0382661111652851
20,458380	0,0397082753479481
20,567819	0,0395269207656384
20,668243	0,0384494699537754
20,783296	0,0347422920167446
20,892302	0,0311347506940365
21,003370	0,0273382179439068
21,113150	0,0238339863717556
21,223133	0,0214840956032276
21,326254	0,0204275958240032
21,436185	0,0211374424397945
21,542280	0,0225402750074863
21,651621	0,0266285203397274
21,762276	0,0304406546056271
21,872501	0,0336173139512539
21,979882	0,0371587388217449
22,090048	0,0389140136539936
22,197981	0,0397030301392078
22,308468	0,0389837138354778
22,423106	0,0365713946521282
22,533253	0,0332555808126926
22,643788	0,0288454778492451
22,752157	0,0252535156905651
22,862237	0,022697951644659
22,974411	0,0207077227532864
23,085119	0,0205871276557446
23,196238	0,0219361893832684
23,306550	0,0252739451825619
23,414669	0,0288535542786121
23,523890	0,0320243202149868
23,629681	0,0360929854214191
23,740340	0,0381400547921658
23,849880	0,0396280996501446
23,960543	0,0391169004142284
24,071339	0,0375335998833179
24,180342	0,0352437980473042
24,291278	0,0304092578589916
24,397894	0,0266460888087749
24,509166	0,0239389501512051
24,620554	0,0211820788681507
24,730402	0,0204565562307835
24,844440	0,0212780050933361
24,953046	0,023426491767168
25,059341	0,0261549614369869
25,166866	0,0305243618786335
25,276886	0,0341584570705891
25,384001	0,0372313223779202
25,494120	0,0390791930258274
25,598837	0,039600420743227
25,709862	0,0384155623614788
25,820672	0,0358934290707111
25,928236	0,0325705073773861
26,029475	0,0293987803161144
26,132993	0,0256429575383663
26,243003	0,0231002159416676
26,348984	0,0207917653024197
26,458530	0,020499762147665
26,567319	0,0216450728476048
26,667520	0,0241080187261105
26,775825	0,0282067470252514
26,884923	0,0320405177772045
26,996357	0,0349216870963573
27,106287	0,0381099693477154
27,215327	0,039336483925581
27,318972	0,0394548512995243
27,428570	0,0382355563342571
27,536084	0,0361674688756466
27,646603	0,0316035114228725
27,754547	0,0278451479971409
27,863096	0,0243089161813259
27,971117	0,0221071504056454
28,078854	0,0205396451056004
28,184350	0,0207727737724781
28,296496	0,0226129405200481
28,407089	0,02555937692523
28,517931	0,0291919894516468
28,623338	0,0336120687425137
28,728267	0,0357683561742306
28,830121	0,0382484383881092
28,933162	0,0395192839205265
29,035611	0,0393975786864758
29,136498	0,0376558490097523
29,246142	0,0354137010872364
29,350253	0,0312494300305843
29,460200	0,0281212143599987
29,563345	0,024614755064249
29,665052	0,021577637642622
29,775284	0,0205947197973728
29,884206	0,0206184647977352
29,986113	0,0223830752074718
30,096254	0,0253185890614986
30,204048	0,0282689966261387
30,314062	0,0326591022312641
30,424517	0,036031398922205
30,528649	0,0386471338570118
30,637979	0,0395049713551998
30,743607	0,0391780026257038
30,852030	0,037406574934721
30,961785	0,0345800928771496
31,064966	0,0316006503999233
31,174692	0,0271966494619846
31,281915	0,0234397910535336
31,391866	0,0215068869292736
31,505189	0,0205315761268139
31,615449	0,0213511325418949
31,729599	0,0239859633147717
31,835142	0,0273975990712643
31,944480	0,0298747159540653
32,054954	0,0340902619063854
32,164652	0,037106204777956
32,274155	0,0391030572354794
32,381911	0,0394333712756634
32,491625	0,0382346026599407
32,600879	0,0352371148765087
32,712051	0,032440971583128
32,818290	0,0293108336627483
32,927683	0,025074478238821
33,036828	0,0219570808112621
33,148163	0,0206949077546597
33,258443	0,0206274874508381
33,363143	0,0221076272428036
33,472945	0,024760078638792
33,582270	0,0283179394900799
33,690965	0,0326957814395428
33,798654	0,0359712429344654
33,908724	0,0383878760039806
34,018768	0,0394290797412395
34,129836	0,0392099879682064
34,244951	0,0369147248566151
34,355994	0,0343907214701176
34,464667	0,0308207310736179
34,574759	0,0270717106759548
34,685181	0,0232488699257374
34,797726	0,0211668871343136
34,910825	0,0204470567405224
35,021830	0,0215425007045269
35,134088	0,02400828525424
35,243281	0,0279501564800739
35,352981	0,0317482091486454
35,463036	0,0346673913300037
35,566520	0,0374261550605297
35,668506	0,0392405353486538
35,772285	0,0393073670566082
35,884943	0,0383921675384045
35,994968	0,0356857739388943
36,105879	0,0316758565604687
36,211626	0,027962040156126
36,316350	0,0256092436611652
36,418087	0,021895345300436
36,527830	0,0208929069340229
36,642105	0,0207062996923923
36,752056	0,022139448672533
36,861259	0,0249063558876514
36,966864	0,028408233076334
37,076291	0,0327638946473598
37,186685	0,0355755053460598
37,296129	0,0383491925895214
37,405189	0,0394228734076023
37,513094	0,0392080806195736
37,623323	0,0376100055873394
37,734025	0,0338099040091038
37,840600	0,0307484231889248
37,950621	0,0275976099073887
38,059822	0,023739006370306
38,168853	0,021122720092535
38,280645	0,0204655788838863
38,389866	0,0210809372365475
38,498373	0,0235176794230938
38,610992	0,0268066413700581
38,717097	0,0298904068768024
38,827523	0,0335234142839909
38,937848	0,0370708741247654
39,045181	0,0388581566512585
39,152864	0,0392701290547848
39,257456	0,0383721180260181
39,364053	0,0360567010939121
39,473270	0,032845351845026
39,583219	0,0291268639266491
39,697001	0,0254838578402996
39,806395	0,0222097299993038
39,916920	0,0205320455133915
40,019277	0,0205173306167126
40,130168	0,0221261493861675
40,241062	0,0247985534369946
40,351703	0,0283355228602886
40,459717	0,0326872058212757
40,564125	0,0354456789791584
40,674792	0,0379972793161869
40,784965	0,0392539016902447
40,896039	0,0389417074620724
41,005437	0,0372079201042652
41,115653	0,0342953316867352
41,226197	0,0307584069669247
41,336249	0,0270522348582745
41,446285	0,0242391042411327
41,556859	0,0212632827460766
41,664701	0,0205890275537968
41,772594	0,0214380286633968
41,879470	0,0232483930885792
41,989975	0,0263131223618984
42,100092	0,0299731455743313
42,203151	0,0341832526028156
42,318630	0,0370522551238537
42,429139	0,0388825051486492
42,538654	0,0392959080636501
42,648763	0,038282822817564
42,759292	0,0360285378992558
42,868678	0,0327677093446255
42,977524	0,0290817059576511
43,080789	0,0249661989510059
43,190833	0,0225792191922665
43,295895	0,0208715386688709
43,401543	0,0206056423485279
43,511963	0,0218174569308758
43,621538	0,0243872664868832
43,731950	0,0277791060507298
43,843097	0,0320833586156368
43,953290	0,0354452021420002
44,063132	0,037542674690485
44,163193	0,0391097404062748
44,274608	0,0389321558177471
44,386856	0,0373234860599041
44,496945	0,0346130095422268
44,607065	0,0304734669625759
44,718207	0,0267634205520153
44,827030	0,0235414318740368
44,935834	0,0215467773377895
45,045289	0,0204029120504856
45,150306	0,0208591930568218
45,260663	0,0230959393084049
45,369958	0,0262551717460155
45,478001	0,030539583414793
45,585604	0,0335410498082638
45,695969	0,0366196297109127
45,806017	0,0385955683887005
45,914733	0,0392572395503521
46,023040	0,0385038964450359
46,132892	0,0359244607388973
46,242644	0,0327172167599201
46,357292	0,0284091793000698
46,464377	0,0254620127379894
46,574348	0,0226191096007824
46,683231	0,0209114216268063
46,793225	0,0206830389797688
46,900756	0,0219808258116245
47,010986	0,0250459797680378
47,120558	0,0285769440233707
47,231129	0,0328791774809361
47,342855	0,0355903021991253
47,448332	0,0377188883721828
47,558406	0,0392290763556957
47,670616	0,0388319008052349
47,780862	0,0370364896953106
47,890715	0,0340993218123913
48,000525	0,0305362530052662
48,111106	0,0262518487870693
48,221798	0,0236003212630749
48,336557	0,0214000381529331
48,446692	0,0205443911254406
48,557239	0,0214693658053875
48,665576	0,0233072899281979
48,766776	0,0269909538328648
48,874732	0,0306970439851284
48,986480	0,0342547856271267
49,096142	0,0366826541721821
49,206790	0,0388529039919376
49,316784	0,0392176248133183
49,427499	0,0381586737930775
49,536311	0,0353812538087368
49,651703	0,031991470605135
49,759331	0,0282941870391369
49,869379	0,0248142220079899
49,980539	0,0217637978494167
50,089814	0,0205842740833759
50,198791	0,0207214914262295
50,302905	0,0226238630712032
50,412963	0,0255565233528614
50,523122	0,0291102267801762
50,634143	0,0328034348785877
50,744669	0,036460142582655
50,853960	0,0379380695521832
50,965836	0,0391345657408237
51,080170	0,0385091416537762
51,191690	0,0360342673957348
51,302229	0,0334419123828411
51,407067	0,0297972075641155
51,514286	0,0261744372546673
51,624434	0,0226974748075008
51,734352	0,0211255736649036
51,842803	0,0205619595944881
51,944956	0,0215178094804287
52,054326	0,0238078646361828
52,163072	0,0264959894120693
52,269119	0,0307636372745037
52,377261	0,034294854849577
52,487462	0,037138681858778
52,598015	0,0388342849910259
52,702055	0,0392266921699047
52,807688	0,038140531629324
52,907952	0,0362720228731632
53,018224	0,0325824208557606
53,127878	0,0289077423512936
53,229942	0,0259174816310406
53,340927	0,0229705609381199
53,451539	0,0209323130548
53,562062	0,0207694508135319
53,673339	0,02211569622159
53,784394	0,02521837875247
53,886952	0,027518268674612
53,988789	0,0324390642344952
54,098911	0,0352189876139164
54,212288	0,037809606641531
54,323111	0,039268221706152
54,430387	0,0390128307044506
54,534104	0,0374017991125584
54,644478	0,0351416729390621
54,753053	0,0323433466255665
54,863117	0,0280665718019009
54,973201	0,0241417400538921
55,082922	0,0221042968332767
55,185464	0,0207547284662724
55,286875	0,0212110467255116
55,396100	0,022713627666235
55,505977	0,0260851420462132
55,616125	0,0296716801822186
55,726434	0,0332927517592907
55,831205	0,0363488905131817
55,941954	0,0384370498359203
56,045650	0,0391794331371784
56,155261	0,0387583784759045
56,266909	0,0366019569337368
56,368244	0,0341431982815266
56,480006	0,0299840830266476
56,590260	0,0263577662408352
56,698307	0,0237119309604168
56,808619	0,0214674733579159
56,917560	0,0206308104097843
57,027749	0,0217262841761112
57,138096	0,0236748866736889
57,245009	0,0274726636707783
57,355107	0,0311490260064602
57,463308	0,0346220694482327
57,574089	0,0369514934718609
57,685265	0,0388791672885418
57,795946	0,0389607958495617
57,895987	0,0378420762717724
57,997507	0,035415131598711
58,102999	0,0327153094112873
58,212120	0,0284453071653843
58,323018	0,0250003896653652
58,431878	0,0223175399005413
58,535844	0,0209959410130978
58,644312	0,0207699276506901
58,754214	0,0223593302071095
58,864318	0,0250502489507198
58,973155	0,0285127870738506
59,084523	0,0321581102907658
59,190859	0,034964632242918
59,296896	0,0379075072705746
59,407353	0,0391083098948002
59,515238	0,0389297716319561
59,626007	0,0369734577834606
59,729807	0,034642580896616
59,830335	0,0318062864243984
59,940256	0,0281430743634701
60,049075	0,0247458331286907
60,159226	0,0221788622438908
60,268132	0,0207081995904446
60,379254	0,0211455188691616
60,488061	0,0229658149182796
60,598848	0,0258923061192036
60,714302	0,0300887040793896
60,825073	0,0342071019113064
60,934777	0,036628220230341
61,044595	0,038577426224947
61,145107	0,0391947142779827
61,255072	0,0381629727780819
61,365207	0,0363541506230831
61,471136	0,0332798846065998
61,581281	0,0290869362652302
61,681645	0,0261297859251499
61,784614	0,0235912911593914
61,894619	0,0213088653981686
62,004760	0,0209009759128094
62,115090	0,0215809680521488
62,218033	0,0237309299409389
62,328578	0,027441781014204
62,438521	0,031699176877737
62,549693	0,0350643657147884
62,656536	0,0368841625750065
62,760338	0,0388805978000164
62,870546	0,0391192846000195
62,979476	0,0376639626920223
63,090335	0,0356170423328876
63,200556	0,0317681990563869
63,310514	0,0281240679323673
63,419995	0,0252672918140888
63,529424	0,0225383751094341
63,642065	0,0208971761167049
63,751160	0,0212423913180828
63,861666	0,0230726711452007
63,963078	0,0254667587578297
64,073238	0,0295623205602169
64,182016	0,0325776599347591
64,287885	0,0352972485125065
64,396900	0,0380641259253025
64,508015	0,0391517542302608
64,618057	0,0385817252099514
64,721339	0,0370956994593143
64,830246	0,0337708108127117
64,934672	0,0302394591271877
65,044497	0,0266522653400898
65,155461	0,0235751532018185
65,265538	0,0215197093784809
65,376440	0,0208288095891476
65,487075	0,0218948684632778
65,597423	0,0233224891126156
65,711471	0,0274560339748859
65,821560	0,0316682420670986
65,930283	0,0339524634182453
66,037250	0,0367948673665524
66,148572	0,0387583784759045
66,257721	0,0388796441257
66,365976	0,0375130660831928
66,477304	0,0354666821658611
66,587351	0,0322285778820515
66,696900	0,0286159180104733
66,802057	0,0246636755764484
66,913149	0,0221522711217403
67,024028	0,0208829306066036
67,132988	0,0210586227476597
67,238072	0,0226936750113964
67,346202	0,0254658125340939
67,455143	0,0289243720471859
67,564820	0,033101674169302
67,678288	0,0356790907680988
67,787148	0,0382040403783321
67,896843	0,0389560274779797
67,997454	0,038383100181818
68,107422	0,0364887975156307
68,218300	0,0340859703719616
68,329232	0,030019748955965
68,438986	0,026456568390131
68,550039	0,0233918242156506
68,658726	0,0213838927447796
68,763297	0,0207262448966503
68,869084	0,0213060192763805
68,972850	0,0237157307565212
69,080047	0,0268441699445248
69,190051	0,0298362039029598
69,300683	0,0339171774685383
69,410156	0,0367251522839069
69,520347	0,0384800247848034
69,630184	0,0388424061238766
69,737826	0,0376572795212269
69,843275	0,0357492603361607
69,953131	0,0326167084276676
70,063204	0,0290308482944965
70,165953	0,0250212885439396
70,275331	0,0231348909437656
70,383279	0,0210467539727688
70,483966	0,0207214914262295
70,585398	0,0219642035663128
70,695830	0,0239351503551006
70,806784	0,0277201943099499
70,916036	0,0307236798107624
71,028597	0,034677404910326
71,138223	0,0372523330152035
71,246303	0,0386848486959934
71,354419	0,038650956004858
71,458646	0,0377871654927731
71,569203	0,0350271426141262
71,679673	0,0311637707054615
71,780685	0,0275653041899204
71,893109	0,0243231542408466
71,998410	0,0222591198980808
72,098480	0,0209261439740658
72,213073	0,0210491232573986
72,324932	0,0225801654160023
72,436515	0,0258310399949551
72,537292	0,0287242792546749
72,647913	0,032305721193552
72,757919	0,035512026399374
72,867483	0,0380961261689663
72,980343	0,0389708243310452
73,081590	0,0384676121175289
73,190349	0,0370307601988316
73,297308	0,033254150301218
73,397541	0,0309330113232136
73,508563	0,0267757661640644
73,618772	0,023715253919363
73,728706	0,0216313041746616
73,842075	0,0209213979542255
73,953350	0,0216370038688183
74,063501	0,0237057544291019
74,166503	0,0267710201442242
74,277714	0,0309168286621571
74,385880	0,0337875001132488
74,495749	0,0366382412612438
74,605927	0,03845090046525
74,714470	0,0389078073203564
74,816533	0,0380932576954365
74,926083	0,0355191864073277
75,036596	0,0329087115824223
75,146327	0,0293621830642223
75,252119	0,02587616071105
75,363190	0,0226290859282017
75,468022	0,0211013592779636
75,578889	0,0208981297910213
75,689416	0,0219870023429394
75,796102	0,0253494568169117
75,896171	0,02756292745471
76,011079	0,0317153669893742
76,121770	0,0344775281846523
76,230690	0,0377088598906994
76,342938	0,0386881940066814
76,447394	0,0386027283966541
76,557369	0,0371754504740238
76,665057	0,0346234999597073
76,775335	0,0312951169908047
76,886572	0,0277230404317379
76,996937	0,0239892862737179
77,097739	0,0217424295842648
77,207427	0,0208753384649754
77,317698	0,0213392563164234
77,419429	0,0232184790074825
77,521640	0,0256187431514263
77,631373	0,0290465317666531
77,737736	0,0325805135071278
77,844493	0,0361139886081219
77,959857	0,0380899123847485
78,060528	0,0387851111590862
78,168702	0,0383520610630512
78,277827	0,036602433770895
78,387100	0,033282745629549
78,499057	0,0303949899971485
78,603021	0,0268674455583096
78,712812	0,0229729376733303
78,813001	0,0214484743773937
78,922262	0,0208857841789722
79,033151	0,0215216092765331
79,143254	0,0244053192436695
79,245551	0,0264950431883335
79,355429	0,0305928625166416
79,465263	0,0339786820113659
79,566452	0,0367117859423161
79,680331	0,0383606515824795
79,781840	0,0387044288218021
79,893180	0,0377078987658024
79,998850	0,0359287522733212
80,111824	0,0323819182813168
80,221844	0,028864961117506
80,337434	0,0254629589617252
80,447968	0,0227473415434361
80,555795	0,0211616568267345
80,666232	0,0209584347903728
80,781206	0,0225283987820148
80,890743	0,0256453342735767
80,998853	0,0284633599221706
81,103990	0,0319857560098171
81,213349	0,0351244919002056
81,323308	0,0377179272472858
81,434951	0,0385630987584591
81,539975	0,0381701327860355
81,648538	0,0364525057375431
81,757773	0,0341899283230305
81,868239	0,0308621190488338
81,972241	0,0267876423895359
82,081963	0,0237451754510403
82,197594	0,0214541740715504
82,307592	0,020909521728754
82,417550	0,0215719453990459
82,526873	0,0235670767724514
82,635899	0,0265377871692181
82,745098	0,0300083421170712
82,854127	0,0339538939297199
82,965096	0,0366320423781872
83,066998	0,03825369104743
83,176696	0,0386146642267704
83,288186	0,0377952866256237
83,397295	0,0348272137343884
83,499781	0,0321766845881939
83,610044	0,0292419008910656
83,719739	0,0258201174438
83,829208	0,0226176865398884
83,940300	0,0209437124431133
84,053280	0,0209242440760136
84,163028	0,0225208066403866
84,270666	0,025170411914587
84,381292	0,0291192568838596
84,490044	0,0314740501344204
84,591658	0,0347327552735806
84,701266	0,0377671159803867
84,812809	0,038649994879961
84,920894	0,0384933911263943
85,031191	0,0368015505373478
85,142263	0,0341694243252277
85,245369	0,0308473668992519
85,354749	0,0267714969813824
85,465345	0,0242139287292957
85,575218	0,0219627805054188
85,682787	0,0209503583610058
85,793156	0,0214337520301342
85,902974	0,023637842386961
86,014268	0,0266180597245693
86,123322	0,0306666009128094
86,232754	0,0334662236273289
86,339530	0,036268200725317
86,450187	0,0380555354058743
86,560879	0,0385659672319889
86,669833	0,0377408526837826
86,781403	0,035225186496973
86,885267	0,032677199691534
86,996272	0,0292043499648571
87,100125	0,025772150605917
87,212020	0,0225887112319469
87,321982	0,0210571996867657
87,430189	0,0208378247916698
87,540050	0,0218958221375942
87,650996	0,0251713655889034
87,760406	0,0279173739254475
87,874066	0,031416941434145
87,982027	0,0346149168908596
88,092080	0,0373511798679829
88,202100	0,0384652204811573
88,312158	0,0381567589938641
88,421769	0,0362261869013309
88,529313	0,033450972288847
88,629867	0,0300934575498104
88,740146	0,0272099487483501
88,847385	0,0245990864932537
88,957423	0,0217049084603786
89,068311	0,0210268013179302
89,171516	0,0215235091745853
89,281783	0,0229639150202274
89,390989	0,0267406143248081
89,498341	0,0296108238399029
89,613036	0,0330278165638447
89,723087	0,0363274104893208
89,833197	0,0382570363581181
89,943853	0,0385736040771008
90,053266	0,037719365209341
90,163760	0,0351998917758465
90,273046	0,032664816826582
90,381520	0,0292171873152256
90,491056	0,0253238044679165
90,600002	0,0230864398181438
90,704217	0,0214009843766689
90,814851	0,021068599075079
90,923288	0,0221470482647419
91,028012	0,0244490094482899
91,135769	0,028163980692625
91,245596	0,0316263549029827
91,354965	0,0342953316867352
91,464579	0,0371329449117184
91,574795	0,038345854729414
91,676892	0,0383477620780468
91,785011	0,0368235222995281
91,895992	0,0343177430331707
91,998393	0,0310857407748699
92,108227	0,0281910710036755
92,213215	0,0244661085307598
92,323047	0,0221308954060078
92,437582	0,0210120864212513
92,541217	0,0212936736643314
92,651792	0,0225763730704784
92,766772	0,0261815600097179
92,870329	0,0295822955667973
92,979793	0,0324500165879726
93,089766	0,0354394800961018
93,198794	0,0377737991511822
93,306306	0,0384456478059292
93,412795	0,0378167741000652
93,523021	0,0363245420157909
93,629092	0,0330897532403469
93,738557	0,0302846468985081
93,848316	0,0268674455583096
93,953025	0,0234549902379513
94,063779	0,0216047130525112
94,179224	0,0210776142776012
94,280661	0,02169493958354
94,388108	0,0240647979080677
94,499166	0,02763656899333
94,603160	0,0304924957454205
94,713321	0,0332641564309597
94,816177	0,0363999865949154
94,926690	0,0379858203232288
95,035592	0,038311954587698
95,143030	0,0375612936913967
95,250200	0,0351459644734859
95,360115	0,031560193747282
95,469902	0,0286924354732037
95,580021	0,0254249684512615
95,690307	0,0224756859242916
95,804755	0,0210918597877026
95,913914	0,0212566368281841
96,014381	0,022687029093504
96,124005	0,0252350009977818
96,227379	0,028489027172327
96,336319	0,0313446037471294
96,445224	0,0349479354918003
96,554685	0,0371711514890194
96,664199	0,0382322110235691
96,765678	0,0381223820149899
96,876251	0,0364696942269802
96,980913	0,0343907214701176
97,090866	0,0312432385981083
97,197143	0,0278237722814083
97,305624	0,0242286510765553
97,415562	0,0217989422380924
97,526181	0,0210913829505444
97,630382	0,0213582552969456
97,740063	0,0232787914574146
97,849453	0,0265734158456326
97,959969	0,0293811894953251
98,069554	0,0332584343850613
98,180128	0,0355965159833431
98,290728	0,037541713565588
98,400471	0,0382684953510761
98,509526	0,0374925322830677
98,614488	0,0350858382880688
98,723997	0,0320904962718487
98,834222	0,0298509411513805
98,939102	0,0259749479591846
99,048785	0,0232526697218418
99,159899	0,0214180909097195
99,267916	0,0212029777467251
99,377438	0,0222216062247753
99,482168	0,0249020867049694
99,591872	0,0274859629571438
99,698712	0,0308692567050457
99,811081	0,0340521149337292
99,917993	0,036862675100565
100,028069	0,0379762686789036
100,131975	0,0381395779550076
100,242028	0,0366840846836567
100,350706	0,0347170047461987
100,462278	0,0316353999078274
100,571759	0,0276531986892223
100,681368	0,0245382972061634
100,790974	0,0219171904027462
100,898500	0,0210538692772388
101,008123	0,0212760977447033
101,117346	0,0228171534836292
101,220681	0,0259758941829205
101,331554	0,0292832665145397
101,440449	0,0320933572947979
101,550053	0,0350667499005795
101,660319	0,0371372438967228
101,771567	0,0380631722509861
101,881197	0,0376725606620312
101,987392	0,0352471359074116
102,088458	0,0333966426551342
102,196954	0,0301286466419697
102,304621	0,0267672203481197
102,414906	0,0230261273682117
102,525228	0,0215629227459431
102,635360	0,0210154093801975
102,745848	0,0218507014214993
102,851391	0,023932296782732
102,960582	0,0269182734191418
103,066496	0,0303112752735615
103,176814	0,0335691757500172
103,283011	0,0361813120543957
103,396280	0,0377695001661777
103,507533	0,0381061546504498
103,611912	0,0368387959897518
103,722028	0,0349756143987179
103,837546	0,0314174182713032
103,947271	0,0280033685266972
104,058135	0,0248165987432003
104,163109	0,0223759524524212
104,271188	0,0210932902991772
104,379683	0,0211811326444149
104,486054	0,0230142511427402
104,596556	0,0252573154866695
104,705425	0,0285598374903202
104,818758	0,0320471785962582
104,921177	0,0355965159833431
105,030850	0,0374022759497166
105,136699	0,0384938679635525
105,245498	0,0382503531873226
105,352906	0,0363656096160412
105,461297	0,0341360457241535
105,565981	0,0308407060801983
105,675618	0,0273790694773197
105,787448	0,0234098769724369
105,898243	0,0215709917247295
106,005287	0,0210472233593464
106,114407	0,0216996856033802
106,223097	0,0236782096326351
106,331519	0,0266213901340961
106,438299	0,0300378166139126
106,547613	0,0334137938916683
106,657029	0,0361946783959866
106,758089	0,0379686318337917
106,858198	0,0384967364370823
106,967731	0,0376902334392071
107,077524	0,0356800444424152
107,185278	0,033282745629549
107,295042	0,0293293707072735
107,404270	0,0259806476533413
107,514866	0,0228442288935184
107,625643	0,0215087868273258
107,734539	0,0212366916239262
107,843877	0,0225013308227062
107,952935	0,0244789309799671
108,063116	0,0281701646745205
108,165194	0,0310590974986553
108,276323	0,0348133780062199
108,386189	0,0372069664299488
108,495326	0,0383534915745258
108,605907	0,038546871393919
108,716018	0,0367695577442646
108,820440	0,0341875441372395
108,931535	0,0309277735650539
109,044171	0,0280575416982174
109,154305	0,0240196846425533
109,262960	0,0225578509271145
109,366386	0,0214009843766689
109,470138	0,0216393731534481
109,579911	0,023595567792654
109,690337	0,0258785299956799
109,800364	0,0291782058775425
109,910392	0,033110249787569
110,019810	0,0359827093780041
110,127204	0,0376620553433895
110,237663	0,0385798178613186
110,339760	0,0379901193082333
110,448985	0,0361278392374516
110,559688	0,0333051346242428
110,670869	0,029931303113699
110,781370	0,025989193469286
110,891902	0,0236330889165401
111,002900	0,021502610296011
111,112140	0,0211155973374844
111,222891	0,0221042968332767
111,332018	0,0242937169969082
111,442163	0,0278394483029842
111,550547	0,0305771641433239
111,661055	0,0340931229293346
111,772172	0,036308791488409
111,881359	0,0374294929206371
111,991387	0,0373182334005833
112,101462	0,035973634570837
112,211609	0,0336139760911465
112,321322	0,030587624758482
112,430360	0,0273885689675808
112,540788	0,0241645388305187
112,644277	0,0225654505193233
112,754737	0,021742906421423
112,863135	0,0222406052052975
112,969845	0,0243378840386868
113,079927	0,0271220616996288
113,190632	0,0302998684346676
113,301255	0,033396165817976
113,411867	0,0359330512583256
113,523013	0,0376525036990643
113,631401	0,0378573648631573
113,741572	0,0370746962726116
113,852188	0,0347112827003002
113,959478	0,03185960277915
114,064404	0,0291839130222797
114,174483	0,0260998643934727
114,280793	0,0232749916613102
114,391200	0,0220838822424412
114,501407	0,021935235708952
114,611423	0,022885549813509
114,716220	0,0254534669220448
114,826232	0,0284410305321217
114,935705	0,0315878055989742
115,042096	0,0344803892076015
115,142430	0,0366248749196529
115,243163	0,0376945249736309
115,354713	0,0376868881285191
115,459175	0,0362376533448696
115,570175	0,034335870295763
115,670704	0,0314597748219967
115,780863	0,0282680504024029
115,893234	0,0253162123262882
116,001186	0,0230802707374096
116,111304	0,021873977035284
116,222139	0,0219903253018856
116,328278	0,0237010084092617
116,439846	0,0267857424914837
116,543062	0,0289319790899754
116,653211	0,0322147719562054
116,764302	0,0356318391859531
116,874551	0,037507813423872
116,985466	0,0376701764762402
117,095481	0,0359149165451527
117,206063	0,0324295423924923
117,317115	0,0276170931756496
117,426809	0,0229396931827068
117,538099	0,0159951485693455
117,650017	0,00963566824793816
117,760286	0,00532567128539085
117,871173	0,00307214260101318
117,983188	0,00261810794472694
118,093318	0,00531196966767311
118,203018	0,00970132276415825
118,313214	0,015188243240118
118,420845	0,0208183564245701
118,531286	0,0257697738707066
118,635685	0,0288041271269321
118,746558	0,0308373831212521
118,852111	0,0305747874081135
118,959419	0,0283279232680798
119,069352	0,0242751948535442
119,180361	0,0189854986965656
119,290042	0,012259054929018
119,399998	0,00644040480256081
119,505130	0,00355679914355278
119,613084	0,00207404419779778
119,724244	0,00303715094923973
119,835206	0,00689473375678062
119,944695	0,0109881497919559
120,052247	0,0166331641376019
120,162976	0,0229895524680614
120,265259	0,026704516261816
120,375413	0,0296702571213245
120,485387	0,0306076072156429
120,590413	0,029066976159811
120,701401	0,0256225429475307
120,810535	0,0216037593781948
120,914330	0,016032587736845
121,015371	0,00953648611903191
121,125830	0,00507291033864021
121,226045	0,00306930765509605
121,328784	0,00190794840455055
121,438966	0,00358185544610023
121,550293	0,00731314346194267
121,660418	0,0124562047421932
121,770109	0,018189262598753
121,881106	0,0235566310584545
121,990743	0,0277406238019466
122,101071	0,0301976092159748
122,211216	0,0305833481252193
122,321182	0,0283801965415478
122,431497	0,023715253919363
122,541116	0,0183728747069836
122,651659	0,0135998837649822
122,761695	0,00673935934901237
122,871728	0,00420485809445381
122,980013	0,00212420150637627
123,089830	0,002371646463871
123,202886	0,00554060563445091
123,311533	0,0101717822253704
123,422004	0,0156932808458805
123,531862	0,0212395377457142
123,642928	0,0265477634966373
123,744429	0,0290218181908131
123,852985	0,0302199609577656
123,961688	0,0293113104999065
124,072227	0,0257840193808079
124,183295	0,0201930589973927
124,293239	0,0164686627686024
124,402901	0,00999464467167854
124,512057	0,00476343557238579
124,622916	0,00249133259057999
124,732899	0,00195953249931335
124,843122	0,00401154533028603
124,952769	0,00884884968400002
125,062273	0,0142369084060192
125,176427	0,018936138600111
125,286920	0,0240462832152843
125,396521	0,0283250696957111
125,500713	0,0298609249293804
125,605530	0,0296051166951656
125,716280	0,0271918959915638
125,825737	0,0238396860659122
125,935301	0,0186983905732632
126,045881	0,0130709819495678
126,156440	0,00709213688969612
126,266830	0,00303667783737183
126,375646	0,0018823966383934
126,485952	0,00267060846090317
126,597359	0,0056634284555912
126,700154	0,0103281401097775
126,811297	0,0168427266180515
126,918203	0,0214223600924015
127,026924	0,0267026163637638
127,137423	0,0294914953410625
127,247140	0,0302941612899303
127,357519	0,0293498151004314
127,466367	0,0257716737687588
127,575811	0,0210514925420284
127,685728	0,0145621560513973
127,795684	0,0099998377263546
127,904669	0,00485037639737129
128,013184	0,00263891741633415
128,124755	0,00206363573670387
128,235214	0,00382672622799873
128,344766	0,0083964429795742
128,453281	0,0146085657179356
128,564181	0,0192930363118649
128,675223	0,0243573524057865
128,785815	0,028557937592268
128,896528	0,0301543362438679
129,006796	0,0293887965381145
129,117839	0,0271814428269863
129,228947	0,0230076052248478
129,338987	0,0176935233175755
129,449857	0,0120808221399784
129,560487	0,00706002488732338
129,663672	0,00306788459420204
129,766421	0,00196473672986031
129,875392	0,00282764062285423
129,986026	0,00656084343791008
130,095355	0,0114540718495846
130,205764	0,017035711556673
130,317186	0,0232322476804256
130,428123	0,0267543904483318
130,543165	0,0297177992761135
130,652925	0,0299427174031734
130,762946	0,0287927128374577
130,869223	0,0248175449669361
130,980386	0,0198726169764996
131,090164	0,0142662562429905
131,200066	0,00890646502375603
131,310362	0,00467317923903465
131,420202	0,00211142376065254
131,529100	0,00220983847975731
131,638632	0,00498976185917854
131,747235	0,00854000076651573
131,855945	0,014797504991293
131,960682	0,020374421030283
132,070129	0,0245116986334324
132,181008	0,0282262302935123
132,285457	0,0302746556699276
132,394412	0,0294068641960621
132,500319	0,0277140103280544
132,609876	0,023739006370306
132,718918	0,0167099647223949
132,828367	0,0120519809424877
132,937298	0,0063927061855793
133,046778	0,00359839573502541
133,157442	0,00216205418109894
133,266692	0,00310287997126579
133,367517	0,00619481131434441
133,468848	0,0109049938619137
133,578025	0,0164326243102551
133,686332	0,0218559242784977
133,796964	0,0256928317248821
133,905477	0,0292609147727489
134,008347	0,03016621991992
134,118622	0,0290921665728092
134,221244	0,0260343216359615
134,333199	0,021433275192976
134,444253	0,0159486941993237
134,545879	0,0113137252628803
134,656110	0,00646543875336647
134,765710	0,0028044655919075
134,870583	0,00201016291975975
134,981414	0,00402667000889778
135,085053	0,00716486200690269
135,194887	0,0121928565204144
135,304139	0,0187202207744122
135,413797	0,0238463319838047
135,518813	0,0271990261971951
135,629379	0,0296322219073772
135,740944	0,030061598867178
135,851111	0,0279838927090168
135,961083	0,0242371968924999
136,067610	0,0191891007125378
136,175579	0,0145408473908901
136,284914	0,00919454917311668
136,396396	0,00439107045531273
136,504792	0,00232480838894844
136,614201	0,00255614146590233
136,724236	0,00502708181738853
136,834795	0,0101396553218365
136,944706	0,0155691392719746
137,053224	0,0201484374701977
137,163967	0,025658156722784
137,268529	0,0287903361022472
137,370152	0,0299593545496464
137,480876	0,0294648669660091
137,589003	0,0269776545464993
137,698466	0,0220045708119869
137,808687	0,0166360102593899
137,913074	0,0120207853615284
138,013075	0,00708222016692162
138,121056	0,00358421728014946
138,232125	0,00214312598109245
138,341646	0,00301775708794594
138,455085	0,00606114789843559
138,562126	0,0116053111851215
138,671943	0,017143826931715
138,781231	0,0224709324538708
138,890699	0,0267491675913334
138,999738	0,0294011570513248
139,110310	0,0300687290728092
139,220510	0,0286795981228352
139,330305	0,0254111997783184
139,440100	0,0197966657578945
139,548756	0,0142610482871532
139,658873	0,00979767367243767
139,772112	0,00478942319750786
139,882740	0,00245443359017372
139,988866	0,00237022712826729
140,099713	0,00457347556948662
140,208142	0,00865286961197853
140,318349	0,0148131363093853
140,427796	0,0203188769519329
140,536344	0,024369228631258
140,645579	0,0284281931817532
140,759765	0,0299717225134373
140,866546	0,0293593294918537
140,976725	0,0268246941268444
141,087000	0,0226324088871479
141,196898	0,0164530090987682
141,300812	0,0109725557267666
141,411711	0,00626849755644798
141,521826	0,00316104292869568
141,631112	0,00224532559514046
141,744147	0,00395436212420464
141,854064	0,0069301538169384
141,967896	0,0118161104619503
142,068791	0,0182533077895641
142,178079	0,0226086638867855
142,285382	0,0268213637173176
142,393460	0,0296388827264309
142,503269	0,0297282598912716
142,612963	0,0280979312956333
142,715139	0,0245059989392757
142,818917	0,0195792578160763
142,928625	0,0140494666993618
143,033159	0,00962197408080101
143,143034	0,00527511909604073
143,258207	0,00231487303972244
143,359755	0,00249417126178741
143,464154	0,00477949902415276
143,573862	0,00811688229441643
143,684229	0,0132493190467358
143,786202	0,0187890268862247
143,896880	0,023829709738493
144,005521	0,0281259678304195
144,113176	0,0297139994800091
144,222968	0,0297534577548504
144,334253	0,0272664837539196
144,435230	0,0232602693140507
144,546448	0,0190120674669743
144,656952	0,0134896449744701
144,762943	0,00834166631102562
144,864695	0,00443879887461662
144,973115	0,00244355201721191
145,081847	0,00272784009575844
145,191501	0,00525291636586189
145,296872	0,0095454566180706
145,407297	0,0148761160671711
145,511714	0,0203753672540188
145,622105	0,0251571126282215
145,732108	0,0289224721491337
145,843109	0,030112486332655
145,957901	0,0292438082396984
146,068988	0,0264337696135044
146,170228	0,0211877785623074
146,279355	0,0166819952428341
146,386194	0,0112012587487698
146,496022	0,00648007914423943
146,605729	0,00331141427159309
146,715874	0,00226377695798874
146,826703	0,00351471826434135
146,927431	0,00756296142935753
147,038507	0,0125441513955593
147,149551	0,0171319730579853
147,259890	0,0223825983703136
147,368860	0,0271562673151493
147,478503	0,0294463224709034
147,582909	0,0297539345920086
147,695271	0,0280295051634312
147,805798	0,0237788967788219
147,912796	0,0187605507671833
148,013110	0,013271551579237
148,115164	0,00897777453064919
148,225370	0,00436790660023689
148,330596	0,00285980105400085
148,439709	0,0024719350039959
148,548151	0,00433814153075218
148,662954	0,00893149152398109
148,766173	0,0150385685265064
148,871545	0,0195849500596523
148,982413	0,0244746617972851
149,085775	0,0284467302262783
149,187293	0,0297762863337994
149,297275	0,029703538864851
149,407040	0,0272512771189213
149,517062	0,023298267275095
149,627858	0,018187839537859
149,728158	0,0136003606021404
149,837727	0,00700902566313744
149,947761	0,00407677516341209
150,056847	0,00252113491296768
150,164533	0,00273824855685234
150,274219	0,00576687976717949
150,384207	0,0102199576795101
150,494282	0,0155885629355907
150,604004	0,0218131802976131
150,713198	0,0261934362351894
150,814679	0,0289994738996029
150,924315	0,0298775695264339
151,030644	0,0290607921779156
151,140561	0,0256956852972507
151,251290	0,0219983942806721
151,361732	0,0157918445765972
151,470774	0,0104065574705601
151,580022	0,00590480491518974
151,680819	0,00338469818234444
151,790683	0,00234184041619301
151,901722	0,00392835959792137
152,011504	0,00750676169991493
152,123290	0,0124387107789516
152,234354	0,0188127569854259
152,344767	0,0237950421869755
152,454554	0,0280109755694866
152,564646	0,0293550454080105
152,674745	0,0295518673956394
152,783060	0,0275534279644489
152,894110	0,0230527259409428
153,003141	0,0179330743849277
153,118701	0,0133699439466
153,228869	0,00752895697951317
153,338352	0,00352559611201286
153,447667	0,00230541080236435
153,557812	0,00335633009672165
153,669168	0,00650369748473167
153,773685	0,0111799947917461
153,880017	0,0156572721898556
153,987093	0,0210087634623051
154,098212	0,0261383391916752
154,208957	0,0285422466695309
154,318641	0,0297025851905346
154,428108	0,0288326404988766
154,539169	0,0254268683493137
154,644090	0,0208957530558109
154,745702	0,0164496935904026
154,856610	0,0102109871804714
154,965561	0,00517543777823448
155,074202	0,00273682549595833
155,184815	0,00239435210824013
155,295736	0,00402809306979179
155,405818	0,00764937326312065
155,517423	0,0125819854438305
155,627297	0,0188901089131832
155,737645	0,0238173715770245
155,848117	0,0279354266822338
155,953060	0,0294073410332203
156,064059	0,0291349478065968
156,176400	0,0272759832441807
156,285919	0,0227316729724407
156,395979	0,0176100395619869
156,502976	0,0121640227735043
156,611620	0,0080394335091114
156,719674	0,00381444022059441
156,830664	0,00228695943951607
156,933953	0,00281250476837158
157,043863	0,00538944825530052
157,154256	0,0105156861245632
157,262869	0,0158799849450588
157,371355	0,0211797095835209
157,481247	0,0249718986451626
157,590047	0,0288996584713459
157,700168	0,0296274684369564
157,810340	0,0286743752658367
157,917937	0,0251761116087437
158,027888	0,0205899737775326
158,142832	0,0143197514116764
158,242952	0,0107651315629482
158,350331	0,00619339570403099
158,460078	0,00290283933281898
158,569789	0,00238962098956108
158,679560	0,00414058193564415
158,788308	0,00782173499464989
158,898255	0,0136798582971096
159,008279	0,0182129852473736
159,118511	0,0239565186202526
159,229185	0,0270607806742191
159,338911	0,0293854661285877
159,448030	0,0292233638465405
159,557005	0,0275752805173397
159,664441	0,0232688151299953
159,774992	0,0182604230940342
159,885065	0,0128364004194736
159,997143	0,00714455172419548
160,108168	0,00374826416373253
160,214467	0,00236218422651291
160,325730	0,00323197618126869
160,434138	0,00620001181960106
160,542972	0,0107476525008678
160,648176	0,016986396163702
160,757150	0,0205192305147648
160,869805	0,0257450751960278
160,979591	0,028615441173315
161,089447	0,0295761115849018
161,195896	0,0285750441253185
161,305551	0,0256681330502033
161,419074	0,0204337649047375
161,528460	0,0150845088064671
161,639024	0,00904672965407372
161,748365	0,00499448552727699
161,857187	0,00296762958168983
161,967143	0,0025334320962429
162,067609	0,00432679429650307
162,170276	0,00730464980006218
162,279399	0,0129797048866749
162,389631	0,0183458290994167
162,498800	0,0232816450297832
162,609373	0,0270332284271717
162,712124	0,0290950201451778
162,814363	0,0291934125125408
162,924721	0,0273234881460667
163,031673	0,0244243182241917
163,145720	0,0188744477927685
163,255811	0,0135161392390728
163,365375	0,00850364193320274
163,476215	0,00466751679778099
163,586280	0,00254431366920471
163,690414	0,00287777185440063
163,796013	0,00526661798357964
163,905958	0,0101968161761761
164,011920	0,0154388509690762
164,121187	0,0198735632002354
164,228323	0,0245454199612141
164,333186	0,0278684310615063
164,441374	0,0293892733752728
164,541932	0,0291382782161236
164,651645	0,0270531810820103
164,761819	0,0217158384621143
164,875304	0,0165312401950359
164,984038	0,0120699517428875
165,094754	0,00659201666712761
165,204203	0,00347452983260155
165,311505	0,00241280347108841
165,420162	0,00359366461634636
165,527745	0,00680642202496529
165,637139	0,0114739276468754
165,744359	0,0167991034686565
165,859080	0,0227207504212856
165,968494	0,026091318577528
166,078522	0,0291197337210178
166,185520	0,0293521992862225
166,286997	0,0280299820005894
166,397078	0,0242191515862942
166,511089	0,018628153949976
166,621012	0,0132743827998638
166,731605	0,00907128676772118
166,834540	0,00503842160105705
166,944599	0,00277230143547058
167,055027	0,00289290770888329
167,165581	0,00479083880782127
167,277147	0,00870103761553764
167,382915	0,0146327055990696
167,491171	0,0199238918721676
167,596812	0,0238401554524899
167,707522	0,0277681834995747
167,814961	0,0291111804544926
167,926670	0,0289162956178188
168,029876	0,0262385495007038
168,140054	0,0221845619380474
168,244412	0,0171082653105259
168,352956	0,0126335211098194
168,459297	0,00774665549397469
168,568696	0,00371279940009117
168,669825	0,00243503972887993
168,778298	0,00295627862215042
168,889186	0,0055968277156353
168,999264	0,0107070244848728
169,109660	0,0151053480803967
169,220197	0,0211987011134624
169,329892	0,0255123563110828
169,445321	0,0286230407655239
169,557985	0,0292181335389614
169,666746	0,0278603546321392
169,780754	0,0246817208826542
169,890560	0,0192631371319294
169,992085	0,0148443914949894
170,102931	0,00966920331120491
170,206779	0,00607059523463249
170,316059	0,00274297595024109
170,425925	0,00272642076015472
170,533923	0,00490707531571388
170,643046	0,0080951564013958
170,752864	0,0129986219108105
170,860774	0,0183277986943722
170,965119	0,0231956802308559
171,074954	0,0268911980092525
171,179671	0,0290636457502842
171,290267	0,0287969969213009
171,399646	0,0266166366636753
171,509271	0,0227782092988491
171,618866	0,016938503831625
171,730060	0,0133888684213161
171,842056	0,00843044742941856
171,954909	0,00377331301569939
172,065964	0,00254194810986519
172,175126	0,00318421423435211
172,284520	0,00589204952120781
172,384760	0,0102109871804714
172,494875	0,0162975303828716
172,605872	0,020636510103941
172,715964	0,0250725783407688
172,827080	0,0283977799117565
172,937697	0,0292471311986446
173,044689	0,0281164608895779
173,150841	0,0257688201963902
173,260543	0,020780373364687
173,370094	0,0155753009021282
173,478782	0,0103961639106274
173,583972	0,00548817589879036
173,699161	0,00308065488934517
173,806710	0,00271459668874741
173,914429	0,00472705438733101
174,018755	0,00774051621556282
174,127694	0,0134044848382473
174,236575	0,0178111605346203
174,346964	0,0227501876652241
174,457517	0,0265976376831532
174,567580	0,0289861671626568
174,678678	0,0287684760987759
174,785693	0,0269885770976543
174,896683	0,0233357809484005
175,006387	0,0176266394555569
175,117143	0,0123223997652531
175,227509	0,0082831047475338
175,337937	0,00457678362727165
175,447518	0,00260249897837639
175,558128	0,00329911708831787
175,668343	0,00604508444666862
175,778164	0,0111951120197773
175,888230	0,0164297856390476
175,998092	0,0215092562139034
176,106993	0,0256481878459454
176,218238	0,0282780267298222
176,328298	0,0290308482944965
176,438563	0,0274470113217831
176,548871	0,0241550393402576
176,656911	0,0203858204185963
176,766880	0,0143117047846317
176,877043	0,00924744084477425
176,984063	0,00578955188393593
177,092173	0,00316719338297844
177,202761	0,00274108350276947
177,312942	0,00474406406283379
177,423165	0,0092998631298542
177,531999	0,0134773440659046
177,643096	0,0204451642930508
177,751990	0,0248750112950802
177,860682	0,0270816870033741
177,971380	0,0289381630718708
178,079973	0,0286339782178402
178,188477	0,0257797501981258
178,298628	0,0216403268277645
178,407806	0,0174487717449665
178,515412	0,0122060962021351
178,618024	0,00750203803181648
178,731548	0,00416279211640358
178,842872	0,0027543269097805
178,951656	0,00386076793074608
179,061911	0,00766542926430702
179,174577	0,0115353651344776
179,281464	0,0167398415505886
179,390730	0,0217770896852016
179,500356	0,0258519314229488
179,611914	0,0283982567489147
179,722763	0,0290745757520199
179,832858	0,0269401259720325
179,943540	0,0240557752549648
180,055059	0,019426416605711
180,165742	0,0141933523118496
180,275059	0,0084526352584362
180,380532	0,00524109974503517
180,490168	0,00301728397607803
180,600063	0,00312085077166557
180,708273	0,00608003512024879
180,813060	0,00958088412880898
180,921950	0,0146265588700771
181,030007	0,0198289416730404
181,138940	0,0243616290390491
181,249224	0,0275448821485043
181,359778	0,0289818905293941
181,470129	0,0284647904336452
181,580230	0,0260694660246372
181,689821	0,0213364101946354
181,798947	0,0171329192817211
181,908484	0,0119078122079372
182,019278	0,00661374256014824
182,130296	0,00364473089575768
182,238817	0,00270750373601913
182,344042	0,00393545255064964
182,454598	0,00713558122515678
182,565097	0,0117258317768574
182,674736	0,016942773014307
182,784226	0,0219428353011608
182,893031	0,0259611792862415
183,002812	0,0284476839005947
183,111512	0,0290460549294949
183,222810	0,027295459061861
183,331783	0,0232161022722721
183,441835	0,0192697830498219
183,553278	0,0140612982213497
183,662845	0,00910434499382973
183,772965	0,00522219762206078
183,883870	0,00308585539460182
183,993073	0,00306552276015282
184,103736	0,00572719797492027
184,213742	0,00982129201292992
184,317972	0,0148600153625011
184,425793	0,0200354419648647
184,531999	0,0244974531233311
184,646402	0,0276118628680706
184,751653	0,0289642997086048
184,861695	0,0283706896007061
184,976298	0,0253413803875446
185,086905	0,0211265198886395
185,197244	0,0160491727292538
185,307222	0,0108993239700794
185,417517	0,00649094209074974
185,527254	0,00331519544124603
185,636827	0,00273777171969414
185,745033	0,00402383878827095
185,854905	0,00795065984129906
185,966007	0,0135601423680782
186,075481	0,0179046131670475
186,185129	0,0219798795878887
186,292898	0,0264180935919285
186,396071	0,0284947268664837
186,505929	0,0286757983267307
186,615974	0,0273496173322201
186,726244	0,0235077105462551
186,833165	0,0179999656975269
186,943984	0,0128009282052517
187,052922	0,00876903906464577
187,164059	0,00450164452195168
187,269710	0,00281345099210739
187,373778	0,00328540429472923
187,476279	0,00525574758648872
187,577994	0,00995543971657753
187,678774	0,0141455493867397
187,780078	0,0184810571372509
187,880603	0,0239132978022099
187,980701	0,0267795659601688
188,080878	0,0284771434962749
188,180952	0,0288055501878262
188,282808	0,0271928422152996
188,384767	0,0245150215923786
188,484811	0,0201038084924221
188,584943	0,0149594657123089
188,684977	0,0107117481529713
188,786838	0,00702791288495064
188,888809	0,00358327105641365
188,988894	0,00277514010667801
189,089185	0,00349627807736397
189,190935	0,0067983977496624
189,291818	0,0104325376451015
189,393156	0,0146483369171619
189,494518	0,0205875970423222
189,595152	0,0242495499551296
189,696798	0,0269838310778141
189,798320	0,0286776982247829
189,898350	0,0284766666591167
189,998454	0,0268579460680485
190,099987	0,0233813785016537
190,201551	0,0187183208763599
190,301576	0,0144101791083813
190,403105	0,0102218501269817
190,504290	0,00549809262156487
190,604876	0,00345562025904655
190,705988	0,00284371897578239
190,806258	0,00449786707758904
190,907036	0,00724891945719719
191,008517	0,0109616853296757
191,108599	0,0169261731207371
191,210225	0,0210681222379208
191,310264	0,0246043093502522
191,410877	0,0275714807212353
191,510932	0,0287494622170925
191,613040	0,0282575897872448
191,713605	0,0259849242866039
191,814613	0,0221351720392704
191,915143	0,0181195177137852
192,016267	0,0138156674802303
192,116823	0,00821085646748543
192,216863	0,0051385872066021
192,317305	0,00328635051846504
192,418486	0,00310619175434113
192,519052	0,00474594905972481
192,619141	0,00765975937247276
192,719216	0,0122751258313656
192,820811	0,0174269564449787
192,920856	0,0215235091745853
193,022893	0,0255199559032917
193,122934	0,0280219055712223
193,222985	0,0287133418023586
193,323029	0,0280523188412189
193,423137	0,025026511400938
193,524918	0,0216260813176632
193,625017	0,0175374709069729
193,726118	0,0115613602101803
193,826139	0,00773626193404198
193,927380	0,00479083880782127
194,028971	0,00284135714173317
194,130969	0,00320455059409142
194,233025	0,00501196458935738
194,333082	0,0087718777358532
194,433142	0,0136188082396984
194,534449	0,0179178975522518
194,634491	0,0226917751133442
194,735046	0,0263368673622608
194,836731	0,0281506739556789
194,938480	0,0286891050636768
195,038572	0,0271890424191952
195,139673	0,0246579758822918
195,240289	0,021164033561945
195,340332	0,0153232552111149
195,441418	0,0111010782420635
195,542972	0,00737500563263893
195,643008	0,00379600003361702
195,743045	0,00285034254193306
195,843130	0,00340313836932182
195,943921	0,00590668991208076
196,044989	0,0100064538419247
196,145069	0,0141403414309025
196,246191	0,0184084661304951
196,346319	0,0237304531037807
196,446891	0,0265344642102718
196,547899	0,0281815640628338
196,647987	0,0284529142081738
196,748517	0,0268379934132099
196,848798	0,0241702385246754
196,950376	0,0197976119816303
197,052047	0,0147383101284504
197,152680	0,0105605684220791
197,252717	0,00633744522929192
197,352751	0,0036272369325161
197,452795	0,00287777185440063
197,552846	0,0039605014026165
197,652868	0,00635350868105888
197,753463	0,0105756781995296
197,854502	0,014765303581953
197,955026	0,0198313184082508
198,055058	0,0242201052606106
198,156590	0,026899266988039
198,257121	0,0285394005477428
198,358698	0,0282941870391369
198,459227	0,0266650877892971
198,560739	0,0231961570680141
198,660883	0,0193851254880428
198,762724	0,0142951346933842
198,862892	0,00939195975661278
198,962922	0,00604177638888359
199,064242	0,00350573286414146
199,166146	0,00299269706010818
199,266846	0,00460797175765038
199,367151	0,00737878307700157
199,468808	0,0110722593963146
199,569028	0,0161278508603573
199,670407	0,0210847370326519
199,770455	0,0245682112872601
199,872126	0,0274812169373035
199,973370	0,0286463312804699
200,074574	0,0281435512006283
200,174647	0,025868084281683
200,276433	0,0220416150987148
200,377148	0,0180412419140339
200,478662	0,0129404477775097
200,580485	0,00825571641325951
200,681817	0,00523259863257408
200,782992	0,00342677906155586
200,883005	0,00328729674220085
200,984339	0,00492597743868828
201,084841	0,00781701132655144
201,186325	0,0132280252873898
201,286965	0,0174724869430065
201,387897	0,021501187235117
201,487916	0,0254263989627361
201,588398	0,0278655849397182
201,690134	0,0285213403403759
201,791084	0,0275543741881847
201,892941	0,0248241983354092
201,992981	0,021438505500555
202,094801	0,0165577791631222
202,195813	0,0115107856690884
202,296453	0,00775468721985817
202,398194	0,00487872585654259
202,498322	0,00297945365309715
202,598388	0,00336909666657448
202,698956	0,00519196316599846
202,798963	0,00966684147715569
202,899118	0,0137267075479031
203,000742	0,0179814659059048
203,101547	0,022663276642561
203,202791	0,0262542255222797
203,304150	0,0280323587357998
203,404737	0,0284814201295376
203,506644	0,0270422585308552
203,606671	0,0245116986334324
203,706720	0,0202547870576382
203,808673	0,0152621455490589
203,908752	0,0110859610140324
204,010085	0,00742318108677864
204,111623	0,00394159182906151
204,213013	0,00302721932530403
204,313980	0,00360123440623283
204,414212	0,00669969245791435
204,515598	0,0101783908903599
204,617012	0,0142832957208157
204,718686	0,0201232694089413
204,820217	0,0237556211650372
204,920859	0,0265007428824902
205,021979	0,0282642431557178
205,122070	0,0281782411038876
205,223041	0,0266855172812939
205,324674	0,0233818553388119
205,425386	0,0188654325902462
205,527196	0,0146578066051006
205,629114	0,00976130738854408
205,730296	0,00580796971917152
205,830338	0,00371327623724937
205,930579	0,00304045900702477
206,031171	0,00446337088942528
206,132807	0,00707702711224556
206,233394	0,011458333581686
206,333829	0,0164724551141262
206,434080	0,0205629132688046
206,535851	0,0247035659849644
206,636559	0,0271035395562649
206,738284	0,0284030102193356
206,838685	0,0280432887375355
206,940637	0,025918435305357
207,042692	0,0222482047975063
207,144654	0,0175275020301342
207,246307	0,0132980458438396
207,346353	0,00860092416405678
207,446733	0,00501196458935738
207,547430	0,00334592908620834
207,649294	0,00324805080890656
207,750490	0,00519007816910744
207,851517	0,00816315785050392
207,952189	0,0127891041338444
208,052585	0,0178410448133945
208,152904	0,0217975191771984
208,254202	0,0250706784427166
208,356405	0,0276474989950657
208,456639	0,0284600369632244
208,556847	0,0276888348162174
208,658146	0,0251305140554905
208,759121	0,0211369656026363
208,860657	0,017095934599638
208,961184	0,0120680592954159
209,062603	0,00759932026267052
209,162713	0,00484517589211464
209,262782	0,0032125897705555
209,363484	0,00365560129284859
209,464915	0,00556659325957298
209,566304	0,00863161310553551
209,666993	0,0141464956104755
209,768671	0,0183382369577885
209,870248	0,0222206525504589
209,971083	0,0263667963445187
210,072705	0,0280214287340641
210,173257	0,0284049101173878
210,274406	0,0267615206539631
210,376296	0,0241740383207798
210,476830	0,0206673704087734
210,578187	0,015763882547617
210,678791	0,0108256079256535
210,780425	0,00726733729243279
210,880954	0,00429890677332878
210,982860	0,00321400538086891
211,082891	0,00391606613993645
211,184729	0,00653770193457603
211,285373	0,0106456093490124
211,386746	0,014716524630785
211,486791	0,0196789391338825
211,588498	0,0239826403558254
211,689023	0,0266057141125202
211,789815	0,0282219536602497
211,890943	0,0279805697500706
211,991983	0,0263867415487766
212,093100	0,0236530415713787
212,194995	0,0192593447864056
212,296470	0,0142771415412426
212,396500	0,0102284662425518
212,497542	0,00619622692465782
212,598802	0,0037156455218792
212,698898	0,00320691242814064
212,800411	0,00438161566853523
212,900645	0,0074760727584362
213,003121	0,0110911540687084
213,104854	0,0160548575222492
213,206543	0,0209190212190151
213,308547	0,0249282009899616
213,408678	0,0272094719111919
213,508739	0,0283274464309216
213,610661	0,0278318487107754
213,712661	0,0255926214158535
213,812983	0,0225431211292744
213,913023	0,0179193131625652
214,014144	0,0129045061767101
214,114660	0,0089980848133564
214,214877	0,00532283261418343
214,316686	0,00334072858095169
214,418100	0,00324001163244247
214,518964	0,00501810386776924
214,620417	0,00853433832526207
214,722648	0,0123498253524303
214,823397	0,0173529721796513
214,924900	0,0220382921397686
215,025568	0,0251846574246883
215,126901	0,0276014171540737
215,227342	0,028229083865881
215,328515	0,0273215882480145
215,430338	0,0251979567110538
215,531451	0,0205586440861225
215,632865	0,0165132246911526
215,733337	0,011549074202776
215,833583	0,0071931965649128
215,935025	0,00458670780062675
216,036521	0,00323433801531792
216,137792	0,00374684110283852
216,239416	0,00576971098780632
216,340771	0,00890977308154106
216,441387	0,0136192850768566
216,542934	0,0186001621186733
216,643819	0,0223906747996807
216,744243	0,0259051285684109
216,846024	0,0278622545301914
216,946026	0,0281055308878422
217,046972	0,0266864635050297
217,147128	0,0236060209572315
217,247925	0,0200606100261211
217,347993	0,0159984640777111
217,448106	0,0103026293218136
217,548142	0,00686215236783028
217,650158	0,00405503436923027
217,750393	0,00316577404737473
217,852876	0,00400067493319511
217,954661	0,00617497786879539
218,055999	0,0101826451718807
218,156092	0,0150470994412899
218,256376	0,0191796086728573
218,357003	0,0235599540174007
218,458737	0,026704516261816
218,560533	0,0281901173293591
218,662039	0,0280271284282207
218,763005	0,026163037866354
218,864748	0,0227064974606037
218,964967	0,0189560689032078
219,066264	0,0139988176524639
219,167029	0,0100187323987484
219,267088	0,00611168518662453
219,367355	0,00403281673789024
219,467577	0,0033222883939743
219,568160	0,0046779029071331
219,669950	0,00721113756299019
219,770473	0,0114625804126263
219,872801	0,01638238504529
219,973546	0,020395789295435
220,075576	0,0244471095502377
220,177069	0,0271519906818867
220,277641	0,0280889011919498
220,378639	0,0275163762271404
220,480607	0,0251875035464764
220,580780	0,0220971740782261
220,681025	0,0174772329628468
220,781831	0,0125299654901028
220,882858	0,00871945545077324
220,984617	0,00569319352507591
221,085242	0,00359177961945534
221,186740	0,00346838310360909
221,288331	0,0049373172223568
221,390124	0,0089702196419239
221,491784	0,0128004513680935
221,593083	0,0169394575059414
221,695064	0,022354107350111
221,796760	0,0253988467156887
221,897940	0,0274142287671566
221,998334	0,0282072238624096
222,098381	0,0271557904779911
222,199038	0,024969045072794
222,299271	0,0217756666243076
222,400465	0,016271460801363
222,500731	0,0121734850108624
222,602829	0,00844838842749596
222,702929	0,00468688830733299
222,802975	0,00348634645342827
222,903040	0,00371043756604195
223,003083	0,00630580261349678
223,105111	0,00948972627520561
223,206599	0,0133567042648792
223,307152	0,0190884806215763
223,408237	0,0227820090949535
223,508767	0,0256895087659359
223,610176	0,0277643762528896
223,710333	0,0280504189431667
223,810397	0,026874091476202
223,910471	0,0245249979197979
224,012827	0,0197264067828655
224,112972	0,0156662724912167
224,214805	0,0115901939570904
224,314808	0,00672566518187523
224,414937	0,00438681617379189
224,515031	0,00335302203893661
224,615065	0,00399595126509666
224,716502	0,00655989721417427
224,816717	0,00985104963183403
224,918416	0,0145976655185223
225,018933	0,0194734074175358
225,119094	0,0230902396142483
225,220898	0,0263254679739475
225,321472	0,0279335267841816
225,422990	0,0278921835124493
225,523199	0,026577215641737
225,625077	0,0228522978723049
225,726824	0,0191985927522182
225,826876	0,0151252411305904
225,928242	0,00958135351538658
226,028423	0,00634736195206642
226,130171	0,00416043028235435
226,231026	0,00334545597434044
226,331078	0,00446904078125954
226,433009	0,00686782225966454
226,533067	0,0110089369118214
226,634776	0,0158648155629635
226,736106	0,0198825858533382
226,836164	0,0240187309682369
226,936313	0,02685272321105
227,038015	0,0279311500489712
227,138926	0,0277268476784229
227,240153	0,0253656022250652
227,341242	0,0224006436765194
227,442827	0,0186860524117947
227,542981	0,0129867978394032
227,643006	0,00916149094700813
227,744315	0,00605690106749535
227,845011	0,00360454246401787
227,945133	0,00348540768027306
228,046709	0,00477996841073036
228,148508	0,00795065984129906
228,250359	0,0123502947390079
228,350720	0,0164340473711491
228,450754	0,021149318665266
228,551861	0,0249676220118999
228,652860	0,0270816870033741
228,752889	0,0280238054692745
228,853162	0,0271215848624706
228,954886	0,0250564254820347
229,056731	0,0212704055011272
229,158265	0,0165819562971592
229,258897	0,0125034861266613
229,360729	0,00808004662394524
229,462697	0,00528976693749428
229,562821	0,00353362783789635
229,662830	0,00360028818249702
229,762852	0,00549148395657539
229,863131	0,0090547539293766
229,964510	0,0128477476537228
230,064545	0,0177362076938152
230,164605	0,0222614966332912
230,265207	0,0252407006919384
230,366233	0,0274398811161518
230,468056	0,02788220718503
230,568694	0,0268503464758396
230,668808	0,0246422998607159
230,769002	0,0200145579874516
230,869037	0,016032587736845
230,970615	0,0119796581566334
231,072755	0,00767723843455315
231,173020	0,00463065132498741
231,274522	0,00346602126955986
231,374559	0,00393450632691383
231,475951	0,00631288811564445
231,576972	0,0094793401658535
231,678825	0,0141441263258457
231,779989	0,0189798064529896
231,881030	0,0226200632750988
231,981130	0,0259436033666134
232,081303	0,0276812352240086
232,183199	0,0277838595211506
232,284489	0,0262333266437054
232,385054	0,0230664946138859
232,486439	0,0195237211883068
232,587011	0,0146994777023792
232,688028	0,0107193104922771
232,789303	0,0067044161260128
232,891279	0,00411174818873405
232,993025	0,0033813901245594
233,094163	0,0043882317841053
233,194821	0,00720689073204994
233,296356	0,010624822229147
233,396390	0,0154142118990421
233,496446	0,0201617293059826
233,596524	0,0235779993236065
233,696556	0,0265064425766468
233,796678	0,0276897810399532
233,898353	0,0274579338729382
233,998968	0,0254653356969357
234,099559	0,0226157866418362
234,200479	0,0182220004498959
234,301135	0,0141881518065929
234,402722	0,00953034684062004
234,502765	0,00636861845850945
234,602935	0,00398177281022072
234,702981	0,00350478664040565
234,803020	0,00464766845107079
234,904179	0,00765598937869072
235,004730	0,0119328610599041
235,106269	0,0159723944962025
235,207517	0,0206882618367672
235,307674	0,0245672650635242
235,408252	0,0267814658582211
235,508461	0,0278232954442501
235,609076	0,0273866690695286
235,709157	0,0252174250781536
235,810635	0,0222676657140255
235,911143	0,0177751071751118
236,012710	0,0129215233027935
236,114713	0,00914778932929039
236,214798	0,00558643415570259
236,316341	0,00369152799248695
236,416967	0,00359603390097618
236,517110	0,00529354438185692
236,618718	0,00870906934142113
236,720165	0,0123966298997402
236,820815	0,0172253958880901
236,920856	0,0217785201966763
237,021012	0,0248199217021465
237,122762	0,0271548442542553
237,223138	0,0277976356446743
237,323542	0,0268745683133602
237,424582	0,0242780409753323
237,526279	0,0210671685636044
237,627282	0,0164184086024761
237,728809	0,0116171278059483
237,829010	0,00804321095347404
237,930663	0,00487210974097252
238,031462	0,00347736850380898
238,132703	0,00384185835719109
238,232931	0,00602996721863747
238,333866	0,00907080993056297
238,434467	0,013617392629385
238,534705	0,017639447003603
238,634720	0,0220876820385456
238,736113	0,0255014337599277
238,836687	0,0271904729306698
238,937282	0,0276227854192257
239,037888	0,0266057141125202
239,138711	0,02385488525033
239,238936	0,0198170803487301
239,340598	0,0150764547288418
239,441938	0,0111171416938305
239,543097	0,00705104693770409
239,644188	0,00434852764010429
239,744833	0,00348871573805809
239,846403	0,00432112440466881
239,947625	0,00643851980566978
240,049061	0,0102861039340496
240,150797	0,0141862519085407
240,250816	0,0189888142049313
240,352851	0,023203756660223
240,452959	0,0258395858108997
240,554945	0,0276470296084881
240,656427	0,0274498574435711
240,756999	0,0260281451046467
240,857057	0,0228499285876751
240,959040	0,0185479633510113
241,060575	0,0145512633025646
241,160707	0,00987560674548149
241,262690	0,00610459968447685
241,363121	0,00410796329379082
241,464425	0,00343812629580498
241,564987	0,00477949902415276
241,665108	0,00725647434592247
241,766671	0,0106503330171108
241,866797	0,01618567481637
241,966993	0,0200843475759029
242,067060	0,0234469138085842
242,167124	0,0263321213424206
242,268312	0,027580987662077
242,369011	0,0272508002817631
242,470542	0,0252606458961964
242,572739	0,0217865966260433
242,673022	0,0180948488414288
242,775018	0,0133051387965679
242,876337	0,00884931907057762
242,977468	0,0059194453060627
243,078824	0,00388817861676216
243,179112	0,00378843769431114
243,280199	0,00518913194537163
243,380573	0,00778773799538612
243,482655	0,0128047131001949
243,584761	0,016789149492979
243,685239	0,0213596783578396
243,786323	0,0249880366027355
243,887084	0,0269116200506687
243,988726	0,0276698283851147
244,089534	0,0266147367656231
244,191502	0,0244542323052883
244,291934	0,0213596783578396
244,393010	0,0168014727532864
244,494201	0,0120089687407017
244,594936	0,00776932761073112
244,696579	0,00514094904065132
244,798726	0,00358374044299126
244,900121	0,00402241572737694
245,001054	0,00582592561841011
245,101091	0,00942030176520348
245,201658	0,0131911300122738
245,302888	0,0179563127458096
245,404337	0,022308986634016
245,504878	0,0251480899751186
245,606774	0,0271567441523075
245,708253	0,0275120995938778
245,809610	0,0263088457286358
245,910598	0,0234621129930019
246,010731	0,0201341919600964
246,111211	0,0154871679842472
246,212835	0,0107958503067493
246,314789	0,00743451341986656
246,414876	0,00462876632809639
246,516652	0,00359036400914192
246,618424	0,00427054986357689
246,719778	0,0067790262401104
246,820739	0,0106711201369762
246,920771	0,014549370855093
247,022803	0,0192678831517696
247,122884	0,0233557336032391
247,222897	0,02587616071105
247,322923	0,0272935591638088
247,424717	0,0272066257894039
247,525920	0,02570566162467
247,626387	0,023105438798666
247,726967	0,01814940944314
247,827119	0,0141947753727436
247,927252	0,0103503428399563
248,028491	0,0065249465405941
248,128900	0,00417650118470192
248,230755	0,00361872836947441
248,332784	0,00477288290858269
248,432940	0,00771312788128853
248,534458	0,0111232809722424
248,635863	0,0158226452767849
248,736878	0,0204613022506237
248,838287	0,0237204842269421
248,938750	0,0264489687979221
249,038763	0,0275353752076626
249,138953	0,0270593576133251
249,239072	0,0254007466137409
249,340177	0,0213724933564663
249,440255	0,0176427699625492
249,540715	0,0136784352362156
249,641839	0,00919077172875404
249,742763	0,00568043813109398
249,843283	0,00397421047091484
249,944869	0,00368349626660347
250,046360	0,00533370301127434
250,146762	0,00801393762230873
250,248593	0,0115136243402958
250,349725	0,0170105807483196
250,450041	0,0207936652004719
250,551670	0,0239645950496197
250,652910	0,026797141879797
250,754699	0,0274394042789936
250,854952	0,0268384702503681
250,956022	0,0240348838269711
251,056070	0,0209061987698078
251,156172	0,0171571113169193
251,256701	0,0124306790530682
251,357120	0,00818677619099617
251,458058	0,00550328567624092
251,558060	0,00382057949900627
