0,100839	0,0232887677848339
0,201036	0,0250350646674633
0,303295	0,0274341814219952
0,405104	0,0315858982503414
0,505283	0,0338408909738064
0,605851	0,0358748100697994
0,707606	0,0378831513226032
0,809281	0,0378172509372234
0,911627	0,0372146032750607
1,011845	0,0356342233717442
1,113590	0,0325843282043934
1,214002	0,0300539918243885
1,315634	0,0270493812859058
1,416915	0,0239351503551006
1,517841	0,0224609635770321
1,619871	0,0217433758080006
1,721082	0,0218635238707066
1,831992	0,0233970545232296
1,947216	0,0255835987627506
2,056361	0,029391173273325
2,166825	0,0328929908573627
2,278414	0,0354232452809811
2,378661	0,0369237922132015
2,478809	0,0381137914955616
2,592008	0,037507813423872
2,692017	0,0362519733607769
2,807297	0,0341403372585773
2,912153	0,0302270986139774
3,023101	0,0267444141209126
3,125915	0,0244295410811901
3,227402	0,0221964381635189
3,340700	0,0217106156051159
3,443268	0,0221308954060078
3,562017	0,0237394832074642
3,679217	0,0267235152423382
3,779475	0,0301557593047619
3,894081	0,0333742387592793
3,995406	0,035677183419466
4,099522	0,0372924469411373
4,203167	0,0379055924713612
4,311716	0,0372499413788319
4,417996	0,0352089591324329
4,531859	0,0323133431375027
4,631996	0,0294933877885342
4,747586	0,0262399725615978
4,861666	0,0235029645264149
4,966387	0,0215605460107327
5,066896	0,0215163864195347
5,181841	0,0227810628712177
5,282168	0,0242875404655933
5,397382	0,0278974138200283
5,512849	0,0315306894481182
5,628063	0,0343749783933163
5,731924	0,0364730395376682
5,847195	0,0376568026840687
5,961956	0,037504468113184
6,066890	0,0363570116460323
6,181914	0,0337546057999134
6,296735	0,0304687134921551
6,397710	0,0271230153739452
6,512463	0,0242504961788654
6,612980	0,0227815397083759
6,713089	0,0216208584606647
6,813875	0,0219105370342731
6,916971	0,0233652256429195
7,028653	0,0260276682674885
7,128959	0,0286724679172039
7,243538	0,0330473519861698
7,361798	0,0355191864073277
7,466280	0,037516888231039
7,566620	0,0379786603152752
7,682153	0,0374252013862133
7,791833	0,0360433273017406
7,894271	0,0327681861817837
8,000267	0,0301885791122913
8,109596	0,0271876193583012
8,218902	0,0241754613816738
8,324043	0,0222705192863941
8,430832	0,0218141339719296
8,535376	0,022204976528883
8,637421	0,0242495499551296
8,751556	0,0269082896411419
8,854483	0,030491542071104
8,962869	0,0332651101052761
9,071724	0,0356609560549259
9,172528	0,0372972153127193
9,281956	0,0379619412124157
9,384698	0,036968681961298
9,485720	0,0355602316558361
9,589412	0,033077847212553
9,689462	0,0297382436692715
9,803959	0,0267695896327496
9,919058	0,0240890197455883
10,020575	0,0221318490803242
10,121709	0,0217618979513645
10,223022	0,0224030204117298
10,337235	0,0242338739335537
10,439710	0,0272089950740337
10,554816	0,0296921245753765
10,655856	0,033310379832983
10,770519	0,035934966057539
10,871032	0,0372781194746494
10,984991	0,0378320477902889
11,097717	0,0369849167764187
11,208632	0,0344999544322491
11,318733	0,0323447696864605
11,424696	0,0284742973744869
11,534906	0,0255161561071873
11,643082	0,0233101360499859
11,757944	0,021795142441988
11,861983	0,0219304896891117
11,973331	0,023206602782011
12,083573	0,0253318808972836
12,191674	0,0285246632993221
12,301967	0,032086219638586
12,410784	0,0344088487327099
12,518166	0,036730881780386
12,625860	0,0376205109059811
12,736310	0,0375273935496807
12,845551	0,0359469018876553
12,955252	0,0333089493215084
13,064663	0,0309558473527431
13,175180	0,0272184945642948
13,284530	0,02437349781394
13,388022	0,0224338956177235
13,498604	0,0217167846858501
13,611536	0,022279541939497
13,720727	0,0241450630128384
13,831981	0,0265738926827908
13,939168	0,0298095680773258
14,048580	0,0333704315125942
14,159226	0,0357282571494579
14,268862	0,0374333150684834
14,378497	0,0375512652099133
14,492762	0,036777202039957
14,602725	0,0345061533153057
14,703848	0,0319881401956081
14,809883	0,0289543233811855
14,918617	0,0259360037744045
15,027246	0,0233015902340412
15,137167	0,0218929685652256
15,250952	0,0217001624405384
15,351714	0,0229681842029095
15,453384	0,0254235453903675
15,564319	0,0282119773328304
15,679172	0,0308930464088917
15,781944	0,0347561351954937
15,885345	0,0360504947602749
15,994264	0,0375507883727551
16,104753	0,0375340767204762
16,214850	0,0359841398894787
16,324727	0,0342772044241428
16,438966	0,0307940877974033
16,539226	0,027662705630064
16,653838	0,0245506428182125
16,756561	0,0227492414414883
16,869328	0,0218806229531765
16,980544	0,0222576968371868
17,091074	0,0239940397441387
17,201929	0,0262736938893795
17,312068	0,0297720097005367
17,421773	0,0327934287488461
17,530785	0,0355034358799458
17,642070	0,0371797494590282
17,753109	0,0376419983804226
17,863487	0,0370560698211193
17,973846	0,0347456373274326
18,079220	0,0321847759187222
18,187995	0,0295542441308498
18,288408	0,0264123938977718
18,398757	0,0240467600524426
18,508408	0,0223403312265873
18,618289	0,0219328664243221
18,725956	0,0231842808425426
18,838158	0,0256196893751621
18,949219	0,0287138186395168
19,060342	0,0317677296698093
19,170816	0,0344951786100864
19,280265	0,0366907678544521
19,390326	0,0374982617795467
19,496590	0,0373664610087872
19,607694	0,0360848717391491
19,717815	0,0331164412200451
19,826397	0,0307198725640774
19,936493	0,0275876335799694
20,046494	0,0246665291488171
20,155854	0,0227905623614788
20,257156	0,0218108110129833
20,360122	0,0221251957118511
20,461661	0,0238396860659122
20,571737	0,0262333266437054
20,674431	0,0287646763026714
20,785544	0,0325105004012585
20,895578	0,0350381173193455
21,006183	0,0369586534798145
21,108447	0,0376625321805477
21,209810	0,0372437350451946
21,319373	0,0359177775681019
21,428074	0,0329930372536182
21,538653	0,0299384333193302
21,643177	0,0274683870375156
21,753194	0,0246233008801937
21,866459	0,0225075073540211
21,976153	0,0220021940767765
22,085515	0,0225241295993328
22,193568	0,0244604088366032
22,304589	0,0275771878659725
22,409383	0,0295575670897961
22,519960	0,0336483009159565
22,630016	0,0358308963477612
22,740375	0,0370135717093945
22,849885	0,037482026964426
22,960564	0,0362753681838512
23,071647	0,0343048684298992
23,180149	0,0314945168793201
23,290814	0,0282941870391369
23,401400	0,0250526256859303
23,510546	0,0228114537894726
23,620817	0,0218426324427128
23,729842	0,0219347588717937
23,842881	0,0233386270701885
23,952460	0,0258167944848537
24,061979	0,0288288407027721
24,172743	0,0323371551930904
24,282864	0,035092044621706
24,385644	0,0366033874452114
24,496724	0,0374366603791714
24,608093	0,0372260697185993
24,718619	0,0352982021868229
24,826815	0,0328358300030231
24,928101	0,0303678773343563
25,038089	0,0266707949340343
25,147940	0,0241697616875172
25,258980	0,0221912078559399
25,368483	0,0217770896852016
25,477070	0,0225901417434216
25,579169	0,0243478529155254
25,688985	0,0270451121032238
25,799496	0,0302166305482388
25,910052	0,0331021510064602
26,020505	0,0359550155699253
26,124302	0,0372785963118076
26,235000	0,0373998917639256
26,343695	0,0365016870200634
26,458351	0,0343754552304745
26,568883	0,0315973199903965
26,678834	0,0285759977996349
26,789240	0,0255475006997585
26,895901	0,0233386270701885
27,011720	0,0219988711178303
27,121769	0,02211569622159
27,231634	0,0236297659575939
27,337076	0,0263924412429333
27,443106	0,0288958512246609
27,552753	0,0315611474215984
27,656359	0,0346745438873768
27,765914	0,03664206340909
27,876542	0,0375517420470715
27,986346	0,0371124111115932
28,095824	0,0354012958705425
28,206343	0,0333060882985592
28,316374	0,030275609344244
28,427158	0,027295459061861
28,537657	0,0241113416850567
28,640609	0,0224229656159878
28,751334	0,0219238363206387
28,855265	0,0225022844970226
28,965965	0,0244095958769321
29,070242	0,0270726568996906
29,180877	0,0295395068824291
29,289317	0,0331135801970959
29,400523	0,0357650183141232
29,515027	0,0371033363044262
29,626319	0,0373827032744884
29,735419	0,0364720784127712
29,845002	0,0342323742806911
29,953972	0,0309225432574749
30,064118	0,0282922796905041
30,173595	0,0254629589617252
30,283090	0,0231458134949207
30,392718	0,021887268871069
30,503799	0,0220639370381832
30,614378	0,0233737789094448
30,722632	0,025801595300436
30,825824	0,0287789292633533
30,936842	0,03127845749259
31,047001	0,0341365225613117
31,157617	0,0364505909383297
31,268724	0,0373191870748997
31,377952	0,0370255075395107
31,488009	0,0351306982338428
31,600916	0,0326652936637402
31,710962	0,0296873711049557
31,821983	0,026117917150259
31,931985	0,0240975730121136
32,043033	0,0221722088754177
32,153150	0,0217808894813061
32,259353	0,0225796960294247
32,368640	0,0247377641499043
32,472888	0,0275434516370296
32,577400	0,0306489951908588
32,688372	0,0334524028003216
32,799140	0,0357907973229885
32,903530	0,0370713509619236
33,012590	0,0372294075787067
33,123186	0,0364782921969891
33,232931	0,0341226868331432
33,343173	0,0313574485480785
33,453182	0,0278204493224621
33,564014	0,0253651328384876
33,675068	0,0231686048209667
33,784126	0,0218540243804455
33,893501	0,0220088474452496
34,003621	0,0231690816581249
34,114862	0,0258091948926449
34,224506	0,0292709060013294
34,335375	0,0323185883462429
34,445940	0,0344360284507275
34,557383	0,0363508053123951
34,667915	0,0372126959264278
34,777020	0,0364176519215107
34,886024	0,0350319184362888
34,997087	0,0324781201779842
35,107598	0,0294610671699047
35,217455	0,0265012197196484
35,326974	0,02352100238204
35,428926	0,022063460201025
35,530115	0,0217647440731525
35,640137	0,0226385854184628
35,748213	0,0247197113931179
35,858547	0,0269653014838696
35,967265	0,0299517475068569
36,075913	0,0334071256220341
36,179023	0,0355993770062923
36,288910	0,0369137637317181
36,399127	0,0371128879487514
36,506759	0,0360294915735722
36,618160	0,0344331674277782
36,720429	0,0317943878471851
36,829832	0,0286919586360455
36,939876	0,0258305631577969
37,042992	0,0234749428927898
37,152574	0,0218716003000736
37,262005	0,0220245160162449
37,372573	0,0231928266584873
37,482025	0,0254463441669941
37,591935	0,0288521312177181
37,700976	0,0313374660909176
37,810535	0,034148920327425
37,919689	0,0361760593950748
38,030018	0,0371854789555073
38,139260	0,0368851162493229
38,248741	0,0353382937610149
38,358894	0,0329701714217663
38,467797	0,0300758592784405
38,578733	0,0265031196177006
38,689300	0,0240377299487591
38,798993	0,022572573274374
38,907848	0,0218364559113979
39,018849	0,0224391184747219
39,128293	0,0240937732160091
39,241826	0,0266323201358318
39,352896	0,0307094119489193
39,461642	0,033075463026762
39,571916	0,0354843400418758
39,672900	0,0369462408125401
39,781990	0,0372222475707531
39,892064	0,0364310182631016
40,002063	0,0340835861861706
40,112047	0,0313227139413357
40,221760	0,0283070169389248
40,330543	0,0253751017153263
40,440771	0,0231909267604351
40,551571	0,0219993405044079
40,660530	0,0219613574445248
40,770828	0,0235571078956127
40,879581	0,0254482440650463
40,989733	0,0287993736565113
41,100370	0,0318748317658901
41,210930	0,0348305590450764
41,321732	0,0365661419928074
41,431741	0,0371615998446941
41,541737	0,0367404334247112
41,651563	0,0352943874895573
41,761029	0,0328877530992031
41,873978	0,0299236886203289
41,984054	0,0264679677784443
42,092804	0,0235148333013058
42,199932	0,0222220756113529
42,306923	0,0217476524412632
42,419899	0,0224296189844608
42,529942	0,0243217311799526
42,639789	0,0274555645883083
42,750597	0,0299579314887524
42,859721	0,0337998978793621
42,969513	0,0355549864470959
43,071707	0,0368349812924862
43,181836	0,0369968600571156
43,288771	0,0356242023408413
43,395081	0,0342834107577801
43,505210	0,0316401608288288
43,614666	0,0280584953725338
43,723484	0,0252577923238277
43,834081	0,0230190046131611
43,943501	0,0217519290745258
44,053317	0,0220387689769268
44,163812	0,0231073386967182
44,273931	0,0253755785524845
44,385197	0,0287760831415653
44,495013	0,0317467786371708
44,605134	0,0344331674277782
44,714463	0,0362624786794186
44,823733	0,0370465181767941
44,934080	0,0365489609539509
45,043047	0,0348362885415554
45,153274	0,0328129641711712
45,259868	0,0299179814755917
45,370224	0,026383887976408
45,479865	0,0235870219767094
45,589414	0,0220962278544903
45,699873	0,0218274332582951
45,810488	0,0228185765445232
45,921865	0,025193203240633
46,031669	0,02704843506217
46,138091	0,0300934575498104
46,249339	0,0333694778382778
46,359583	0,0359039343893528
46,469597	0,0368569456040859
46,578796	0,0368507392704487
46,688904	0,0356638170778751
46,799840	0,0338575802743435
46,899861	0,03111856803298
47,008656	0,0276284925639629
47,118467	0,0252563692629337
47,229742	0,0231082923710346
47,339925	0,0219532810151577
47,450877	0,0219490043818951
47,560914	0,0238852836191654
47,668122	0,0263164453208447
47,777620	0,0292747057974339
47,886664	0,0317796282470226
47,996912	0,0343306176364422
48,107055	0,0361641235649586
48,216533	0,0369481481611729
48,325901	0,0365064553916454
48,437079	0,0346898101270199
48,546580	0,0316625274717808
48,655949	0,0291682220995426
48,766856	0,0257811732590199
48,874916	0,0233604796230793
48,977274	0,0221076272428036
49,086748	0,0216678716242313
49,194137	0,022177916020155
49,303460	0,0242846868932247
49,413776	0,027419451624155
49,522439	0,0299265496432781
49,631002	0,0328567884862423
49,741655	0,0354452021420002
49,851801	0,0368034653365612
49,961714	0,0368822477757931
50,070766	0,0357215814292431
50,180093	0,0337131358683109
50,290168	0,0304658524692059
50,399079	0,0274379812180996
50,508108	0,0251632891595364
50,617850	0,0224628560245037
50,721891	0,0217690207064152
50,828730	0,0219494812190533
50,939850	0,0231762044131756
51,051907	0,0263667963445187
51,162299	0,0288269408047199
51,271779	0,031782004982233
51,380681	0,034427922219038
51,489784	0,0362347848713398
51,599411	0,03700927272439
51,709449	0,036636333912611
51,811825	0,0351015888154507
51,921900	0,0327238850295544
52,032556	0,0293270014226437
52,141767	0,0268018953502178
52,251688	0,0239066518843174
52,361828	0,0221228264272213
52,473282	0,02181651070714
52,583483	0,0228732042014599
52,692910	0,0244513861835003
52,802946	0,0270850099623203
52,912992	0,030587624758482
53,023802	0,032899659126997
53,133910	0,0355296842753887
53,234899	0,0367256365716457
53,345142	0,0368407107889652
53,454828	0,036006573587656
53,564057	0,0336745195090771
53,672498	0,0309577472507954
53,774050	0,0285009033977985
53,884497	0,0251827575266361
53,994693	0,0228394754230976
54,104820	0,0219822488725185
54,214770	0,0221503712236881
54,324645	0,0236421190202236
54,436034	0,025969248265028
54,547410	0,0288644842803478
54,655659	0,031386960297823
54,764990	0,0343835614621639
54,874817	0,036395687609911
54,984735	0,0369319133460522
55,094560	0,0362982861697674
55,203895	0,0350104384124279
55,309196	0,0326171852648258
55,419338	0,0292114801704884
55,529781	0,0263116918504238
55,640728	0,0241887606680393
55,751784	0,0222876183688641
55,862954	0,0219243131577969
55,971680	0,0226400084793568
56,079853	0,0245534963905811
56,190863	0,0276707820594311
56,300445	0,0301448218524456
56,409801	0,0330263935029507
56,520017	0,0352724380791187
56,630900	0,0367547534406185
56,743743	0,0367198996245861
56,853036	0,0357234887778759
56,963553	0,0337088443338871
57,071813	0,0304829813539982
57,181015	0,0275006927549839
57,292554	0,0248683579266071
57,402932	0,023158635944128
57,511760	0,0220221392810345
57,622026	0,0225312523543835
57,732791	0,0237959958612919
57,841753	0,0261996053159237
57,951927	0,029580395668745
58,061815	0,0324723981320858
58,170915	0,0349355302751064
58,282612	0,0363001935184002
58,392812	0,0369997210800648
58,502021	0,0363804064691067
58,608815	0,0346535556018353
58,718248	0,0317077524960041
58,827604	0,02873520180583
58,938058	0,025866661220789
59,048876	0,023932296782732
59,157406	0,0223935209214687
59,266929	0,0220653600990772
59,377344	0,0231168381869793
59,488181	0,0251309908926487
59,597672	0,0278864838182926
59,700641	0,0308859087526798
59,811941	0,0340320877730846
59,921717	0,0357745699584484
60,024788	0,0370073653757572
60,134342	0,0368512161076069
60,244614	0,0356117896735668
60,357859	0,0338003747165203
60,466977	0,0310776494443417
60,577613	0,027641799300909
60,687578	0,0245677344501019
60,797565	0,0228385291993618
60,907551	0,0221783854067326
61,016669	0,022664699703455
61,126268	0,0243435762822628
61,236167	0,0263463668525219
61,346503	0,0297415740787983
61,454990	0,0326533876359463
61,563647	0,0350309573113918
61,671754	0,0367915220558643
61,773839	0,0371224395930767
61,884228	0,0362424291670322
61,990696	0,0344145707786083
62,102737	0,0317877195775509
62,213704	0,0288526080548763
62,323915	0,0264760442078114
62,434562	0,0240443833172321
62,544936	0,0224139429628849
62,655080	0,0222420282661915
62,765112	0,0235048644244671
62,876767	0,0252820216119289
62,986397	0,0284481607377529
63,096821	0,0308982841670513
63,206138	0,0340392403304577
63,314816	0,035939734429121
63,423310	0,0368139706552029
63,532854	0,0368330739438534
63,641690	0,0351006351411343
63,750697	0,0332412831485271
63,856975	0,0304534919559956
63,966747	0,0275125689804554
64,077374	0,0245406739413738
64,187441	0,0227877162396908
64,295786	0,0221764855086803
64,410859	0,0225773192942142
64,519212	0,0243825204670429
64,629517	0,0273595936596394
64,740424	0,0297881774604321
64,841805	0,0326410047709942
64,952006	0,0350510068237782
65,061644	0,0367098711431026
65,171968	0,0369968600571156
65,281654	0,036369901150465
65,385560	0,0342543087899685
65,495616	0,0316820479929447
65,606226	0,028740432113409
65,716925	0,0259041823446751
65,826298	0,0233861319720745
65,936564	0,0223531536757946
66,039657	0,0222163759171963
66,149292	0,0232574157416821
66,264044	0,0252625457942486
66,366095	0,0284666903316975
66,475571	0,0304235257208347
66,587122	0,0335844270884991
66,697036	0,0359158702194691
66,801972	0,0367428176105022
66,911951	0,0365904979407787
67,022601	0,0352886579930782
67,133725	0,0326205231249332
67,248114	0,0297862701117992
67,357322	0,0273448638617992
67,467420	0,0243388302624226
67,577457	0,0226366855204105
67,688472	0,0220230929553509
67,793412	0,0225564204156399
67,903913	0,0242433734238148
68,013476	0,0267173387110233
68,124282	0,0301200933754444
68,239555	0,0324985943734646
68,349723	0,0351755581796169
68,458683	0,0365570746362209
68,569277	0,0367542766034603
68,679285	0,0359488092362881
68,788884	0,0341069512069225
68,897747	0,0315026082098484
69,007737	0,0285850279033184
69,119349	0,0253960005939007
69,229414	0,0235779993236065
69,339927	0,0221565403044224
69,449614	0,022402074187994
69,559638	0,0234986878931522
69,670260	0,0257251299917698
69,780110	0,0284757204353809
69,882911	0,0318715013563633
69,992621	0,0340220741927624
70,101880	0,0358824543654919
70,211673	0,0368540845811367
70,322044	0,0364252887666225
70,433221	0,0349484123289585
70,543178	0,0326495729386806
70,653875	0,0297948308289051
70,763639	0,0269258730113506
70,868832	0,0244518630206585
70,974342	0,0227397419512272
71,083515	0,022182185202837
71,194612	0,0227288194000721
71,304935	0,0247558020055294
71,413022	0,02733488753438
71,513906	0,0297277830541134
71,620862	0,0325419344007969
71,731088	0,0345357246696949
71,841747	0,0363317020237446
71,951677	0,0367256365716457
72,061050	0,0360681600868702
72,171641	0,0339653305709362
72,281627	0,0309325344860554
72,382851	0,0289928205311298
72,493228	0,0261701606214046
72,606082	0,0238962061703205
72,713247	0,0223465077579021
72,828019	0,0222743190824986
72,931541	0,0233595333993435
73,041765	0,0253960005939007
73,148192	0,0286073572933674
73,258385	0,0314983241260052
73,369361	0,0336864404380322
73,473795	0,0357120297849178
73,583946	0,0367504544556141
73,691615	0,0367122627794743
73,802019	0,0355650074779987
73,905494	0,0330611728131771
74,015976	0,0298224128782749
74,127127	0,0274070985615253
74,237657	0,0252278782427311
74,346136	0,0230133049190044
74,455071	0,0222377516329288
74,561255	0,0228048078715801
74,671899	0,0244661085307598
74,773057	0,0264826975762844
74,883502	0,0292856432497501
74,994102	0,0325933732092381
75,107557	0,0348820872604847
75,210900	0,03633838519454
75,319921	0,0367800630629063
75,430558	0,0360232852399349
75,541511	0,0346616618335247
75,651667	0,0318429358303547
75,756020	0,0289623998105526
75,865639	0,0266460888087749
75,971880	0,024228174239397
76,076483	0,0225060842931271
76,176626	0,0222576968371868
76,280340	0,0228884033858776
76,384887	0,024681244045496
76,493969	0,0272118486464024
76,602955	0,0300554148852825
76,711838	0,0324114374816418
76,821661	0,0350734256207943
76,923763	0,0365594588220119
77,034363	0,0367528460919857
77,143407	0,0361349992454052
77,252654	0,0341121964156628
77,360851	0,0311342738568783
77,465949	0,0282238535583019
77,575624	0,0259526334702969
77,685880	0,0237499289214611
77,789792	0,0224201194941998
77,899429	0,0222904644906521
78,014841	0,0232963673770428
78,123374	0,0261117406189442
78,232307	0,0284419767558575
78,339892	0,0308193005621433
78,449942	0,0338890440762043
78,558289	0,035802248865366
78,668823	0,0367337502539158
78,782667	0,0365413166582584
78,891489	0,0352480970323086
79,000547	0,0321947745978832
79,109852	0,0303488560020924
79,220157	0,027416605502367
79,331559	0,0244627855718136
79,438654	0,0225701965391636
79,549634	0,0220829360187054
79,659193	0,0226528309285641
79,767910	0,024268064647913
79,878088	0,0276180393993855
79,987397	0,0295770652592182
80,098572	0,0327881909906864
80,207149	0,0350414626300335
80,318734	0,0364214740693569
80,429788	0,0366129390895367
80,540360	0,0358934290707111
80,651576	0,0340754799544811
80,761574	0,0306137911975384
80,871939	0,0282414369285107
80,977316	0,0259383805096149
81,087914	0,0234773121774197
81,191685	0,0223868750035763
81,302807	0,0224058739840984
81,413782	0,0236231200397015
81,523105	0,0261687375605106
81,633735	0,0284514836966991
81,744016	0,031336035579443
81,853375	0,0342500172555447
81,962699	0,0359755419194698
82,072707	0,0367275439202785
82,176023	0,0364434309303761
82,285304	0,0351660139858723
82,396886	0,0325800366699696
82,506109	0,0297501347959042
82,608294	0,0269273035228252
82,718218	0,0244490094482899
82,818795	0,0227478109300137
82,923246	0,0221916846930981
83,033929	0,0225302986800671
83,145029	0,0243378840386868
83,255581	0,0272626839578152
83,364820	0,0296146236360073
83,474286	0,0324514470994473
83,585125	0,0347737781703472
83,696140	0,0363942570984364
83,805772	0,0367304049432278
83,916091	0,0358184836804867
84,026725	0,0343663953244686
84,135939	0,031504038721323
84,247550	0,0281226448714733
84,355388	0,0255038104951382
84,466089	0,0237209536135197
84,576247	0,0222842954099178
84,680150	0,0224495641887188
84,790779	0,0233319811522961
84,901814	0,0253328345716
85,012753	0,0284405536949635
85,114166	0,0307750590145588
85,223958	0,0334352441132069
85,333949	0,0354041568934917
85,444628	0,0365174449980259
85,555090	0,0363216809928417
85,665552	0,0350042395293713
85,773592	0,032865833491087
85,883948	0,0296759642660618
85,994712	0,0268517695367336
86,102269	0,0244480632245541
86,213018	0,0229971520602703
86,324142	0,0222026072442532
86,434944	0,0227957852184772
86,544625	0,0244395099580288
86,654210	0,0268702916800976
86,762791	0,0302028395235538
86,872995	0,0329015664756298
86,983795	0,0347623340785503
87,093372	0,0362400375306606
87,204440	0,0365231744945049
87,315532	0,0355058200657368
87,425790	0,0335033945739269
87,536310	0,0313403196632862
87,645708	0,0280418656766415
87,753646	0,0253489799797535
87,862744	0,0233638025820255
87,971850	0,0224177427589893
88,083107	0,0223878212273121
88,192657	0,0236468650400639
88,296915	0,0261939130723476
88,403248	0,0284947268664837
88,511783	0,0313545949757099
88,621696	0,0338599644601345
88,733873	0,0359311439096928
88,843469	0,036609124392271
88,953595	0,0360180325806141
89,064947	0,0344174318015575
89,175475	0,0324557386338711
89,285378	0,029698308557272
89,386585	0,0268883444368839
89,495986	0,0244656316936016
89,607610	0,0228451751172543
89,717224	0,0223108939826488
89,819934	0,0228846035897732
89,929966	0,0245397202670574
90,036258	0,027441781014204
90,145886	0,0297938771545887
90,255958	0,032552894204855
90,368755	0,034834373742342
90,478080	0,0362553112208843
90,588759	0,0366382412612438
90,698931	0,0357473529875278
90,809536	0,033900011330843
90,924569	0,0313964746892452
91,034168	0,0280461423099041
91,144415	0,025069247931242
91,254456	0,0231966264545918
91,367813	0,0224091969430447
91,477556	0,0225692503154278
91,593057	0,0240491293370724
91,701746	0,0267752967774868
91,811712	0,0290783755481243
91,915722	0,0318177081644535
92,020114	0,0342614687979221
92,131955	0,0358729027211666
92,235618	0,0364663563668728
92,346693	0,0360925085842609
92,456495	0,0345629192888737
92,566186	0,0322990529239178
92,676902	0,0295542441308498
92,779213	0,0267163924872875
92,889937	0,0240401066839695
92,999351	0,0227535180747509
93,108719	0,0222030840814114
93,219385	0,0230655483901501
93,328910	0,0248465202748775
93,439505	0,0278755538165569
93,549539	0,030721303075552
93,659665	0,0329211018979549
93,769665	0,0350858382880688
93,879875	0,0363402999937534
93,991897	0,0365226976573467
94,101503	0,0354242064058781
94,210625	0,0334128402173519
94,319369	0,0308131165802479
94,429919	0,0279838927090168
94,540338	0,0249486230313778
94,649794	0,0231472365558147
94,760674	0,0223213396966457
94,867671	0,022500853985548
94,976255	0,0240866504609585
95,078527	0,0259151048958302
95,188875	0,0286054573953152
95,297489	0,0314378775656223
95,405937	0,0342576541006565
95,515516	0,0359130091965199
95,624713	0,0365255586802959
95,735315	0,0362242795526981
95,845000	0,0346001274883747
95,948708	0,0322871543467045
96,058994	0,0290460549294949
96,166990	0,0267581902444363
96,277743	0,0243725515902042
96,384483	0,0228071846067905
96,493080	0,0223104171454906
96,603007	0,0229202173650265
96,712755	0,0249775908887386
96,824366	0,0275044925510883
96,932733	0,0298404805362225
97,042945	0,0330054275691509
97,152062	0,0350915677845478
97,257518	0,0363173820078373
97,367293	0,036497388035059
97,476714	0,0355554632842541
97,581657	0,0337026454508305
97,686770	0,0311718620359898
97,795636	0,0288174338638783
97,905863	0,0257241763174534
98,014122	0,0236544646322727
98,119239	0,0224391184747219
98,229084	0,0225241295993328
98,340085	0,0236107669770718
98,450806	0,0256586335599422
98,559266	0,0283250696957111
98,668849	0,0315920896828175
98,778719	0,0340859703719616
98,893447	0,0358456932008266
99,004733	0,0366673730313778
99,114075	0,0363546274602413
99,219981	0,0347003079950809
99,330809	0,0324247740209103
99,440801	0,0301643200218678
99,545822	0,0273562707006931
99,649086	0,0249163322150707
99,762974	0,0230199508368969
99,871759	0,0225231759250164
99,985925	0,023395624011755
100,095006	0,0252131558954716
100,206112	0,0272745601832867
100,315879	0,0300677753984928
100,425257	0,0327529422938824
100,525670	0,0349584333598614
100,628110	0,0364596657454967
100,736920	0,0366444550454617
100,844787	0,0358934290707111
100,955049	0,0341532118618488
101,064848	0,0316958539187908
101,174881	0,0284462533891201
101,284083	0,0262010358273983
101,387291	0,0237375758588314
101,496965	0,0226039104163647
101,607877	0,0225640200078487
101,718590	0,0236587412655354
101,828145	0,0256747864186764
101,934636	0,0287499390542507
102,044621	0,0310781262814999
102,154218	0,0335887186229229
102,260235	0,0356910265982151
102,374902	0,0364448614418507
102,487574	0,0362428985536098
102,590699	0,034768532961607
102,699226	0,0329892300069332
102,810293	0,0303464792668819
102,919753	0,0270983092486858
103,024593	0,0246551297605038
103,133736	0,0227772630751133
103,242746	0,02232750877738
103,350868	0,0225972644984722
103,460514	0,0242875404655933
103,562761	0,0266180597245693
103,673662	0,0288877747952938
103,784773	0,0316682420670986
103,889074	0,0343911908566952
103,993801	0,0357134602963924
104,103074	0,0363971181213856
104,213633	0,0359884314239025
104,318454	0,0342490635812283
104,426896	0,031910065561533
104,536335	0,0291596613824368
104,643331	0,0264608450233936
104,750620	0,0241906605660915
104,860766	0,0227568410336971
104,961073	0,0223811753094196
105,074942	0,0231287144124508
105,179321	0,024899709969759
105,288813	0,0273743160068989
105,400637	0,0301481522619724
105,511527	0,0332026891410351
105,619978	0,0351688750088215
105,730322	0,036137867718935
105,839501	0,0363584421575069
105,948838	0,035257164388895
106,051753	0,0337021686136723
106,156038	0,0307641141116619
106,266182	0,0279734395444393
106,369191	0,0257887728512287
106,478966	0,0236881785094738
106,587340	0,0225037075579166
106,697613	0,0224927850067616
106,801693	0,023661594837904
106,906325	0,0253361575305462
107,019501	0,0283288769423962
107,125928	0,0310476757586002
107,235752	0,0331045277416706
107,346483	0,0349751375615597
107,450804	0,0359492860734463
107,553810	0,0358585827052593
107,664703	0,0347184352576733
107,774514	0,0327134095132351
107,884754	0,0301272235810757
107,999695	0,0269282497465611
108,109710	0,0245249979197979
108,218946	0,0228285528719425
108,325869	0,0221489481627941
108,434670	0,0227691866457462
108,541566	0,024082850664854
108,652863	0,0268408469855785
108,764459	0,0291454084217548
108,872930	0,0322985760867596
108,978986	0,0345028154551983
109,088079	0,0358695574104786
109,200662	0,0362381301820278
109,309551	0,0355000905692577
109,417422	0,0338037125766277
109,521532	0,0309482328593731
109,631955	0,0291002504527569
109,742933	0,0259393267333508
109,850708	0,0234991647303104
109,960853	0,0224889852106571
110,070957	0,0222909413278103
110,180387	0,0235105566680431
110,286428	0,0255636461079121
110,396745	0,0277648530900478
110,499948	0,030616644769907
110,609974	0,0336492545902729
110,719299	0,0358203910291195
110,828784	0,0364797227084637
110,938844	0,0364582352340221
111,048584	0,0352996326982975
111,155596	0,0332093574106693
111,265163	0,0305519513785839
111,375431	0,0277182869613171
111,486177	0,024410542100668
111,594057	0,0230218507349491
111,694557	0,0223465077579021
111,808196	0,0227311961352825
111,918055	0,0242419503629208
112,028206	0,0261250399053097
112,136986	0,0288354940712452
112,244300	0,0320647917687893
112,356125	0,0343711636960506
112,460232	0,0360695905983448
112,568360	0,0364205203950405
112,679320	0,0356466360390186
112,781568	0,0339257605373859
112,893129	0,0319167338311672
113,003372	0,029136847704649
113,112825	0,0259502567350864
113,216276	0,0237271301448345
113,326834	0,0225388519465923
113,431925	0,0221014507114887
113,541668	0,0227525644004345
113,644502	0,024415772408247
113,754917	0,0267790965735912
113,858948	0,0294719971716404
113,960584	0,0316953770816326
114,070707	0,0339448340237141
114,171663	0,0354409106075764
114,274848	0,0359822325408459
114,385489	0,0354857705533504
114,494147	0,0340444855391979
114,599121	0,0318857841193676
114,705153	0,0289139188826084
114,811768	0,026825163513422
114,921612	0,0246907435357571
115,029997	0,0233082436025143
115,139689	0,0229211635887623
115,250264	0,0237698666751385
115,355544	0,0251542665064335
115,456207	0,0278461016714573
115,563569	0,0300045348703861
115,669271	0,0324943102896214
115,779888	0,0342280827462673
115,895482	0,035876240581274
116,000957	0,0360457189381123
116,110284	0,0353340022265911
116,211774	0,0337107516825199
116,321925	0,031448345631361
116,430680	0,0284296236932278
116,542762	0,0263743959367275
116,653160	0,0243991427123547
116,759040	0,0231168381869793
116,868222	0,0231486670672894
116,977721	0,0239731408655643
117,083274	0,026111263781786
117,189724	0,0285954810678959
117,301827	0,0312042273581028
117,414382	0,0335567854344845
117,524029	0,0353034548461437
117,634317	0,0361803583800793
117,747961	0,0358671732246876
117,848374	0,0348439179360867
117,957689	0,032472874969244
118,060248	0,0299408100545406
118,171537	0,0277263708412647
118,280795	0,0250108353793621
118,390091	0,023442167788744
118,495368	0,0228428058326244
118,609072	0,0234426446259022
118,717989	0,0247002430260181
118,826372	0,026874091476202
118,936223	0,0294624902307987
119,037858	0,0316168330609798
119,141822	0,0338771305978298
119,250727	0,0355320759117603
119,363686	0,0353702716529369
119,468625	0,0341617949306965
119,575374	0,031336035579443
119,685621	0,025728452950716
119,796101	0,020666416734457
119,901488	0,0162994302809238
120,015713	0,011399257928133
120,124770	0,00673085823655128
120,232798	0,00457536801695824
120,343037	0,00379836186766624
120,448757	0,0049089603126049
120,558170	0,00861886516213417
120,667546	0,0123356394469738
120,774180	0,0172666497528553
120,883805	0,0227615870535374
120,993612	0,0263416208326817
121,108877	0,0283873192965984
121,217705	0,0284847505390644
121,331890	0,0269724242389202
121,441701	0,0230175815522671
121,543158	0,0183747746050358
121,651699	0,0141322948038578
121,754509	0,00935843214392662
121,864654	0,00559541210532188
121,975364	0,00335018336772919
122,088561	0,00347831472754478
122,194662	0,00597801432013512
122,304717	0,0098864771425724
122,413605	0,0147146321833134
122,523251	0,0204090811312199
122,626174	0,0239099748432636
122,735509	0,027238454669714
122,839325	0,0281003080308437
122,948866	0,0276536755263805
123,059715	0,0253204815089703
123,168332	0,0207689739763737
123,278508	0,0167825110256672
123,392652	0,0110410712659359
123,503133	0,00688528642058372
123,604121	0,00449030473828316
123,712901	0,00333978235721588
123,818173	0,00426488742232323
123,926121	0,00771879032254219
124,040622	0,0120954774320126
124,149717	0,0162273831665516
124,258392	0,0217609517276287
124,369031	0,0259849242866039
124,478731	0,0277506001293659
124,588162	0,0281963013112545
124,698919	0,026795718818903
124,799795	0,0237333066761494
124,908983	0,0185863934457302
125,018972	0,0144613049924374
125,128762	0,00895274803042412
125,243827	0,00489006564021111
125,353517	0,0034404955804348
125,455643	0,00354213640093803
125,556102	0,00567382201552391
125,657327	0,00874023512005806
125,765704	0,0141862519085407
125,869745	0,0175227634608746
125,979972	0,0228926725685596
126,094804	0,0262722708284855
126,203997	0,0282209999859333
126,311925	0,0280584953725338
126,424516	0,0252050794661045
126,534577	0,0213497094810009
126,648990	0,0173937566578388
126,760178	0,0116568244993687
126,871518	0,00736745074391365
126,975692	0,00478800013661385
127,085560	0,00341259315609932
127,194591	0,00406873598694801
127,305006	0,00724325701594353
127,419130	0,0123167298734188
127,529315	0,0172339342534542
127,632941	0,0212020240724087
127,744833	0,0251153148710728
127,855393	0,0275638811290264
127,967907	0,028302263468504
128,073607	0,026799988001585
128,187200	0,0230916701257229
128,297100	0,0194463543593884
128,401513	0,0145233310759068
128,510476	0,0098193995654583
128,612728	0,00606587156653404
128,721802	0,00388676300644875
128,830574	0,00374921038746834
128,940171	0,00559257343411446
129,051511	0,00911993160843849
129,154863	0,0137385316193104
129,270263	0,01862957701087
129,377566	0,023075994104147
129,479529	0,0267980955541134
129,588322	0,0280870012938976
129,700664	0,0278038121759892
129,812833	0,025605920702219
129,921593	0,0219110138714314
130,033131	0,0164387933909893
130,135150	0,0131268016993999
130,245142	0,00793318822979927
130,354379	0,00445486232638359
130,462080	0,00347263738512993
130,572741	0,00419021025300026
130,673232	0,0068078450858593
130,783563	0,0108497105538845
130,893417	0,0156710110604763
131,004301	0,0204532332718372
131,108907	0,0244561322033405
131,218064	0,0271187387406826
131,328130	0,028039488941431
131,437663	0,0271348841488361
131,546991	0,0239413194358349
131,661587	0,0197734050452709
131,767449	0,0157705135643482
131,874305	0,0109522379934788
131,989635	0,00629116222262383
132,100947	0,00372036918997765
132,215609	0,00350006297230721
132,326231	0,00554675236344337
132,435984	0,00914165005087852
132,544795	0,0137494169175625
132,657632	0,0186533071100712
132,758679	0,0230598486959934
132,868328	0,0267011933028698
132,971493	0,0280874781310558
133,071548	0,0279862694442272
133,174700	0,0263259448111057
133,276734	0,0230907164514065
133,384832	0,0186836831271648
133,495646	0,0137962661683559
133,608629	0,00854094699025154
133,718658	0,00522598251700401
133,826972	0,00379836186766624
133,934056	0,00391606613993645
134,040994	0,0065060593187809
134,151755	0,0104122273623943
134,266921	0,0151342488825321
134,375668	0,0199367068707943
134,484068	0,0240638516843319
134,596944	0,0268669687211514
134,705800	0,0280223749577999
134,816904	0,0273553170263767
134,917886	0,0237940959632397
135,028806	0,0196238718926907
135,131646	0,0164203010499477
135,243050	0,010820884257555
135,343132	0,006816815584898
135,452675	0,00422566011548042
135,563317	0,0035293735563755
135,672601	0,0048985667526722
135,776382	0,00798607990145683
135,880470	0,0123318545520306
135,981462	0,0155463926494122
136,084833	0,0217201076447964
136,191932	0,0242656879127026
136,302663	0,0269011668860912
136,405754	0,0278404019773006
136,508944	0,0269885770976543
136,611448	0,0244086422026157
136,723757	0,0197287835180759
136,834825	0,0149518884718418
136,944542	0,0109768100082874
137,052725	0,00635917112231255
137,153865	0,00424787029623985
137,263262	0,00350715592503548
137,371659	0,0046679861843586
137,475852	0,00830955430865288
137,577561	0,0119356997311115
137,680958	0,016783457249403
137,785298	0,0206578709185123
137,895146	0,0245126448571682
138,008483	0,0272588767111301
138,118796	0,0277230404317379
138,228736	0,0263929180800915
138,338552	0,0227934084832668
138,441479	0,019214253872633
138,550503	0,0144224874675274
138,656510	0,00976083800196648
138,762512	0,00653628632426262
138,872128	0,0038328729569912
138,983413	0,00372746214270592
139,098044	0,00530488416552544
139,204778	0,00941557809710503
139,308396	0,0132076926529408
139,419273	0,0180564187467098
139,534633	0,0231139920651913
139,645240	0,0265658162534237
139,745560	0,0277007110416889
139,859910	0,0273757390677929
139,973804	0,0253067128360271
140,080560	0,0210619457066059
140,184329	0,0164169855415821
140,295602	0,0116431228816509
140,396470	0,00808854773640633
140,506992	0,00494298711419106
140,615636	0,00355442985892296
140,725761	0,004203911870718
140,838303	0,00669922307133675
140,944450	0,0106578879058361
141,052811	0,0161577053368092
141,156809	0,0200625024735928
141,268753	0,0240595750510693
141,379249	0,0269909538328648
141,493135	0,0277135409414768
141,598897	0,0266099832952023
141,712471	0,0232417397201061
141,823775	0,0190557353198528
141,934934	0,0142548941075802
142,035855	0,00965787097811699
142,147059	0,00651409104466438
142,256642	0,00386359915137291
142,362168	0,00370807573199272
142,473769	0,0054924301803112
142,585600	0,00891685858368874
142,696134	0,0142354927957058
142,806579	0,019003052264452
142,915610	0,0225792191922665
143,023003	0,0262380726635456
143,132982	0,0276256389915943
143,247071	0,0272446237504482
143,352548	0,0251134149730206
143,452978	0,0215149633586407
143,560921	0,01698924228549
143,671855	0,0114058740437031
143,786312	0,00789115205407143
143,895840	0,0048602931201458
144,004477	0,00353221222758293
144,114627	0,00426394119858742
144,224647	0,0074189268052578
144,334823	0,0108052976429462
144,443483	0,0163430385291576
144,551766	0,020950835198164
144,658328	0,0241474397480488
144,768302	0,0267634205520153
144,878764	0,0275885872542858
144,979681	0,0264955200254917
145,090416	0,0236915089190006
145,199412	0,0203554295003414
145,310923	0,0140750221908092
145,421586	0,00949303433299065
145,531955	0,0058627687394619
145,641706	0,00404227152466774
145,751127	0,00370949134230614
145,855841	0,00510267540812492
145,966609	0,00834308192133904
146,076111	0,0127030350267887
146,186260	0,0182627998292446
146,293568	0,0225763730704784
146,400449	0,0261217169463634
146,510272	0,0273709930479527
146,620300	0,0270151756703854
146,730307	0,0248393975198269
146,840059	0,0212452374398708
146,950592	0,016691479831934
147,056707	0,0111747942864895
147,168041	0,00710205361247063
147,278084	0,00508708879351616
147,387358	0,00357097759842873
147,490405	0,00426630303263664
147,601492	0,00685270503163338
147,701557	0,0101160369813442
147,810457	0,0155336074531078
147,920787	0,0209023989737034
148,029767	0,024071928113699
148,140678	0,0262860469520092
148,250629	0,0274731330573559
148,355582	0,0265463404357433
148,459424	0,0244870074093342
148,562523	0,0207965187728405
148,668759	0,0154251120984554
148,779153	0,0107537917792797
148,884855	0,00741704180836678
148,994966	0,00460560992360115
149,108507	0,00364236906170845
149,218308	0,0049472339451313
149,326559	0,00861414149403572
149,430838	0,0122273676097393
149,540316	0,0177485458552837
149,650779	0,0214446745812893
149,760559	0,0254696123301983
149,869406	0,0270978398621082
149,979100	0,027365293353796
150,089256	0,0260827653110027
150,189718	0,0230797939002514
150,299787	0,018143717199564
150,399952	0,0141715817153454
150,510106	0,00893102213740349
150,620741	0,00554532930254936
150,730670	0,00376196578145027
150,840654	0,00393309071660042
150,950837	0,00555903092026711
151,059999	0,00894660875201225
151,170017	0,0141791515052319
151,273234	0,0196590088307858
151,382650	0,0230460725724697
151,486404	0,025628712028265
151,586432	0,0272845290601254
151,696976	0,0271610133349895
151,799915	0,0253233350813389
151,909278	0,0219642035663128
152,019117	0,0167915187776089
152,130453	0,0120567120611668
152,240187	0,00844980403780937
152,340274	0,00482108071446419
152,451811	0,00364378467202187
152,561780	0,00400256738066673
152,671919	0,00681019946932793
152,778878	0,0107334814965725
152,888650	0,0161695592105389
152,995382	0,0200050584971905
153,105704	0,0233044438064098
153,214989	0,0264342464506626
153,324393	0,0273135118186474
153,434269	0,026452299207449
153,544560	0,0233785323798656
153,654996	0,0193670876324177
153,755624	0,0147136859595776
153,864966	0,0108893997967243
153,968983	0,00696698948740959
154,073673	0,00443407520651817
154,188388	0,00373029336333275
154,299382	0,00496045872569084
154,404280	0,00794168189167976
154,515189	0,0136651806533337
154,619271	0,0175877474248409
154,732842	0,0212694518268108
154,842516	0,0252516232430935
154,952759	0,0270778797566891
155,063117	0,0271747894585133
155,173848	0,0255232863128185
155,284181	0,0217096619307995
155,387739	0,0173278339207172
155,497168	0,013397391885519
155,606728	0,0089980848133564
155,714950	0,0051867701113224
155,822692	0,0038328729569912
155,932949	0,00419257208704948
156,033149	0,0060148574411869
156,141732	0,0102931819856167
156,252222	0,0140806995332241
156,357219	0,0187420435249805
156,470786	0,0228532515466213
156,573015	0,0261502079665661
156,675245	0,0271804891526699
156,785926	0,0268090181052685
156,900572	0,0247353874146938
157,010500	0,0205344222486019
157,120225	0,0152133516967297
157,229378	0,011336874216795
157,339818	0,00729992613196373
157,450552	0,00457111373543739
157,559270	0,00361635908484459
157,669414	0,00495526567101479
157,784273	0,00797427073121071
157,893471	0,0121659152209759
158,003796	0,0168550498783588
158,116842	0,0219285897910595
158,226772	0,0251841805875301
158,331152	0,0269519947469234
158,441836	0,0269729010760784
158,552757	0,0256629101932049
158,663190	0,0226855985820293
158,769512	0,0170248039066792
158,874980	0,0131140314042568
158,984697	0,0094321109354496
159,093990	0,00544991716742516
159,195235	0,00377614423632622
159,304678	0,0038333497941494
159,413864	0,00565256550908089
159,524945	0,0097532756626606
159,634857	0,0142520554363728
159,744585	0,0196362175047398
159,853033	0,022960115224123
159,962833	0,0258334167301655
160,073362	0,0271838195621967
160,179000	0,0266802869737148
160,288825	0,0245406739413738
160,398712	0,0202994085848331
160,504301	0,0157600902020931
160,614724	0,0118780322372913
160,724390	0,00775043293833733
160,834983	0,00451771542429924
160,945197	0,00365465506911278
161,050486	0,00473224744200706
161,160519	0,00754643604159355
161,265955	0,0123753510415554
161,376282	0,0162705145776272
161,487845	0,020736213773489
161,595598	0,0248170681297779
161,701735	0,026780042797327
161,807523	0,0271101854741573
161,917416	0,0255574695765972
162,026601	0,0225416980683804
162,130935	0,0184075199067593
162,240659	0,0145380087196827
162,350317	0,0100319571793079
162,456931	0,00637617334723473
162,567698	0,00400209054350853
162,677723	0,00399453565478325
162,788085	0,00635350868105888
162,897723	0,00930789485573769
163,002916	0,0137148685753345
163,113095	0,0191117413341999
163,222692	0,0225355215370655
163,333133	0,0255916677415371
163,440940	0,0271097086369991
163,549015	0,0268926210701466
163,653377	0,0249733217060566
163,758748	0,0209313668310642
163,868899	0,0172614343464375
163,969093	0,013371367007494
164,079317	0,00840164348483086
164,182916	0,00531622394919395
164,293941	0,00385839864611626
164,402315	0,00442178174853325
164,511579	0,00675258412957191
164,619707	0,0105095468461514
164,726801	0,0150537230074406
164,836552	0,0196385942399502
164,946738	0,0235542543232441
165,056921	0,0264860205352306
165,167572	0,0271914191544056
165,277239	0,0265211649239063
165,377981	0,0236155204474926
165,488871	0,0197458676993847
165,596094	0,0159496478736401
165,706380	0,0113245882093906
165,817361	0,00678705796599388
165,927274	0,00413065776228905
166,030911	0,00386454537510872
166,140987	0,00510692223906517
166,248652	0,00811782106757164
166,359206	0,0122997052967548
166,468089	0,0176992155611515
166,577744	0,0212927274405956
166,687448	0,0251580663025379
166,797671	0,0269980765879154
166,900423	0,0270075760781765
167,015316	0,025579322129488
167,124874	0,0219945944845676
167,235821	0,0177736841142178
167,350467	0,012377243489027
167,455251	0,00884317979216576
167,564944	0,00519952550530434
167,674530	0,00386171415448189
167,786170	0,00421148166060448
167,893323	0,00681823119521141
168,003474	0,0105969496071339
168,112661	0,0158799849450588
168,219624	0,0196338407695293
168,329885	0,0234711430966854
168,440579	0,0260618664324284
168,555117	0,0270451121032238
168,666528	0,0256667099893093
168,775742	0,0233704559504986
168,885687	0,0195075832307339
168,994823	0,0149708352982998
169,104149	0,00979767367243767
169,209454	0,00677477940917015
169,319823	0,00425685569643974
169,428862	0,00397704169154167
169,533874	0,00579569116234779
169,644421	0,00846539065241814
169,754551	0,0134290866553783
169,864938	0,0180530957877636
169,974705	0,022250097244978
170,084476	0,025383647531271
170,192493	0,0270242057740688
170,302935	0,0269577018916607
170,411566	0,0247387103736401
170,520850	0,0219499580562115
170,631557	0,0169275961816311
170,741890	0,0123039595782757
170,851630	0,00879973545670509
170,960645	0,0056062750518322
171,069190	0,00394963100552559
171,183795	0,00488770380616188
171,294087	0,00702838227152824
171,403832	0,0108204148709774
171,512805	0,0161093659698963
171,621842	0,0205415450036526
171,732700	0,0241597853600979
171,842841	0,0261692069470882
171,953681	0,0270679108798504
172,063459	0,0259702019393444
172,168398	0,0227041207253933
172,274388	0,0193813256919384
172,383922	0,0148349218070507
172,493806	0,0103484503924847
172,602833	0,00666427239775658
172,714486	0,00439531728625298
172,819768	0,00422707572579384
172,928625	0,00581930950284004
173,030358	0,00850316509604454
173,138176	0,0134584195911884
173,240475	0,0173088647425175
173,355548	0,0215781144797802
173,460576	0,0248702578246593
173,573733	0,0268679223954678
173,685975	0,0265434943139553
173,791746	0,0253152661025524
173,902521	0,0216151587665081
174,007434	0,0173458568751812
174,115380	0,0127351991832256
174,216594	0,00915676727890968
174,323362	0,00581080839037895
174,428503	0,00390708819031715
174,539403	0,00411789491772652
174,644829	0,00606539472937584
174,755136	0,00953459367156029
174,855593	0,014699000865221
174,964205	0,01851711794734
175,072912	0,0225830189883709
175,183064	0,0258780606091022
175,288446	0,0269372723996639
175,394562	0,026407640427351
175,504302	0,0241578854620457
175,614627	0,0205576904118061
175,724800	0,0161316432058811
175,833804	0,0115623064339161
175,944630	0,00817732885479927
176,055086	0,00486313179135323
176,166651	0,00386927649378777
176,269733	0,00511353835463524
176,375840	0,0074382908642292
176,486025	0,0113619230687618
176,586990	0,0159174166619778
176,692643	0,0196542553603649
176,796285	0,0234597437083721
176,907363	0,0262950696051121
177,017857	0,0269710011780262
177,127105	0,0262176506221294
177,236982	0,0233096666634083
177,341872	0,0194544233381748
177,451655	0,0149504728615284
177,557434	0,0105024538934231
177,662496	0,00682531669735909
177,772598	0,00454842671751976
177,873671	0,00407157465815544
177,982405	0,00510881468653679
178,082525	0,00850741937756538
178,192527	0,0126514919102192
178,302871	0,0164601244032383
178,413651	0,0214883647859097
178,520867	0,0247809775173664
178,631856	0,0266589187085629
178,732813	0,0268617458641529
178,836859	0,0257184840738773
178,946027	0,0229458622634411
179,054107	0,0189926140010357
179,159063	0,0144556276500225
179,268710	0,00938157364726067
179,378489	0,00600966438651085
179,488198	0,0041746087372303
179,593811	0,00406590476632118
179,703306	0,00605690106749535
179,804143	0,00945289060473442
179,915818	0,0130293630063534
180,025116	0,017593439668417
180,134454	0,0224077664315701
180,236310	0,0253665558993816
180,345721	0,0268123410642147
180,450005	0,0267406143248081
180,558842	0,0250906236469746
180,669795	0,0213535092771053
180,770214	0,0178519524633884
180,880269	0,0125517211854458
180,988921	0,0090736411511898
181,098900	0,00547211989760399
181,200103	0,0042232908308506
181,300633	0,0046873576939106
181,405896	0,00651031360030174
181,507508	0,00935417786240578
181,614637	0,0144073329865932
181,721782	0,0181925781071186
181,831930	0,0222928412258625
181,934924	0,024921078234911
182,044125	0,0269638709723949
182,146676	0,0265434943139553
182,252460	0,0249082557857037
182,358168	0,0216426961123943
182,469632	0,0174245871603489
182,579170	0,0121172182261944
182,688637	0,00869064405560493
182,799946	0,00561761483550072
182,906760	0,00414058193564415
183,016936	0,00454181060194969
183,127564	0,00725317373871803
183,235943	0,0110330395400524
183,344806	0,0162615142762661
183,453992	0,0199153386056423
183,556819	0,0230570025742054
183,667878	0,0260077230632305
183,777386	0,0267890654504299
183,886239	0,0259312577545643
183,996793	0,0239764638245106
184,105278	0,0197368524968624
184,214582	0,014550793915987
184,326118	0,0101675353944302
184,436511	0,00660854205489159
184,546852	0,00448321923613548
184,653150	0,00414483621716499
184,762914	0,00528976693749428
184,873922	0,0081702433526516
184,984648	0,0129210539162159
185,098402	0,0174468792974949
185,200276	0,0216070897877216
185,305972	0,0247833542525768
185,415294	0,0266508422791958
185,525949	0,0265833847224712
185,637254	0,0245506428182125
185,746424	0,0218962915241718
185,855797	0,0170499347150326
185,960150	0,0125375352799892
186,069630	0,00844697281718254
186,179361	0,00586039945483208
186,289181	0,00409615412354469
186,399206	0,0045904852449894
186,509361	0,00685081258416176
186,620446	0,0112031437456608
186,734733	0,0156672187149525
186,838209	0,019354272633791
186,939616	0,0231543593108654
187,049041	0,0257327221333981
187,154357	0,0267572440207005
187,268051	0,0260775424540043
187,377453	0,0237931422889233
187,487625	0,0195408128201962
187,597181	0,0143528915941715
187,698813	0,011399257928133
187,807064	0,00755729153752327
187,910613	0,00469066575169563
188,015017	0,00412592664361
188,123129	0,00507291033864021
188,233698	0,00772587582468987
188,334835	0,0116256289184093
188,435398	0,0160828195512295
188,545116	0,0197135917842388
188,646850	0,0238995291292667
188,757656	0,0258144177496433
188,868249	0,0266522653400898
188,978643	0,0258110947906971
189,087813	0,0228480286896229
189,196602	0,0183130912482738
189,307570	0,0145806260406971
189,416670	0,0102237425744534
189,527322	0,00619292631745338
189,636757	0,00430883839726448
189,748477	0,00424834713339806
189,850510	0,0055963508784771
189,960573	0,00926586613059044
190,070707	0,0142236538231373
190,180677	0,0179563127458096
190,290289	0,021355401724577
190,399889	0,0249286703765392
190,509819	0,026428546756506
190,619296	0,0262442491948605
190,724321	0,0244295410811901
190,834048	0,0212067775428295
190,939234	0,0170290730893612
191,050742	0,012552198022604
191,163359	0,00787462666630745
191,273170	0,0051201619207859
191,383864	0,00401343777775764
191,494525	0,00475681945681572
191,602961	0,00723711773753166
191,711513	0,0116884969174862
191,820826	0,0153933651745319
191,930915	0,0197605825960636
192,039191	0,0233780555427074
192,148660	0,0259963236749172
192,259066	0,026505496352911
192,374072	0,0253314040601254
192,485059	0,0226495079696178
192,591807	0,0180834643542767
192,697557	0,0136330090463161
192,807753	0,010072585195303
192,917553	0,00658729299902916
193,028518	0,00433435663580894
193,131702	0,00434049591422081
193,241573	0,0057390071451664
193,351586	0,00882334634661675
193,459824	0,0136666037142277
193,570300	0,0181048102676868
193,680244	0,0220686830580235
193,786926	0,0249509997665882
193,897492	0,0263525433838367
194,007160	0,02611268684268
194,117843	0,0242319740355015
194,220542	0,0203264690935612
194,329961	0,0168052650988102
194,439656	0,0123488791286945
194,550261	0,00834166631102562
194,653325	0,00543621554970741
194,763247	0,00407819077372551
194,871558	0,00492456182837486
194,981928	0,00743592903017998
195,093418	0,01051851734519
195,203637	0,0156226791441441
195,312632	0,0205894969403744
195,423533	0,0234967879951
195,533534	0,0260100923478603
195,636321	0,0264323465526104
195,741607	0,0255194865167141
195,847148	0,0235157795250416
195,957712	0,0192992128431797
196,068712	0,0142165534198284
196,169486	0,0106196217238903
196,274996	0,00754407420754433
196,385695	0,00477146729826927
196,500182	0,00425070896744728
196,608667	0,00557698681950569
196,718114	0,00909112021327019
196,833689	0,0132128931581974
196,943086	0,0183733515441418
197,053306	0,0216868631541729
197,155044	0,024727787822485
197,262479	0,0264499224722385
197,371494	0,0262955464422703
197,474445	0,0250193886458874
197,584111	0,022138025611639
197,689948	0,0167431570589542
197,800624	0,012338001281023
197,910472	0,00836291536688805
198,017352	0,00589865818619728
198,121883	0,00429607555270195
198,231511	0,00464436039328575
198,341749	0,00670819357037544
198,452513	0,0101401321589947
198,552584	0,015123825520277
198,661628	0,0187795348465443
198,769346	0,0220059938728809
198,876273	0,0252411775290966
198,986360	0,0264484994113445
199,092517	0,0259056054055691
199,202824	0,0242742411792278
199,312871	0,0197396986186504
199,428187	0,0154198966920376
199,538961	0,0110561884939671
199,649075	0,00785810127854347
199,758691	0,00484045222401619
199,866951	0,00407393649220467
199,976878	0,00512252375483513
200,086028	0,00782976672053337
200,195354	0,012409869581461
200,305707	0,0160851888358593
200,415247	0,020305585116148
200,525769	0,0236796326935291
200,635722	0,0259355269372463
200,751656	0,026014368981123
200,858669	0,0246921665966511
200,969757	0,0218074880540371
201,081544	0,0171651728451252
201,191752	0,0120548196136951
201,301888	0,00817590579390526
201,412606	0,00576404854655266
201,521821	0,00426016375422478
201,632909	0,00494392588734627
201,743558	0,00782788172364235
201,854459	0,0102813728153706
201,960479	0,0152867771685123
202,071602	0,0195735581219196
202,181965	0,0236839093267918
202,289953	0,0255565233528614
202,399275	0,0263729654252529
202,509231	0,025292944163084
202,618673	0,0232070796191692
202,718850	0,0189380384981632
202,829304	0,0145924650132656
202,937551	0,0103257708251476
203,047323	0,00686262175440788
203,162248	0,0049859844148159
203,272629	0,0043787769973278
203,377145	0,00581694766879082
203,486029	0,00878509506583214
203,601531	0,012787688523531
203,709264	0,0178913287818432
203,817790	0,0212229155004025
203,926911	0,0243393070995808
204,032643	0,0260651893913746
204,139182	0,0260186456143856
204,246436	0,0246403999626637
204,355410	0,0216811709105968
204,465085	0,0177049078047276
204,575598	0,012611772865057
204,685354	0,00861791893839836
204,791692	0,00567571446299553
204,901628	0,00429843738675117
205,009775	0,00470815226435661
205,120796	0,00737878307700157
205,231870	0,0103805772960186
205,341703	0,0153791569173336
205,452550	0,0196599550545216
205,563783	0,023205179721117
205,671608	0,0255294553935528
205,776227	0,0262964926660061
205,886729	0,0254244916141033
205,992920	0,022499430924654
206,100636	0,0200795941054821
206,205208	0,0151195637881756
206,319603	0,0101689510047436
206,420496	0,00774949416518211
206,530266	0,00519764050841331
206,639206	0,00433435663580894
206,747729	0,00553115829825401
206,856541	0,0089229978621006
206,963705	0,0122320987284184
207,073343	0,016585748642683
207,188895	0,0213288106024265
207,296588	0,0239584185183048
207,407564	0,0260575897991657
207,517335	0,0261122100055218
207,627073	0,0245368741452694
207,737289	0,0209574811160564
207,847849	0,0168768651783466
207,952605	0,0125247649848461
208,060050	0,008603285998106
208,170139	0,00574987754225731
208,276591	0,00456072017550468
208,386192	0,00498267635703087
208,495328	0,00672047212719917
208,606306	0,0100716389715672
208,710636	0,0142591558396816
208,815714	0,0186015777289867
208,922795	0,0224115662276745
209,031661	0,0251257680356503
209,146918	0,0263525433838367
209,254980	0,0254463441669941
209,363769	0,0234735123813152
209,473978	0,0193177200853825
209,584497	0,0157596208155155
209,685949	0,0107495449483395
209,791507	0,00826233252882957
209,901531	0,00523117557168007
210,015291	0,0043981559574604
210,121868	0,00570924952626228
210,231645	0,00797899439930916
210,340901	0,0124500580132008
210,450742	0,0160723961889744
210,553028	0,0202457644045353
210,668504	0,0240799970924854
210,779584	0,0257289223372936
210,881463	0,0261687375605106
210,986494	0,0251219682395458
211,096944	0,0219551809132099
211,206435	0,0180782414972782
211,316285	0,0137399546802044
211,416817	0,010262954980135
211,523486	0,00682578608393669
211,633812	0,00475823506712914
211,744627	0,00468877330422401
211,849217	0,00624346360564232
211,959794	0,00882429257035255
212,068080	0,0128188990056515
212,178558	0,0185863934457302
212,289418	0,0223365314304829
212,396587	0,0249823443591595
212,500906	0,0260732658207417
212,608168	0,0256904624402523
212,717673	0,0241056494414806
212,826930	0,0215861909091473
212,938514	0,0169408731162548
213,048557	0,0126108266413212
213,155407	0,00811782106757164
213,262299	0,00581978633999825
213,371800	0,00446053221821785
213,482772	0,00521936640143394
213,591878	0,00764607265591621
213,701701	0,0106290690600872
213,801884	0,0148472301661968
213,907656	0,0197904966771603
214,017240	0,0227710865437984
214,118778	0,0252639688551426
214,224255	0,0262532718479633
214,334978	0,0256158970296383
214,435392	0,0234260223805904
214,540792	0,0199903436005116
214,651423	0,0158013217151165
214,758645	0,0115122012794018
214,868834	0,00780851766467094
214,968849	0,00531622394919395
215,079220	0,00445296987891197
215,189208	0,00510929152369499
215,302611	0,00793460384011269
215,409440	0,0116648636758327
215,515229	0,0166767798364162
215,619763	0,0201137773692608
215,726055	0,0235001109540462
215,833841	0,0258319936692715
215,938650	0,0261958055198193
216,048897	0,025140967220068
216,158855	0,0225991643965244
216,268184	0,0189223773777485
216,377743	0,0139491222798824
216,487216	0,0098482184112072
216,597195	0,0066094882786274
216,698396	0,00478942319750786
216,809657	0,00458198413252831
216,917057	0,00595818087458611
217,026123	0,00885829702019691
217,135359	0,0127744488418102
217,248414	0,0177855454385281
217,357025	0,0216436497867107
217,459893	0,0244955532252789
217,570765	0,0259421803057194
217,675738	0,025772150605917
217,786289	0,0244304947555065
217,895514	0,020327415317297
218,005665	0,0162354372441769
218,116303	0,0126529075205326
218,226710	0,0087345652282238
218,340530	0,00551651790738106
218,449638	0,00445391610264778
218,557513	0,0049278698861599
218,668552	0,0075506828725338
218,778901	0,011151161044836
218,888891	0,0161174200475216
218,997534	0,020228672772646
219,101520	0,0225573740899563
219,210792	0,025342334061861
219,320505	0,0260908417403698
219,431815	0,0252359472215176
219,540930	0,0228694044053555
219,650726	0,0186447612941265
219,760663	0,0143955014646053
219,869150	0,0109064094722271
219,977680	0,00690512731671333
220,089025	0,00474311783909798
220,189343	0,00462309643626213
220,299261	0,00573806092143059
220,408866	0,00905570015311241
220,516647	0,0129976756870747
220,625698	0,0172884725034237
220,738657	0,0212343148887157
220,848791	0,0246157087385654
220,950537	0,0258804373443127
221,058374	0,0259431265294552
221,167816	0,0240154080092907
221,277671	0,0209109447896481
221,386823	0,0176157243549824
221,501606	0,0126401446759701
221,611644	0,00876903906464577
221,721706	0,00593740120530128
221,831802	0,00465427711606026
221,941649	0,00512346997857094
222,046649	0,00774712488055229
222,157560	0,0106933228671551
222,267374	0,0162325985729694
222,377547	0,0196580551564693
222,488263	0,0230764709413052
222,598602	0,0252710916101933
222,700598	0,0259440802037716
222,804962	0,0250626020133495
222,906186	0,0231496132910252
223,016741	0,0197876431047916
223,128766	0,0156605802476406
223,240096	0,0114502944052219
223,349864	0,00735611841082573
223,456865	0,00517306849360466
223,566195	0,0046972818672657
223,673535	0,00594023242592812
223,782700	0,00814757868647575
223,885396	0,0125588141381741
223,990252	0,0160804502665997
224,100485	0,0201617293059826
224,202517	0,0239384733140469
224,311798	0,0258904062211514
224,421759	0,0260794423520565
224,531689	0,0250079892575741
224,638381	0,0219029374420643
224,748491	0,0174506716430187
224,858016	0,0138767175376415
224,966205	0,00925547257065773
225,075647	0,00670252367854118
225,186707	0,00492266938090324
225,297368	0,00506913289427757
225,404775	0,00700146332383156
225,514670	0,0102827958762646
225,625172	0,0143945477902889
225,735235	0,0192555449903011
225,844248	0,022280965000391
225,951629	0,0248845107853413
226,061565	0,0260162688791752
226,172662	0,0255726687610149
226,281971	0,0235765762627125
226,391611	0,0196670778095722
226,500506	0,0148372836410999
226,610949	0,0113491676747799
226,717035	0,00830813124775887
226,822684	0,00519102439284325
226,929920	0,00469161197543144
227,040828	0,00543951615691185
227,154453	0,00832466408610344
227,256310	0,0120269320905209
227,358791	0,0155497156083584
227,468577	0,0196813158690929
227,576822	0,0231068693101406
227,686872	0,0255736224353313
227,797636	0,0260153226554394
227,902647	0,0248674117028713
228,012538	0,0222785882651806
228,119012	0,0179169438779354
228,228759	0,01369783654809
228,334724	0,0109687708318233
228,436162	0,00701894238591194
228,545615	0,0049089603126049
228,654680	0,00480123981833458
228,754790	0,00625384971499443
228,866252	0,00919880345463753
228,968679	0,0130884908139706
229,076148	0,0166113562881947
229,186031	0,0206042192876339
229,295252	0,0244941301643848
229,402770	0,025552723556757
229,513866	0,02572987601161
229,618713	0,024167861789465
229,727927	0,0212680287659168
229,832580	0,0180910564959049
229,940920	0,0131811983883381
230,051457	0,00928002968430519
230,164051	0,00631194189190865
230,271833	0,00473083183169365
230,379434	0,00504787638783455
230,486011	0,00740712508559227
230,595295	0,0108421482145786
230,704760	0,0142605789005756
230,817693	0,01844547316432
230,928465	0,0226466618478298
231,032399	0,0250350646674633
231,139536	0,0258999057114124
231,249090	0,0252744220197201
231,356190	0,0230940394103527
231,465893	0,0203478299081326
231,575756	0,0163601078093052
231,681750	0,0114866904914379
231,789914	0,00745907053351402
231,899999	0,0053303949534893
232,010437	0,00484233722090721
232,119181	0,00551226362586021
232,220360	0,008866798132658
232,330607	0,0126595310866833
232,441659	0,0168621651828289
232,550011	0,0201541297137737
232,655581	0,0234027542173862
232,766080	0,0253931470215321
232,874386	0,025841485708952
232,984747	0,0247562788426876
233,093815	0,0221978612244129
233,204521	0,0179041363298893
233,319934	0,0137224458158016
233,426338	0,00973863527178764
233,530520	0,00628077611327171
233,640774	0,00496755167841911
233,749473	0,00483619794249535
233,854062	0,00667655095458031
233,963507	0,00975139066576958
234,073560	0,0137063525617123
234,184179	0,0185536555945873
234,288154	0,0216118358075619
234,395375	0,0246760211884975
234,500854	0,0256899856030941
234,607657	0,0254658125340939
234,716853	0,0237076543271542
234,825320	0,020021203905344
234,935760	0,0167004875838757
235,045560	0,0118321739137173
235,156136	0,00817732885479927
235,268184	0,00536676868796349
235,378894	0,004725631326437
235,492667	0,0054536946117878
235,598405	0,00781040266156197
235,705467	0,0120335482060909
235,815238	0,0155108608305454
235,924841	0,019593495875597
236,033996	0,0229715071618557
236,137467	0,0251381136476994
236,247236	0,0258310399949551
236,358167	0,0246218778192997
236,469618	0,0220463611185551
236,575463	0,0190813653171062
236,683979	0,0149642042815685
236,793243	0,0102568082511425
236,900855	0,00703499093651772
237,010556	0,00515228137373924
237,121447	0,00494392588734627
237,230669	0,00642671063542366
237,342267	0,00934237614274025
237,453056	0,0132105313241482
237,562980	0,0173700414597988
237,672913	0,0217291302978992
237,775066	0,0244010426104069
237,885013	0,0255736224353313
237,993503	0,0253998003900051
238,103005	0,0235879682004452
238,217633	0,01988210901618
238,327703	0,0165753252804279
238,438531	0,0117456875741482
238,548078	0,00815654918551445
238,658134	0,00570499524474144
238,759317	0,00480123981833458
238,868859	0,00537290796637535
238,973578	0,00801393762230873
239,079521	0,0115589983761311
239,190855	0,0149859972298145
239,299111	0,019054789096117
239,407699	0,0229762606322765
239,514772	0,0248199217021465
239,625222	0,0256614871323109
239,735843	0,024969045072794
239,837497	0,0223018638789654
239,946888	0,0187890268862247
240,056016	0,0147065781056881
240,163772	0,0113037936389446
240,270322	0,00689331814646721
240,376976	0,00552832707762718
240,487182	0,00485463067889214
240,600746	0,00613955035805702
240,711738	0,00946847721934319
240,823033	0,0126443989574909
240,929825	0,0174682177603245
241,040321	0,0206540711224079
241,149847	0,0243901200592518
241,254337	0,0255161561071873
241,362919	0,0255622230470181
241,472971	0,0238273404538631
241,575658	0,0214593969285488
241,684688	0,0170584730803967
241,793876	0,0136041454970837
241,904563	0,00912748649716377
242,014463	0,00630250200629234
242,125164	0,00488061830401421
242,234346	0,00526472553610802
242,344566	0,00768337771296501
242,453868	0,0104882828891277
242,563566	0,0151849277317524
242,672678	0,0192488990724087
242,781996	0,0226665996015072
242,889090	0,0249258242547512
242,999818	0,0257089845836163
243,110056	0,02495052292943
243,220625	0,0227250270545483
243,320650	0,018702182918787
243,420689	0,015291515737772
243,520699	0,011869054287672
243,621926	0,00828027352690697
243,722961	0,00580655410885811
243,824853	0,00492550060153008
243,926149	0,00542062148451805
244,026235	0,00752801075577736
244,126295	0,0102690942585468
244,226991	0,0142354927957058
244,327160	0,0183453522622585
244,427224	0,0214114375412464
244,527385	0,024177361279726
244,629129	0,0254520438611507
244,731619	0,0255745761096478
244,832598	0,0241526626050472
244,932765	0,0213867463171482
245,034543	0,0183296985924244
245,134876	0,0149087943136692
245,236682	0,010261531919241
245,336965	0,00754973664879799
245,438520	0,0057012178003788
245,539475	0,00497983768582344
245,640818	0,00588685646653175
245,741684	0,00785668566823006
245,842315	0,0119498856365681
245,944028	0,0153497792780399
246,044918	0,0187102518975735
246,145650	0,0222073532640934
246,246705	0,0246171317994595
246,346957	0,025538008660078
246,448984	0,0253860242664814
246,549111	0,0233975313603878
246,649425	0,0208990760147572
246,749447	0,0177831761538982
246,849949	0,012989167124033
246,951751	0,00978539511561394
247,052898	0,0071842260658741
247,154661	0,00509605929255486
247,254715	0,00498078390955925
247,356622	0,00604886934161186
247,456721	0,0092342235147953
247,557378	0,0123545490205288
247,658335	0,0157842598855495
247,760066	0,0197458676993847
247,860778	0,0229881294071674
247,961428	0,0247881077229977
248,063410	0,0255740992724895
248,164784	0,024871688336134
248,265392	0,0231348909437656
248,365759	0,0205348990857601
248,467599	0,0159932486712933
248,568978	0,0125720538198948
248,670630	0,0088568814098835
248,772102	0,00616127625107765
248,873576	0,00502849742770195
248,974679	0,00520188733935356
249,076433	0,00662271305918694
249,176691	0,00958749279379845
249,277008	0,012755062431097
249,378312	0,0168763883411884
249,478781	0,0207058228552341
249,578813	0,0232412703335285
249,679948	0,0251442901790142
249,781624	0,0255370549857616
249,881776	0,0246774442493916
249,982220	0,0223522074520588
250,082997	0,0189128778874874
