0,101715	0,0257355757057667
0,203117	0,0280280821025372
0,303856	0,030250396579504
0,405559	0,0336850099265575
0,505882	0,0354599989950657
0,607034	0,0364429540932178
0,707669	0,0370818562805653
0,809095	0,0363259725272655
0,910387	0,0347776003181934
1,011486	0,0326100401580334
1,112874	0,0296426825225353
1,224993	0,0271035395562649
1,333978	0,0248089991509914
1,435779	0,022886972874403
1,536214	0,0221304260194302
1,637063	0,0226694531738758
1,746616	0,0241935066878796
1,861771	0,0266888402402401
1,962055	0,0296655036509037
2,080099	0,0318334139883518
2,183617	0,0348186306655407
2,284813	0,0363565348088741
2,399946	0,0366874299943447
2,500151	0,0365704409778118
2,600295	0,0348949693143368
2,715255	0,0324538312852383
2,815315	0,0303193591535091
2,920204	0,0272916592657566
3,029042	0,0243255309760571
3,130963	0,0230323038995266
3,245183	0,0220074169337749
3,346415	0,0225236527621746
3,462044	0,0244974531233311
3,562400	0,0263468436896801
3,677133	0,0298766158521175
3,785075	0,0329973213374615
3,900136	0,0348195843398571
4,000380	0,0364907048642635
4,115247	0,036702711135149
4,215520	0,0359912998974323
4,315903	0,0347236879169941
4,431959	0,0316111259162426
4,546918	0,0288373939692974
4,648060	0,0260096155107021
4,762043	0,0235333554446697
4,862135	0,0223322547972202
4,966441	0,0219751261174679
5,076695	0,0228261761367321
5,185878	0,0249856673181057
5,304556	0,0279349498450756
5,415564	0,030994389206171
5,531199	0,0340935997664928
5,637674	0,035567868500948
5,745633	0,0367767177522182
5,846912	0,0366310887038708
5,961915	0,035065796226263
6,063574	0,0333818607032299
6,166375	0,0309820137917995
6,279217	0,0275282450020313
6,399853	0,0245534963905811
6,500067	0,0225378982722759
6,615677	0,0219580270349979
6,730971	0,022355530411005
6,831199	0,0238007418811321
6,943120	0,0264233238995075
7,052231	0,0296455360949039
7,162273	0,03255670145154
7,277232	0,034990880638361
7,399841	0,0362868271768093
7,500026	0,0368077643215656
7,600322	0,0362987630069256
7,708102	0,0345228426158428
7,815830	0,0322523973882198
7,931347	0,0287718065083027
8,046117	0,025506179779768
8,147844	0,0237494520843029
8,253564	0,0221750624477863
8,367499	0,0220064707100391
8,468000	0,023030873388052
8,577203	0,0248294211924076
8,687518	0,027666974812746
8,800186	0,0305976159870625
8,900303	0,0332346148788929
9,009073	0,0355483032763004
9,120762	0,0366191528737545
9,230759	0,0366912521421909
9,340588	0,0351588539779186
9,455202	0,0331574194133282
9,566083	0,0305329225957394
9,677233	0,0275505743920803
9,787397	0,0243768207728863
9,900300	0,0227117203176022
10,009598	0,0218027420341969
10,116116	0,0222861878573895
10,225154	0,0239607952535152
10,336408	0,0262219272553921
10,450955	0,0297315903007984
10,563124	0,0325257442891598
10,678287	0,0350925214588642
10,794057	0,0365179143846035
10,900303	0,0366291739046574
11,009219	0,0356848202645779
11,120114	0,0338108576834202
11,228403	0,0310153178870678
11,339897	0,0277482233941555
11,448777	0,0249400697648525
11,558437	0,0228504054248333
11,666046	0,0218920223414898
11,777137	0,0220610834658146
11,888272	0,0232930444180965
11,999800	0,0260457210242748
12,110154	0,0287546925246716
12,220095	0,0313341282308102
12,330556	0,0342552699148655
12,440790	0,0359134785830975
12,550004	0,0367523692548275
12,654774	0,0359583608806133
12,765810	0,0343973971903324
12,876015	0,0324366800487041
12,987229	0,0289471931755543
13,088017	0,0267078392207623
13,193251	0,0246024094521999
13,306330	0,0224590562283993
13,415718	0,0220482610166073
13,526169	0,022565919905901
13,635711	0,0242471732199192
13,745282	0,0273154117166996
13,856127	0,0300877504050732
13,965444	0,0329401604831219
14,076208	0,0351321287453175
14,187320	0,0364429540932178
14,297416	0,0366382412612438
14,408190	0,0356700234115124
14,518413	0,0333647094666958
14,628326	0,0307836197316647
14,728951	0,0277539230883121
14,838666	0,0255204327404499
14,948943	0,0234336219727993
15,058833	0,0219955407083035
15,168344	0,0223963670432568
15,268755	0,0234853886067867
15,379197	0,0251784883439541
15,487185	0,028485219925642
15,592643	0,0312441922724247
15,702379	0,0333818607032299
15,812644	0,0354628674685955
15,918536	0,0364281572401524
16,028026	0,0362051837146282
16,138880	0,0348749272525311
16,242744	0,0325524173676968
16,352552	0,0299227423965931
16,463207	0,0269961766898632
16,573802	0,0244309641420841
16,684116	0,022791039198637
16,794580	0,0219395123422146
16,903331	0,0228945724666119
17,008224	0,0240695513784885
17,118129	0,0267852656543255
17,228857	0,0302551575005054
17,339132	0,0325100235641003
17,448607	0,0350390709936619
17,558398	0,0363856665790081
17,669006	0,0364362709224224
17,780113	0,0352991558611393
17,889886	0,0336549691855907
18,000216	0,0309311039745808
18,109918	0,0281259678304195
18,220872	0,0249149017035961
18,325621	0,023130614310503
18,433054	0,0220620296895504
18,541785	0,0219371356070042
18,652133	0,0233614258468151
18,762282	0,0252454467117786
18,872356	0,0283326767385006
18,981498	0,0318153314292431
19,088246	0,0335286594927311
19,197981	0,035407017916441
19,307791	0,0365981347858906
19,417061	0,0362333543598652
19,526112	0,0345457457005978
19,635697	0,0326914899051189
19,744950	0,0292832665145397
19,854723	0,0269225500524044
19,961206	0,0240111313760281
20,070145	0,0222743190824986
20,180205	0,021841686218977
20,291008	0,022615309804678
20,406201	0,0241094492375851
20,513902	0,0271956957876682
20,624931	0,0300083421170712
20,733284	0,0328420214354992
20,842816	0,0350667499005795
20,950003	0,0362686850130558
21,063006	0,0365828536450863
21,172746	0,0353468917310238
21,286375	0,033696923404932
21,391713	0,0307198725640774
21,496630	0,0277097336947918
21,603829	0,0250963233411312
21,714674	0,0233937315642834
21,824209	0,0219779796898365
21,934787	0,0222196988761425
22,040066	0,0231937803328037
22,147747	0,0256035439670086
22,256819	0,0279658399522305
22,358727	0,0312537141144276
22,468526	0,0338080041110516
22,572134	0,0354523621499538
22,681656	0,0363722927868366
22,786162	0,0363030545413494
22,891275	0,0351736508309841
22,991966	0,033389013260603
23,101580	0,0303726308047771
23,211868	0,0274845398962498
23,320212	0,0251913033425808
23,425104	0,0232246480882168
23,536063	0,0219907946884632
23,646392	0,0222282521426678
23,757429	0,0240078084170818
23,866820	0,0262903235852718
23,973000	0,0286990888416767
24,077882	0,0320376567542553
24,188871	0,0340134911239147
24,297976	0,0358480773866177
24,408287	0,036561843007803
24,518689	0,0361426435410976
24,628160	0,0347947739064693
24,734767	0,0319843254983425
24,841639	0,029193889349699
24,950962	0,026846069842577
25,061423	0,0242766179144382
25,171319	0,0224638096988201
25,280326	0,0219988711178303
25,390912	0,0229007415473461
25,491047	0,0241374634206295
25,594159	0,0269638709723949
25,703895	0,0298109911382198
25,813064	0,0321847759187222
25,923593	0,0344241075217724
26,033978	0,0362061373889446
26,143890	0,0363422073423862
26,252292	0,0354084484279156
26,355796	0,0340044312179089
26,465556	0,0311019234359264
26,571285	0,028211023658514
26,683367	0,0255664996802807
26,792804	0,0233433805406094
26,902577	0,0220311693847179
27,012980	0,0222686193883419
27,122722	0,0230199508368969
27,226502	0,0254985801875591
27,334656	0,0281991474330425
27,440995	0,0305362530052662
27,549128	0,0332250855863094
27,658995	0,0349235944449902
27,774308	0,0363245420157909
27,883365	0,0359559692442417
27,990187	0,0347632877528667
28,090956	0,0326552875339985
28,191825	0,0304591991007328
28,297895	0,0270845405757427
28,407736	0,0246342234313488
28,521970	0,0226039104163647
28,629921	0,0220197699964046
28,741793	0,0224851854145527
28,851983	0,0239109210669994
28,961152	0,0266831405460835
29,072254	0,029061745852232
29,182342	0,0322347693145275
29,287547	0,0342252217233181
29,394673	0,0360161252319813
29,509958	0,0363851822912693
29,621637	0,0357640646398067
29,731387	0,0336544997990131
29,840891	0,0311357043683529
29,944257	0,0288055501878262
30,044396	0,0264233238995075
30,154077	0,0240434370934963
30,263706	0,0222187526524067
30,370733	0,0219955407083035
30,477617	0,0229026414453983
30,588510	0,0247534327208996
30,689735	0,0272546000778675
30,794288	0,0301671735942364
30,904718	0,032388586550951
31,015391	0,0348868556320667
31,125004	0,0361612550914288
31,225222	0,0362954251468182
31,335050	0,0353349559009075
31,443764	0,0334571711719036
31,554714	0,0303716771304607
31,665152	0,0276118628680706
31,775052	0,025383647531271
31,885485	0,0230460725724697
31,997622	0,0221574865281582
32,107412	0,0222819186747074
32,217099	0,0233205892145634
32,326975	0,0258381627500057
32,434188	0,0285051800310612
32,539810	0,0313707776367664
32,645937	0,0334628857672215
32,755840	0,0355158485472202
32,866324	0,0363283641636372
32,975739	0,0357793383300304
33,086119	0,0345748476684093
33,195758	0,0319543369114399
33,307402	0,0291211567819119
33,410764	0,0268189869821072
33,521715	0,0243777744472027
33,625958	0,0224443413317204
33,740017	0,0220387689769268
33,849790	0,0226808525621891
33,956783	0,0243929736316204
34,067241	0,0269021205604076
34,176576	0,0296555198729038
34,286955	0,0324019156396389
34,394536	0,0346173010766506
34,496268	0,0359239839017391
34,601427	0,0362810976803303
34,708581	0,0354838632047176
34,812189	0,0333327762782574
34,920825	0,0308107398450375
35,031912	0,0279325805604458
35,139764	0,0261183865368366
35,249220	0,0232607387006283
35,363615	0,0222125761210918
35,472212	0,0220525376498699
35,583019	0,0230118744075298
35,692982	0,025286290794611
35,804533	0,0279895924031734
35,914013	0,0307802893221378
36,023213	0,0333165787160397
36,133158	0,0354704968631268
36,242735	0,0361431203782558
36,351013	0,0359153933823109
36,452832	0,0348572768270969
36,562310	0,0327376984059811
36,669758	0,0301490984857082
36,778951	0,0273296646773815
36,888364	0,0247952304780483
36,998544	0,0228014849126339
37,108230	0,0220895819365978
37,210633	0,0224215425550938
37,319177	0,0238140411674976
37,428158	0,0268598459661007
37,541044	0,0292138569056988
37,650134	0,0323442928493023
37,760058	0,0341884978115559
37,869656	0,0357244424521923
37,978187	0,0361526645720005
38,088686	0,0354137010872364
38,199157	0,0340702347457409
38,310156	0,0312698893249035
38,419666	0,0285536609590054
38,530028	0,0254871807992458
38,639893	0,023741852492094
38,749127	0,0225450210273266
38,857903	0,0223507843911648
38,970250	0,0235561542212963
39,079061	0,0256054438650608
39,188083	0,0281487815082073
39,300066	0,0313726775348186
39,409456	0,0337336249649525
39,519899	0,0351588539779186
39,628075	0,0361173339188099
39,740726	0,0357029624283314
39,850671	0,0346120558679104
39,960996	0,032554317265749
40,070704	0,0294353924691677
40,171545	0,0271671898663044
40,281153	0,0247273109853268
40,391113	0,0227283500134945
40,500943	0,0221983306109905
40,612798	0,0228959955275059
40,724326	0,0246394537389278
40,832321	0,0266845636069775
40,942233	0,0298842303454876
41,054797	0,0325743220746517
41,164968	0,0347394309937954
41,273313	0,0360151715576649
41,386670	0,0362834893167019
41,496587	0,0355406664311886
41,605392	0,033776056021452
41,714480	0,0309244431555271
41,823367	0,0281145609915257
41,934320	0,0255432315170765
42,041412	0,023563276976347
42,151257	0,0224490873515606
42,257156	0,022528875619173
42,366982	0,0239104442298412
42,467621	0,0256410650908947
42,575910	0,028284203261137
42,685093	0,031443115323782
42,798679	0,0334829054772854
42,907640	0,0355330295860767
43,015566	0,0361665152013302
43,124200	0,0360175557434559
43,235180	0,0347990654408932
43,343164	0,0322847701609135
43,452137	0,0296393521130085
43,561747	0,0268508233129978
43,670355	0,0244637317955494
43,778190	0,0230555795133114
43,887880	0,0221764855086803
43,998110	0,0226965211331844
44,106199	0,0242295973002911
44,214939	0,0265073888003826
44,325265	0,0297206528484821
44,434014	0,032332394272089
44,543783	0,0344598852097988
44,658990	0,0356256328523159
44,768001	0,0360113494098186
44,871177	0,035245705395937
44,971530	0,033521506935358
45,074179	0,0315059386193752
45,183216	0,0283716432750225
45,287073	0,0261606611311436
45,394271	0,024242427200079
45,496409	0,0224604867398739
45,607294	0,0222448743879795
45,713943	0,0230370499193668
45,823704	0,0244941301643848
45,932790	0,0277054645121098
46,039922	0,030034963041544
46,150000	0,0330359153449535
46,259668	0,0346712060272694
46,360098	0,0358967743813992
46,469624	0,0360562242567539
46,573484	0,0353726632893085
46,680836	0,0333933047950268
46,791695	0,0309082679450512
46,898144	0,0281730107963085
47,007609	0,026023868471384
47,117144	0,0235680304467678
47,226365	0,0224799625575542
47,339783	0,0224581100046635
47,449704	0,0237684436142445
47,556364	0,0259108357131481
47,664523	0,0285028032958508
47,773689	0,0307821966707706
47,878267	0,0336449630558491
47,987011	0,0353182516992092
48,097516	0,03610635176301
48,207895	0,0358132310211658
48,318441	0,0345042459666729
48,427725	0,0323995389044285
48,533953	0,0297553651034832
48,644166	0,0270265750586987
48,756744	0,0246522761881351
48,866231	0,0227886624634266
48,977231	0,0223137401044369
49,086718	0,0229392163455486
49,195155	0,0242087058722973
49,307400	0,027341540902853
49,415547	0,0296112932264805
49,526237	0,0322100110352039
49,628112	0,034369733184576
49,737761	0,0356762297451496
49,844012	0,0359827093780041
49,955185	0,0352633707225323
50,063434	0,033541526645422
50,171462	0,0303041450679302
50,272938	0,0284757204353809
50,382220	0,0258334167301655
50,492296	0,0237484984099865
50,601800	0,0223607532680035
50,711150	0,022356953471899
50,826053	0,0231961570680141
50,931947	0,0254206918179989
51,042779	0,0284557603299618
51,149830	0,0311628244817257
51,261806	0,0331740938127041
51,370633	0,0350018553435802
51,476423	0,0359445102512836
51,583960	0,0356094054877758
51,692094	0,0342953316867352
51,802164	0,0321347825229168
51,912056	0,0290493853390217
52,017941	0,0272484235465527
52,125936	0,0244152955710888
52,229149	0,0230033285915852
52,339089	0,0222087763249874
52,449044	0,0226385854184628
52,555249	0,0241811610758305
52,664898	0,0264570452272892
52,773933	0,0286948122084141
52,882900	0,0314331166446209
52,990799	0,0337622277438641
53,092781	0,035573597997427
53,202897	0,0360714979469776
53,313019	0,0356528423726559
53,422287	0,0342810191214085
53,532031	0,0312556140124798
53,640014	0,0290070734918118
53,745917	0,0268061645328999
53,855024	0,0241664387285709
53,959731	0,022640485316515
54,065296	0,0224101431667805
54,175057	0,0231339372694492
54,287773	0,0248602889478207
54,397225	0,0276935808360577
54,507247	0,0303902290761471
54,616136	0,032530028373003
54,725790	0,0348162464797497
54,832080	0,0357545129954815
54,942506	0,0358900912106037
55,051691	0,0348591841757298
55,161114	0,0329801701009274
55,271313	0,0300463773310184
55,380088	0,0273377411067486
55,486598	0,0252981670200825
55,588375	0,0231833271682262
55,689925	0,0224562101066113
55,795494	0,0226157866418362
55,903907	0,0235276557505131
56,007670	0,0258661843836308
56,117268	0,0280209518969059
56,224682	0,0311618708074093
56,332368	0,0332098342478275
56,442242	0,0350705645978451
56,543024	0,0360204242169857
56,652074	0,0359473787248135
56,761765	0,0348515547811985
56,871210	0,0328796543180943
56,983092	0,0303621701896191
57,092135	0,0276422761380672
57,200903	0,0248113684356213
57,310914	0,0231401138007641
57,425772	0,0224182195961475
57,535680	0,0229962058365345
57,639849	0,0242552421987057
57,748708	0,0268669687211514
57,856708	0,029550913721323
57,966981	0,0317239351570606
58,072820	0,0339496023952961
58,182669	0,0356141738593578
58,285880	0,0359550155699253
58,396253	0,0354413874447346
58,497004	0,0339457876980305
58,607174	0,0312675125896931
58,712133	0,0295081250369549
58,821684	0,0264019407331944
58,931079	0,0241716615855694
59,041033	0,0227444879710674
59,148819	0,0223151631653309
59,258295	0,0232151560485363
59,367960	0,0246669985353947
59,478574	0,0274455808103085
59,588551	0,0301495753228664
59,698934	0,0326567180454731
59,809990	0,0346044264733791
59,914146	0,0358165763318539
60,024433	0,0358643047511578
60,126634	0,0348634831607342
60,235071	0,0326543413102627
60,344632	0,0310015194118023
60,452054	0,028329823166132
60,554133	0,0253774784505367
60,657725	0,0237190537154675
60,766932	0,0224376879632473
60,876538	0,0224856548011303
60,978130	0,0233405344188213
61,086836	0,025221224874258
61,195892	0,028154481202364
61,306214	0,030829768627882
61,415567	0,0332450978457928
61,525314	0,0349918343126774
61,627251	0,0358433090150356
61,736547	0,0356790907680988
61,844776	0,0344803892076015
61,951121	0,032847736030817
62,063739	0,0303655005991459
62,173418	0,0272232480347157
62,284276	0,024514552205801
62,393450	0,023130614310503
62,503886	0,0223702527582645
62,610981	0,0228746272623539
62,723322	0,0243687517940998
62,828710	0,0262219272553921
62,939074	0,0288364477455616
63,048332	0,0322638265788555
63,158355	0,0340249352157116
63,268416	0,0355339832603931
63,380724	0,0358046405017376
63,490728	0,0349923111498356
63,590773	0,0332655869424343
63,698389	0,0313193760812283
63,807875	0,028663445264101
63,910106	0,0256586335599422
64,018787	0,0236492417752743
64,128757	0,022599633783102
64,230027	0,0223013870418072
64,338676	0,0230892933905125
64,453818	0,0251818113029003
64,555725	0,0267814658582211
64,663065	0,0303388647735119
64,773796	0,0328005738556385
64,887961	0,0343978740274906
64,998666	0,0355654843151569
65,108404	0,0356213338673115
65,216941	0,0343373008072376
65,326268	0,0327110253274441
65,429681	0,0302275754511356
65,539156	0,0275928564369678
65,645931	0,0255175791680813
65,755665	0,02332628890872
65,855944	0,0224595330655575
65,967730	0,0226195864379406
66,073735	0,0238672308623791
66,181858	0,0259284041821957
66,292646	0,0284647904336452
66,402152	0,0311337970197201
66,510750	0,0334371514618397
66,616497	0,0348625294864178
66,726582	0,0358237363398075
66,832838	0,0354929380118847
66,934687	0,0344832502305508
67,045829	0,032530028373003
67,155782	0,0295485369861126
67,260311	0,0269358493387699
67,371088	0,0246204547584057
67,478115	0,0230190046131611
67,589614	0,0224248729646206
67,695237	0,0228598974645138
67,804736	0,024344053119421
67,915724	0,0270037762820721
68,025183	0,0291810594499111
68,135758	0,031802948564291
68,245771	0,0339791588485241
68,355163	0,0354079715907574
68,464748	0,0358786322176456
68,575835	0,0349154882133007
68,686799	0,0335019715130329
68,797413	0,0307512767612934
68,908078	0,0280912779271603
69,018463	0,0252639688551426
69,128610	0,0236962549388409
69,240927	0,0226476080715656
69,355951	0,0227696634829044
69,465541	0,0242618881165981
69,575611	0,0256396345794201
69,685821	0,0281330980360508
69,796071	0,0311709083616734
69,907224	0,0338022820651531
70,016037	0,0352643243968487
70,125269	0,0357707478106022
70,233067	0,035317774862051
70,346926	0,033842321485281
70,456330	0,0312627516686916
70,564189	0,0290840826928616
70,672355	0,0264613218605518
70,785064	0,0243003629148006
70,894979	0,0228518284857273
71,003137	0,0224585868418217
71,111885	0,0232778452336788
71,219689	0,0246484763920307
71,328069	0,0274075753986835
71,436897	0,0295960791409016
71,544720	0,0325085930526257
71,655218	0,0344589315354824
71,757590	0,0355330295860767
71,864094	0,0357063077390194
71,974400	0,0347504056990147
72,083596	0,033310379832983
72,185812	0,0310110338032246
72,293319	0,0283763967454433
72,393538	0,0254776887595654
72,503256	0,0238525085151196
72,609310	0,0227943621575832
72,718891	0,0225516743957996
72,830011	0,0234649665653706
72,939648	0,0252782218158245
73,040026	0,0272850058972836
73,144739	0,030347902327776
73,253217	0,0327986739575863
73,357542	0,0346626155078411
73,458719	0,0356647707521915
73,569064	0,035677183419466
73,671062	0,0346616618335247
73,775529	0,0335062555968761
73,885663	0,0308197773993015
73,993035	0,0281948707997799
74,102669	0,0257203839719296
74,209683	0,0237807966768742
74,309822	0,0226874984800816
74,418270	0,0226542539894581
74,522939	0,0234298221766949
74,631936	0,0255484543740749
74,742028	0,0280252285301685
74,847951	0,0306318663060665
74,957821	0,032664816826582
75,072676	0,0348281674087048
75,182073	0,0357225351035595
75,291069	0,0356604717671871
75,398101	0,0345500372350216
75,510020	0,0322509668767452
75,618739	0,0297330133616924
75,727207	0,0266665183007717
75,837130	0,0251509360969067
75,946880	0,0231728814542294
76,062090	0,0225170068442822
76,170943	0,0229449160397053
76,271769	0,024314608424902
76,381505	0,0269196964800358
76,491264	0,0290641225874424
76,593780	0,0316292159259319
76,697108	0,0338270701467991
76,806779	0,0352557264268398
76,917402	0,0357697941362858
77,026703	0,0352476201951504
77,136761	0,0337708108127117
77,246063	0,0311932824552059
77,355726	0,0285935811698437
77,466029	0,0260960645973682
77,569815	0,0243568830192089
77,679805	0,0228508748114109
77,788280	0,0227231197059155
77,889904	0,0232944674789906
77,991884	0,025292944163084
78,100867	0,0276712514460087
78,209921	0,0302960611879826
78,319745	0,032358106225729
78,425161	0,0345996506512165
78,535299	0,0355583243072033
78,639953	0,0356943719089031
78,749969	0,0349722690880299
78,857614	0,0329534970223904
78,966841	0,0305319763720036
79,072783	0,0279482565820217
79,188104	0,025511410087347
79,294896	0,0236815325915813
79,404128	0,0227473415434361
79,514831	0,0229187868535519
79,624774	0,0242277048528194
79,728340	0,0262756012380123
79,836883	0,0288107804954052
79,945627	0,0314074195921421
80,049853	0,0332798846065998
80,156642	0,0351879633963108
80,265502	0,0357898436486721
80,373081	0,035633746534586
80,481845	0,0343539901077747
80,586517	0,0323381088674068
80,696990	0,0298699550330639
80,807217	0,0268351398408413
80,912947	0,0246218778192997
81,013493	0,0233220122754574
81,124045	0,0226528309285641
81,233340	0,0228342525660992
81,341066	0,0246242545545101
81,442946	0,0260528437793255
81,552269	0,0290018506348133
81,662964	0,0315544866025448
81,772889	0,0337617509067059
81,882786	0,0352323465049267
81,991745	0,0357826761901379
82,101059	0,035340677946806
82,208967	0,0339224226772785
82,318207	0,0318020023405552
82,424185	0,0288017503917217
82,534140	0,02629080042243
82,647812	0,0242519192397594
82,758103	0,0229724608361721
82,867455	0,0227497182786465
82,973028	0,0235514007508755
83,074187	0,0256106667220592
83,184436	0,0272104255855083
83,291211	0,0302185378968716
83,399634	0,0326800607144833
83,508706	0,0346239767968655
83,619611	0,0356867276132107
83,726208	0,0358686037361622
83,835337	0,0349283702671528
83,938962	0,0331421680748463
84,046313	0,0308050327003002
84,155760	0,0281715877354145
84,264944	0,0257218070328236
84,375907	0,0238396860659122
84,484864	0,0227791629731655
84,594664	0,0228024385869503
84,697807	0,0240942500531673
84,808088	0,0256999544799328
84,909812	0,0277353934943676
85,019718	0,0307303406298161
85,133115	0,0330511666834354
85,243988	0,0349989868700504
85,354735	0,0356175191700459
85,455473	0,035384114831686
85,565409	0,0341050438582897
85,675612	0,0324276350438595
85,788936	0,0295756347477436
85,897991	0,0269805006682873
86,004761	0,0247610323131084
86,107567	0,0232246480882168
86,215970	0,0226523540914059
86,326984	0,0230959393084049
86,437511	0,0248365439474583
86,547678	0,0267068855464458
86,648497	0,0288221873342991
86,756979	0,0321752540767193
86,871159	0,0338904745876789
86,982170	0,0352318696677685
87,089925	0,0356423370540142
87,198728	0,0346573702991009
87,306234	0,0332512892782688
87,415331	0,0309568010270596
87,515477	0,0287808291614056
87,625823	0,0255232863128185
87,728545	0,0241821072995663
87,838236	0,0227682404220104
87,939845	0,0226010642945766
88,049991	0,0233039669692516
88,159104	0,0253485105931759
88,268731	0,0277106873691082
88,377274	0,0302913077175617
88,486800	0,0327019728720188
88,587913	0,034483727067709
88,694439	0,0353774391114712
88,803573	0,0355583243072033
88,908910	0,0347017385065556
89,015125	0,0330459289252758
89,125811	0,0307255797088146
89,227990	0,0277344472706318
89,338315	0,0253988467156887
89,448851	0,0235979445278645
89,559714	0,022745918482542
89,673188	0,0228717736899853
89,782036	0,02400828525424
89,886961	0,0256244353950024
89,996996	0,0284196399152279
90,108342	0,0314050428569317
90,217805	0,0332503356039524
90,326683	0,0350409783422947
90,437175	0,0356094054877758
90,546641	0,0353368632495403
90,655241	0,0341460593044758
90,765192	0,0317905806005001
90,874595	0,0292975269258022
90,984239	0,0264219008386135
91,094957	0,0246627293527126
91,207705	0,0232574157416821
91,317658	0,0228408984839916
91,426486	0,0238007418811321
91,532860	0,0252506695687771
91,642157	0,0275410749018192
91,750080	0,030089657753706
91,859709	0,0324985943734646
91,962186	0,0341284088790417
92,070805	0,0354829095304012
92,181729	0,0356222949922085
92,291207	0,0347632877528667
92,399655	0,0330545045435429
92,506664	0,0311632938683033
92,615908	0,0277453698217869
92,729043	0,0254078693687916
92,838998	0,0236539952456951
92,949989	0,0227691866457462
93,060713	0,0229387395083904
93,170749	0,0243564061820507
93,273580	0,0260400138795376
93,382609	0,0284923501312733
93,493220	0,0314164645969868
93,593672	0,0332536734640598
93,702995	0,0346392430365086
93,812810	0,0354833863675594
93,923422	0,0352614559233189
94,033597	0,0340397171676159
94,143881	0,0320562236011028
94,249958	0,0296326987445354
94,358778	0,0270940400660038
94,466102	0,0248840339481831
94,576576	0,0233652256429195
94,685822	0,0227430649101734
94,796805	0,0233604796230793
94,907076	0,0245743878185749
95,010882	0,0270731337368488
95,119730	0,029598455876112
95,221638	0,0320067070424557
95,324207	0,0339858345687389
95,429887	0,034897830337286
95,539226	0,0354919843375683
95,649842	0,0347675792872906
95,758121	0,0331802926957607
95,867175	0,0313498340547085
95,968815	0,0288602076470852
96,078844	0,0263933949172497
96,178946	0,0243516527116299
96,291388	0,0230878703296185
96,401638	0,0228200070559978
96,507377	0,0237067081034184
96,616744	0,0248037688434124
96,726263	0,0278095118701458
96,834755	0,0299517475068569
96,943047	0,0327348373830318
97,047883	0,0340244583785534
97,157034	0,0355268232524395
97,260896	0,0355253927409649
97,369783	0,0345590971410275
97,478107	0,033101674169302
97,587746	0,0304021202027798
97,690055	0,0282766036689281
97,794201	0,0258804373443127
97,903483	0,0240059085190296
98,013040	0,0228812731802464
98,122543	0,0230104513466358
98,231330	0,0241175182163715
98,337447	0,0256857089698315
98,446604	0,0280442349612713
98,554294	0,0305666960775852
98,657828	0,0328629799187183
98,759951	0,0345710255205631
98,865414	0,0353678874671459
98,971236	0,0354456789791584
99,071836	0,0345686413347721
99,180580	0,0328591726720333
99,292415	0,0305923856794834
99,406820	0,0280784480273724
99,516754	0,0253964699804783
99,626706	0,0235286019742489
99,741247	0,0229235403239727
99,850989	0,0231405906379223
99,959027	0,0243136622011662
100,069666	0,0266422890126705
100,181655	0,0290945433080196
100,291173	0,0319191105663776
100,393710	0,0336392484605312
100,496547	0,0350519604980946
100,603983	0,0355492569506168
100,712073	0,0352624095976353
100,821151	0,0337579436600208
100,923380	0,0320805050432682
101,032905	0,0296959318220615
101,133874	0,0276261158287525
101,243308	0,0250896774232388
101,353879	0,0236316658556461
101,464205	0,0230584256350994
101,574760	0,0235091336071491
101,683239	0,0252003334462643
101,789755	0,026969101279974
101,895164	0,0294353924691677
101,999314	0,0318462736904621
102,109593	0,0338671170175076
102,212185	0,0351879633963108
102,321258	0,0355874411761761
102,425905	0,0350400246679783
102,526561	0,0335982479155064
102,626860	0,0318624638020992
102,735514	0,0290218181908131
102,837999	0,0269843004643917
102,948100	0,0248769111931324
103,056678	0,0234906189143658
103,170648	0,0230323038995266
103,279562	0,0237375758588314
103,388590	0,0253333114087582
103,496131	0,0275291986763477
103,605861	0,0300249792635441
103,709982	0,0327276922762394
103,814744	0,033967237919569
103,922690	0,0353402085602283
104,032665	0,0354356579482555
104,142781	0,0347122363746166
104,250779	0,0334109328687191
104,359061	0,0312679894268513
104,465252	0,0284025333821774
104,575721	0,0260599665343761
104,682246	0,0244779847562313
104,786082	0,0233091898262501
104,893814	0,0231667049229145
104,998375	0,0240980498492718
105,108074	0,0255375318229198
105,217800	0,0281882174313068
105,324672	0,0306523256003857
105,433819	0,0332365222275257
105,541752	0,0345748476684093
105,653673	0,0354466401040554
105,764123	0,0353540442883968
105,874690	0,034056406468153
105,976844	0,0325157456099987
106,084277	0,0297682099044323
106,194679	0,0276992805302143
106,298030	0,0254681818187237
106,408395	0,0236131437122822
106,517945	0,0230047516524792
106,627116	0,0233970545232296
106,736902	0,0247182883322239
106,847207	0,0267781428992748
106,957231	0,029621284455061
107,066515	0,0320228971540928
107,174043	0,0337050296366215
107,280726	0,0350562520325184
107,381159	0,0355382822453976
107,490948	0,035194169729948
107,605937	0,0333308763802052
107,710752	0,0315621010959148
107,820928	0,0286624915897846
107,928064	0,0262333266437054
108,038621	0,024557288736105
108,140942	0,0232042260468006
108,250885	0,0228109769523144
108,363875	0,0234274454414845
108,474148	0,0249533765017986
108,582606	0,0275382287800312
108,692788	0,0300330631434917
108,800943	0,0320076607167721
108,903090	0,0339410193264484
109,006899	0,0352337770164013
109,117022	0,0353640727698803
109,224905	0,0346635691821575
109,334063	0,0330892764031887
109,443066	0,03048250451684
109,553008	0,0284177325665951
109,655996	0,0260338447988033
109,764959	0,0241512395441532
109,873876	0,0229639150202274
109,976249	0,022908341139555
110,085542	0,0237755738198757
110,195349	0,0254810117185116
110,299279	0,0281616114079952
110,399788	0,0298362039029598
110,508875	0,0321852527558804
110,617260	0,0342810191214085
110,727636	0,0352394990622997
110,829875	0,0352848432958126
110,939901	0,0344961397349834
111,046139	0,0325319357216358
111,156382	0,030224721878767
111,259957	0,0277487002313137
111,369037	0,0254377983510494
111,476388	0,0234910883009434
111,585673	0,0228261761367321
111,695904	0,023036103695631
111,805036	0,0240201614797115
111,914043	0,0262850932776928
112,024201	0,0282994098961353
112,138750	0,0308078862726688
112,247290	0,0333561338484287
112,348888	0,0346540324389935
112,459971	0,0354265905916691
112,570058	0,0352185033261776
112,679864	0,0338084809482098
112,789940	0,0318134240806103
112,892796	0,0293816663324833
113,001390	0,0273187421262264
113,111002	0,0247975997626781
113,223193	0,0233481340110302
113,332986	0,0228508748114109
113,442700	0,0233509801328182
113,555177	0,0250968001782894
113,666038	0,0273149348795414
113,775275	0,0297848470509052
113,884429	0,032167162746191
113,989629	0,0340554527938366
114,095001	0,0351755581796169
114,202394	0,0353779159486294
114,311945	0,0345948822796345
114,422222	0,0329663567245007
114,530172	0,0307403318583965
114,639854	0,0282333604991436
114,743586	0,0258685611188412
114,851655	0,023760374635458
114,955509	0,0229211635887623
115,065236	0,0228598974645138
115,174494	0,0237727202475071
115,283031	0,0258894599974155
115,391931	0,0278575085103512
115,491938	0,0303241200745106
115,600570	0,0325943268835545
115,709857	0,0342929475009441
115,813071	0,0350619815289974
115,918753	0,0351507402956486
116,027854	0,0340182594954967
116,137479	0,0321790613234043
116,243782	0,0302309058606625
116,354225	0,027666974812746
116,458142	0,0249077789485455
116,569956	0,0231515131890774
116,675904	0,0222472511231899
116,785955	0,0223621837794781
116,891917	0,0234226919710636
116,995953	0,0252388007938862
117,105895	0,0271282382309437
117,213589	0,0298846997320652
117,323822	0,0320057533681393
117,427626	0,0333642326295376
117,536947	0,0342748202383518
117,643029	0,0342318974435329
117,752635	0,0332503356039524
117,860835	0,031560193747282
117,970650	0,0298233665525913
118,080572	0,027288805693388
118,191065	0,0251210145652294
118,296979	0,0240700207650661
118,405355	0,0235376320779324
118,509753	0,0238786302506924
118,618452	0,0250564254820347
118,727649	0,0268370471894741
118,836987	0,0289690531790257
118,949097	0,0317801050841808
119,059720	0,0334204696118832
119,172319	0,0344140939414501
119,280097	0,0346039496362209
119,389948	0,0339181311428547
119,491169	0,0325533710420132
119,600099	0,0309848673641682
119,709594	0,0289291255176067
119,818807	0,0269220732152462
119,929100	0,0250659249722958
120,037698	0,0242329277098179
120,153374	0,0241901837289333
120,262818	0,0252046026289463
120,373024	0,0264541916549206
120,484826	0,0282856337726116
120,593939	0,0302318520843983
120,703265	0,032168585807085
120,811697	0,0333008505403996
120,920845	0,0337469764053822
121,031175	0,0333856754004955
121,141128	0,031774390488863
121,248988	0,0293041802942753
121,359923	0,0260556899011135
121,468537	0,0229572616517544
121,574930	0,0190657041966915
121,685112	0,014754880219698
121,794849	0,0120869688689709
121,904143	0,00922713801264763
122,011749	0,00795726850628853
122,119663	0,00748692825436592
122,228703	0,00851922854781151
122,334014	0,0106111206114292
122,445127	0,013437133282423
122,553222	0,0165374018251896
122,662505	0,0194349549710751
122,771040	0,0219504274427891
122,876178	0,0230232737958431
122,979916	0,023078840225935
123,089701	0,021895345300436
123,197638	0,0193148739635944
123,304028	0,0168811343610287
123,415255	0,0137328542768955
123,523860	0,0108322240412235
123,633280	0,00834591314196587
123,740822	0,00742459669709206
123,851087	0,00776412710547447
123,962093	0,00930789485573769
124,072302	0,0113264806568623
124,182429	0,0142482705414295
124,292408	0,0177087001502514
124,402030	0,0201892592012882
124,509698	0,0219642035663128
124,611024	0,0223165862262249
124,720939	0,021847378462553
124,831141	0,0198868624866009
124,939645	0,016787726432085
125,049727	0,0142222382128239
125,160105	0,0111795179545879
125,270958	0,00866184011101723
125,375855	0,00692449137568474
125,485303	0,00669072195887566
125,589111	0,00759081915020943
125,698930	0,00960118696093559
125,808064	0,0129059217870235
125,917056	0,0155279152095318
126,027603	0,0189247541129589
126,138356	0,0211265198886395
126,242353	0,0223389081656933
126,352285	0,0224457643926144
126,461994	0,0215125866234303
126,573034	0,0191069953143597
126,679628	0,016270037740469
126,789949	0,012696411460638
126,892167	0,0107821486890316
127,002755	0,00820897147059441
127,112753	0,00716392323374748
127,221461	0,00733959302306175
127,324468	0,00876054540276527
127,434563	0,0116350837051868
127,544157	0,0141578577458858
127,653898	0,0177969299256802
127,759946	0,020048264414072
127,869073	0,0222562737762928
127,975874	0,0229848064482212
128,086322	0,0224870853126049
128,187149	0,0212219692766666
128,296689	0,0183890126645565
128,403596	0,0153535716235638
128,508710	0,013296153396368
128,618894	0,0096682570874691
128,727232	0,00789776816964149
128,837713	0,00731881335377693
128,945165	0,00796670839190483
129,055631	0,0097816176712513
129,169929	0,0124467499554157
129,280003	0,015983771532774
129,388310	0,0179700814187527
129,495411	0,0208250097930431
129,601370	0,0224357955157757
129,711880	0,0226718299090862
129,817990	0,0218340866267681
129,928078	0,0195474587380886
130,037992	0,0167744494974613
130,148754	0,0136500410735607
130,254397	0,0111988894641399
130,364417	0,0084616132080555
130,474097	0,0073155052959919
130,579727	0,00710110738873482
130,688690	0,00837566331028938
130,796186	0,0106134824454784
130,906857	0,0135241858661175
131,016887	0,0160809271037579
131,127782	0,0193699337542057
131,228783	0,0216664485633373
131,337923	0,0224338956177235
131,438609	0,0224201194941998
131,548545	0,0210277549922466
131,658374	0,0187657736241817
131,768491	0,0164056159555912
131,879080	0,0128207914531231
131,990178	0,00966401025652885
132,095465	0,00806352123618126
132,197130	0,00712472572922707
132,298371	0,0073249526321888
132,403581	0,0090075321495533
132,505485	0,0109952352941036
132,612381	0,0139547996222973
132,722383	0,0170414038002491
132,831061	0,0201346687972546
132,939690	0,021725807338953
133,053148	0,0226552076637745
133,163005	0,0221878848969936
133,273105	0,0206289105117321
133,378438	0,0181399248540401
133,482760	0,0156795345246792
133,589813	0,0126302130520344
133,692554	0,00989214703440666
133,802044	0,00799977406859398
133,910122	0,00720783695578575
134,019850	0,00765220448374748
134,130009	0,00931167230010033
134,240147	0,0118392743170261
134,354404	0,0148410759866238
134,464057	0,0183221064507961
134,569897	0,0206934846937656
134,674628	0,0220178700983524
134,784736	0,0225773192942142
134,894531	0,0217595212161541
134,998445	0,0195298902690411
135,108594	0,0177456997334957
135,217940	0,0141900442540646
135,322468	0,0112461484968662
135,431554	0,00882429257035255
135,540997	0,0074000395834446
135,645682	0,0072687529027462
135,755963	0,00816410407423973
135,865970	0,0102728717029095
135,978787	0,0130875445902348
136,088483	0,0166516490280628
136,203695	0,0194696076214314
136,306261	0,0212366916239262
136,416110	0,0224590562283993
136,527948	0,0224566869437695
136,638372	0,0211583338677883
136,748501	0,0189522765576839
136,858867	0,016078557819128
136,959799	0,0129938907921314
137,069909	0,010264839977026
137,174344	0,00797710195183754
137,275204	0,00728245452046394
137,385868	0,00762340798974037
137,498787	0,00943494215607643
137,608450	0,0115504898130894
137,719076	0,0145432166755199
137,830458	0,0180279575288296
137,940674	0,0209223441779613
138,041248	0,0222087763249874
138,155463	0,0227535180747509
138,270177	0,0221612863242626
138,376203	0,0204157270491123
138,487296	0,0174018256366253
138,596397	0,0148742236196995
138,707516	0,010935228317976
138,811835	0,00936834886670113
138,923422	0,00757807120680809
139,023745	0,00733345374464989
139,133028	0,00811168178915977
139,242939	0,0103876627981663
139,352776	0,0131769441068172
139,461166	0,0162430219352245
139,571127	0,0190191827714443
139,679934	0,0211987011134624
139,790818	0,0223930440843105
139,901695	0,0223137401044369
140,012382	0,0213497094810009
140,123398	0,0192351378500462
140,232997	0,0159558095037937
140,343548	0,012932401150465
140,454221	0,00974996760487556
140,563376	0,00795868411660194
140,673709	0,00727725401520729
140,775616	0,00756154581904411
140,885099	0,00945619866251945
140,999831	0,0114970840513706
141,114177	0,0144291110336781
141,224420	0,0179245285689831
141,333433	0,0206835083663464
141,443138	0,0221513174474239
141,554059	0,0224429182708263
141,665458	0,0215709917247295
141,771034	0,0193030051887035
141,882185	0,0165042169392109
141,991722	0,013984140008688
142,101791	0,01108643040061
142,210673	0,00870434567332268
142,323783	0,00723192468285561
142,429961	0,00715683028101921
142,538529	0,00847577676177025
142,649680	0,0107514373958111
142,760715	0,0135875903069973
142,870888	0,01662652567029
142,975008	0,0193685106933117
143,086079	0,0213231109082699
143,197126	0,0223265551030636
143,307239	0,0221598632633686
143,421864	0,0205154307186604
143,531438	0,0181712321937084
143,641102	0,0152370370924473
143,749128	0,0122628323733807
143,857253	0,00969329103827477
143,970074	0,00768668577075005
144,078963	0,0072503350675106
144,189685	0,00801629945635796
144,290924	0,00947225466370583
144,398951	0,0125209800899029
144,508593	0,015469167381525
144,623533	0,0183159373700619
144,732993	0,0205961428582668
144,841855	0,0219105370342731
144,950411	0,0221817158162594
145,060032	0,0210187323391438
145,168606	0,0189546458423138
145,273840	0,0162553526461124
145,380090	0,0137347467243671
145,489824	0,0113203413784504
145,597924	0,00863964483141899
145,706564	0,00731739774346352
145,817661	0,00722342357039452
145,926934	0,00831616297364235
146,034156	0,0103952176868916
146,136851	0,0136931054294109
146,240997	0,0161742977797985
146,354348	0,0188901089131832
146,463696	0,0209669806063175
146,572021	0,0220924280583858
146,687397	0,0219775028526783
146,797394	0,020518284291029
146,908380	0,0177959837019444
147,017837	0,0149248950183392
147,129729	0,0124382339417934
147,241090	0,00978823378682137
147,356351	0,00755256786942482
147,469891	0,00713180378079414
147,579662	0,00778773799538612
147,690858	0,00954876467585564
147,803722	0,0125923864543438
147,914247	0,0161316432058811
148,023301	0,0188995935022831
148,129095	0,0207438133656979
148,238267	0,0222206525504589
148,347352	0,0222325287759304
148,456966	0,0213995687663555
148,567636	0,0190652273595333
148,678131	0,0163193382322788
148,784926	0,0128652490675449
148,889524	0,0105652920901775
148,992343	0,00847011432051659
149,107023	0,0074000395834446
149,217015	0,00750487670302391
149,327239	0,00915062800049782
149,436757	0,0110977701842785
149,546466	0,0139268822968006
149,653557	0,0169019959867001
149,758332	0,0195066370069981
149,872257	0,0213682241737843
149,985648	0,0222662426531315
150,095802	0,0215956903994083
150,203468	0,0202471874654293
150,310842	0,0178557522594929
150,411016	0,0149542577564716
150,519819	0,012036856263876
150,631438	0,00951996073126793
150,746117	0,00767109915614128
150,856383	0,00733392313122749
150,956684	0,0079549066722393
151,066654	0,0101094283163548
151,174344	0,0122940354049206
151,287171	0,0152213983237743
151,389024	0,0180934257805347
151,501366	0,0204162038862705
151,609627	0,0219979174435139
151,716899	0,0222391746938229
151,825739	0,0212153159081936
151,935277	0,0196480862796307
152,045866	0,016606617718935
152,156409	0,0131405182182789
152,260770	0,0112773366272449
152,370037	0,00865995511412621
152,478866	0,00746710225939751
152,584088	0,00746757164597511
152,693542	0,00835913792252541
152,807446	0,011219684034586
152,916829	0,0135762356221676
153,027452	0,0165279172360897
153,138378	0,0192038081586361
153,243784	0,0211687870323658
153,354623	0,0222045071423054
153,456380	0,0220045708119869
153,565415	0,0204399414360523
153,676687	0,018566470593214
153,785724	0,0153014622628689
153,897335	0,0118884332478046
154,007357	0,00942030176520348
154,116528	0,00779623910784721
154,226964	0,00729047879576683
154,337616	0,00780001655220985
154,447745	0,00941463187336922
154,553493	0,0123257078230381
154,654833	0,0147534646093845
154,764318	0,0176029242575169
154,873828	0,0199818052351475
154,979092	0,0215382240712643
155,087779	0,0219979174435139
155,198152	0,0214009843766689
155,306869	0,0193537957966328
155,410706	0,0167872495949268
155,517272	0,0143651999533176
155,627319	0,0110566653311253
155,736669	0,00913457199931145
155,844138	0,0075034536421299
155,952735	0,00733959302306175
156,058603	0,00837660953402519
156,167753	0,010017316788435
156,275100	0,0131324790418148
156,387841	0,0165611021220684
156,497010	0,0187904499471188
156,603732	0,0205705128610134
156,713708	0,0219684801995754
156,821654	0,0218592472374439
156,932681	0,0208672694861889
157,042377	0,0183989740908146
157,148097	0,0156326331198215
157,258716	0,0131816677749157
157,368809	0,0104731656610966
157,479947	0,0084427185356617
157,587146	0,0073632039129734
157,695611	0,00772398337721825
157,798264	0,00921862944960594
157,908693	0,0115793235599995
158,009582	0,0139320902526379
158,118031	0,0168190188705921
158,228035	0,0197183378040791
158,334866	0,0213715471327305
158,444343	0,0219817720353603
158,554451	0,0214665196835995
158,664785	0,0199020467698574
158,775622	0,0170556269586086
158,887521	0,0141635350883007
158,991707	0,0117754600942135
159,101501	0,00900280848145485
159,210962	0,00755918398499489
159,321089	0,00721916928887367
159,430976	0,00792374089360237
159,539768	0,0100877024233341
159,647323	0,0127394534647465
159,757545	0,0156714804470539
159,867208	0,0184288658201694
159,978259	0,0205866508185863
160,088020	0,0219276361167431
160,189929	0,021898191422224
160,295824	0,0210187323391438
160,405060	0,0190742425620556
160,513939	0,0164459012448788
160,623689	0,0135133005678654
160,729751	0,0107646621763706
160,839706	0,00864295288920403
160,947865	0,00748173519968987
161,058897	0,00761443004012108
161,167727	0,0086684487760067
161,273034	0,0112357549369335
161,381924	0,0135629884898663
161,490874	0,0164767242968082
161,597940	0,0194928683340549
161,706889	0,0212780050933361
161,821705	0,0220691598951817
161,931917	0,0216996856033802
162,042364	0,0202808938920498
162,150939	0,0175588093698025
162,260761	0,0151958204805851
162,370081	0,0123049058020115
162,474792	0,00978587195277214
162,576206	0,00785715505480766
162,684705	0,00739436969161034
162,795617	0,00791571661829948
162,898769	0,00955018028616905
163,008037	0,0119999907910824
163,118936	0,0148713849484921
163,233552	0,0177110694348812
163,339185	0,0200558565557003
163,451484	0,0217319838702679
163,561181	0,0220188163220882
163,672179	0,0209460817277431
163,787382	0,0193704031407833
163,898206	0,0163444615900517
164,007221	0,0134579502046108
164,108829	0,0111809410154819
164,209958	0,00897258147597313
164,319060	0,00770651921629906
164,429803	0,0076540969312191
164,541294	0,00858676061034203
164,650771	0,0106111206114292
164,761079	0,0137494169175625
164,870836	0,0170817039906979
164,985599	0,0191743858158588
165,094860	0,0212224386632442
165,203891	0,0219190903007984
165,313322	0,0213007964193821
165,415764	0,0203231461346149
165,517267	0,0181290097534657
165,626416	0,0148912705481052
165,736628	0,0124940313398838
165,847145	0,00957710668444633
165,957886	0,00791240856051445
166,058720	0,00734904035925865
166,168124	0,00774949416518211
166,278435	0,00925594195723534
166,388384	0,0120723135769367
166,497270	0,0149357877671719
166,612034	0,0177229307591915
166,713152	0,019685585051775
166,821943	0,021602813154459
166,928169	0,0218146108090878
167,038781	0,0209342129528522
167,151366	0,0194463543593884
167,261947	0,0165369249880314
167,373127	0,0141578577458858
167,483008	0,0109659396111965
167,584838	0,00884412601590157
167,688058	0,00766165181994438
167,797190	0,00754359737038612
167,908487	0,00872040167450905
168,022753	0,0103942714631557
168,132630	0,0139590613543987
168,243451	0,0163492076098919
168,352734	0,0189508460462093
168,463039	0,0208881534636021
168,572924	0,0219333358108997
168,680590	0,0216265581548214
168,789613	0,0205648131668568
168,900923	0,0180521495640278
169,004731	0,0152863077819347
169,115012	0,01196264103055
169,223455	0,0102705098688602
169,334087	0,00812632963061333
169,443112	0,00740854069590569
169,553090	0,00786943361163139
169,664373	0,00943966582417488
169,774380	0,0118298195302486
169,884240	0,0156302563846111
169,994898	0,0179240591824055
170,108249	0,0204670019447803
170,217970	0,0215771682560444
170,327654	0,0218668468296528
170,434109	0,0209285132586956
170,536484	0,0194093249738216
170,639570	0,0169076882302761
170,748132	0,013580959290266
170,858664	0,0108695514500141
170,964782	0,00905003771185875
171,074265	0,00770935043692589
171,186837	0,00756484642624855
171,288097	0,00843280181288719
171,397047	0,0103730149567127
171,506946	0,0134541653096676
171,614404	0,0163074843585491
171,721945	0,0184810571372509
171,832209	0,0205040387809277
171,942243	0,0217585749924183
172,047772	0,0216707251966
172,157792	0,0206360332667828
172,258651	0,0186722837388515
172,372287	0,0156023092567921
172,479723	0,0132204629480839
172,590752	0,0105903334915638
172,700040	0,0086028091609478
172,809701	0,00752375647425652
172,919692	0,00801488384604454
173,027382	0,00925500318408012
173,136604	0,0115278027951717
173,243873	0,0142856650054455
173,351863	0,0175047405064106
173,460323	0,0198056809604168
173,563991	0,0211032591760159
173,673994	0,0217329300940037
173,784258	0,0212789513170719
173,894217	0,0194534696638584
174,003250	0,0170722268521786
174,112113	0,014757726341486
174,221402	0,0115230791270733
174,326102	0,00958985462784767
174,432001	0,0078321285545826
174,542029	0,00747701153159142
174,651030	0,00812302157282829
174,759735	0,00980665162205696
174,869653	0,012729998677969
174,973821	0,0155828781425953
175,082888	0,0178529061377048
175,193982	0,0203981660306454
175,304740	0,0217505060136318
175,413119	0,021820779889822
175,522493	0,020926620811224
175,632614	0,019079465419054
175,742037	0,0160856656730175
175,848731	0,0137375853955746
175,958035	0,0110665820538998
176,066420	0,00899006053805351
176,176995	0,00771501287817955
176,288117	0,00792799517512321
176,398690	0,00955631956458092
176,507152	0,0114356465637684
176,609743	0,0141531191766262
176,711770	0,0169958807528019
176,822542	0,0190884806215763
176,932600	0,0212086699903011
177,042534	0,0219879485666752
177,151673	0,0216588489711285
177,260726	0,0203179232776165
177,373978	0,0176859311759472
177,484321	0,0149121098220348
177,595271	0,0121342428028584
177,704576	0,0100999809801579
177,812297	0,00819149985909462
177,913987	0,00771312788128853
178,023079	0,00817165896296501
178,137034	0,00971360132098198
178,238343	0,0125006474554539
178,348472	0,0152730382978916
178,458421	0,0183785669505596
178,567038	0,0198242031037807
178,676855	0,0214589200913906
178,784646	0,0217020623385906
178,893186	0,0209617577493191
179,003142	0,0188450179994106
179,112176	0,0167588032782078
179,222203	0,0134811289608479
179,331786	0,0112669356167316
179,442271	0,00882807001471519
179,548177	0,00767109915614128
179,658920	0,00779340788722038
179,769726	0,00894944742321968
179,872715	0,0106380470097065
179,982726	0,0142004601657391
180,083741	0,0160847194492817
180,195489	0,0190880037844181
180,305900	0,0209408588707447
180,415213	0,0218393094837666
180,524051	0,0215510539710522
180,629929	0,0204617790877819
180,745115	0,0179582126438618
180,854506	0,0152616687119007
180,969670	0,012453842908144
181,078708	0,0100357346236706
181,190009	0,00837566331028938
181,295220	0,00774523988366127
181,409584	0,00828263536095619
181,519687	0,0101930312812328
181,629670	0,012194748967886
181,738671	0,0158861465752125
181,844748	0,0184663496911526
181,955280	0,0202016048133373
182,068847	0,0214893184602261
182,178769	0,021674994379282
182,288427	0,0209413357079029
182,397987	0,0191677398979664
182,505743	0,0167071186006069
182,614125	0,0134782902896404
182,722909	0,0104835592210293
182,832366	0,00916054472327232
182,942667	0,00785432383418083
183,048028	0,00804462656378746
183,158617	0,00910339877009392
183,265685	0,0111781023442745
183,375131	0,0138180293142796
183,485543	0,016602348536253
183,595318	0,0190747193992138
183,705980	0,0210880599915981
183,814971	0,0217747204005718
183,925030	0,0212063007056713
184,035802	0,0196542553603649
184,145184	0,0173311494290829
184,255003	0,0150546692311764
184,364045	0,0123063288629055
184,473997	0,00958229973912239
184,577617	0,00830010697245598
184,686528	0,00776082649827003
184,791567	0,00850269570946693
184,901161	0,00991387292742729
185,011715	0,0127422921359539
185,119253	0,0155080147087574
185,225895	0,0177475996315479
185,340769	0,0202604793012142
185,443217	0,0213677473366261
185,553242	0,0217239074409008
185,662816	0,0208458937704563
185,772664	0,0186718069016933
185,887058	0,0165525712072849
185,997194	0,0132795907557011
186,106682	0,0110921077430248
186,221781	0,00846964493393898
186,327660	0,00778773799538612
186,436032	0,00780710205435753
186,546207	0,00930600985884666
186,647721	0,0111270658671856
186,755654	0,0133226476609707
186,868727	0,0170010961592197
186,978288	0,0190206132829189
187,087676	0,0207912959158421
187,191948	0,0215463005006313
187,301769	0,0213782005012035
187,410795	0,0200966857373714
187,525863	0,0179686509072781
187,635393	0,0153133012354374
187,744412	0,0120883844792843
187,854298	0,00974288955330849
187,956870	0,00836527720093727
188,064297	0,00764985010027885
188,173818	0,00826138630509377
188,279602	0,00955915823578835
188,389854	0,0118543989956379
188,493027	0,0150774084031582
188,602843	0,0177580304443836
188,711995	0,0202538333833218
188,814380	0,0213425792753696
188,916962	0,0217015855014324
189,027074	0,020996417850256
189,139814	0,0196485631167889
189,251463	0,0168896652758121
189,359613	0,0136604569852352
189,474173	0,0114214681088924
189,582729	0,00924083217978477
189,692950	0,00792893394827843
189,802719	0,00776082649827003
189,913078	0,00884034857153893
190,026134	0,0108449868857861
190,139894	0,0139150507748127
190,254071	0,0166966952383518
190,364795	0,0191383175551891
190,473897	0,0208743922412395
190,583759	0,0216754712164402
190,688720	0,0213539786636829
190,790912	0,0200420953333378
190,901268	0,0178899057209492
191,010643	0,0156852267682552
191,119065	0,0120127536356449
191,229598	0,00967439636588097
191,339633	0,00831757858395576
191,448042	0,00764371082186699
191,555916	0,00828405097126961
191,665963	0,00995307788252831
191,776667	0,011926244944334
191,887429	0,0146478600800037
191,997276	0,0181783474981785
192,107808	0,0199314840137959
192,212041	0,0212571062147617
192,321202	0,0215724147856236
192,430518	0,0208131335675716
192,541345	0,0187420435249805
192,652537	0,0167000107467175
192,762643	0,0139519609510899
192,867840	0,0108960159122944
192,977111	0,00889702513813972
193,087320	0,00780945643782616
193,197343	0,00775232538580894
193,307398	0,00896361097693443
193,416635	0,0110122449696064
193,522150	0,0136372707784176
193,622784	0,0164032466709614
193,723962	0,018888209015131
193,836723	0,0207257680594921
193,947299	0,0215434543788433
194,056965	0,021461296826601
194,167193	0,0199742130935192
194,277433	0,0181959010660648
194,388226	0,0155824087560177
194,502768	0,0123663730919361
194,613933	0,00995827838778496
194,723939	0,00831380113959312
194,834085	0,00767676904797554
194,944649	0,00817118957638741
195,057909	0,0100607760250568
195,159826	0,0120288245379925
195,269544	0,0147525183856487
195,377151	0,0178334601223469
195,485814	0,0199324302375317
195,594826	0,0212262384593487
195,705573	0,0215116329491138
195,814283	0,0206778161227703
195,923169	0,018936138600111
196,028199	0,0164890475571156
196,137443	0,0137517787516117
196,247647	0,0111190341413021
196,357609	0,00902074947953224
196,471188	0,00782929733395576
196,579940	0,00770793482661247
196,691204	0,00896502658724785
196,791833	0,0110344551503658
196,900807	0,0131925530731678
197,009725	0,0159501172602177
197,118937	0,0188568867743015
197,229876	0,0206341333687305
197,331875	0,021486472338438
197,442235	0,0213872231543064
197,549517	0,0200321190059185
197,658953	0,017943512648344
197,773097	0,0153170935809612
197,888242	0,0125550292432308
197,997485	0,00978304073214531
198,112621	0,00801629945635796
198,221704	0,0076262392103672
198,326037	0,00818724557757378
198,434525	0,0097627229988575
198,538273	0,0125763081014156
198,648871	0,0148671232163906
198,758911	0,0179468356072903
198,869683	0,0200549103319645
198,979751	0,021149318665266
199,089730	0,021501187235117
199,195189	0,0208777152001858
199,306283	0,018892478197813
199,409840	0,0169019959867001
199,519049	0,0137257538735867
199,630055	0,0111232809722424
199,742708	0,00908639654517174
199,843866	0,00791949406266212
199,956521	0,0078510157763958
200,066604	0,00889985635876656
200,174677	0,010861050337553
200,285040	0,0134234093129635
200,394713	0,0161757208406925
200,504305	0,0186580531299114
200,608923	0,0205192305147648
200,715079	0,0214779190719128
200,825649	0,0212618596851826
200,926810	0,0202647559344769
201,033798	0,0178638212382793
201,138634	0,0152379833161831
201,248107	0,0134077928960323
201,357638	0,0100877024233341
201,462867	0,00861886516213417
201,572638	0,00771501287817955
201,686830	0,00797899439930916
201,796035	0,00995402410626411
201,899622	0,0118893794715405
202,008860	0,0145829953253269
202,110847	0,016845565289259
202,221051	0,0191909931600094
202,329556	0,0210177861154079
202,438807	0,0215273089706898
202,546760	0,0209821723401546
202,649725	0,0194653384387493
202,759956	0,0171812884509563
202,871183	0,014484029263258
202,981661	0,0118142180144787
203,091460	0,00925735756754875
203,201313	0,00812821462750435
203,311142	0,00775279477238655
203,420038	0,00846586748957634
203,529883	0,0105482824146748
203,640585	0,0130492262542248
203,749617	0,0153118781745434
203,859670	0,0182926915585995
203,974500	0,0202291421592236
204,084006	0,0213691703975201
204,191495	0,0213283412158489
204,301093	0,0203221999108791
204,411246	0,0180493034422398
204,512696	0,0159340091049671
204,622121	0,0131878219544888
204,724463	0,0106583647429943
204,833496	0,00850033387541771
204,942418	0,00773390009999275
205,054775	0,00784016028046608
205,163494	0,00930742546916008
205,273809	0,0114781819283962
205,384073	0,0141351334750652
205,494801	0,0163842849433422
205,605900	0,0191435404121876
205,716332	0,0207528285682201
205,826034	0,02138626947999
205,931209	0,0209940485656261
206,041191	0,0192773751914501
206,147564	0,0169897116720676
206,257581	0,0147738270461559
206,369496	0,0120704211294651
206,480943	0,00944675132632256
206,588009	0,00805974379181862
206,697997	0,00770651921629906
206,799700	0,00848569348454475
206,908853	0,010227520018816
207,019654	0,0126566924154758
207,125066	0,0149381570518017
207,235009	0,0179767198860645
207,344469	0,0200321190059185
207,454776	0,0212523601949215
207,564888	0,0214328058063984
207,673608	0,0205852277576923
207,784291	0,0180426649749279
207,891874	0,0159065239131451
208,002131	0,0136443637311459
208,112632	0,0106663964688778
208,222668	0,00876903906464577
208,331047	0,00775279477238655
208,439774	0,00805077329277992
208,555845	0,00913126394152641
208,665656	0,0116128735244274
208,774359	0,0147146321833134
208,876502	0,0169560499489307
208,979611	0,019237507134676
209,086838	0,0205970965325832
209,193702	0,0213753469288349
209,303323	0,0210880599915981
209,414455	0,0195213444530964
209,524573	0,0168958269059658
209,638906	0,0142014063894749
209,747925	0,0119872204959393
209,858800	0,00938393548130989
209,962381	0,00818346813321114
210,073353	0,00774193182587624
210,183879	0,00832418724894524
210,291630	0,0102917663753033
210,402138	0,0127314142882824
210,513803	0,0154336355626583
210,623117	0,0180018655955791
210,732380	0,0199998430907726
210,842402	0,0212461836636066
210,953479	0,0213045962154865
211,062121	0,0203934125602245
211,173209	0,0182238928973675
211,282205	0,0157141275703907
211,387721	0,012987744063139
211,498224	0,0108889229595661
211,607829	0,00842100009322166
211,717438	0,00767535343766212
211,827258	0,00804037973284721
211,928235	0,00911898538470268
212,040533	0,0111927501857281
212,151237	0,0142406933009624
212,259898	0,0164572782814503
212,367806	0,0191307254135609
212,478323	0,0206369794905186
212,588835	0,0211797095835209
212,694459	0,0208620391786098
212,805539	0,0192602910101414
212,912962	0,0166398026049137
213,022506	0,0144414268434048
213,133049	0,0113671235740185
213,238399	0,00986899808049202
213,347830	0,00809279456734657
213,456824	0,00767818465828896
213,557807	0,00830955430865288
213,667728	0,00994976982474327
213,777897	0,0122940354049206
213,885443	0,0154388509690762
213,990953	0,017569724470377
214,100994	0,0196476094424725
214,210696	0,0209399126470089
214,324074	0,0211607106029987
214,424099	0,0206645168364048
214,539789	0,0184573344886303
214,653959	0,0160235799849033
214,760872	0,0137976817786694
214,869656	0,0108298622071743
214,977462	0,00888001546263695
215,086854	0,00778679177165031
215,194210	0,00799882784485817
215,303790	0,00874118134379387
215,413718	0,0113770477473736
215,525025	0,0135033689439297
215,630482	0,016603771597147
215,740849	0,0185674168169498
215,849649	0,0206868313252926
215,959521	0,0211958549916744
216,073821	0,0208349786698818
216,185299	0,0194952450692654
216,293801	0,0173904411494732
216,402001	0,014781404286623
216,511666	0,0121389739215374
216,620818	0,00953790172934532
216,731717	0,00811782106757164
216,841168	0,00776554271578789
216,949529	0,00845830515027046
217,058011	0,00978728756308556
217,164111	0,0125238187611103
217,269839	0,0151782967150211
217,379580	0,0173458568751812
217,490826	0,0198132805526257
217,600590	0,0211383961141109
217,708243	0,0212357454001904
217,817519	0,0205054618418217
217,922924	0,0188046880066395
218,033810	0,0160439573228359
218,144238	0,0133486650884151
218,248692	0,0112636275589466
218,358740	0,0092720054090023
218,460050	0,00801346078515053
218,570751	0,00803187862038612
218,680936	0,00925925001502037
218,789609	0,011247094720602
218,899738	0,014252532273531
219,009737	0,016446378082037
219,120786	0,0188141725957394
219,229569	0,0205339454114437
219,338119	0,0213430561125278
219,448859	0,0210932902991772
219,559998	0,0195745043456554
219,660789	0,0174127332866192
219,770583	0,0152801461517811
219,879143	0,0121555142104626
219,989602	0,00987560674548149
220,098716	0,00835724547505379
220,208592	0,00779199227690697
220,322796	0,00835205242037773
220,432828	0,0102327205240726
220,539632	0,0121578834950924
220,648169	0,0152706690132618
220,752453	0,017388541251421
220,860507	0,0191909931600094
220,970558	0,0210063867270947
221,085884	0,0211692564189434
221,195015	0,020566713064909
221,303737	0,0189959369599819
221,414893	0,0158292762935162
221,515949	0,0140788070857525
221,625498	0,0111157260835171
221,735087	0,00914401188492775
221,845022	0,00807012990117073
221,953927	0,00809657201170921
222,063206	0,00904200598597527
222,172213	0,0109631083905697
222,284659	0,0138700865209103
222,385010	0,01611552760005
222,497691	0,0188673250377178
222,601800	0,0203060545027256
222,705867	0,0213083885610104
222,819853	0,0211364962160587
222,928441	0,0200420953333378
223,037722	0,0177196078002453
223,147732	0,0151451416313648
223,258788	0,0129352398216724
223,369764	0,0105223022401333
223,478143	0,00851969793438911
223,587913	0,00787888094782829
223,693574	0,00844602659344673
223,803938	0,00970982387661934
223,914831	0,0123465172946453
224,024736	0,0145138613879681
224,139737	0,0175308249890804
224,249564	0,0198730938136578
224,357992	0,0208786614239216
224,459602	0,0211687870323658
224,570008	0,0204921700060368
224,681174	0,0188673250377178
224,790214	0,0165776945650578
224,891541	0,0139183662831783
224,994838	0,0113916955888271
225,104790	0,00964039191603661
225,213998	0,0080205462872982
225,322942	0,00804982706904411
225,433432	0,00884696468710899
225,541185	0,0102950744330883
225,641950	0,0135407410562038
225,751873	0,0157330892980099
225,861190	0,0181996934115887
225,973058	0,020085770636797
226,082808	0,0211018361151218
226,193426	0,0210576690733433
226,303837	0,0199129693210125
226,411911	0,018328744918108
226,521632	0,0154890678822994
226,630656	0,012829776853323
226,732021	0,0104646645486355
226,840916	0,0087435357272625
226,949233	0,00794452056288719
227,055869	0,00812302157282829
227,165442	0,00926917418837547
227,274498	0,011653047055006
227,383269	0,0142359621822834
227,491538	0,0168308727443218
227,600927	0,0187382511794567
227,710846	0,0206251107156277
227,822554	0,0212200693786144
227,931965	0,020663570612669
228,041628	0,0191435404121876
228,151667	0,0169152729213238
228,256867	0,0147676728665829
228,367572	0,0121451131999493
228,477337	0,00991340354084969
228,588395	0,00814474746584892
228,698706	0,00799505040049553
228,807647	0,00893149152398109
228,917785	0,0104056112468243
229,026297	0,0131996534764767
229,135750	0,0154213197529316
229,243476	0,0179055593907833
229,353133	0,0201303921639919
229,461937	0,021118450909853
229,571771	0,0210885368287563
229,680916	0,0200919397175312
229,790657	0,0182182006537914
229,897209	0,0157605670392513
230,001442	0,0126812793314457
230,108174	0,0110439024865627
230,209799	0,00884790346026421
230,312266	0,00802290812134743
230,424625	0,0079922191798687
230,535145	0,00928663834929466
230,638712	0,0113023780286312
230,754534	0,0142662562429905
230,865606	0,0164539627730846
230,969717	0,0187662430107594
231,080846	0,0204119347035885
231,184487	0,0211464650928974
231,295031	0,0208653621375561
231,407668	0,0196153335273266
231,519816	0,0171793960034847
231,628300	0,0146128199994564
231,739828	0,0124476961791515
231,849842	0,0101500563323498
231,958122	0,00822124257683754
232,069547	0,00791571661829948
232,180640	0,00852631404995918
232,286900	0,0101051740348339
232,389550	0,0123900137841702
232,504679	0,0150077827274799
232,615788	0,0175431631505489
232,724009	0,0195882730185986
232,834066	0,020976472645998
232,943544	0,0211070589721203
233,056622	0,0199979431927204
233,164827	0,0184877030551434
233,274987	0,0156804881989956
233,376051	0,0130506493151188
233,484783	0,010628130286932
233,587985	0,00933576002717018
233,697850	0,00794782117009163
233,805897	0,00801865383982658
233,915205	0,0090642012655735
234,023921	0,0109753869473934
234,134003	0,0138644091784954
234,243953	0,0164743475615978
234,358935	0,0187410973012447
234,468990	0,0201365612447262
234,571992	0,0210695452988148
234,684590	0,0207366906106472
234,785777	0,0197392292320728
234,894699	0,0174212642014027
235,003651	0,0148908011615276
235,111368	0,0118955187499523
235,222646	0,0100418739020824
235,333009	0,0084993876516819
235,442127	0,00792846456170082
235,549567	0,00858534500002861
235,659526	0,00987844541668892
235,762303	0,0120831839740276
235,870868	0,0146554373204708
235,980908	0,0172182880342007
236,090788	0,0196210257709026
236,192814	0,0206958539783955
236,307207	0,0210937596857548
236,415888	0,0205220766365528
236,526718	0,0190077982842922
236,636609	0,016385231167078
236,745766	0,0137730799615383
236,853928	0,0109078250825405
236,960020	0,00956859812140465
237,068668	0,00811829790472984
237,178672	0,00800638273358345
237,289542	0,00916290655732155
237,396673	0,0107334814965725
237,507058	0,0140120722353458
237,617628	0,0161667130887508
237,720583	0,0185038335621357
237,830020	0,0199656672775745
237,938923	0,0209940485656261
238,049978	0,0208183564245701
238,158996	0,0196414403617382
238,269650	0,0176783390343189
238,377748	0,0147619880735874
238,479352	0,0125748924911022
238,589956	0,010626707226038
238,700969	0,00862925127148628
238,810521	0,00790674611926079
238,919565	0,00828121975064278
239,023882	0,00962292030453682
239,134599	0,0117423795163631
239,245138	0,0147378332912922
239,355150	0,017252903431654
239,465283	0,0190452896058559
239,568767	0,020666416734457
239,680787	0,0210306011140347
239,787402	0,0205852277576923
239,888437	0,0191677398979664
239,992567	0,0166156254708767
240,101176	0,0144863985478878
240,212292	0,0119134820997715
240,321896	0,0097631998360157
240,431024	0,00820991024374962
240,539712	0,00794971361756325
240,647941	0,00856691971421242
240,757905	0,0104915909469128
240,865659	0,0128444395959377
240,972641	0,015469167381525
241,077275	0,0179041363298893
241,186284	0,0198175571858883
241,294719	0,0209014527499676
241,398608	0,020994994789362
241,507012	0,0201242230832577
241,615971	0,0183690823614597
241,718846	0,0160079412162304
241,822027	0,0134253017604351
241,932130	0,0113562531769276
242,041697	0,00887435302138329
242,142558	0,0082084946334362
242,251644	0,00805313512682915
242,361837	0,00897541269659996
242,465408	0,0111473836004734
242,575619	0,0135918445885181
242,677087	0,0157766751945019
242,785787	0,0181650631129742
242,894176	0,0199908204376698
243,003614	0,0210576690733433
243,112952	0,020972203463316
243,221160	0,019998412579298
243,327411	0,0178130529820919
243,437859	0,015788521617651
243,546438	0,0127938352525234
243,655286	0,0104736424982548
243,761713	0,00903869792819023
243,870819	0,00814804807305336
243,981277	0,00841391459107399
244,091085	0,0100636072456837
244,195347	0,0118458904325962
244,304055	0,0143595226109028
244,415240	0,0165046863257885
244,525319	0,0190633349120617
244,635193	0,0205377452075481
244,739814	0,021068599075079
244,848513	0,0206289105117321
244,959787	0,0189475305378437
245,069768	0,0171310268342495
245,179610	0,0145924650132656
245,289793	0,0116591863334179
245,395321	0,00959080085158348
245,506150	0,00847389176487923
245,615873	0,00806776806712151
245,725666	0,00884979590773582
245,838579	0,0102227963507175
245,945321	0,0128855817019939
246,054884	0,0159017853438854
246,164720	0,0182727612555027
246,272413	0,0197914429008961
246,372719	0,0209636501967907
246,473139	0,0209892950952053
246,573673	0,0201066546142101
246,673710	0,0187164209783077
246,775666	0,0164596550166607
246,877203	0,013884287327528
246,978373	0,0117953084409237
247,079500	0,00969235226511955
247,179694	0,00851402804255486
247,279702	0,0080205462872982
247,381678	0,00856172665953636
247,482260	0,00975516811013222
247,583467	0,0118780322372913
247,684887	0,014381293207407
247,785289	0,0165004245936871
247,885842	0,0187263898551464
247,987504	0,0202714018523693
248,087574	0,0208962224423885
248,189670	0,020733367651701
248,289708	0,0196067951619625
248,390961	0,018056895583868
248,491010	0,0156785883009434
248,591598	0,0131069384515285
248,692679	0,0111180879175663
248,793686	0,00948547944426537
248,895357	0,00817212834954262
248,996474	0,00808193907141685
249,096881	0,00870339944958687
249,198581	0,010304044932127
249,299931	0,0125720538198948
249,401879	0,0147103630006313
249,502839	0,0176052935421467
249,603519	0,019305381923914
249,704928	0,0204746015369892
249,806809	0,0210329778492451
249,908778	0,0206198878586292
250,008926	0,0195412822067738
250,109701	0,0175569169223309
250,211208	0,015103455632925
250,312682	0,0129527412354946
250,413042	0,0106290690600872
